0    3.23238106719807e-23    3.9269495861902e-26    1.71196334547597e-14    1.49033633468901e-13    1.30842017161001e-07    3.86048744938902e-07
0.1    -6.9304403968004e-20    -1.49724467534373e-18    1.72768278776137e-14    1.47344675065702e-13    1.31441347671171e-07    3.83855018289069e-07
0.2    -3.15445823934455e-19    -3.47414687826527e-18    1.76916458151587e-14    1.42974505067716e-13    1.33009946301616e-07    3.78119696746567e-07
0.3    -7.66794857721832e-19    -5.53384350931875e-18    1.82119541077621e-14    1.3767830416682e-13    1.34951673230687e-07    3.71050271751444e-07
0.4    -1.41369143215438e-18    -7.34209314751543e-18    1.86514024521527e-14    1.33528950212626e-13    1.36570137483099e-07    3.65416132939729e-07
0.5    -2.22188402529206e-18    -8.75268041175887e-18    1.8868500804984e-14    1.32014851771395e-13    1.37362661611458e-07    3.63338480994506e-07
0.6    -3.15230604700266e-18    -9.80501317945987e-18    1.88231915452096e-14    1.3343431908111e-13    1.37197636806213e-07    3.6528662592697e-07
0.7    -4.17527403514804e-18    -1.06262776694041e-17    1.85876729699792e-14    1.36835303376487e-13    1.36336616394787e-07    3.69912561798713e-07
0.8    -5.27338786296296e-18    -1.13182378515853e-17    1.83092142491033e-14    1.40495260077506e-13    1.35311545143433e-07    3.74826973519123e-07
0.900000000000001    -6.43535603117867e-18    -1.18994030255657e-17    1.8143447638494e-14    1.42702195069107e-13    1.34697615563506e-07    3.77759440741204e-07
1    -7.64809973181607e-18    -1.23246657029052e-17    1.81881709438095e-14    1.4248367898512e-13    1.34863527107256e-07    3.77470103432206e-07
1.1    -8.89366930793564e-18    -1.25516822136158e-17    1.8445675217447e-14    1.39975370694186e-13    1.35814856394457e-07    3.74132824935458e-07
1.2    -1.01524342983681e-17    -1.25989155972841e-17    1.88277583933345e-14    1.36293950890098e-13    1.3721427911604e-07    3.69180106303276e-07
1.3    -1.14103332902772e-17    -1.25526098450181e-17    1.91985476294411e-14    1.32999277838451e-13    1.38558823715565e-07    3.64690660476041e-07
1.4    -1.2663386750057e-17    -1.25178870451929e-17    1.94344664146507e-14    1.31400954687562e-13    1.39407555084546e-07    3.62492696047192e-07
1.5    -1.39161535977153e-17    -1.2547571352122e-17    1.94746857672325e-14    1.32015962080065e-13    1.3955173150926e-07    3.63340008917356e-07
1.6    -1.51737135657853e-17    -1.25981544535606e-17    1.93411751264864e-14    1.34401347556468e-13    1.39072553462164e-07    3.6660789347267e-07
1.7    -1.64324632748516e-17    -1.25479356795289e-17    1.91218571134448e-14    1.37411711706222e-13    1.38281803262196e-07    3.70690857327534e-07
1.8    -1.7675826104077e-17    -1.22750511474995e-17    1.89266921044275e-14    1.39744856749294e-13    1.3757431484266e-07    3.73824633684425e-07
1.9    -1.88790783535639e-17    -1.17535680599666e-17    1.88376203008162e-14    1.40521313378323e-13    1.37250210567475e-07    3.74861725678046e-07
2    -2.00222814367471e-17    -1.11076870794404e-17    1.88746447764135e-14    1.39642119746319e-13    1.37385023843261e-07    3.73687195052652e-07
2.1    -2.1104502235195e-17    -1.05788894701597e-17    1.89918791728193e-14    1.37779504283557e-13    1.37811027036371e-07    3.71186616519988e-07
2.2    -2.21499929511024e-17    -1.04059987770108e-17    1.91033206582261e-14    1.3602419118052e-13    1.38214762808559e-07    3.68814575607472e-07
2.29999999999999    -2.32004569967568e-17    -1.06715694591336e-17    1.91249167370432e-14    1.3536451233267e-13    1.3829286582121e-07    3.67919165487027e-07
2.39999999999999    -2.42932721719325e-17    -1.11998519536502e-17    1.90129853381314e-14    1.36240201453641e-13    1.37887582247755e-07    3.69107303441209e-07
2.49999999999999    -2.54356116441809e-17    -1.15789825494204e-17    1.8781835528025e-14    1.38370094951562e-13    1.37046836986576e-07    3.71981309949252e-07
2.59999999999999    -2.6587886365967e-17    -1.13216360118546e-17    1.84938765998685e-14    1.40920259467005e-13    1.35992193157801e-07    3.75393472861483e-07
2.69999999999999    -2.7667654262275e-17    -1.00989178402165e-17    1.82285354313945e-14    1.42919251053382e-13    1.35013093555383e-07    3.78046625501911e-07
2.79999999999998    -2.85759211867183e-17    -7.92815302284128e-18    1.80458078227368e-14    1.43714477964398e-13    1.34334685851186e-07    3.79096924234948e-07
2.89999999999998    -2.92347470286779e-17    -5.20338733529289e-18    1.79619082465222e-14    1.43250870457399e-13    1.34022043882796e-07    3.78484967280603e-07
2.99999999999998    -2.96185493070213e-17    -2.53565379242615e-18    1.79477251327249e-14    1.42046257233206e-13    1.33969120071473e-07    3.76890245606338e-07
3.09999999999998    -2.97623315683954e-17    -4.76373126326196e-19    1.79491727597793e-14    1.40891020625048e-13    1.33974522801088e-07    3.75354526581268e-07
3.19999999999998    -2.97424294488062e-17    7.30745979595026e-19    1.79179225454393e-14    1.40435353568364e-13    1.33857844542034e-07    3.74747052781425e-07
3.29999999999997    -2.96396342835631e-17    1.23751040206628e-18    1.78366307280785e-14    1.40876149737964e-13    1.33553849544214e-07    3.75334716936714e-07
3.39999999999997    -2.95037434299216e-17    1.47843901852654e-18    1.77265682516846e-14    1.41893590917717e-13    1.33141159119502e-07    3.76687656975533e-07
3.49999999999997    -2.93367656987995e-17    1.92970805230052e-18    1.76351524501583e-14    1.42851347431924e-13    1.32797411308197e-07    3.77956806304535e-07
3.59999999999997    -2.91011217772692e-17    2.8752575035643e-18    1.76110491556556e-14    1.43139725234271e-13    1.32706628152687e-07    3.78338109677403e-07
3.69999999999997    -2.87457536268987e-17    4.29521302606941e-18    1.76800637140749e-14    1.42478862797278e-13    1.32966400696096e-07    3.77463723816314e-07
3.79999999999996    -2.82354696635077e-17    5.9118722037632e-18    1.78335517108997e-14    1.41035537020063e-13    1.33542321796873e-07    3.75546983771755e-07
3.89999999999996    -2.75695273496846e-17    7.34489290855752e-18    1.80339408676807e-14    1.39313659876171e-13    1.34290509224147e-07    3.73247451265472e-07
3.99999999999996    -2.67829854977936e-17    8.28477734232459e-18    1.82332563979216e-14    1.37893399303682e-13    1.35030575789047e-07    3.71340004986915e-07
4.09999999999996    -2.59332536571527e-17    8.60542282469001e-18    1.83947015268134e-14    1.37159038380088e-13    1.35627067825023e-07    3.70349886431855e-07
4.19999999999995    -2.50800392253272e-17    8.38146550691894e-18    1.85068744746405e-14    1.37145754964104e-13    1.36039973811525e-07    3.70331952394206e-07
4.29999999999995    -2.42679741680155e-17    7.8248545703273e-18    1.85847306974831e-14    1.37564873983726e-13    1.36325825497163e-07    3.7089739010099e-07
4.39999999999995    -2.35177989729974e-17    7.18336343440578e-18    1.86582228828223e-14    1.37976840892743e-13    1.36595105632751e-07    3.71452340001706e-07
4.49999999999995    -2.28276501553283e-17    6.64883808690466e-18    1.87552125817061e-14    1.38015657253386e-13    1.36949671710837e-07    3.71504585777062e-07
4.59999999999995    -2.21815138860854e-17    6.30821658271749e-18    1.88872334006242e-14    1.37555016179858e-13    1.37430831332071e-07    3.70884100737491e-07
4.69999999999994    -2.15599921088645e-17    6.14733408525444e-18    1.90444708906105e-14    1.36745023161311e-13    1.38001706114854e-07    3.69790512535559e-07
4.79999999999994    -2.09484251905493e-17    6.09587164673471e-18    1.92013792808565e-14    1.35915692496194e-13    1.38569041567215e-07    3.68667455162771e-07
4.89999999999994    -2.03394663167114e-17    6.08790966653947e-18    1.93292516843431e-14    1.35405521594539e-13    1.39029679149249e-07    3.67974892614346e-07
4.99999999999994    -1.9729980812526e-17    6.10854127137072e-18    1.94091780219026e-14    1.35402438161292e-13    1.3931682605451e-07    3.67970702857295e-07
5.09999999999994    -1.91152557249926e-17    6.20565518186138e-18    1.94392814064589e-14    1.3587022855383e-13    1.39424823494451e-07    3.68605790179468e-07
5.19999999999993    -1.84835779692186e-17    6.46196720613171e-18    1.94333857704622e-14    1.36586814589736e-13    1.3940367918553e-07    3.6957653414379e-07
5.29999999999993    -1.7815373671206e-17    6.94295540978832e-18    1.94125525942327e-14    1.37266031024334e-13    1.39328936672296e-07    3.70494306331871e-07
5.39999999999993    -1.70874505411204e-17    7.64983100206168e-18    1.93941387838747e-14    1.3769794617061e-13    1.39262840642702e-07    3.71076738924188e-07
5.49999999999993    -1.62803694573279e-17    8.50836908003368e-18    1.93837638405126e-14    1.37839749857381e-13    1.39225586156111e-07    3.71267760325861e-07
5.59999999999993    -1.5384454587585e-17    9.40848897056232e-18    1.93737072139553e-14    1.37818431263896e-13    1.39189465168724e-07    3.7123904867874e-07
5.69999999999992    -1.43997177463858e-17    1.02807701935704e-17    1.93478940656808e-14    1.37851606240483e-13    1.39096707601872e-07    3.71283727411373e-07
5.79999999999992    -1.33279396554438e-17    1.11690262220441e-17    1.92904912782562e-14    1.38131411339969e-13    1.38890213039855e-07    3.71660344050813e-07
5.89999999999992    -1.21597070040166e-17    1.224786108683e-17    1.91937013326035e-14    1.3873052139723e-13    1.38541334382933e-07    3.72465463361679e-07
5.99999999999992    -1.08641451207111e-17    1.3754428613128e-17    1.90611571082527e-14    1.39573955048015e-13    1.38062149440941e-07    3.73595978361673e-07
6.09999999999991    -9.38911856021417e-18    1.58505210957897e-17    1.8905806728167e-14    1.40484711903316e-13    1.37498388092977e-07    3.7481290253047e-07
6.19999999999991    -7.67604615443821e-18    1.84818941372882e-17    1.87439805389619e-14    1.41274062708093e-13    1.36908657647944e-07    3.75864420646718e-07
6.29999999999991    -5.68558073684569e-18    2.13233718221641e-17    1.85890321657818e-14    1.41827122747148e-13    1.3634160100931e-07    3.76599419472665e-07
6.39999999999991    -3.42129192758885e-18    2.3865578757829e-17    1.84477671598264e-14    1.42140638132962e-13    1.3582255762511e-07    3.77015434873642e-07
6.49999999999991    -9.38676712838511e-19    2.5621222911484e-17    1.83210501616194e-14    1.42298293161259e-13    1.35355273859645e-07    3.77224459919103e-07
6.5999999999999    1.66860385650997e-18    2.63492780293894e-17    1.82075948385517e-14    1.42403323046079e-13    1.34935521040798e-07    3.77363648283826e-07
6.6999999999999    4.30084266552504e-18    2.61694336849991e-17    1.81083094035284e-14    1.42509810650251e-13    1.34567118582246e-07    3.77504716063589e-07
6.7999999999999    6.88611096763287e-18    2.54954986201578e-17    1.80285263767514e-14    1.42591380522921e-13    1.34270348092017e-07    3.77612738825004e-07
6.8999999999999    9.40015789442659e-18    2.48223813217252e-17    1.79768928070613e-14    1.42561845437766e-13    1.34077935571298e-07    3.77573629160944e-07
6.9999999999999    1.18621420553997e-17    2.44888971354022e-17    1.79617130555408e-14    1.42331778255186e-13    1.34021315676055e-07    3.77268840822013e-07
7.09999999999989    1.43112019025809e-17    2.45476439312485e-17    1.79869441225261e-14    1.41865937804704e-13    1.34115413441282e-07    3.76650949560338e-07
7.19999999999989    1.67781855889712e-17    2.48007395741348e-17    1.8050104801445e-14    1.41208908048729e-13    1.3435067845547e-07    3.75777737564014e-07
7.29999999999989    1.92680746031331e-17    2.49585637483449e-17    1.81431594549591e-14    1.40466832781948e-13    1.34696545816732e-07    3.74789051043314e-07
7.39999999999989    2.17597685722125e-17    2.48165547887597e-17    1.82557570075777e-14    1.39758357914421e-13    1.35113866821943e-07    3.73842691401639e-07
7.49999999999988    2.42205619456502e-17    2.43524870970708e-17    1.8379013127671e-14    1.39163338777634e-13    1.35569218953533e-07    3.73046027693144e-07
7.59999999999988    2.6624278198127e-17    2.37088806660013e-17    1.85079148028842e-14    1.38696236776846e-13    1.36043797370127e-07    3.72419436626025e-07
7.69999999999988    2.89633298154915e-17    2.30939176022898e-17    1.86413457780763e-14    1.38315307018688e-13    1.36533313803175e-07    3.71907659263275e-07
7.79999999999988    3.1249516823011e-17    2.26703264987891e-17    1.87800794800295e-14    1.37958723572507e-13    1.37040430092836e-07    3.71427952061375e-07
7.89999999999988    3.35056324959252e-17    2.24919566296649e-17    1.892410378821e-14    1.3758564779506e-13    1.37564907546256e-07    3.70925393839597e-07
7.99999999999987    3.57544060149743e-17    2.25085423670885e-17    1.90708274485866e-14    1.37200010078677e-13    1.38097166692828e-07    3.70405197153978e-07
8.09999999999987    3.80104138590641e-17    2.2618722624596e-17    1.92150597049485e-14    1.36846212162265e-13    1.38618395983176e-07    3.69927306591802e-07
8.19999999999987    4.02781391808605e-17    2.2730711706311e-17    1.93505861694218e-14    1.36581978576801e-13    1.39106384358957e-07    3.69569991445194e-07
8.29999999999987    4.25549537963992e-17    2.27957853901772e-17    1.94722941165995e-14    1.36445430756577e-13    1.39543162199369e-07    3.69385206466876e-07
8.39999999999987    4.48354168450528e-17    2.28040059763593e-17    1.95775805984546e-14    1.36435265558068e-13    1.39919907798907e-07    3.69371446592814e-07
8.49999999999986    4.71138967405468e-17    2.27553425436809e-17    1.9666276958719e-14    1.36514463745631e-13    1.40236503659778e-07    3.69478637739222e-07
8.59999999999986    4.93840563135472e-17    2.2632110991829e-17    1.973922243331e-14    1.36634351937098e-13    1.40496343131449e-07    3.69640841814184e-07
8.69999999999986    5.16364727045067e-17    2.23920866309703e-17    1.97963998224219e-14    1.36764605975698e-13    1.40699679539158e-07    3.69816989841865e-07
8.79999999999986    5.38569321620068e-17    2.19846350948143e-17    1.98357792610127e-14    1.36911827043772e-13    1.40839551479734e-07    3.70015982146409e-07
8.89999999999985    5.60266801764197e-17    2.13740950012107e-17    1.98535882262846e-14    1.37115969154244e-13    1.40902761599213e-07    3.70291735195702e-07
8.99999999999985    5.81246422686734e-17    2.05486872592767e-17    1.9845889125466e-14    1.37426359588621e-13    1.40875438332826e-07    3.70710614345774e-07
9.09999999999985    6.012916386949e-17    1.95028538424049e-17    1.98105738052119e-14    1.37870535534449e-13    1.40750040160605e-07    3.71309218219059e-07
9.19999999999985    6.20168556764148e-17    1.82014970550275e-17    1.9748613627488e-14    1.3843340737028e-13    1.40529760646946e-07    3.72066401829404e-07
9.29999999999985    6.3758046033544e-17    1.65520653904367e-17    1.96637968777863e-14    1.390589578535e-13    1.4022766088681e-07    3.72906097903347e-07
9.39999999999984    6.5311096861999e-17    1.44127469256044e-17    1.95610393726779e-14    1.39674485368132e-13    1.39860785685902e-07    3.7373049831146e-07
9.49999999999984    6.66198028225115e-17    1.16464702518643e-17    1.94442034024683e-14    1.40224740825691e-13    1.39442473452203e-07    3.74465940808628e-07
9.59999999999984    6.76177561283461e-17    8.19940864801441e-18    1.93147214728683e-14    1.40697110152954e-13    1.38977413534964e-07    3.75096134548137e-07
9.69999999999984    6.82399689346415e-17    4.1598685176267e-18    1.91719586120754e-14    1.41123006846149e-13    1.38462841990461e-07    3.75663422289353e-07
9.79999999999984    6.84375983854057e-17    -2.44686125650203e-19    1.9015315253218e-14    1.4155324208303e-13    1.37896030592682e-07    3.76235620433565e-07
9.89999999999983    6.81887063770248e-17    -4.72140645530751e-18    1.8847057164331e-14    1.42019828997264e-13    1.37284584583743e-07    3.76855183057449e-07
9.99999999999983    6.74992971206914e-17    -9.02174353752128e-18    1.86743268695437e-14    1.42505269279683e-13    1.36654040809424e-07    3.77498701030458e-07
10.0999999999998    6.63943163976626e-17    -1.30253396566644e-17    1.85090772524197e-14    1.42937523956517e-13    1.36048069638712e-07    3.78070792255257e-07
10.1999999999998    6.49035329244818e-17    -1.67498815724689e-17    1.83656671984611e-14    1.43215491383072e-13    1.35519988187946e-07    3.78438226640851e-07
10.2999999999998    6.30505499402391e-17    -2.02854947828418e-17    1.82570573989789e-14    1.43253065946568e-13    1.35118678941806e-07    3.78487867634576e-07
10.3999999999998    6.0850353014468e-17    -2.36989580112747e-17    1.81912934358454e-14    1.43019258463254e-13    1.34875103098553e-07    3.78178870989978e-07
10.4999999999998    5.83153784156413e-17    -2.69688825249709e-17    1.81698479464166e-14    1.42553617699286e-13    1.34795578363745e-07    3.77562733461985e-07
10.5999999999998    5.54648471197854e-17    -2.99867371237186e-17    1.81884737165823e-14    1.41949309065052e-13    1.34864649617987e-07    3.76761607737641e-07
10.6999999999998    5.23310022130132e-17    -3.26130316141346e-17    1.82399938604062e-14    1.41313139158587e-13    1.35055521399187e-07    3.75916399161552e-07
10.7999999999998    4.89586066829209e-17    -3.47465411216228e-17    1.83175727372536e-14    1.40723151955194e-13    1.3534242770563e-07    3.75130846445869e-07
10.8999999999998    4.53987889880663e-17    -3.6364872304394e-17    1.84169086648993e-14    1.40204409880864e-13    1.35708911516154e-07    3.74438793237111e-07
10.9999999999998    4.17009318755946e-17    -3.7520893922736e-17    1.85364696544942e-14    1.39733014312448e-13    1.36148704196897e-07    3.73808793786941e-07
11.0999999999998    3.7906775819309e-17    -3.83084447328916e-17    1.86759556611653e-14    1.39263583711683e-13    1.36660000223786e-07    3.73180363512984e-07
11.1999999999998    3.40481947398843e-17    -3.8824328211852e-17    1.88340508591767e-14    1.38764155473099e-13    1.37237206540999e-07    3.72510611222149e-07
11.2999999999998    3.01482436021971e-17    -3.91467582003839e-17    1.90067994398884e-14    1.3824011183831e-13    1.37865149475451e-07    3.71806551634462e-07
11.3999999999998    2.62232923691205e-17    -3.93335065663353e-17    1.91875092714534e-14    1.37735672663659e-13    1.38518985238318e-07    3.71127569258414e-07
11.4999999999998    2.22845167110795e-17    -3.94301340454894e-17    1.93682248000152e-14    1.37313602643919e-13    1.39169769705979e-07    3.70558500973758e-07
11.5999999999998    1.83389637950288e-17    -3.94750358106371e-17    1.95419755621075e-14    1.37024749642248e-13    1.39792616264621e-07    3.70168542210502e-07
11.6999999999998    1.43902682485787e-17    -3.94967626994912e-17    1.97046178203267e-14    1.36883580521231e-13    1.4037313781606e-07    3.69977810849828e-07
11.7999999999998    1.04399456055867e-17    -3.95080865967113e-17    1.98553174214192e-14    1.36862166557856e-13    1.40908897594933e-07    3.69948870194053e-07
11.8999999999998    6.48905643535293e-18    -3.95068926215452e-17    1.99954299485799e-14    1.36905338631233e-13    1.41405197742445e-07    3.70007214296198e-07
11.9999999999998    2.53914322266443e-18    -3.9489271131783e-17    2.01263477054099e-14    1.36959022894618e-13    1.41867359549017e-07    3.70079752073276e-07
12.0999999999998    -1.40870697812512e-18    -3.94702869251667e-17    2.02473925671647e-14    1.36997370661126e-13    1.42293332827525e-07    3.70131558585763e-07
12.1999999999998    -5.35646103537323e-18    -3.94986755840349e-17    2.03547942746218e-14    1.37035204490268e-13    1.42670229111128e-07    3.70182663681416e-07
12.2999999999998    -9.31252748164724e-18    -3.96504879258079e-17    2.04422393087423e-14    1.37119856657172e-13    1.42976359265238e-07    3.70296984401942e-07
12.3999999999998    -1.3293030574944e-17    -3.99961670576496e-17    2.05026940368011e-14    1.3730679979276e-13    1.43187618308292e-07    3.70549321673593e-07
12.4999999999998    -1.73188157261499e-17    -4.05522870226753e-17    2.053059130406e-14    1.37631428014708e-13    1.43285000275884e-07    3.70987099525991e-07
12.5999999999998    -2.1408052288039e-17    -4.12437290666608e-17    2.05233257381473e-14    1.38091056244112e-13    1.43259644485624e-07    3.71606049794822e-07
12.6999999999998    -2.55665622433287e-17    -4.19038712031912e-17    2.04813945774891e-14    1.38645887065325e-13    1.4311322293027e-07    3.72351832364668e-07
12.7999999999998    -2.9780889805168e-17    -4.23253248917681e-17    2.04072438963568e-14    1.39238018322395e-13    1.4285392502958e-07    3.73146108545158e-07
12.8999999999998    -3.40182609157019e-17    -4.23449234298932e-17    2.03035638594802e-14    1.39818347472709e-13    1.42490574633834e-07    3.73922916485082e-07
12.9999999999998    -3.82350438084876e-17    -4.19202467598931e-17    2.01720675632779e-14    1.40367112220981e-13    1.42028404072136e-07    3.74655991839155e-07
13.0999999999998    -4.23907170070737e-17    -4.11480655682795e-17    2.00135277889476e-14    1.40896989109475e-13    1.41469176108959e-07    3.75362476959904e-07
13.1999999999998    -4.64588941081941e-17    -4.0199461081766e-17    1.982915659308e-14    1.41436741501169e-13    1.40816038124498e-07    3.76080764598734e-07
13.2999999999998    -5.04289180420114e-17    -3.91943557871346e-17    1.96226437342082e-14    1.42003875677933e-13    1.40080847135532e-07    3.76834016083916e-07
13.3999999999998    -5.42945062523643e-17    -3.80831806378511e-17    1.94017276225188e-14    1.42581160283228e-13    1.39290084437187e-07    3.77599205882677e-07
13.4999999999998    -5.80339273043705e-17    -3.66137890202518e-17    1.9178309048101e-14    1.43110545519592e-13    1.38485772006011e-07    3.7829954469916e-07
13.5999999999998    -6.15933344124513e-17    -3.44212795277185e-17    1.89667891796488e-14    1.43509294874928e-13    1.37719966525006e-07    3.78826206689728e-07
13.6999999999998    -6.48841476866169e-17    -3.12070846425487e-17    1.87811868141177e-14    1.43701442233176e-13    1.37044470206272e-07    3.79079730707375e-07
13.7999999999998    -6.77987742144328e-17    -2.69144914239281e-17    1.86322128508156e-14    1.43649337950061e-13    1.36499863922334e-07    3.79010999774493e-07
13.8999999999997    -7.0239712231608e-17    -2.18027930579735e-17    1.85255233721364e-14    1.4336970442599e-13    1.36108498530167e-07    3.78641921115438e-07
13.9999999999997    -7.21489275047552e-17    -1.6378155087435e-17    1.84618135864442e-14    1.42926482887508e-13    1.35874256525819e-07    3.78056190119283e-07
14.0999999999997    -7.3524224035831e-17    -1.12179100454761e-17    1.84385478801002e-14    1.42404422229151e-13    1.3578861469247e-07    3.77365104678679e-07
14.1999999999997    -7.44166279491162e-17    -6.77936362725221e-18    1.84523915848513e-14    1.41876510393533e-13    1.35839580332285e-07    3.76664984294443e-07
14.2999999999997    -7.49114731764991e-17    -3.28232493916847e-18    1.85011701681049e-14    1.41380410528807e-13    1.3601900664284e-07    3.7600586501916e-07
14.3999999999997    -7.51035687737056e-17    -7.03871624521265e-19    1.85845139490798e-14    1.40913584571961e-13    1.36325030530273e-07    3.75384582224631e-07
14.4999999999997    -7.50766625988465e-17    1.135619761244e-18    1.87030451288345e-14    1.40447205080013e-13    1.36759076952261e-07    3.74762865129421e-07
14.5999999999997    -7.48935377690375e-17    2.45530145032048e-18    1.88566654531629e-14    1.39950329536202e-13    1.37319574180679e-07    3.74099357839869e-07
14.6999999999997    -7.4597068250132e-17    3.42441425214838e-18    1.90428796447388e-14    1.39412085322494e-13    1.37995940682104e-07    3.73379278110735e-07
14.7999999999997    -7.42172368317811e-17    4.1313195998496e-18    1.92560008547319e-14    1.38851907668236e-13    1.38765993149373e-07    3.72628377432847e-07
14.8999999999997    -7.37784725671913e-17    4.60553481873071e-18    1.94876180634771e-14    1.38314392073511e-13    1.39598058953114e-07    3.7190642919088e-07
14.9999999999997    -7.33033141443455e-17    4.86319455512116e-18    1.97281107148473e-14    1.37852603437045e-13    1.40456793053406e-07    3.71285070312617e-07
15.0999999999997    -7.28117048869951e-17    4.9441667682669e-18    1.99685509157147e-14    1.37508378255023e-13    1.41310123189086e-07    3.70821221419463e-07
15.1999999999997    -7.23179274526324e-17    4.92124139147911e-18    2.02022175965896e-14    1.37298498782192e-13    1.42134505298994e-07    3.70538120551978e-07
15.2999999999997    -7.18279399136779e-17    4.88323270186754e-18    2.04251733123326e-14    1.37212002927948e-13    1.42916665621378e-07    3.70421385624465e-07
15.3999999999997    -7.13391644524606e-17    4.90819975109806e-18    2.06357847061186e-14    1.37218429753061e-13    1.43651608783607e-07    3.70430060541881e-07
15.4999999999997    -7.08425214002586e-17    5.04681426162001e-18    2.08334928231397e-14    1.37282160214828e-13    1.44338119785245e-07    3.7051607281578e-07
15.5999999999997    -7.03251182574558e-17    5.3274645571817e-18    2.10173811475989e-14    1.37376158608493e-13    1.44973725714693e-07    3.70642899039619e-07
15.6999999999997    -6.9771407514682e-17    5.7798347795969e-18    2.11850753011258e-14    1.37489792483971e-13    1.45550937135856e-07    3.70796160287523e-07
15.7999999999997    -6.91616828497669e-17    6.45998903171082e-18    2.13322899938632e-14    1.37628902983677e-13    1.46055776995856e-07    3.70983696385269e-07
15.8999999999997    -6.84689733966851e-17    7.45628621367612e-18    2.14530487291332e-14    1.37809964955021e-13    1.46468592978608e-07    3.71227645731055e-07
15.9999999999997    -6.76568081756919e-17    8.86350741724659e-18    2.1540379666662e-14    1.38052253771115e-13    1.46766411915881e-07    3.71553836975364e-07
16.0999999999997    -6.66809710373651e-17    1.07310154804761e-17    2.15872161886455e-14    1.38371683073014e-13    1.46925886720637e-07    3.71983444622222e-07
16.1999999999997    -6.54968893692889e-17    1.30097390115532e-17    2.1587293180934e-14    1.38777932719815e-13    1.46926148731034e-07    3.72529103184993e-07
16.2999999999997    -6.40708734251813e-17    1.55327578109275e-17    2.15359510513002e-14    1.39274060058389e-13    1.46751323848544e-07    3.73194399821847e-07
16.3999999999998    -6.2390390635114e-17    1.80545420966427e-17    2.1430845285713e-14    1.39856442440971e-13    1.46392777436979e-07    3.73973852616692e-07
16.4999999999998    -6.04677010682009e-17    2.03464368871362e-17    2.12725574392766e-14    1.40513346629109e-13    1.45851148227488e-07    3.74851099276911e-07
16.5999999999998    -5.83321704669243e-17    2.23112247572051e-17    2.10650307790607e-14    1.41222251285586e-13    1.45137971527305e-07    3.75795491305559e-07
16.6999999999998    -5.60129419995149e-17    2.40560909998999e-17    2.08156819277658e-14    1.41947980050755e-13    1.44276408077571e-07    3.76759843999801e-07
16.7999999999998    -5.35186654639452e-17    2.58718299725739e-17    2.05350466322787e-14    1.42644333317258e-13    1.43300546517725e-07    3.77682847528528e-07
16.8999999999998    -5.08245323906906e-17    2.81086874655025e-17    2.02359333111126e-14    1.43260583638718e-13    1.42253060814566e-07    3.78497798723742e-07
16.9999999999999    -4.78751121839725e-17    3.09971105400854e-17    1.9932238097308e-14    1.4375150713665e-13    1.41181578463013e-07    3.79145759750324e-07
17.0999999999999    -4.46044243237813e-17    3.45019517792786e-17    1.96377210471216e-14    1.4408714645208e-13    1.40134653270066e-07    3.79588127385565e-07
17.1999999999999    -4.09651251510081e-17    3.8290858691779e-17    1.93650604041116e-14    1.44257905652503e-13    1.39158400407994e-07    3.79812987735415e-07
17.2999999999999    -3.69540935042905e-17    4.18417439372856e-17    1.91253626557175e-14    1.44272515061489e-13    1.38294478037691e-07    3.79832219620044e-07
17.3999999999999    -3.26218406214447e-17    4.46403684082315e-17    1.89280760562567e-14    1.4414996612369e-13    1.3757934458434e-07    3.79670865518662e-07
17.4999999999999    -2.80615586085531e-17    4.63729655858013e-17    1.87810609065062e-14    1.43909689878591e-13    1.37044010837782e-07    3.79354306524376e-07
17.6    -2.33831755472141e-17    4.70260458507946e-17    1.86905250008902e-14    1.43565142518065e-13    1.36713294894426e-07    3.78899910950194e-07
17.7    -1.86836188588652e-17    4.68584653466511e-17    1.8660668084576e-14    1.43123982260938e-13    1.36604055886258e-07    3.78317303676343e-07
17.8    -1.4025221300834e-17    4.6274414131079e-17    1.86931208268957e-14    1.42594261594192e-13    1.36722788250151e-07    3.77616553654883e-07
17.9    -9.42938220938162e-18    4.56657500569903e-17    1.87864731862129e-14    1.41992613766759e-13    1.37063755917503e-07    3.76819072986969e-07
18    -4.88412302296019e-18    4.52913757612067e-17    1.8936239045301e-14    1.41349167195117e-13    1.37609007863951e-07    3.75964316385368e-07
18.1    -3.60546143315605e-19    4.52316655052842e-17    1.91354568069114e-14    1.40705533745022e-13    1.38330968358179e-07    3.75107362957623e-07
18.2    4.1703862979414e-18    4.54169387267142e-17    1.93758443672404e-14    1.40105831027356e-13    1.39197142094371e-07    3.74307134619895e-07
18.3000000000001    8.72609358043017e-18    4.57010384298841e-17    1.96491506174347e-14    1.39584450653835e-13    1.40175428008745e-07    3.73610024830484e-07
18.4000000000001    1.3309093419389e-17    4.59421305733572e-17    1.99482168583401e-14    1.39156264686382e-13    1.41238156524149e-07    3.73036546046606e-07
18.5000000000001    1.79103803058479e-17    4.60600971860288e-17    2.02673542228407e-14    1.38814148689521e-13    1.42363458172527e-07    3.72577708256306e-07
18.6000000000001    2.25169923269905e-17    4.605564147713e-17    2.06019245983494e-14    1.38535433709717e-13    1.43533705443528e-07    3.72203484279389e-07
18.7000000000001    2.71195326706922e-17    4.59921238636169e-17    2.0947356597441e-14    1.38294716821727e-13    1.4473201649062e-07    3.71879976365665e-07
18.8000000000001    3.17162826792883e-17    4.59534037215902e-17    2.12980743461379e-14    1.38077363236071e-13    1.45938597862724e-07    3.71587625246147e-07
18.9000000000002    3.63129608502787e-17    4.59958633385527e-17    2.1646846748965e-14    1.37887544535805e-13    1.47128674122229e-07    3.71332121605182e-07
19.0000000000002    4.09180115426343e-17    4.61137271671606e-17    2.19848599699584e-14    1.37747086994994e-13    1.48272923927325e-07    3.71142946847968e-07
19.1000000000002    4.5535722514926e-17    4.6230818525607e-17    2.23024693411915e-14    1.3768567481806e-13    1.49340112967653e-07    3.71060203764915e-07
19.2000000000002    5.01600721216177e-17    4.62233724710535e-17    2.25902623123316e-14    1.37727080305693e-13    1.5030057322689e-07    3.71115993061055e-07
19.3000000000002    5.47721186522228e-17    4.59665508849308e-17    2.28399191659021e-14    1.37878099161888e-13    1.51128816464307e-07    3.7131940315837e-07
19.4000000000002    5.9342623685044e-17    4.53866664777861e-17    2.30444693077929e-14    1.38125721553933e-13    1.51804049049401e-07    3.71652689421095e-07
19.5000000000002    6.3839055195774e-17    4.44946110074156e-17    2.31978631674443e-14    1.38444197712683e-13    1.52308447459241e-07    3.72080902106898e-07
19.6000000000003    6.82341757317174e-17    4.33802691634748e-17    2.32941635737057e-14    1.38808801703984e-13    1.52624256177404e-07    3.72570532522345e-07
19.7000000000003    7.25117339571185e-17    4.2162041561892e-17    2.33269182890109e-14    1.39209544197612e-13    1.5273152356017e-07    3.73107952471684e-07
19.8000000000003    7.66655645250321e-17    4.09085510323976e-17    2.32892690416037e-14    1.39657618382331e-13    1.52608220753679e-07    3.73707931923222e-07
19.9000000000003    8.06908128028685e-17    3.95695438864408e-17    2.31750618906426e-14    1.4018040378679e-13    1.52233576751788e-07    3.74406735765785e-07
20.0000000000003    8.45705649036513e-17    3.79578584727313e-17    2.29807642274258e-14    1.40806178808077e-13    1.51594077151536e-07    3.75241493984976e-07
20.1000000000003    8.82644810473418e-17    3.58053299095241e-17    2.27075699557122e-14    1.41544895998837e-13    1.50690311419521e-07    3.76224528704385e-07
20.2000000000004    9.17058358933101e-17    3.28764016273322e-17    2.23628898542122e-14    1.42373906145932e-13    1.49542267784771e-07    3.77324669410751e-07
20.3000000000004    9.48110270161536e-17    2.90841542510339e-17    2.19605834418705e-14    1.43235911865072e-13    1.48191036982236e-07    3.7846520562011e-07
20.4000000000004    9.74977074575693e-17    2.45409532121036e-17    2.15197397790954e-14    1.44051153180568e-13    1.46696079630968e-07    3.79540713469014e-07
20.5000000000004    9.97029721008161e-17    1.95058013738472e-17    2.10623630909741e-14    1.44739256107639e-13    1.45128781056599e-07    3.80446127733795e-07
20.6000000000004    1.01391782106993e-16    1.42512642567025e-17    2.06107154691687e-14    1.45241564485993e-13    1.43564325196647e-07    3.81105713006238e-07
20.7000000000004    1.02551167148138e-16    8.92787567147793e-18    2.01851316081874e-14    1.45534568290887e-13    1.42074387586881e-07    3.81489932096362e-07
20.8000000000005    1.03174400122425e-16    3.51118260030851e-18    1.98028307860284e-14    1.45629434725919e-13    1.40722531195357e-07    3.81614248588701e-07
20.9000000000005    1.03245912837956e-16    -2.13081146738832e-18    1.94777647438558e-14    1.45559347377505e-13    1.39562762740839e-07    3.81522407438285e-07
21.0000000000005    1.02737585983655e-16    -8.08912030737951e-18    1.92211034904482e-14    1.45361825913019e-13    1.3864019435376e-07    3.81263459976194e-07
21.1000000000005    1.01620320628833e-16    -1.42745263375556e-17    1.90417795227249e-14    1.4506468506181e-13    1.37991954557956e-07    3.80873581470033e-07
21.2000000000005    9.98853531748009e-17    -2.03735075493674e-17    1.89466430363616e-14    1.44681358638524e-13    1.37646805398315e-07    3.80370028575496e-07
21.3000000000005    9.75636248388997e-17    -2.59275113474586e-17    1.89401196872759e-14    1.44215907405215e-13    1.37623107388534e-07    3.79757695649759e-07
21.4000000000005    9.47326625132937e-17    -3.04937510514983e-17    1.90236083520078e-14    1.43673177650081e-13    1.3792609742905e-07    3.79042448348574e-07
21.5000000000006    9.15065946503899e-17    -3.3805177658095e-17    1.91950295504962e-14    1.43067653750428e-13    1.38546127879837e-07    3.78242850230415e-07
21.6000000000006    8.80135478190999e-17    -3.58546840877833e-17    1.94488660686432e-14    1.4242613230415e-13    1.39459191409685e-07    3.7739386892761e-07
21.7000000000006    8.43698643902037e-17    -3.68722724093789e-17    1.97767879120473e-14    1.4178318585747e-13    1.40629968043968e-07    3.76541081234797e-07
21.8000000000006    8.06612461359098e-17    -3.72183441011977e-17    2.01686704510756e-14    1.4117227524189e-13    1.42016444298101e-07    3.75728991750557e-07
21.9000000000006    7.69364739383887e-17    -3.72488873220639e-17    2.06136448622312e-14    1.40617355464416e-13    1.4357452720532e-07    3.74989807147362e-07
22.0000000000006    7.32135018780447e-17    -3.72124939770194e-17    2.11008382300731e-14    1.40129111490557e-13    1.45261275741586e-07    3.74338231403843e-07
22.1000000000007    6.94925904606181e-17    -3.72142399423916e-17    2.16196389208552e-14    1.39707187906748e-13    1.47036182352696e-07    3.73774247249256e-07
22.2000000000007    6.57695714661757e-17    -3.72469420133443e-17    2.21595547109875e-14    1.39346548373471e-13    1.48860856879797e-07    3.73291505895152e-07
22.3000000000007    6.20438565062059e-17    -3.72608887360476e-17    2.27098931977579e-14    1.39044130923301e-13    1.50698019886652e-07    3.72886217127023e-07
22.4000000000007    5.8318890423847e-17    -3.72321016874417e-17    2.32595109224571e-14    1.38802209500779e-13    1.52510691174282e-07    3.72561685497554e-07
22.5000000000007    5.45976857770372e-17    -3.71976967111019e-17    2.3796758579748e-14    1.38627081705454e-13    1.54261980344309e-07    3.7232657937012e-07
22.6000000000007    5.08765636901521e-17    -3.72481526348939e-17    2.43095787962643e-14    1.3852459412187e-13    1.55915293657371e-07    3.7218892262112e-07
22.7000000000007    4.71417236831662e-17    -3.74890144408656e-17    2.47856002969461e-14    1.38495961908943e-13    1.57434431738887e-07    3.72150456010661e-07
22.8000000000008    4.33698648096642e-17    -3.79981290946762e-17    2.52120916667683e-14    1.38537224942687e-13    1.5878315926687e-07    3.72205890526583e-07
22.9000000000008    3.95323176110685e-17    -3.88024905398003e-17    2.55757843762014e-14    1.386435059486e-13    1.59924308271761e-07    3.72348634949291e-07
23.0000000000008    3.56001972930104e-17    -3.98839465785362e-17    2.58627642449575e-14    1.38816134620183e-13    1.60819041922769e-07    3.72580373369536e-07
23.1000000000008    3.15476701546529e-17    -4.12037237833517e-17    2.60587432886543e-14    1.39068392780085e-13    1.61427207399045e-07    3.72918748228196e-07
23.2000000000008    2.73528682024252e-17    -4.27227953179274e-17    2.61499698425202e-14    1.39425530185667e-13    1.61709523042152e-07    3.73397281974128e-07
23.3000000000008    2.29979267194124e-17    -4.43976346464358e-17    2.61248076244922e-14    1.39917128238949e-13    1.61631703649044e-07    3.74054980235459e-07
23.4000000000009    1.84707200775959e-17    -4.61492208463463e-17    2.59757045425461e-14    1.40563827853483e-13    1.61169800342825e-07    3.74918428266047e-07
23.5000000000009    1.37704356823727e-17    -4.78266638037236e-17    2.57010291768662e-14    1.41363920401619e-13    1.60315405301132e-07    3.75983936361142e-07
23.6000000000009    8.91535109438299e-18    -4.92008691316258e-17    2.53062119151611e-14    1.42286353079293e-13    1.59079262995405e-07    3.77208633357315e-07
23.7000000000009    3.94884900079151e-18    -5.00130977023176e-17    2.4803834544807e-14    1.43274403537414e-13    1.57492331701601e-07    3.78516054530603e-07
23.8000000000009    -1.06219248996378e-18    -5.00707227088698e-17    2.42126880518183e-14    1.44259423182361e-13    1.55604267460177e-07    3.79814985463135e-07
23.9000000000009    -6.03915920133153e-18    -4.93445015604916e-17    2.35561882624518e-14    1.45178954576451e-13    1.53480253656462e-07    3.81023561707738e-07
24.000000000001    -1.09106721905507e-17    -4.80057921702176e-17    2.2860716105635e-14    1.45990966664232e-13    1.51197606150478e-07    3.82087642647903e-07
24.100000000001    -1.56303975969504e-17    -4.6366382282744e-17    2.21543376697442e-14    1.46677602293392e-13    1.48843332634499e-07    3.82985120198412e-07
24.200000000001    -2.01845503306694e-17    -4.47398535609505e-17    2.14660158247426e-14    1.47237140646485e-13    1.46512852080432e-07    3.83714921063131e-07
24.300000000001    -2.45845945293625e-17    -4.32944166902724e-17    2.08250397390233e-14    1.47669122397062e-13    1.44308834584108e-07    3.84277402922761e-07
24.400000000001    -2.88480123811467e-17    -4.19804935455029e-17    2.02601937571263e-14    1.47961322565871e-13    1.42338307412749e-07    3.84657409347423e-07
24.500000000001    -3.29777544268835e-17    -4.05759093448584e-17    1.97982920921115e-14    1.48086334763097e-13    1.40706403877405e-07    3.84819873139494e-07
24.600000000001    -3.69515695757936e-17    -3.88249871682299e-17    1.94620790024668e-14    1.48010398705799e-13    1.39506555410371e-07    3.84721196070348e-07
24.7000000000011    -4.0726679725859e-17    -3.65949641065637e-17    1.92679419299369e-14    1.47710534975114e-13    1.38809012423318e-07    3.84331282847382e-07
24.8000000000011    -4.42572224427411e-17    -3.39669705449938e-17    1.92241660347051e-14    1.47191516811365e-13    1.38651238850236e-07    3.83655466286309e-07
24.9000000000011    -4.75159943308515e-17    -3.12183669988142e-17    1.93304116878158e-14    1.46493963867347e-13    1.39033850870268e-07    3.82745298948722e-07
25.0000000000011    -5.05089528294416e-17    -2.87113824730531e-17    1.95787227482814e-14    1.45688856844808e-13    1.39923989180846e-07    3.81692096911644e-07
25.1000000000011    -5.32764590438002e-17    -2.67486688414514e-17    1.99558317978783e-14    1.44859949373621e-13    1.4126511175049e-07    3.80604715385426e-07
25.2000000000011    -5.58813165356655e-17    -2.54650680193802e-17    2.0446055530644e-14    1.44080929874981e-13    1.42989704281966e-07    3.79579938715129e-07
25.3000000000012    -5.83900413705525e-17    -2.48005543031312e-17    2.10338719209552e-14    1.43396375204888e-13    1.45030589604246e-07    3.78677138476681e-07
25.4000000000012    -6.08553524125094e-17    -2.45572134471844e-17    2.17054205435921e-14    1.42813745563174e-13    1.47327596001537e-07    3.77907059424898e-07
25.5000000000012    -6.33076875624358e-17    -2.45043969713795e-17    2.2448596837765e-14    1.42308903742688e-13    1.49828558151525e-07    3.77238523672607e-07
25.6000000000012    -6.57570146622218e-17    -2.44791477750329e-17    2.32519359981803e-14    1.41842124450538e-13    1.52485855075742e-07    3.76619336267454e-07
25.7000000000012    -6.82028191172314e-17    -2.44361267429487e-17    2.41028905810441e-14    1.41377674882248e-13    1.55251056618125e-07    3.76002227230435e-07
25.8000000000012    -7.06453604046219e-17    -2.44288677845399e-17    2.49862488519039e-14    1.40899299178501e-13    1.58070392078668e-07    3.75365554064969e-07
25.9000000000012    -7.30924598977133e-17    -2.45370316237234e-17    2.58832896411449e-14    1.40416367542956e-13    1.60882844458771e-07    3.74721720137698e-07
26.0000000000013    -7.55573667616058e-17    -2.47793224755533e-17    2.6771917084632e-14    1.39959734016004e-13    1.63621261102071e-07    3.74111927123426e-07
26.1000000000013    -7.80496430712586e-17    -2.50573974818717e-17    2.76276295067331e-14    1.39570494964919e-13    1.66215611501246e-07    3.73591347550929e-07
26.2000000000013    -8.05631349501693e-17    -2.51607598554835e-17    2.84249103626349e-14    1.39287130421375e-13    1.6859688716769e-07    3.73211910878223e-07
26.3000000000013    -8.30675377551839e-17    -2.48333150895255e-17    2.91385739894136e-14    1.39136222279733e-13    1.70700246014508e-07    3.73009681214487e-07
26.4000000000013    -8.55086894528385e-17    -2.38712681401373e-17    2.97447441207548e-14    1.39129570701792e-13    1.72466646400847e-07    3.73000765015022e-07
26.5000000000013    -8.78183327420184e-17    -2.22050654829321e-17    3.02213970023018e-14    1.39267411882363e-13    1.73843024025417e-07    3.73185492593647e-07
26.6000000000014    -8.99292450871064e-17    -1.99234840872405e-17    3.05486417283281e-14    1.39545038249284e-13    1.74781697349374e-07    3.73557275727945e-07
26.7000000000014    -9.17892598297583e-17    -1.72246654359307e-17    3.07090421704267e-14    1.39959324077151e-13    1.75239955975875e-07    3.74111379240396e-07
26.8000000000014    -9.33673997384578e-17    -1.43169605110812e-17    3.06882721171134e-14    1.40512449587058e-13    1.75180684200951e-07    3.74849902743829e-07
26.9000000000014    -9.46498485943135e-17    -1.13194537257763e-17    3.04762638617028e-14    1.41211742865548e-13    1.74574522372833e-07    3.75781509477979e-07
27.0000000000014    -9.56278891904085e-17    -8.21456852653341e-18    3.00688211159904e-14    1.4206606277147e-13    1.73403636397829e-07    3.7691651963196e-07
27.1000000000014    -9.6285116573816e-17    -4.8772730125737e-18    2.94694809396729e-14    1.43079931309102e-13    1.71666772963416e-07    3.78259079612244e-07
27.2000000000015    -9.65907882297097e-17    -1.16238539563718e-18    2.86912666639351e-14    1.4424673133445e-13    1.69384965873406e-07    3.79798277160982e-07
27.3000000000015    -9.65026135264816e-17    3.00201641388791e-18    2.77578946396119e-14    1.45542215271994e-13    1.66607006574189e-07    3.81499954484917e-07
27.4000000000015    -9.59770423754285e-17    7.56735089416509e-18    2.67039967800598e-14    1.46919782174566e-13    1.63413575874405e-07    3.8330116380539e-07
27.5000000000015    -9.49808090253028e-17    1.23840966753533e-17    2.55740181796145e-14    1.48309427381039e-13    1.59918786199791e-07    3.85109630340555e-07
27.6000000000015    -9.34981381841712e-17    1.72648507337303e-17    2.44196608165894e-14    1.49622341411003e-13    1.56267913586217e-07    3.86810472209587e-07
27.7000000000015    -9.15312104867133e-17    2.20449646453673e-17    2.3296056984279e-14    1.50762116290303e-13    1.52630458900834e-07    3.88280975957235e-07
27.8000000000015    -8.90963766169224e-17    2.66071245587305e-17    2.22572033564038e-14    1.51641260457997e-13    1.49188482653333e-07    3.89411428258079e-07
27.9000000000016    -8.62196836246732e-17    3.08698252718837e-17    2.13514544542289e-14    1.52199016169327e-13    1.46121368917174e-07    3.90126923153641e-07
28.0000000000016    -8.29344820864313e-17    3.47668691859123e-17    2.06179428040384e-14    1.52414747100825e-13    1.43589494058717e-07    3.90403313383513e-07
28.1000000000016    -7.928017982677e-17    3.82443697350989e-17    2.00845973802608e-14    1.52311666709443e-13    1.4172013752555e-07    3.90271273231124e-07
28.2000000000016    -7.53003135725201e-17    4.12780502656719e-17    1.97680074190622e-14    1.51948651363806e-13    1.40598746150392e-07    3.89805914993355e-07
28.3000000000016    -7.10385211807433e-17    4.38911522670401e-17    1.96748611957254e-14    1.51402283427831e-13    1.40267106606379e-07    3.89104463387188e-07
28.4000000000016    -6.65338253573516e-17    4.61490800261834e-17    1.9804265407918e-14    1.50745212239398e-13    1.40727628445583e-07    3.88259207539755e-07
28.5000000000017    -6.18179332579765e-17    4.8126005155659e-17    2.01500798854874e-14    1.50028577823179e-13    1.41950977050133e-07    3.87335226674749e-07
28.6000000000017    -5.69165164279222e-17    4.98611238150767e-17    2.07025471715826e-14    1.49274729806163e-13    1.43883797460251e-07    3.86360880274081e-07
28.7000000000017    -5.18542960736119e-17    5.13344194539678e-17    2.14488931163465e-14    1.48482302214945e-13    1.46454406271531e-07    3.85334013830787e-07
28.8000000000017    -4.66604101862961e-17    5.24816133514867e-17    2.23730562641887e-14    1.4764059676225e-13    1.49576255683142e-07    3.84240285189165e-07
28.9000000000017    -4.1370750375266e-17    5.32433288548456e-17    2.34550697905339e-14    1.46746389536715e-13    1.53150480869418e-07    3.83074913739747e-07
29.0000000000017    -3.60244937688541e-17    5.36218754975432e-17    2.46707206186878e-14    1.4581542650355e-13    1.57069158712612e-07    3.81857861649528e-07
29.1000000000017    -3.06560284256655e-17    5.37107270149335e-17    2.59919131807366e-14    1.44883446878901e-13    1.61220076853773e-07    3.80635582780829e-07
29.2000000000018    -2.5286457219819e-17    5.36751037770232e-17    2.7387769324547e-14    1.43996474249648e-13    1.65492505342529e-07    3.7946867360778e-07
29.3000000000018    -1.99193043381882e-17    5.36885875075511e-17    2.88260898060505e-14    1.43195158466668e-13    1.69782477912329e-07    3.78411361439727e-07
29.4000000000018    -1.45435198151397e-17    5.38558718001352e-17    3.02745807011663e-14    1.42500828891108e-13    1.73995921507277e-07    3.77492819655034e-07
29.5000000000018    -9.14336306604455e-18    5.41635092198973e-17    3.17013208289029e-14    1.41910264012273e-13    1.78048647366114e-07    3.76709787518553e-07
29.6000000000018    -3.71022351419249e-18    5.4488448010059e-17    3.3074289255563e-14    1.4140223094261e-13    1.81863380743796e-07    3.76034879954786e-07
29.7000000000018    1.74939168878139e-18    5.46665562377168e-17    3.43602339863664e-14    1.40953376340769e-13    1.85365136922687e-07    3.7543757981956e-07
29.8000000000019    7.21451359333198e-18    5.45889988236279e-17    3.5523534163434e-14    1.40556579351545e-13    1.88476879652211e-07    3.7490876136941e-07
29.9000000000019    1.26592782340881e-17    5.42762565849616e-17    3.65258160572574e-14    1.40233508714441e-13    1.91117283512657e-07    3.74477647816851e-07
