0    1    0.999866554525693    0.999866554525693
0.1    1.10691546277387    1.14157190407127    1.0313090226516
0.2    1.22893374285678    1.30201006851854    1.05946319407903
0.3    1.36793374471554    1.48106571140679    1.08270281154207
0.4    1.52570498110054    1.67695147684758    1.09913220289675
0.5    1.7037458544337    1.88551586941414    1.10668845620807
0.6    1.90299561184699    2.09964855645549    1.10333862221449
0.7    2.12352347504495    2.30907820950396    1.08738059015574
0.8    2.36423253025199    2.5009317544195    1.05781970361136
0.900000000000001    2.62267005131308    2.66132831506013    1.01474004087083
1    2.89504756056691    2.77792061138676    0.959542305703188
1.1    3.1765381257534    2.8427421210144    0.894918306809293
1.2    3.46183000787155    2.85429366921141    0.824504283203184
1.3    3.74580893851576    2.81791355576715    0.752284380228886
1.4    4.02417816384433    2.7442072868143    0.681929868679756
1.5    4.29385002392551    2.64622746875457    0.616283161733567
1.6    4.5530411967359    2.53656614480084    0.557114692179661
1.7    4.80111451825546    2.42530812584604    0.505155233565916
1.8    5.03827601831742    2.31918593269794    0.460313393761315
1.9    5.26524072285683    2.22173602739944    0.421962858745415
2    5.48294637444884    2.13402491093527    0.389211340982664
2.1    5.69235144424053    2.05555465453091    0.361108177291249
2.2    5.89432228544161    1.98511467875738    0.336784210741313
2.29999999999999    6.08959876358686    1.9214944714955    0.315537122574512
2.39999999999999    6.27882403646151    1.86405741274354    0.296880021150273
2.49999999999999    6.46262565213815    1.81319521296482    0.280566337981363
2.59999999999999    6.64173583147093    1.77065015107597    0.266594486141107
2.69999999999999    6.81713447012717    1.73962784576257    0.255184616554896
2.79999999999998    6.99018715798431    1.7245561247006    0.246711008693205
2.89999999999998    7.16273441084671    1.73032605117702    0.241573392496132
2.99999999999998    7.33707547200337    1.76094767193384    0.24000675455135
3.09999999999998    7.51579483266037    1.81781082803312    0.241865413905886
3.19999999999998    7.70141650215845    1.89810225797426    0.246461447376892
3.29999999999997    7.89594075016433    1.99417635869036    0.252557158391654
3.39999999999997    8.10039420332701    2.09451690482401    0.258569750094847
3.49999999999997    8.31455820352796    2.18625974449166    0.262943585332532
3.59999999999997    8.53699374615329    2.25839186251495    0.264541819950678
3.69999999999997    8.76536492295492    2.30430137348098    0.262887100963295
3.79999999999996    8.99694070988178    2.32269450189004    0.258164922587398
3.89999999999996    9.22909860912943    2.3167784624855    0.25102976580982
3.99999999999996    9.4596864137419    2.29239803889885    0.242333407116829
4.09999999999996    9.68718442144976    2.25605391348498    0.2328905712262
4.19999999999995    9.91069262535794    2.21345642669255    0.223340235679301
4.29999999999995    10.1298102290156    2.16881835989198    0.214102565680813
4.39999999999995    10.3444769517558    2.12476002943979    0.205400431491042
4.49999999999995    10.5548252404479    2.08257978711442    0.19731068394516
4.59999999999995    10.7610684603102    2.04267304857594    0.189820653600512
4.69999999999994    10.9634325913615    2.0049684496395    0.182877801539938
4.79999999999994    11.1621298998369    1.96932684154484    0.176429306881082
4.89999999999994    11.3573701285439    1.93589261942639    0.17045254293166
4.99999999999994    11.5494043867369    1.90539490053356    0.164977763071634
5.09999999999994    11.7385957872999    1.87937390612534    0.160102105922981
5.19999999999993    11.9255063982544    1.8602653295842    0.155990468451427
5.29999999999993    12.1109810686148    1.85123222809155    0.15285567846266
5.39999999999993    12.2961968063985    1.85562779591935    0.150910710452662
5.49999999999993    12.482637872856    1.87605445164534    0.150293108776703
5.59999999999993    12.6719623272539    1.91318398019811    0.150977720008162
5.69999999999992    12.8657552577792    1.96476237337778    0.152712556240318
5.79999999999992    13.0652152867668    2.02536279135751    0.155019473227427
5.89999999999992    13.2708712520277    2.08726280834747    0.157281520459974
5.99999999999992    13.4824390889342    2.14229024357434    0.15889485792913
6.09999999999991    13.6988832689529    2.18391303187112    0.159422705412836
6.19999999999991    13.9186614410723    2.20867873416007    0.158684708548376
6.29999999999991    14.1400565002267    2.21648967535938    0.156752533154577
6.39999999999991    14.3614804246245    2.20983181798643    0.153872146369911
6.49999999999991    14.5816707729491    2.19250713215121    0.150360487922865
6.5999999999999    14.7997603815123    2.16844693873567    0.146519057257472
6.6999999999999    15.0152474067683    2.14093521036364    0.142584078194981
6.7999999999999    15.2279111010816    2.11228943716244    0.138711700057955
6.8999999999999    15.4377139825473    2.0838811683833    0.134986382746771
6.9999999999999    15.6447165350177    2.05634164071974    0.131440006350835
7.09999999999989    15.8490165989627    2.02983465551493    0.128073224154979
7.19999999999989    16.0507165682358    2.00433316480767    0.124874995847489
7.29999999999989    16.2499173808365    1.97987699558011    0.12183920380512
7.39999999999989    16.4467371314767    1.95680700103598    0.118978432341509
7.49999999999988    16.6413515925044    1.93596587237984    0.11633465356575
7.59999999999988    16.8340518849761    1.91883176087006    0.113985139999632
7.69999999999988    17.0253094649402    1.90751651550832    0.112040049517833
7.79999999999988    17.2158303265875    1.90453563061671    0.110626998203823
7.89999999999988    17.4065714645148    1.91227668873634    0.109859468456193
7.99999999999987    17.5986895840256    1.93219429146775    0.109791941169393
8.09999999999987    17.7934034851683    1.96394187776358    0.11037471720352
8.19999999999987    17.9917821282902    2.00482815634751    0.111430215308973
8.29999999999987    18.1945117499755    2.0499948122797    0.11267105380184
8.39999999999987    18.4017237529152    2.09343794614819    0.113763143836813
8.49999999999986    18.6129549748344    2.12954068285396    0.11441174632041
8.59999999999986    18.8272600604232    2.15446440851248    0.114433242096729
8.69999999999986    19.0434306018085    2.16682449189966    0.113783306023332
8.79999999999986    19.2602374871591    2.16749408895675    0.112537246251602
8.89999999999985    19.4766202479587    2.15881207025067    0.110841205648959
8.99999999999985    19.6917861770117    2.143644875333    0.108859849282515
9.09999999999985    19.9052236529625    2.12465023746558    0.106738325301327
9.19999999999985    20.116658348161    2.10387646213204    0.104583794471231
9.29999999999985    20.3259850801842    2.08266076670706    0.102462968387074
9.39999999999984    20.5332000615468    2.06171949029713    0.100409068441221
9.49999999999984    20.7383473999365    2.04132835430692    0.0984325469595119
9.59999999999984    20.9414852525877    2.02152759148008    0.0965321975541486
9.69999999999984    21.1426724028371    2.00232262046816    0.0947052757720196
9.79999999999984    21.3419743007629    1.98387210942732    0.0929563535907922
9.89999999999983    21.5394871190742    1.96665881742665    0.0913048117884427
9.99999999999983    21.7353774047026    1.95162588338385    0.0897902919763241
10.0999999999998    21.9299320058827    1.94023644659944    0.0884743484876728
10.1999999999998    22.1236073736025    1.93438835577802    0.0874354856833203
10.2999999999998    22.317059948253    1.93611059708223    0.086754733892884
10.3999999999998    22.5111338037501    1.94701557058945    0.0864912264110439
10.4999999999998    22.7067845207766    1.96760076502812    0.0866525492954661
10.5999999999998    22.9049355388362    1.99665127039056    0.0871712241671736
10.6999999999998    23.1062939524812    2.03108182764008    0.0879016700738361
10.7999999999998    23.3111830342014    2.06644539160262    0.0886460969643111
10.8999999999998    23.5194566787138    2.09801428523965    0.0892033482703046
10.9999999999998    23.7305335462468    2.12200055320804    0.0894206844979959
11.0999999999998    23.9435377621083    2.13638831001433    0.0892260922859635
11.1999999999998    24.1574896898696    2.1410850539091    0.0886302791140984
11.2999999999998    24.3714797106821    2.13747203053908    0.0877038266003282
11.3999999999998    24.5847800650365    2.12767773280401    0.0865445095370168
11.4999999999998    24.7968844102229    2.11390472688944    0.0852488035157334
11.5999999999998    25.0074910533588    2.09799232696613    0.0838945547352038
11.6999999999998    25.2164557072043    2.0812379549301    0.0825349120866138
11.7999999999998    25.4237366678398    2.06440929904385    0.0812000740101775
11.8999999999998    25.6293471140778    2.04786110303054    0.079902975831393
11.9999999999998    25.8333215038435    2.03169199612021    0.0786461777986207
12.0999999999998    26.0356981186172    2.01590706698465    0.0774285774016998
12.1999999999998    26.2365175904156    2.00057405224765    0.0762515088122242
12.2999999999998    26.4358365830824    1.98596960134211    0.0751241442691103
12.3999999999998    26.6337552976135    1.97270687678355    0.0740679207546941
12.4999999999998    26.8304558333001    1.96181879007235    0.0731191002590972
12.5999999999998    27.0262447291328    1.95474828152738    0.0723277799457013
12.6999999999998    27.2215872521739    1.95318223365321    0.0717512250685247
12.7999999999998    27.4171151348102    1.95868298613011    0.0714401561396686
12.8999999999998    27.6135880108391    1.97214510787898    0.0714193717638163
12.9999999999998    27.8117975640446    1.99323046680331    0.0716685234822858
13.0999999999998    28.0124248801959    2.02004688437577    0.0721125319573423
13.1999999999998    28.215888908731    2.04932315605005    0.0726301114481605
13.2999999999998    28.4222406137021    2.07713067994765    0.0730811728807295
13.3999999999998    28.6311472668413    2.09989863443613    0.0733431536943019
13.4999999999998    28.8419748163039    2.11528419506383    0.0733404771530449
13.5999999999998    29.0539343701236    2.12254632241542    0.0730553836659743
13.6999999999998    29.2662373026671    2.12236082865746    0.0725190876677559
13.7999999999998    29.4782117739001    2.11628241165023    0.0717914108183449
13.8999999999997    29.6893600881997    2.10614572168014    0.0709394111366263
13.9999999999997    29.8993623824235    2.09361442715148    0.0700220426232975
14.0999999999997    30.1080460369654    2.07994775586575    0.0690827878139975
14.1999999999997    30.3153415252443    2.06595216865399    0.0681487347564144
14.2999999999997    30.5212398008694    2.0520482714448    0.067233450699678
14.3999999999997    30.725759455165    2.03839062836707    0.066341423760135
14.4999999999997    30.9289268118439    2.02500231376518    0.0654727636068421
14.5999999999997    31.1307694696171    2.01190791135085    0.0646276319419094
14.6999999999997    31.3313228606827    1.99926042807315    0.0638102781986904
14.7999999999997    31.5306490413365    1.98745765759837    0.0630325641249192
14.8999999999997    31.728866029791    1.977232755896    0.0623165276073695
14.9999999999997    31.9261836000169    1.96968532604419    0.0616949821100181
15.0999999999997    32.1229371243134    1.96620172347589    0.0612086533640072
15.1999999999997    32.3196057089065    1.96821393859535    0.0608984514329318
15.2999999999997    32.516797452545    1.97678807488473    0.0607928280074215
15.3999999999997    32.7151880089747    1.99212608478867    0.0608930043208729
15.4999999999997    32.9154126939342    2.01317551575517    0.061162092496752
15.5999999999997    33.1179350775208    2.0375864456518    0.0615251657714263
15.6999999999997    33.3229350053113    2.06214741186368    0.0618837269746798
15.7999999999997    33.5302606871052    2.08358908593702    0.0621405573127057
15.8999999999997    33.7394661800116    2.09942168519737    0.0622245080581962
15.9999999999997    33.9499188471157    2.10844758998036    0.0621046430029829
16.0999999999997    34.1609339379804    2.11078697184132    0.0617894983689113
16.1999999999997    34.3718905216102    2.10751323936989    0.0613150224613005
16.2999999999997    34.5823012731107    2.10013801477603    0.0607286946635035
16.3999999999998    34.7918326961414    2.0901635328525    0.0600762699426382
16.4999999999998    35.0002888850699    2.07880886603982    0.0593940487995965
16.5999999999998    35.2075769630881    2.06691110270001    0.0587064285868627
16.6999999999998    35.4136693012485    2.05494927753156    0.0580270081603521
16.7999999999998    35.6185717950513    2.04313281255178    0.0573614468403714
16.8999999999998    35.8223024182952    2.03151352228843    0.0567108584637178
16.9999999999999    36.0248812358713    2.0201007728766    0.0560751542704632
17.0999999999999    36.2263317803245    2.00897310945576    0.0554561560811102
17.1999999999999    36.4266933098449    1.99838357657143    0.0548604167711083
17.2999999999999    36.6260429728168    1.9888500719044    0.0543015272870314
17.3999999999999    36.8245253927127    1.98120805893342    0.0538013195772372
17.4999999999999    37.0223840557488    1.97658592749487    0.0533889423360337
17.6    37.21998435762    1.97625517505303    0.0530966148740048
17.7    37.4178140526752    1.98132750107656    0.0529514497636696
17.8    37.61644686599    1.99233492750565    0.0529644635125538
17.9    37.816463394548    2.00882642646315    0.0531204202123449
18    38.0183409788549    2.02918721112753    0.0533739021451809
18.1    38.222344254734    2.05085081091924    0.0536558092107403
18.2    38.4284573276342    2.07089850228033    0.0538897121116317
18.3000000000001    38.6363865357688    2.08681806215544    0.0540117295964906
18.4000000000001    38.8456332171039    2.09709171738146    0.0539852627877385
18.5000000000001    39.0556064783199    2.10138803122679    0.0538050287963981
18.6000000000001    39.2657344215315    2.10035814293011    0.0534908661170583
18.7000000000001    39.4755421973802    2.09521373026146    0.0530762495872825
18.8000000000001    39.68468592975    2.08729795537098    0.0525970637405553
18.9000000000002    39.8929494032592    2.0777834281325    0.0520839762216917
19.0000000000002    40.1002186125553    2.06752992456393    0.0515590686559647
19.1000000000002    40.3064488567588    2.05706912084945    0.0510357319782715
19.2000000000002    40.5116344868881    2.04666434548022    0.0505204090479893
19.3000000000002    40.7157865407153    2.0364028805534    0.0500150691800347
19.4000000000002    40.9189201543354    2.02629653692157    0.0495197949818547
19.5000000000002    41.1210520077539    2.01638099186009    0.0490352482100865
19.6000000000003    41.3222075235739    2.00681114579311    0.0485649549252238
19.7000000000003    41.5224372369758    1.99794776329287    0.0481173046728985
19.8000000000003    41.7218408444366    1.99042071551842    0.0477069246043067
19.9000000000003    41.920595242156    1.98513919320149    0.0473547472724149
20.0000000000003    42.1189792222532    1.98320720956467    0.0470858327097551
20.1000000000003    42.317383384536    1.98570846703869    0.0469241788650933
20.2000000000004    42.5162919194358    1.99336549287195    0.0468847447150184
20.3000000000004    42.7162270927    2.00615655021104    0.0469647411944273
20.4000000000004    42.9176599438964    2.02305560432108    0.0471380687336098
20.5000000000004    43.1209088154215    2.04207399365431    0.0473569330923749
20.6000000000004    43.3260607380771    2.06067160227139    0.0475619423314054
20.7000000000004    43.5329478483814    2.07640758595142    0.0476973806869966
20.8000000000005    43.7411895219209    2.08755246021024    0.047725095797042
20.9000000000005    43.9502825798381    2.09340595192941    0.0476312284938469
21.0000000000005    44.1597043384107    2.0942405531797    0.0474242430866573
21.1000000000005    44.3689952757017    2.09098010858027    0.0471270556294379
21.2000000000005    44.57780423254    2.08480390934146    0.0467677568519545
21.3000000000005    44.7858969633327    2.0768280612894    0.0463723672429682
21.4000000000005    44.9931396246487    2.0679259399502    0.0459609166464419
21.5000000000006    45.1994709825213    2.0586761485548    0.0455464655626365
21.6000000000006    45.404874024036    2.04939463313873    0.0451360052679331
21.7000000000006    45.6093531714878    2.04020849189819    0.0447322391139194
21.8000000000006    45.8129197438329    2.03114381421329    0.0443356115604641
21.9000000000006    46.0155863271066    2.02221484982764    0.0439463019215384
22.0000000000006    46.2173699525253    2.01351068447282    0.0435661026696478
22.1000000000007    46.4183037221388    2.0052767368    0.0432001296041241
22.2000000000007    46.6184559942064    1.99798200968742    0.0428581763826696
22.3000000000007    46.8179547576169    1.99235078353662    0.0425552716655671
22.4000000000007    47.0170120101946    1.9893243553337    0.0423107354185409
22.5000000000007    47.2159392188833    1.98991549436589    0.0421449944083725
22.6000000000007    47.4151420750251    1.99494138611337    0.042073930369264
22.7000000000007    47.615083995587    2.00467993304218    0.0421017829817959
22.8000000000008    47.8162162545187    2.01857301386566    0.0422152393472769
22.9000000000008    48.0188877867441    2.03514427212349    0.0423821618101972
23.0000000000008    48.2232627289798    2.05224408415026    0.0425571387752028
23.1000000000008    48.4292777174992    2.06757577005398    0.0426926823504307
23.2000000000008    48.6366574934471    2.07929020047056    0.0427515028299531
23.3000000000008    48.8449824172798    2.0863912271209    0.0427145455657448
23.4000000000009    49.0537804087032    2.08881038061249    0.0425820469535492
23.5000000000009    49.2626108184102    2.08719114621745    0.0423686668559077
23.6000000000009    49.4711185609633    2.08254014190102    0.0420960795405243
23.7000000000009    49.679053547833    2.07590397168407    0.0417863027459915
23.8000000000009    49.8862630660665    2.06815887964045    0.0414574825318444
23.9000000000009    50.0926694543962    2.05992398836631    0.0411222642115657
24.000000000001    50.2982440271979    2.05156596827656    0.0407880236766757
24.100000000001    50.5029843226645    2.04325450654127    0.0404580943867966
24.200000000001    50.7068981162343    2.03503824773683    0.0401333610088308
24.300000000001    50.9099953337551    2.02692519496379    0.0398138947308029
24.400000000001    51.1122879660506    2.01896190557065    0.0395005190711021
24.500000000001    51.3137977634804    2.01130948593726    0.0391962702742827
24.600000000001    51.5145711811766    2.0043110707661    0.038907653209748
24.7000000000011    51.7147000880561    1.99853607090685    0.038645415471885
24.8000000000011    51.9143446604318    1.99477401809715    0.0384243320636103
24.9000000000011    52.1137516877605    1.99394309828222    0.0382613616119778
25.0000000000011    52.3132583217516    1.99688871611481    0.038171751868962
25.1000000000011    52.513270606326    2.00408868299067    0.0381634710588612
25.2000000000011    52.7142110862451    2.01535035825371    0.0382316327366906
25.3000000000012    52.9164416277175    2.02964455826568    0.0383556508305078
25.4000000000012    53.1201823624246    2.0452102679584    0.0385015671445644
25.5000000000012    53.3254561935067    2.05995060713442    0.0386297793620235
25.6000000000012    53.5320821325256    2.07197718403207    0.0387053352212721
25.7000000000012    53.7397206866061    2.0800664362017    0.0387063127538757
25.8000000000012    53.9479523259365    2.08384588951702    0.038626969137347
25.9000000000012    54.1563593336153    2.08368557430929    0.0384753628188579
26.0000000000013    54.3645864586699    2.0804089813955    0.0382677238421947
26.1000000000013    54.5723701621247    2.07497805749732    0.0380225020707902
26.2000000000013    54.7795398320994    2.06825938897646    0.0377560562815191
26.3000000000013    54.98600134167    2.06090507128817    0.0374805408831639
26.4000000000013    55.1917137864289    2.05332978479517    0.0372035880737601
26.5000000000013    55.3966672204722    2.04574738735824    0.0369290697437882
26.6000000000014    55.6008656484675    2.03823503426452    0.0366583327524273
26.7000000000014    55.8043169538772    2.03080560289354    0.036391550219529
26.8000000000014    56.0070301180348    2.02348040071996    0.0361290430229112
26.9000000000014    56.2090196206674    2.01635983800136    0.0358725316970298
27.0000000000014    56.4103167010083    2.00968904996768    0.0356262678087704
27.1000000000014    56.6109865682642    2.00390877057322    0.0353978775507968
27.2000000000015    56.8111491565859    1.99967084655172    0.0351985635960315
27.3000000000015    57.0109984189084    1.99778787205068    0.035042148488108
27.4000000000015    57.210812022386    1.99908792901251    0.0349424847916909
27.5000000000015    57.410941460592    2.00417162489687    0.0349092276473567
27.6000000000015    57.611774881549    2.01312414832539    0.0349429288103764
27.7000000000015    57.8136735039029    2.02529882020032    0.0350314847241733
27.8000000000015    58.0168957952869    2.03930936146545    0.0351502667199082
27.9000000000016    58.2215346819817    2.05329883198822    0.0352669994565373
28.0000000000016    58.4274930012466    2.06540973390956    0.0353499633103459
28.1000000000016    58.6345080401762    2.07425710826842    0.0353760469320753
28.2000000000016    58.8422148137296    2.07920349574733    0.0353352351254833
28.3000000000016    59.0502228873804    2.08035457440613    0.0352302577819859
28.4000000000016    59.2581810245781    2.07834052912422    0.0350726345829313
28.5000000000017    59.4658149866907    2.0740221791296    0.0348775540971531
28.6000000000017    59.6729374293544    2.06824217867192    0.0346596341284602
28.7000000000017    59.8794377554979    2.06167662595752    0.0344304606595646
28.8000000000017    60.0852622094637    2.05478447518159    0.0341978115701383
28.9000000000017    60.2903925764959    2.04782430117855    0.0339660137157059
29.0000000000017    60.4948285503229    2.04090609607452    0.033736868836264
29.1000000000017    60.6985760618713    2.03405598505285    0.0335107693956361
29.2000000000018    60.9016422423154    2.02728317122026    0.0332878243767896
29.3000000000018    61.1040370333734    2.020645678783    0.0330689390895625
29.4000000000018    61.3057812491095    2.01431311169116    0.0328568215044224
29.5000000000018    61.5069205383106    2.00862027619333    0.0326568174542607
29.6000000000018    61.7075436811113    2.00409673481548    0.032477337700754
29.7000000000018    61.9078016174031    2.00144689848917    0.0323294778073098
29.8000000000019    62.1079207732063    2.00145132151554    0.0322253795747575
29.9000000000019    62.3082018210082    2.00477421520122    0.0321751255309903
