0 0 0
9.99999999999983 1.26214338329218e-21 6.61840245668577e-27
20.0000000000003 1.20024194931792e-21 4.69734492180725e-28
30.0000000000019 1.19376244012452e-21 1.01634019325533e-28
40.0000000000006 1.50176686823317e-18 4.18739253785254e-26
49.9999999999986 7.5734059491845e-10 8.62898767669639e-18
59.9999999999966 9.77005819292824e-08 5.33757304779006e-16
69.9999999999989 2.49986368229066e-07 7.34199537590075e-16
80.000000000004 4.52245208599639e-07 7.76706032038267e-16
90.0000000000091 7.38057479498814e-07 7.92560505252331e-16
100.000000000014 1.13283513714e-06 8.01194703991681e-16
110.000000000019 1.33396291526457e-06 6.46447180255302e-16
120.000000000024 1.62930240091225e-06 5.58418997388886e-16
130.000000000027 1.70345563143976e-06 4.23649376448088e-16
140.000000000018 2.14133874437504e-06 3.95180023565304e-16
150.000000000009 1.87694689352354e-06 2.62565317465649e-16
159.999999999999 2.64631947147303e-06 2.86105656131576e-16
169.99999999999 2.99516285830477e-06 2.54572111647383e-16
179.999999999981 3.59075087609404e-06 2.42966546691085e-16
189.999999999972 3.41663470828029e-06 1.85205231881634e-16
199.999999999963 3.31956370398086e-06 1.46767022525256e-16
209.999999999954 3.61006507743117e-06 1.30638712795985e-16
219.999999999945 3.42922385359456e-06 1.03113129582628e-16
229.999999999936 3.82490415647451e-06 9.61140010932577e-17
239.999999999927 3.56219299464536e-06 7.5413230478422e-17
249.999999999918 3.92012552967999e-06 7.05134470977347e-17
259.999999999909 3.44824107268996e-06 5.30190965965859e-17
269.999999999899 3.65733478579055e-06 4.8209106979142e-17
279.99999999989 3.59536988276195e-06 4.10306345955493e-17
289.999999999881 4.05386011424938e-06 4.0164002927069e-17
299.999999999872 4.52803657647061e-06 3.91380886535826e-17
309.999999999863 4.37964622417266e-06 3.31715035201777e-17
319.999999999854 4.45965472525932e-06 2.97254463468799e-17
329.999999999845 4.05448545429353e-06 2.38800532711023e-17
339.999999999836 4.03822343380767e-06 2.10903270567319e-17
349.999999999827 3.93825832681299e-06 1.83008260201433e-17
359.999999999818 4.25879891046256e-06 1.76712763167523e-17
369.999999999808 4.58874657078354e-06 1.70526607572271e-17
379.999999999799 4.63919264062501e-06 1.54849927930703e-17
389.99999999979 4.68481899107517e-06 1.40845704769161e-17
399.999999999781 4.34771320741213e-06 1.1805426435898e-17
409.999999999772 4.58168573740649e-06 1.12639997255424e-17
419.999999999763 4.45787436255501e-06 9.94667023642977e-18
429.999999999754 4.55513997010909e-06 9.2457995265947e-18
439.999999999745 4.53020277305131e-06 8.38253959571272e-18
449.999999999736 4.52810482355345e-06 7.65412081915409e-18
459.999999999727 4.44393762731001e-06 6.87615342493304e-18
469.999999999718 4.26162741052319e-06 6.04749109657683e-18
479.999999999708 4.68556394853247e-06 6.10898850373999e-18
489.999999999699 4.65147753261614e-06 5.58173367319405e-18
499.99999999969 5.14369394539029e-06 5.69060142208597e-18
509.999999999681 4.61415316214401e-06 4.7138574842208e-18
519.999999999672 4.73911150738249e-06 4.47767532948868e-18
529.999999999663 4.36070414919967e-06 3.81624112295499e-18
539.999999999654 4.31755196632058e-06 3.50478612018065e-18
549.999999999645 4.41063413031903e-06 3.32553613775013e-18
559.999999999636 4.58584938836007e-06 3.2159267917094e-18
569.999999999627 5.03729019523263e-06 3.28974707725824e-18
579.999999999618 4.73502330338848e-06 2.8833631481067e-18
589.999999999608 4.90950810404807e-06 2.7910516797333e-18
599.999999999599 4.52449814052695e-06 2.40397887483155e-18
609.99999999959 4.7361544353731e-06 2.35461148955397e-18
619.999999999581 4.56927957006291e-06 2.12782653696529e-18
629.999999999572 4.58289342959672e-06 2.00115106192314e-18
639.999999999563 4.77209450373298e-06 1.95588066652683e-18
649.999999999554 4.56806759975527e-06 1.75904814789015e-18
659.999999999545 4.61743107050613e-06 1.67219568495332e-18
669.999999999536 4.46406155273936e-06 1.52179288894213e-18
679.999999999527 4.90683365650929e-06 1.57597234428113e-18
