0    5.2877601436809e-22    -2.20304046517014e-21    4.77262741125719e-12    1.72578094088504e-07    2.18463438846348e-06    0.00041542519674245
0.099    2.34781705879903e-12    -1.56984743830056e-09    4.19589596634713e-12    1.50574821261758e-07    2.04838862678487e-06    0.000388039716084956
0.198    -2.82028993650908e-11    -2.51794192049299e-09    3.51406605743074e-12    1.37141433834909e-07    1.87458423567343e-06    0.00037032611821011
0.297    -2.77630594744726e-11    3.93313834853059e-09    3.30373993016478e-12    1.11034733258668e-07    1.81761930265773e-06    0.000333218746836366
0.396    -1.17509866770477e-11    4.86057579678063e-09    2.64553509265299e-12    1.05234252384128e-07    1.62651009603842e-06    0.000324398292782967
0.495    7.022158962608e-12    5.7910893451039e-09    2.47651367643333e-12    8.56884912301862e-08    1.57369427665732e-06    0.000292725966044438
0.594    2.42119655403066e-11    6.09160280117386e-09    2.24451479863289e-12    7.19958784301377e-08    1.49817048363885e-06    0.000268320477028925
0.693000000000001    -8.61518236521617e-12    6.53726737792712e-09    2.05644198043246e-12    6.00678040778124e-08    1.43402997889104e-06    0.000245087339605857
0.792000000000001    -1.56426783409497e-11    -2.20082042360544e-09    1.93682095778832e-12    4.90180533206757e-08    1.39169715008102e-06    0.000221400210740261
0.891000000000001    2.20342064092045e-12    2.01461578629616e-09    2.09983880508782e-12    3.52249468861526e-08    1.44908205602132e-06    0.000187683102281729
0.990000000000001    -1.19256314164872e-11    1.23137348922222e-09    2.29687609444993e-12    2.53123191570778e-08    1.51554481765064e-06    0.000159098457426719
1.089    1.9590464076452e-11    -3.42369406947394e-10    2.66764464690131e-12    1.742806234369e-08    1.63329257835745e-06    0.000132015386768258
1.18799999999999    1.83812133979906e-11    5.89838280999361e-11    3.63733323534382e-12    1.03811385279894e-08    1.90717939245524e-06    0.000101887872330253
1.28699999999999    -1.02915215481097e-11    2.42960049289393e-10    7.4810587816168e-12    4.37769026500141e-09    2.7351524238168e-06    6.61641161426825e-05
1.38599999999999    2.30605688075776e-11    5.44064956210056e-11    1.6378785475028e-11    2.30205623568694e-09    4.04707122182155e-06    4.79797481827904e-05
1.48499999999998    -5.02818196158562e-12    9.64490372596024e-10    4.78105209274617e-12    1.09712822523025e-08    2.1865617056742e-06    0.000104743888849766
1.58399999999998    8.33646732526813e-12    1.83598365917965e-09    1.31894017088685e-12    2.54644421927644e-08    1.14845120524007e-06    0.000159575819563597
1.68299999999998    1.70448075884595e-12    -2.02038673486553e-09    8.53091866164483e-13    3.12893355961237e-08    9.2362972351564e-07    0.000176887918163004
1.78199999999997    2.06963292443185e-11    5.8443060813123e-11    1.34231993126163e-12    2.35313473045575e-08    1.15858531443882e-06    0.000153399306727749
1.88099999999997    1.3777263203483e-11    -9.58933011005273e-10    6.76978053521495e-13    3.17829510057164e-08    8.22786760547155e-07    0.000178277735583546
1.97999999999997    -4.15664827375983e-12    -7.2316542232926e-10    1.32857883784086e-12    1.68369158933136e-08    1.15263994283713e-06    0.000129757141972188
2.07899999999997    -5.88200617893412e-12    -2.19882845191314e-10    1.55647646041517e-12    1.1134027974213e-08    1.24758825755158e-06    0.000105517903571691
2.17799999999997    1.481991167411e-11    -9.81363241660351e-11    8.88112914131484e-13    1.66668909452894e-08    9.42397428854649e-07    0.000129100313497992
2.27699999999998    -9.18842876465981e-12    -1.63883662083827e-09    2.33990454435057e-12    5.56419043756017e-09    1.52967465307697e-06    7.45935012911606e-05
2.37599999999998    1.94428459562479e-11    -1.89300608651665e-10    3.01495760188216e-12    3.86599126502904e-09    1.73636332646832e-06    6.21770959839168e-05
2.47499999999998    1.50883395213341e-12    -3.13778042012358e-10    1.23804086744845e-11    1.27654790562493e-09    3.51858049140306e-06    3.5728810580909e-05
2.57399999999999    -9.52812981977767e-12    -3.28319731110334e-10    2.34100806240702e-12    1.37037196767053e-08    1.53003531407489e-06    0.000117062887699721
2.67299999999999    -1.33402902603364e-11    2.82419565529431e-09    2.00923131495498e-12    1.29328396728896e-08    1.41747356757613e-06    0.000113722643589188
2.77199999999999    -1.1334306861144e-11    -2.52899430456681e-09    2.09161454747385e-12    8.69109088464748e-09    1.44624152455438e-06    9.32260203926547e-05
2.871    5.88970035915498e-12    1.58104759204196e-11    1.29426050521288e-12    1.62026423260563e-08    1.137655705905e-06    0.000127289600227418
2.97    -3.06939531207116e-12    -3.05343081866773e-11    1.72004950878064e-12    9.98532200963789e-09    1.31150657976665e-06    9.99265830979773e-05
3.06900000000001    2.10109986521717e-12    -1.04361954983714e-09    2.29388003352072e-12    7.05042125182053e-09    1.51455605162579e-06    8.39667865928629e-05
3.16800000000001    2.97618515291612e-11    9.46673461803858e-10    5.22527612242717e-12    2.34523021378171e-09    2.28588628797266e-06    4.84275769875545e-05
3.26700000000001    7.532172348888e-11    -1.52483021183067e-09    6.46621319055927e-12    2.71510810268552e-09    2.54287498412445e-06    5.21066991888799e-05
3.36600000000002    5.47881228555816e-11    2.08684824929686e-09    2.27621141989486e-12    6.288733566921e-09    1.50871184024423e-06    7.93015356885733e-05
3.46500000000002    -2.09893966028378e-12    -5.28188255337504e-09    6.54398930925227e-13    1.76611363846335e-08    8.08949275863958e-07    0.000132895208178231
3.56400000000002    2.77570590058768e-11    4.20608714982059e-09    1.74186815033524e-12    5.49615999387372e-09    1.31979852612616e-06    7.41360909151713e-05
3.66300000000003    -1.79752908008319e-11    -3.6592023464437e-09    1.86253661586531e-12    5.68944155763485e-09    1.3647478212264e-06    7.54283868596239e-05
3.76200000000003    -2.13508785281132e-12    -2.80037980862997e-09    2.59932822177153e-12    4.68160051064356e-09    1.61224322661532e-06    6.84222222878023e-05
3.86100000000004    -2.00185517165963e-10    -9.49668355280291e-10    7.91751400649192e-12    1.09810301378054e-09    2.81380773444414e-06    3.31376374064095e-05
3.96000000000004    8.97548423003412e-11    -6.68278436831324e-09    1.03284678174078e-12    1.20224806764092e-08    1.01629069349515e-06    0.000109647073065129
4.05900000000004    -1.00524294063053e-10    -4.74862764186928e-09    2.0769648615135e-12    3.25471049088917e-09    1.44116787759385e-06    5.70500698364139e-05
4.15800000000005    9.24714832410111e-11    6.89742904421768e-09    2.03431071859727e-12    3.18098362921516e-09    1.4262926453033e-06    5.64002090567104e-05
4.25700000000005    1.44886312497792e-10    -1.67606132730284e-09    1.310725873713e-12    6.87528630608784e-09    1.14486936054772e-06    8.29173462146411e-05
4.35600000000005    -2.97280827677163e-10    -2.47462976719667e-09    5.36531946811429e-12    1.32158123133638e-09    2.31631590672309e-06    3.6353558632032e-05
4.45500000000006    1.62406183961698e-10    1.11222096190861e-08    1.9349418474721e-12    4.76690973283845e-09    1.39102186219208e-06    6.90428099742102e-05
4.55400000000006    2.05453332732124e-10    -3.18090354426815e-09    1.58232195977555e-12    4.96801785427814e-09    1.25790377913594e-06    7.04841673296918e-05
4.65300000000007    -1.69688655104762e-10    -9.62887300418624e-09    1.88870524400397e-12    2.58860082824139e-09    1.37430171913221e-06    5.0878293362948e-05
4.75200000000007    -2.21061488872251e-10    -8.71230350223112e-09    3.51540651974038e-12    1.75124920287602e-09    1.87494172466032e-06    4.18479285863922e-05
4.85100000000007    -2.79576940280728e-10    2.77617191352086e-09    3.56899992571406e-12    9.95671085202744e-10    1.88917967582514e-06    3.15542560916212e-05
4.95000000000008    -6.19088364382444e-11    -1.13063358005377e-08    3.61775574409687e-13    8.98238373964187e-09    6.01477822182151e-07    9.47754378085833e-05
5.04900000000008    -1.26635225639549e-10    7.19332628960483e-09    1.26648313089361e-12    2.99690269825492e-09    1.12538131975661e-06    5.47439736090739e-05
5.14800000000008    -5.94875272209475e-11    8.66301669618151e-09    8.2534881282557e-13    4.54258801205771e-09    9.0848709913064e-07    6.73987235562355e-05
5.24700000000009    3.49521723163908e-10    1.23056086963132e-09    6.32449946976088e-12    6.85575018308124e-10    2.51485573097055e-06    2.61834874834092e-05
5.34600000000009    -1.92626980885561e-10    9.16416690671795e-09    1.60810385810142e-12    6.9891845909928e-09    1.26811033470919e-06    8.36013427344971e-05
5.4450000000001    8.30759980612116e-11    1.48694322998524e-08    9.85699506700171e-13    9.376995063227e-09    9.92824002428703e-07    9.6834884427705e-05
5.5440000000001    1.13761358756669e-10    1.11416627258843e-08    1.97167068546159e-12    5.12893098646768e-09    1.40416191107719e-06    7.16165543874531e-05
5.6430000000001    5.39637234084495e-10    -1.98002841910849e-09    7.55559313304434e-12    1.08585467679688e-09    2.74874386617524e-06    3.29523090674442e-05
5.74200000000011    1.79675422870248e-10    2.11437641618085e-08    1.48264165176248e-12    1.01256740390547e-08    1.21763772094955e-06    0.000100626406037361
5.84100000000011    3.55492825639912e-10    -1.59503372440194e-09    2.98703285385662e-12    2.61502143694612e-09    1.72830342459924e-06    5.11372802796746e-05
5.94000000000011    -3.31528927432633e-10    6.1233839693541e-09    1.95891661139914e-12    2.82549182813043e-09    1.39961298275191e-06    5.31553552394733e-05
6.03900000000012    1.38632643295344e-10    -5.81661414018781e-09    7.31736933344977e-13    1.04984141881369e-08    8.55416222739531e-07    0.000102461769232743
6.13800000000012    4.12371921683831e-11    -1.01660204852814e-08    2.00226415496413e-12    5.34892423890407e-09    1.41501383500785e-06    7.31363393639311e-05
6.23700000000013    2.03324941912667e-10    -4.09285373519298e-10    1.72383852709595e-12    5.29271455972395e-09    1.31295029828052e-06    7.27510450753557e-05
6.33600000000013    -1.88015118088375e-11    -3.87152892713461e-09    5.76081336782587e-12    1.86435018723058e-08    2.40016944557512e-06    0.000136541209374009
6.43500000000013    -1.96856454967394e-11    -4.36544728701306e-09    2.29834998246179e-12    2.91765533287015e-08    1.51603099640946e-06    0.000170811455440332
6.53400000000014    4.08028049369052e-11    -1.56758503964672e-09    1.23344051500893e-11    3.00906486661828e-09    3.5120371792486e-06    5.48549438442969e-05
6.63300000000014    -6.83938640788787e-11    1.6948643883515e-09    5.63763467433843e-12    8.85826772373952e-09    2.37437037331178e-06    9.41183707937348e-05
6.73200000000014    -5.08358420608793e-11    8.91910586588152e-10    3.05570344670432e-12    1.31269108453045e-08    1.7480570483025e-06    0.000114572731679527
6.83100000000015    -4.38645588727172e-11    -2.39306690932513e-09    1.04688095852064e-11    4.81617515160001e-09    3.23555398398516e-06    6.9398668185155e-05
6.93000000000015    -5.6901597261795e-11    7.17571524479114e-09    1.09185469448333e-12    3.86845767604052e-08    1.0449185093803e-06    0.000196683951325252
7.02900000000016    -2.64070209472752e-11    7.62625388466902e-09    1.8931008654252e-12    4.04136239619132e-08    1.37590001988803e-06    0.000201031400292973
7.12800000000016    -1.04113054479574e-10    -4.15968304708626e-09    3.24958130747623e-11    1.2573962386521e-08    5.70050989508156e-06    0.0001121336807976
7.22700000000016    1.64973366228193e-10    3.34877411471735e-10    3.3214323089831e-11    6.92542367665364e-09    5.76318688423469e-06    8.32191304721547e-05
7.32600000000017    1.92736006809163e-10    3.40404366060919e-09    4.58788245750016e-11    9.89531751021732e-09    6.77339091872412e-06    9.94752104729103e-05
7.42500000000017    4.61525150756712e-11    -3.00167436197323e-09    3.70841417013239e-11    7.88166335043198e-09    6.08967500768258e-06    8.87787324837539e-05
7.52400000000017    4.98776276287183e-11    -2.05342395016794e-09    1.78203772205661e-11    3.80538831924592e-08    4.22141886314049e-06    0.000195074045398773
7.62300000000018    -2.0782969084325e-12    2.49965572976938e-09    7.02656204937441e-11    7.12266121379602e-09    8.38245909585844e-06    8.43958601327562e-05
7.72200000000018    -7.61576392490976e-11    -4.088857745679e-09    3.5198260832713e-11    2.42061765702411e-08    5.93281221908405e-06    0.000155583342789395
7.82100000000019    2.74350546838812e-11    -4.44834573229453e-09    5.12853665639962e-11    4.29658570136146e-08    7.16138021356523e-06    0.000207282071086302
7.92000000000019    -1.63909937001875e-10    8.37766358039399e-09    1.19977741882004e-11    2.44277073382555e-07    3.4637803281002e-06    0.00049424394109829
8.01900000000019    -2.1920373591931e-10    8.33890264976519e-10    4.09763134166242e-11    1.21521798609392e-07    6.40127435504634e-06    0.000348599768514979
8.1180000000002    3.76789422581398e-10    2.14119076914143e-09    4.58276213366609e-10    3.24392988584404e-08    2.14073868845461e-05    0.000180109130401142
8.2170000000002    1.38022919055314e-10    1.49288331485767e-08    1.70963160142291e-10    4.72705462591849e-07    1.30752881468532e-05    0.000687535789882228
8.3160000000002    -3.50465005459645e-10    -8.55607254414208e-09    8.7484523832303e-10    2.22445935647723e-07    2.95777828479453e-05    0.000471641744944737
8.41500000000021    2.94626093988067e-11    -2.42009877425742e-08    8.35295107982452e-11    2.33508806738019e-06    9.13944805758954e-06    0.00152809949505734
8.51400000000021    7.05685041177899e-10    1.86255548132129e-08    1.19998754308265e-10    5.84512024861058e-07    1.0954394269437e-05    0.000764533860933671
8.61300000000021    -6.90059079358559e-10    3.3014540712743e-08    4.48468352513099e-10    2.90379999281698e-07    2.11770713753559e-05    0.000538869184674479
8.71200000000022    8.70728583566762e-10    -1.05441886030549e-08    9.84962255135354e-10    8.24523529479878e-08    3.13841083094165e-05    0.000287145177282865
8.81100000000022    9.09689350202168e-11    3.63436516820784e-08    1.28561851398316e-10    1.26541932371363e-06    1.13385118684085e-05    0.00112490858401595
8.91000000000023    -9.16024302664536e-10    -2.58394205845266e-08    3.43387166928169e-10    2.51114304977855e-07    1.85307087314293e-05    0.000501113065395605
9.00900000000023    1.01159769237417e-09    -3.53627503514484e-08    1.73772288392874e-10    5.54929518175541e-07    1.31822717074693e-05    0.00074493591464301
9.10800000000023    -3.45609296805232e-09    -1.46739875113818e-08    1.09492297895591e-09    6.5322767498733e-08    3.30896202306907e-05    0.000255583190533742
9.20700000000024    4.62200340829135e-10    -1.44231772032148e-07    4.74737034306642e-11    1.86859435844464e-06    6.89011634277935e-06    0.00136696537543635
9.30600000000024    -7.12093471509338e-09    1.05217623432702e-07    1.50541542447234e-09    1.13651388044839e-06    3.87996826503082e-05    0.00106607404497889
9.40500000000024    -3.36856456180806e-09    -2.78003759278665e-07    1.12586675098583e-09    2.03817456021073e-06    3.35539377665067e-05    0.0014276464838764
9.50400000000025    -5.76512604776182e-09    7.11226982372172e-07    1.64701870504534e-10    1.14508937639053e-05    1.28336213621821e-05    0.00338391685152894
9.60300000000025    -1.68087724728032e-08    -5.35562664948148e-07    8.75178883361512e-09    3.80925295663563e-06    9.35509943885167e-05    0.0019517306857782
9.70200000000026    2.44162289283146e-08    9.39948423517894e-07    1.25691463390985e-08    6.57525638504965e-06    0.000112112201579249    0.00256422610187686
9.80100000000026    -5.08299994597035e-08    -7.99735339452171e-07    7.13263249075186e-08    7.1291842834702e-06    0.000267069882846849    0.00267005311630566
9.90000000000026    5.59803969116149e-08    -1.52336355319883e-07    1.77506184905539e-08    8.13191567171959e-05    0.000133231435317455    0.00901771349589182
9.99900000000027    4.19108442705236e-08    1.26949475977739e-07    9.41117080271865e-08    0.00031347251259445    0.000306776313086046    0.0177051549718813
10.0980000000003    2.13564575664659e-07    9.5984740130021e-06    6.03987348260841e-08    0.000239674474278106    0.000245761447782715    0.0154814205468168
10.1970000000003    -3.97723302223836e-07    -5.5950767093692e-05    3.60436257192128e-07    0.000192151362152993    0.000600363305847637    0.0138617542780362
10.2960000000003    -4.53595393100024e-06    4.39827655473295e-05    3.88239232691216e-07    4.14174497678103e-05    0.000623071952356348    0.00643548873700709
10.3950000000003    -3.34224875760642e-06    -0.000255444265704527    2.62012823482323e-07    0.000149809887705645    0.000511860970240519    0.0122370190787121
10.4940000000003    9.53909123663637e-06    0.0005116962692299    9.56973854594215e-08    0.000282416582229643    0.000309202831807538    0.0167974625809287
10.5930000000003    -9.39160148925786e-06    -0.000248147110036614    2.83394587084082e-07    0.000102771110241235    0.000532265333180313    0.0101345711923601
10.6920000000003    2.88699781282953e-05    0.000412129969604007    1.86162125459859e-07    0.000144225430387411    0.000430498141485803    0.0120023155797357
10.7910000000003    -3.73188059051138e-05    -0.000854893318365357    1.60805300392978e-07    0.00023359293406384    0.000399265083771163    0.0152598195100091
10.8900000000003    1.55818048530995e-05    0.00067033063199156    1.4663590068743e-07    0.000274943593473772    0.000382613523081647    0.01656786800761
10.9890000000003    -5.95815079222639e-05    -0.00107205526854466    2.26125603088434e-07    0.000105817230374307    0.000471779235450378    0.0102307344739023
11.0880000000003    8.91519894203313e-05    0.00092678111757216    2.65962159108485e-07    8.76447489454287e-05    0.000507950865626669    0.00931589103121867
11.1870000000003    -2.84865874058957e-05    -0.00409258465671447    4.53302938523942e-08    0.000529829348710192    0.000210994806074369    0.0226512714772884
11.2860000000003    -5.77215675838336e-05    0.00194702988193547    2.33397379799584e-07    0.000141037517462839    0.000479651540636792    0.0117152290674015
11.3850000000003    5.00445320348086e-05    -0.000725699140535597    3.21077728375028e-07    6.55883909210977e-05    0.000564422955936809    0.00806608651568551
11.4840000000003    -3.2159946946096e-05    0.000474952460770892    3.34712204206839e-07    9.57727645300876e-05    0.000577648631972121    0.00977482402348478
11.5830000000003    2.35280507978716e-05    2.65345842430063e-05    8.18839601134692e-08    0.000620587341614839    0.000285184836446684    0.0249115763758675
11.6820000000003    -2.02752335649119e-05    -0.000295939286028627    6.58161054987136e-07    0.000412061612345378    0.000811017860401991    0.0202971434513422
11.7810000000003    -3.16420496382765e-06    0.00025771571782805    1.31417965218159e-06    0.000182891994711977    0.0011463723827747    0.0135213008738346
11.8800000000003    1.30099713776341e-05    -5.80669358381428e-05    2.35377519448106e-06    0.000412435700332648    0.00153414664720353    0.0203084299876581
11.9790000000003    -4.12636028559017e-06    -0.000391768590910935    1.91009122074192e-06    0.0017171988355351    0.00138205433825618    0.0414372459618912
12.0780000000003    -1.91969259267098e-05    0.000580620048634379    3.37081778679309e-06    0.00419376970000627    0.00183587833606371    0.0647567184187509
12.1770000000003    2.61352182654141e-05    -0.000909389638568884    7.28528176102365e-06    0.00580326185329966    0.00269899957602625    0.0761737150451842
12.2760000000004    -6.25651473892903e-05    0.000722354696130703    1.37847643918242e-05    0.00461899392994814    0.00371225672524898    0.0679593417687452
12.3750000000004    0.000106660606804374    0.00178252555118066    1.86483421699496e-05    0.00440340919103002    0.00431705520985147    0.0663342429947716
12.4740000000004    0.000164141768215956    -0.000424403506305138    1.81100817399354e-05    0.0065626710465015    0.00425242745027618    0.0810092027374998
12.5730000000004    0.000120866262030253    -0.00131575088516465    2.09481231731918e-05    0.00713848003326319    0.00457531578362572    0.0844792804945176
12.6720000000004    -0.00031386443912338    -0.00483139495350313    2.01415269794895e-05    0.0080233070198895    0.00447694271722827    0.089442521446417
12.7710000000004    -0.000357325571657014    0.00254812965229529    2.14205901866812e-05    0.00825833385687637    0.0046144239751589    0.0908396438354503
12.8700000000004    7.19644694872433e-05    0.00496787626041368    2.20680878583329e-05    0.00851766650985903    0.0046971170917345    0.0921574018477097
12.9690000000004    0.000417640482876943    0.00176032517969599    2.36382220376329e-05    0.00863801589009121    0.00484394451503061    0.0929242548818818
13.0680000000004    0.000342225763910076    -0.00264615179595563    2.2392611590953e-05    0.00883852002556965    0.00471969205748311    0.0939761560516412
13.1670000000004    3.73677859419702e-05    -0.00316501106585557    2.23107481561127e-05    0.00871823820635203    0.00472327765483743    0.0933178488356061
13.2660000000004    -0.000259248269154595    -0.00266156833754393    2.4136852300967e-05    0.0087496746739327    0.00490608220843346    0.0935018220566705
13.3650000000004    -0.000492774552099612    -0.00141608810514537    2.55195223825012e-05    0.00864873117061536    0.00502759342263316    0.0929877726644413
13.4640000000004    -0.000434231727299979    0.00321420868105347    2.51166522504924e-05    0.008486025826236    0.00499280432798026    0.0920635361518916
13.5630000000004    4.16175367169197e-07    0.00460175067767713    2.23228288211585e-05    0.00877487355578975    0.00472470408046436    0.0935611962647456
13.6620000000004    0.000450258665088043    0.00367910320092112    2.36337196813681e-05    0.00853748214061048    0.00484055645725584    0.0923252204993167
13.7610000000004    0.000618391698050133    -0.00111475222943081    2.80343082093579e-05    0.00822288980821496    0.00525850738490881    0.0906732989125351
13.8600000000004    0.000338317339446769    -0.0033919236411998    2.62745711301306e-05    0.00829628345280581    0.0051146957395294    0.0910207575601197
13.9590000000004    -7.15139309669312e-05    -0.00457985619092514    2.15834813273816e-05    0.00841394745070746    0.00464525210134598    0.0916131670011353
14.0580000000004    -0.000374163135622908    -0.00133143062144268    2.41917696764698e-05    0.00815606947688446    0.00490426055837275    0.0903011448952046
14.1570000000004    -0.000451266869713103    -0.000506786734173862    2.83376125961774e-05    0.00780482794533131    0.00530414656740147    0.0883434837016142
14.2560000000004    -0.00038966846197867    0.00146348155582676    2.73987489695799e-05    0.00766344318726283    0.00521985703437547    0.087528860434708
14.3550000000004    -0.000196704552036234    0.00296218988155449    2.27132559037702e-05    0.0079184435433609    0.00476178151777026    0.0889363197713202
14.4540000000004    0.000149041255580094    0.00364025516381309    2.3342872442895e-05    0.0077665569166204    0.00482914683427934    0.0880528560522754
14.5530000000004    0.000402263245459075    0.00106631486156685    2.7486793136702e-05    0.00745509672744781    0.00522732985548595    0.0863363173876661
14.6520000000004    0.000421028823913928    -0.000276441346414874    2.84420610518597e-05    0.00720702063205063    0.00531646459419164    0.0848937230437717
14.7510000000004    0.000307855050792746    -0.00246237092385322    2.46538839336222e-05    0.00739008023605224    0.00495571480225845    0.0859303029523672
14.8500000000005    -4.36656890010548e-06    -0.00366802559029513    2.35525268446152e-05    0.00724553369020161    0.00485309259933202    0.0850416326187977
14.9490000000005    -0.00029445344283064    -0.00172574366250263    2.60019569576008e-05    0.00699111488955717    0.00509070271451849    0.0835950758021577
15.0480000000005    -0.000352416477019691    0.000479694597939249    2.66533175668182e-05    0.00690566844632062    0.00515064269713433    0.0830989671380657
15.1470000000005    -0.000229081016316423    0.00128278032568601    2.63956987362192e-05    0.00672274130193045    0.00513256472186982    0.0819822894079354
15.2460000000005    -0.00011202804812999    0.00140044001919607    2.53622561835577e-05    0.00663085258577965    0.00503484914371721    0.0814180038660509
15.3450000000005    5.53168153007106e-05    0.00175085064225671    2.36703359851493e-05    0.00666174345565494    0.00486490246922734    0.08160072289927
15.4440000000005    0.000222545520626277    0.00101550822772965    2.52731895948614e-05    0.00650478431310561    0.0050223165059672    0.0806458495903232
15.5430000000005    0.000212496975379303    -0.00103892995246316    2.73844912761354e-05    0.00614744482126164    0.00522870311947332    0.0783987592109436
15.6420000000005    6.54630426484779e-05    -0.00165812063348009    2.40594358678752e-05    0.00624788693884712    0.00490460502567968    0.0790261828434852
15.7410000000005    -4.31747968264512e-05    -0.000144963891483721    2.23578060530629e-05    0.0061872091090018    0.00472820705870438    0.0786586809860931
15.8400000000005    2.82314061866848e-05    0.00134297517739089    2.48144717886398e-05    0.00602872966176185    0.0049813326305663    0.0776332794581986
15.9390000000005    0.000140583032417375    0.000255642207879134    2.81269330514943e-05    0.00566706681847256    0.0053016195131762    0.0752794890095178
16.0380000000005    7.48930375226928e-05    -0.00125629325142348    2.54757370914907e-05    0.00571261954881006    0.00504679384603942    0.0755714316132524
16.1370000000005    -9.21956242483024e-05    -0.00189689728938809    2.17092847130356e-05    0.00568203482480446    0.00465841010215987    0.0753554019661362
16.2360000000005    -0.000253500929126068    -0.00123171995068688    2.14768018478807e-05    0.00559312207936717    0.00462736848833253    0.0747770348792345
16.3350000000005    -0.000290979928459405    0.00050534517435144    2.47439029687068e-05    0.00539345243520122    0.00496580644507421    0.0734383895619721
16.4340000000005    -0.000165268728359498    0.00207417371819709    2.75883474275416e-05    0.00514490535373663    0.00524986034813956    0.0716979996730967
16.5330000000005    9.05541476970282e-05    0.00282475129236748    2.60434629827301e-05    0.00504555526549574    0.00510247615663856    0.0709758835494988
16.6320000000005    0.000303282347589942    0.00113660773534246    2.07500319852842e-05    0.005164170406979    0.00454511295821397    0.0718531734152011
16.7310000000005    0.000295523744931202    -0.00115847320168901    1.85456821351915e-05    0.00520062568866368    0.00429631794114139    0.0721060581955819
16.8300000000005    0.00012515723957516    -0.00191676399779708    2.36138282497149e-05    0.00495217206937978    0.00485779414087266    0.0703455619435692
16.9290000000005    -4.08578285022107e-05    -0.00140779825144518    2.99921362513558e-05    0.00443837225376278    0.00547635525593491    0.0666062336260354
17.0280000000005    -0.000161973069537668    -0.00103336170057477    2.55066562782391e-05    0.0045824165886442    0.00504781348734119    0.0676856613489148
17.1270000000005    -0.000236373275171703    -0.000427279736808995    1.76152505227637e-05    0.00481560498444839    0.00419039117476499    0.0693932447466963
17.2260000000005    -0.000235689028910591    0.000469770952278568    1.76566729133503e-05    0.00468078082646674    0.00419536930376832    0.068414619356678
17.3250000000005    -0.000124012924673435    0.00173282684368787    2.39140871629416e-05    0.0043560953806955    0.00488863047871851    0.0659779712618181
