0    0.166703001240383    5.7301726165098e-09    8.62890470442518e-08    4.79018100425373e-10    0.500000000036011    9.54524970782557e-08    0.666703189227128
0.099    0.158548441785245    4.55463783459161e-09    6.5917563525059e-08    3.68900304948215e-10    0.443356128639826    7.44110368135161e-08    0.601904715677209
0.198    0.151415375545936    3.31962965459566e-09    5.24668011874167e-08    2.69478381429289e-10    0.387857495553469    5.45182772995116e-08    0.539272981673592
0.297    0.144984941427544    2.56023905465438e-09    3.70696420185123e-08    2.21708391940998e-10    0.333748971200822    4.41047909783001e-08    0.478733996584746
0.396    0.138970764057103    1.99962133234612e-09    3.06334280488531e-08    1.53933034521143e-10    0.281398687142126    2.97780049786621e-08    0.420369513764216
0.495    0.13310567486486    1.47355523848969e-09    2.17477035603237e-08    1.26380543505938e-10    0.231306197141313    2.29133150156835e-08    0.364411918267127
0.594    0.12713074858955    1.15753973395212e-09    1.59458428444651e-08    1.00003053038825e-10    0.184104584452219    1.65290114112355e-08    0.311235366774166
0.693000000000001    0.120786766039493    8.21565815539111e-10    1.16341215777072e-08    7.95465784602372e-11    0.140551184775235    1.15614164834255e-08    0.261337974911379
0.792000000000001    0.113809261008309    7.02458574756603e-10    8.3306838690257e-09    6.6071922989781e-11    0.101499858134894    7.86348276255092e-09    0.215309136105899
0.891000000000001    0.105929917215278    4.93891362013953e-10    5.27847903082771e-09    6.28048601476984e-11    0.0678465742099506    5.69867372801411e-09    0.173776502959077
0.990000000000001    0.0968893719937734    4.20506730695361e-10    3.36542137635031e-09    6.09677089101294e-11    0.0404406297113779    3.71548476978539e-09    0.137330009267532
1.089    0.0864692275804415    3.16611854571287e-10    2.07137040423959e-09    6.30187529246912e-11    0.0199577457886172    2.12960732540768e-09    0.106426977949667
1.18799999999999    0.0745528559197922    2.60759847499103e-10    1.11218712750891e-09    7.72682809515525e-11    0.00674034657803566    9.80675827508965e-10    0.0812932049287189
1.28699999999999    0.061221807643352    2.23477165483992e-10    4.26419030032177e-10    1.42997259495103e-10    0.000625356439864697    1.87135032339759e-10    0.0618471650632452
1.38599999999999    0.0468807644774186    1.76884730486246e-10    2.05530512932078e-10    2.4683343609666e-10    0.000799303614646946    5.23662378856035e-10    0.0476800692449766
1.48499999999998    0.0323724193838873    1.59500173716386e-10    9.03873061627157e-10    5.93967079734976e-11    0.00573871800652143    1.0974827641723e-09    0.0381111396106615
1.58399999999998    0.0189984975006523    1.27112029015066e-10    1.94484822889253e-09    1.65619906957874e-11    0.0133001596446225    7.01685943121849e-10    0.032298659935483
1.68299999999998    0.00833674814635417    1.18614329012652e-10    2.22007118189718e-09    1.23027163056887e-11    0.0210048381441895    7.1676320727075e-10    0.0293415893582951
1.78199999999997    0.00179782345050922    9.78618624940549e-11    1.5505532848746e-09    1.23773911951113e-11    0.0265073351142385    1.42325373461404e-09    0.028305161648794
1.88099999999997    3.47993536809187e-05    8.42788489680775e-11    1.94070923368529e-09    8.02660369687061e-12    0.0281526251262183    7.6234843985388e-10    0.0281874272752624
1.97999999999997    0.00250976330249492    7.29029809001195e-11    9.49955100636951e-10    1.56778126735132e-11    0.0254447891703254    1.35221632621236e-09    0.0279545548635725
2.07899999999997    0.00752913596684039    5.98594326468076e-11    5.79143456808238e-10    1.51200177562131e-11    0.0192284004378597    1.19714214402088e-09    0.0267575382559651
2.17799999999997    0.0127921376073965    5.33037384059945e-11    7.98872044294116e-10    7.48356993165295e-12    0.0114548767276479    4.06929090969005e-10    0.0242470156016329
2.27699999999998    0.0161735012417723    4.27601173196765e-11    2.4622851884606e-10    1.64039781668998e-11    0.00455138761860562    4.25991992203228e-10    0.0207248895917625
2.37599999999998    0.0163876905391652    3.87373902937715e-11    1.58579630551023e-10    2.46741092678744e-11    0.000566346496464801    6.8300504000089e-11    0.0169540373259217
2.47499999999998    0.0133586270711785    3.19120314785482e-11    4.87793940691238e-11    7.24484891505715e-11    0.000377621382841117    1.87003807174034e-10    0.0137362487941633
2.57399999999999    0.0082659148650039    2.91833342421996e-11    4.8994623227186e-10    1.05335897267956e-11    0.00328934949861963    3.08015516776088e-10    0.0115552652013022
2.67299999999999    0.00319360612275593    2.47286304415264e-11    4.3365486539652e-10    1.21758027378135e-11    0.00727663675997343    5.84817231010993e-10    0.0104702439381059
2.77199999999999    0.000274359438530317    2.18268707175646e-11    2.73287730687502e-10    8.99260202414727e-12    0.00991033552114252    8.29144964919077e-10    0.010184696092925
2.871    0.000540800586113518    1.95215446619573e-11    4.7692696935201e-10    7.2005525510937e-12    0.00961487449321478    4.97766399692731e-10    0.0101556760807438
2.97    0.00322161893946874    1.69112549930567e-11    2.74659767816447e-10    5.99888825286445e-12    0.00657598170435795    4.52440157527779e-10    0.00979760139383676
3.06900000000001    0.00617348370350478    1.38628200572475e-11    1.81227976639681e-10    1.05506376607355e-11    0.00265410065078332    2.43527769166477e-10    0.00882758480345731
3.16800000000001    0.00725674775168698    1.34682189120744e-11    5.64677632560075e-11    1.50893372553831e-11    0.000212066677190965    4.43240830627177e-11    0.00746881455822735
3.26700000000001    0.00570781691318387    1.06851688017899e-11    6.14622326854557e-11    2.48815417835885e-11    0.000522738383876598    1.35206044418676e-10    0.00623055552929546
3.36600000000002    0.0026445549335224    1.03031092501538e-11    1.34242627545805e-10    8.88954042499025e-12    0.00284232359447169    2.58789456938957e-10    0.00548687894021882
3.46500000000002    0.000311932811301539    8.59594684050889e-12    3.55783154762992e-10    2.68624764309428e-12    0.00494498484948639    1.29439664853278e-10    0.00525691815729295
3.56400000000002    0.000330283889023455    7.89489356608596e-12    1.04360753084526e-10    5.97242952432437e-12    0.00490746808950779    3.41926192530635e-10    0.00523775243868552
3.66300000000003    0.00224759081264256    6.99285626546428e-12    1.01696772133714e-10    6.26648264713557e-12    0.00277105200167502    2.06447412205048e-10    0.0050186431357211
3.76200000000003    0.00393281982637242    5.86279870214426e-12    7.88261226408957e-11    9.0704558214306e-12    0.000511417285150982    5.31737001903152e-11    0.00444423725845648
3.86100000000004    0.00362338739958088    5.69986104443948e-12    1.7462715381185e-11    1.50909391219396e-11    0.000140591612083435    4.45255796179992e-11    0.00376397909444341
3.96000000000004    0.00164891727131107    4.60588498958976e-12    1.81064495271558e-10    2.27690887084833e-12    0.00167328456033478    6.91297820062505e-11    0.00332220208872292
4.05900000000004    9.46818832399269e-05    4.4434524322419e-12    4.64551407292878e-11    3.8544018434971e-12    0.0031081183447733    2.58217537022835e-10    0.00320280054098376
4.15800000000005    0.000509431763762773    3.86795220328194e-12    4.29818942472578e-11    3.62171098979028e-12    0.00267121226135156    2.17362808866993e-10    0.0031806442929487
4.25700000000005    0.0020570038602669    3.3606883748465e-12    8.78912114137466e-11    1.8504716433224e-12    0.000910755128028322    4.77501566837134e-11    0.00296775912914775
4.35600000000005    0.0025677903807325    3.18419286268118e-12    1.60080446277344e-11    5.78150064856915e-12    9.9100101062675e-07    2.12678396612949e-13    0.00256878140692955
4.45500000000006    0.00134582793480585    2.66594726046435e-12    5.48476904068891e-11    2.48063034414554e-12    0.000905102321698167    7.00527498309625e-11    0.00225093038655104
4.55400000000006    7.88578466593723e-05    2.52617131003103e-12    5.43506441375836e-11    2.12322573632064e-12    0.00207866541479166    1.3156454564401e-10    0.00215752345201562
4.65300000000007    0.000447918896425215    2.27018676049919e-12    2.69029814872808e-11    2.35781760288431e-12    0.00169115481303904    1.27763565027646e-10    0.00213907386875881
4.75200000000007    0.0016226537023007    1.89925872942897e-12    1.7284273064418e-11    4.19518727976266e-12    0.000351913517782144    4.94848967187374e-11    0.00197456729294646
4.85100000000007    0.00158889351850318    1.9261332382416e-12    9.34823162418624e-12    5.96490994501727e-12    0.000123205735076474    1.75888392939863e-11    0.00171209928840777
4.95000000000008    0.000408975316737357    1.5315470866345e-12    8.03771834492822e-11    3.66046473284292e-13    0.00115636478432492    1.67337681147392e-11    0.00156534020007082
5.04900000000008    7.5356866255738e-05    1.51194652713458e-12    2.55563375184039e-11    1.82594044288801e-12    0.0014747889246834    7.47118797558924e-11    0.00155014589454524
5.14800000000008    0.000989776190349515    1.34574474803299e-12    3.68889153870355e-11    8.02329570332306e-13    0.000487705436659484    1.610109142016e-11    0.00147748168214708
5.24700000000009    0.00126511379178724    1.13674090717284e-12    5.30739664826698e-12    6.31118433140918e-12    3.27839178052429e-05    8.2937596154897e-12    0.00129789773064157
5.34600000000009    0.000352947768645264    1.16529645314404e-12    5.16739838025928e-11    1.14672772027937e-12    0.000827999245818066    5.32604216635328e-11    0.00118094712170976
5.4450000000001    7.4116086202676e-05    9.16771194658526e-13    6.62125837415895e-11    1.10658165829006e-12    0.00109427126603875    4.31448867711534e-11    0.00116838746362225
5.5440000000001    0.000848786506923647    9.34406391940622e-13    3.45686791264268e-11    2.04995619758037e-12    0.000257663821904181    2.0321076693048e-11    0.00110645038670195
5.6430000000001    0.00085720416929033    8.01431375602246e-13    6.99401299283639e-12    4.0496541564177e-12    0.000117050030272064    3.53753697774439e-11    0.000974254246782862
5.74200000000011    8.31398266365874e-05    7.2071830388392e-13    6.24124723683732e-11    9.54351765666757e-13    0.000831275030897111    4.92992324355053e-11    0.000914414970920473
5.84100000000011    0.000277429260777543    6.94638086307057e-13    1.54182541452776e-11    1.40103068682594e-12    0.000627033593903458    7.49187638979336e-11    0.000904462947113688
5.94000000000011    0.000817162854755057    5.95862544071009e-13    1.59364006680244e-11    1.31254092679556e-12    6.28896347484825e-06    4.92793591376189e-13    0.000823451836567503
6.03900000000012    0.000305895708062777    5.49256174738603e-13    5.67304183819677e-11    7.42455194379089e-13    0.000436623234747873    1.27797079226127e-11    0.000742519013612488
6.13800000000012    5.45160925698384e-05    5.29099724498902e-13    2.76999093483287e-11    1.71378624642649e-12    0.000677614783770835    5.42705531555335e-11    0.000732130960554022
6.23700000000013    0.000612868431191478    4.364571849486e-13    2.62566248931082e-11    1.64925102357911e-12    7.5990154479951e-05    5.23982110130048e-12    0.000688858619253583
6.33600000000013    0.000375756052565361    4.39182479400455e-13    8.87070066816004e-11    2.41623779885524e-12    0.000239855480176397    5.52704960663393e-11    0.00061561167957468
6.43500000000013    1.27081270070497e-05    3.80237621011105e-13    1.33231462296207e-10    8.08711524909328e-13    0.000588304303507747    5.40850404718598e-11    0.000601012619020249
6.53400000000014    0.000484067226461425    3.52469104763266e-13    1.31814281065541e-11    5.0489093306795e-12    8.81077106180065e-05    4.34701823768402e-11    0.00057217499913242
6.63300000000014    0.000314481690299625    3.20228927221175e-13    3.72632562006479e-11    4.49661695118912e-12    0.000198627831872144    4.47916916857876e-11    0.000513109609043563
6.73200000000014    2.10312048998238e-05    3.05752871148038e-13    5.30579455763894e-11    2.20289838143079e-12    0.000480751962006471    5.87614282774236e-11    0.00050178328123432
6.83100000000015    0.000438600520918006    2.56472911194836e-13    1.86983488738195e-11    7.99491114529728e-12    3.54131154749008e-05    1.48293334854507e-11    0.000474013678171973
6.93000000000015    0.00017844373041502    2.60467181642418e-13    1.44413347297968e-10    9.1989615681706e-13    0.000251360884540793    1.09779790557774e-11    0.000429804771527502
7.02900000000016    8.42322152396342e-05    2.2494151516321e-13    1.45104257692556e-10    1.6058626945951e-12    0.000339840161725322    2.57341050255269e-11    0.000424072549634123
7.12800000000016    0.000390105296291572    2.02890189372713e-13    4.34194086996191e-11    1.98457245420293e-11    1.00447183425235e-06    1.30564700609205e-12    0.000391109832899495
7.22700000000016    3.11330141368467e-05    2.04597872994613e-13    2.30234150281598e-11    1.65465326662389e-11    0.000334369384054319    4.44234600627917e-10    0.000365502882200312
7.32600000000017    0.000225219971473658    1.65218053589562e-13    3.16658839185551e-11    2.24784711210022e-11    0.000132480394063439    2.43120967792474e-10    0.000357700662967638
7.42500000000017    0.000222627362309498    1.69936576562623e-13    2.42909698669309e-11    2.3672899790099e-11    0.000101294254496518    1.5025713867105e-10    0.000323921815196961
7.52400000000017    2.9106320011296e-05    1.4911667136485e-13    1.13015714591074e-10    1.13612712824042e-11    0.000287554526817793    2.04972794042498e-10    0.000316661176327986
7.62300000000018    0.000295521802805276    1.36358816004967e-13    2.03815688595658e-11    3.71589340783916e-11    5.80359402938427e-08    1.63159274100666e-13    0.000295579896585591
7.72200000000018    1.28433085406608e-05    1.29457692845415e-13    6.67978825383222e-11    1.50076204430764e-11    0.000264855168039995    3.7289600440082e-10    0.000277698931411621
7.82100000000019    0.000216696209038914    1.19352761354006e-13    1.1432434564605e-10    2.3864906270048e-11    5.27745446755677e-05    1.08261484776362e-10    0.000269471000284571
7.92000000000019    9.07159554227568e-05    1.06702206218244e-13    6.27123755779507e-10    3.85132840130604e-12    0.000156024109814966    7.48771586311566e-11    0.000246740771196667
8.01900000000019    0.000110540817557216    1.01941557588808e-13    3.01068160277011e-10    1.23136095173701e-11    0.00013231935196331    2.16876812532234e-10    0.000242860699881049
8.1180000000002    0.00015465323915401    9.45676654479083e-14    7.75781138492813e-11    1.41796557537164e-10    6.7566938848485e-05    1.23856284148888e-09    0.000222221636034576
8.2170000000002    4.39218606700178e-05    9.47102970460304e-14    1.09175290637387e-09    5.47482123452787e-11    0.000173695879156666    1.18779473304913e-09    0.000217620074217246
8.3160000000002    0.000177292182024124    7.89477102970767e-14    4.96185196603687e-10    2.73543576326505e-10    2.39802467107335e-05    8.39166416260891e-10    0.000201274037708995
8.41500000000021    1.59728993026852e-05    1.63818274323061e-13    5.0335014066771e-09    2.02570463770599e-11    0.000179249143197889    5.98864975218172e-10    0.000195227695287821
8.51400000000021    0.000173259326711912    7.93459157274378e-14    1.21756836311675e-09    4.32380461270326e-11    9.107210140661e-06    4.37153848265857e-11    0.000182367841453713
8.61300000000021    8.07509907236846e-06    1.55156304793901e-13    5.84880740901251e-10    1.3350363660016e-10    0.000167811080188945    3.01009983056934e-09    0.000175889907900677
8.71200000000022    0.000158280805326396    7.35658017034721e-14    1.60578778954379e-10    2.53533837098026e-10    6.74043614066537e-06    2.65577981777307e-10    0.000165021921231225
8.81100000000022    9.44286451049634e-06    1.29005107744373e-13    2.38427775376027e-09    2.87212641114305e-11    0.000149778158185663    7.70194272347544e-10    0.000159224206018455
8.91000000000023    0.000137090840260979    6.83818635731038e-14    4.57749396259806e-10    7.82262274452661e-11    1.20558875332453e-05    1.65598572419693e-10    0.000149147429436802
9.00900000000023    2.00985747724919e-05    8.81282181154069e-14    9.79160085672476e-10    4.53949942757494e-11    0.000124614265751325    8.66141381256563e-10    0.000144714731308406
9.10800000000023    0.000105842018992293    6.38646539828782e-14    1.11574304397783e-10    2.6625550503541e-10    2.8967971269902e-05    1.26868548869292e-09    0.000134811636841357
9.20700000000024    4.50669205823945e-05    1.11186853519213e-13    3.09085292242638e-09    1.23479950257255e-11    8.6688947347188e-05    1.64613554657881e-10    0.000131759135855242
9.30600000000024    6.09319938130706e-05    7.58228683616928e-14    1.82085957287862e-09    3.07303628287076e-10    6.13235053704392e-05    3.69250632508485e-09    0.000122261319928859
9.40500000000024    8.21017104071516e-05    2.23130755244637e-13    3.16367674038295e-09    2.48844032004803e-10    3.75376137085189e-05    1.69004136738313e-09    0.000119644426900941
9.50400000000025    1.43856442069914e-05    7.08338851464119e-13    1.72259319408429e-08    2.05074811474298e-11    9.73985087956084e-05    6.41567062102546e-10    0.000111802041717423
9.60300000000025    0.00010609583021658    6.29858180492261e-13    5.55411312139059e-09    1.57242457901e-09    1.80359143539047e-06    6.29821257235787e-10    0.000107907178640786
9.70200000000026    2.59896283017913e-06    1.44473138274274e-11    9.29624912126396e-09    2.05088011444601e-09    0.000100500456533638    5.0453535453845e-08    0.000103161234475821
9.80100000000026    7.82678387822269e-05    2.40931510986446e-12    9.77416441312092e-09    1.10956306088695e-08    1.88055830310177e-05    5.36771621455427e-08    9.71479711797273e-05
9.90000000000026    4.82931936122167e-05    2.67066247552416e-10    1.08149979061661e-07    2.20544457931384e-09    4.64075979629373e-05    3.25889532233364e-08    9.48440030182658e-05
9.99900000000027    1.36591264917708e-05    7.89170815188501e-10    4.04507667637723e-07    1.28597239803332e-08    7.4497816304329e-05    2.77256047046817e-07    8.88523554055799e-05
10.0980000000003    8.52643986486936e-05    1.27942282529813e-09    3.0012176627568e-07    1.0581721943952e-08    3.01148905498497e-08    5.11702322224668e-11    8.56065476205206e-05
10.1970000000003    1.37894121126264e-05    1.17387591884433e-08    2.33575276836548e-07    5.40755761784908e-08    6.75388632016582e-05    9.30442867188623e-07    8.25581077936767e-05
10.2960000000003    3.09993476138036e-05    2.73707570844312e-09    4.88801329780853e-08    6.4819882028733e-08    4.56753076432096e-05    6.99761156418038e-07    7.74908535041466e-05
10.3950000000003    7.19258026231443e-05    6.53996012917751e-09    1.71688616939218e-07    4.08285149175668e-08    3.0186884413694e-06    2.45341572478252e-08    7.51880823137475e-05
10.4940000000003    7.29609360544407e-06    1.52508165315866e-08    3.14399371122973e-07    2.09595581734795e-08    6.43124278953345e-05    2.20496620372764e-07    7.21796278669794e-05
10.5930000000003    2.81027743637817e-05    9.73203724913874e-09    1.11149480703701e-07    5.40160002335949e-08    3.93014017840583e-05    4.1144567597924e-07    6.79905193420057e-05
10.6920000000003    6.46196974622858e-05    5.21705066594815e-09    1.51568261314109e-07    3.03928610166956e-08    1.07032187776332e-06    5.20074540071302e-09    6.58823982584466e-05
10.7910000000003    1.40281624449119e-05    1.53495643251429e-08    2.38606791057687e-07    2.84561542030957e-08    4.89242552770934e-05    2.89171912747539e-07    6.35240021443388e-05
10.8900000000003    1.06872193437247e-05    1.20473305672225e-08    2.73017549716069e-07    2.49136321883405e-08    4.86996305814044e-05    2.67375680056968e-07    5.99642041176577e-05
10.9890000000003    5.44869609533589e-05    4.40805123185451e-09    1.02163192250296e-07    3.07653367712149e-08    2.95892038272471e-06    2.82654575904432e-08    5.76114833739274e-05
11.0880000000003    3.60984474389281e-05    1.03700352513574e-08    8.22939121372918e-08    3.33003721878056e-08    1.95628487764064e-05    1.86489137870005e-07    5.5973749672781e-05
11.1870000000003    6.5245545055684e-07    1.53095670609253e-08    4.8391914000186e-07    7.23384316416564e-09    5.21179444830898e-05    8.86394903832888e-08    5.33655019742569e-05
11.2860000000003    2.07658650975735e-05    8.32494336384194e-09    1.2532158909664e-07    2.87854607958947e-08    2.94640987698969e-05    2.62302563224132e-07    5.06546984239508e-05
11.3850000000003    4.82797889559985e-05    7.22471502841476e-09    5.67090190902005e-08    3.45322791773726e-08    5.20335734599158e-07    1.14723770358494e-08    4.89100630809295e-05
11.4840000000003    3.05105757809087e-05    1.6060928501978e-08    8.05937987828853e-08    3.50802451799514e-08    1.66114062868019e-05    1.76254840924056e-07    4.74299718810995e-05
11.5830000000003    2.54868447684305e-06    3.79204243622881e-08    5.08371286076321e-07    1.45313577650637e-08    4.21834017037864e-05    9.18931333942017e-08    4.53848023822273e-05
11.6820000000003    7.54524538963587e-06    4.43635925945617e-08    3.2864251164919e-07    5.74259684544962e-08    3.47476892579431e-05    4.47527790255829e-07    4.31708945105331e-05
11.7810000000003    3.12566218459788e-05    3.06676590819847e-08    1.420399921681e-07    9.10218523028561e-08    9.38874073408971e-06    5.05856817598793e-07    4.14149489012202e-05
11.8800000000003    3.86819868637842e-05    6.40184573426346e-08    3.11969539498173e-07    2.7448795414599e-07    6.81785698329288e-07    6.70184034377594e-08    4.00812669165381e-05
11.9790000000003    2.3589666245442e-05    2.49288395067837e-07    1.26533121695914e-06    2.40948057077416e-07    1.30181377506664e-05    3.55545130115158e-07    3.8718916795328e-05
12.0780000000003    7.57866881791845e-06    6.81501343474794e-07    3.01090260822922e-06    5.80744201961474e-07    2.50437354059051e-05    2.3126333884288e-07    3.71268157163319e-05
12.1770000000003    4.16840916986584e-06    9.27070277699728e-07    4.06024178561995e-06    7.4326663136483e-07    2.43956590414269e-05    1.18479970010317e-06    3.54794466060804e-05
12.2760000000004    7.63417697088074e-06    9.95411484159073e-07    3.14993334242764e-06    1.44503670263774e-06    1.68767714267846e-05    3.84607871907175e-06    3.39474086459615e-05
12.3750000000004    1.08781994138378e-05    1.14460393271678e-06    2.927602249803e-06    2.49480537030561e-06    1.08069228302857e-05    4.247428504951e-06    3.24995623018999e-05
12.4740000000004    1.16878042411727e-05    1.52450750917052e-06    4.25472469699134e-06    2.93881034905596e-06    7.99934397867119e-06    2.71482140192794e-06    3.11200121769896e-05
12.5730000000004    1.13302634117321e-05    1.84512231576151e-06    4.51404184435973e-06    3.81291630316417e-06    6.59946872777091e-06    1.69802789982374e-06    2.97998405026121e-05
12.6720000000004    1.08727907047662e-05    2.01666432717939e-06    4.9497435375392e-06    3.90696504390704e-06    5.49723531232501e-06    1.29070739349907e-06    2.85341063192159e-05
12.7710000000004    1.03453720270555e-05    1.94672174667609e-06    4.97155840657991e-06    4.14007439594845e-06    4.73742197271945e-06    1.18463735173894e-06    2.73257859007183e-05
12.8700000000004    9.71946091476085e-06    1.90468326481472e-06    5.00486226051865e-06    4.24508735100511e-06    4.24923025802568e-06    1.04859482570304e-06    2.6171918874828e-05
12.9690000000004    9.1929716582124e-06    1.85895514050149e-06    4.95515082877891e-06    4.19060856235922e-06    3.89781326841134e-06    9.73254359297979e-07    2.50687538175614e-05
13.0680000000004    8.44932918955302e-06    1.90048040718839e-06    4.9509938300516e-06    4.0837473352961e-06    3.75915935531831e-06    8.7861302254662e-07    2.4022323139954e-05
13.1670000000004    7.69616609285538e-06    1.92535990655187e-06    4.76990381536818e-06    4.07947958420521e-06    3.69989249840838e-06    8.46623422472412e-07    2.30174253198614e-05
13.2660000000004    7.07328990535766e-06    1.8982363881934e-06    4.67668352478972e-06    3.91856717207475e-06    3.63316420539419e-06    8.62881286870049e-07    2.20628224826798e-05
13.3650000000004    6.45532691004054e-06    1.91374238791594e-06    4.51709683279805e-06    3.80977987834364e-06    3.61865706297035e-06    8.3958825839397e-07    2.11541913304625e-05
13.4640000000004    5.80907616800299e-06    1.95200224848377e-06    4.33178252688454e-06    3.72418481479598e-06    3.68250840841354e-06    7.8976785117314e-07    2.0289322017754e-05
13.5630000000004    5.22491373893546e-06    1.97777712869805e-06    4.37876287564546e-06    3.49397821609951e-06    3.69537742700813e-06    6.95504162830329e-07    1.94663135492169e-05
13.6620000000004    4.86593925339889e-06    1.92890523080719e-06    4.16563501102628e-06    3.48911689998252e-06    3.55973750364839e-06    6.71804621281814e-07    1.86811385201451e-05
13.7610000000004    4.7858643525069e-06    1.84785768165197e-06    3.9238089762509e-06    3.47016960010505e-06    3.24050220015847e-06    6.63643481269148e-07    1.79318462919424e-05
13.8600000000004    4.83876071620149e-06    1.80076769313657e-06    3.87246519919361e-06    3.26877792678213e-06    2.83542169413035e-06    6.06562423832374e-07    1.72227556532765e-05
13.9590000000004    4.8270113653767e-06    1.76312078307031e-06    3.84248439281542e-06    3.09599328050064e-06    2.47371983046027e-06    5.35654953146555e-07    1.65379846053699e-05
14.0580000000004    4.81864225087077e-06    1.68551903988731e-06    3.64493321656972e-06    3.05158887175157e-06    2.15054361542849e-06    5.31201049521337e-07    1.58824280440292e-05
14.1570000000004    4.65546717640283e-06    1.6578239485191e-06    3.41392730773043e-06    2.97930264745004e-06    1.98387775500081e-06    5.71273937675628e-07    1.52616727727788e-05
14.2560000000004    4.3104984314024e-06    1.6493756795949e-06    3.28156471795687e-06    2.86913180852394e-06    2.00971147641924e-06    5.51444217433499e-07    1.46717263313308e-05
14.3550000000004    3.96426485695395e-06    1.61473053924272e-06    3.32005748623454e-06    2.68174106682457e-06    2.04237655919671e-06    4.84846040848477e-07    1.4108016549301e-05
14.4540000000004    3.64223277213145e-06    1.60208044792134e-06    3.18908233798824e-06    2.61096245802525e-06    2.05136182795221e-06    4.72588187770183e-07    1.35683080317887e-05
14.5530000000004    3.62091210988798e-06    1.55185547902734e-06    2.99849295252428e-06    2.57325393642263e-06    1.82914181418893e-06    4.81923548185131e-07    1.30555798402363e-05
14.6520000000004    3.7623059244069e-06    1.4894295177427e-06    2.83986114334579e-06    2.51133420664521e-06    1.49527801303496e-06    4.66574992805964e-07    1.25647837979815e-05
14.7510000000004    3.59374129768109e-06    1.46838200393359e-06    2.85338162621255e-06    2.35999295911448e-06    1.42019673517042e-06    3.98875888099439e-07    1.20945705102116e-05
14.8500000000005    3.18007813070941e-06    1.4585563299186e-06    2.74175140055183e-06    2.28651724517142e-06    1.57122207392921e-06    4.07299742289815e-07    1.16454249225703e-05
14.9490000000005    3.02718085727955e-06    1.43024037931394e-06    2.59314948755095e-06    2.22692682836173e-06    1.5203781889737e-06    4.20392129435821e-07    1.12182678709157e-05
15.0480000000005    3.17150851026559e-06    1.37301469111954e-06    2.51122017884481e-06    2.15760816645076e-06    1.2302547298398e-06    3.65077355432832e-07    1.08086836319533e-05
15.1470000000005    3.00804591256006e-06    1.34829628285695e-06    2.39716062216286e-06    2.09315582046223e-06    1.20574576939953e-06    3.63034803225113e-07    1.04154392106667e-05
15.2460000000005    2.74861306068285e-06    1.32881088428816e-06    2.31880537729532e-06    1.98739678745937e-06    1.28838484776399e-06    3.70545971325102e-07    1.00425569288148e-05
15.3450000000005    2.72633792293068e-06    1.2945559003811e-06    2.28506377785521e-06    1.89387374520564e-06    1.155310069402e-06    3.28757026931354e-07    9.68389844270598e-06
15.4440000000005    2.69602358697414e-06    1.25666644985151e-06    2.18891905346889e-06    1.84743124713274e-06    1.04352075832697e-06    3.06072981180331e-07    9.33863407693458e-06
15.5430000000005    2.52900386950134e-06    1.2307640117578e-06    2.02977203993482e-06    1.8110456584522e-06    1.06971814837018e-06    3.41421168401395e-07    9.01172489641774e-06
15.6420000000005    2.45169351771737e-06    1.2068584220733e-06    2.02445942443954e-06    1.69808437908413e-06    1.0148739310566e-06    3.02428308096519e-07    8.69839798246746e-06
15.7410000000005    2.38269994776142e-06    1.18128617871789e-06    1.96771153866946e-06    1.64355230300102e-06    9.50821162060029e-07    2.6980180404475e-07    8.39587293425457e-06
15.8400000000005    2.30445178713112e-06    1.14457045871435e-06    1.88213136055975e-06    1.58800364843113e-06    9.18128399746714e-07    2.68900278856466e-07    8.10618593343953e-06
15.9390000000005    2.23234863881631e-06    1.11166729940566e-06    1.73702150076195e-06    1.5764421597052e-06    8.91670223505799e-07    2.81160647817645e-07    7.83031047001256e-06
16.0380000000005    2.18318253025999e-06    1.09197792339065e-06    1.71936533417405e-06    1.47612710473127e-06    8.38162234584582e-07    2.58054744276232e-07    7.56686987141676e-06
16.1370000000005    2.08655217728527e-06    1.07015672511076e-06    1.67952219679903e-06    1.41005232445763e-06    8.29083161909886e-07    2.36802626684488e-07    7.31216921224707e-06
16.2360000000005    2.01159320318756e-06    1.04850273428132e-06    1.62385697784885e-06    1.36629251358429e-06    7.97457049835468e-07    2.20241632321715e-07    7.0679441110592e-06
16.3350000000005    1.98690820166545e-06    1.01280480185284e-06    1.53827367811565e-06    1.32784122529651e-06    7.45211698913293e-07    2.21899958767748e-07    6.8329395646115e-06
16.4340000000005    1.89587599972856e-06    9.89970472187959e-07    1.44170904196455e-06    1.29462480490776e-06    7.54510656363266e-07    2.32943225286595e-07    6.60963420043869e-06
16.5330000000005    1.87701985848585e-06    9.68228329401277e-07    1.38931693551095e-06    1.25384738915411e-06    6.94781864130023e-07    2.11896888155357e-07    6.39509126483757e-06
16.6320000000005    1.76413314622895e-06    9.55958609796677e-07    1.39747144548813e-06    1.16251035595334e-06    7.15536479882208e-07    1.93431140818353e-07    6.18904117816766e-06
16.7310000000005    1.76754935244297e-06    9.24920987712163e-07    1.38326660344854e-06    1.09697164127505e-06    6.4713225353216e-07    1.68951617549961e-07    5.98879245596084e-06
16.8300000000005    1.67638400946105e-06    8.97918567158627e-07    1.29482662566598e-06    1.08131915540593e-06    6.640572591602e-07    1.82108154365575e-07    5.79661377121737e-06
16.9290000000005    1.66749255075599e-06    8.70241564603282e-07    1.14093560545947e-06    1.12236503710982e-06    6.18808450238234e-07    1.9432383861482e-07    5.61416704678161e-06
17.0280000000005    1.5983512810921e-06    8.58220291822719e-07    1.15826214561945e-06    1.05181705665904e-06    6.10994660271586e-07    1.62986272534813e-07    5.44063170799971e-06
17.1270000000005    1.54307792562281e-06    8.42456276633279e-07    1.1969930068706e-06    9.56060455626429e-07    5.94370255966268e-07    1.37659543136893e-07    5.27061746385628e-06
17.2260000000005    1.49543035964711e-06    8.19209976045007e-07    1.14430532497398e-06    9.29158378617116e-07    5.79621513766489e-07    1.38138722391597e-07    5.10586427544129e-06
17.3250000000005    1.46054195500954e-06    7.94966589328326e-07    1.04750764069569e-06    9.42902838856526e-07    5.60285410499745e-07    1.42394372951272e-07    4.94859880734111e-06
