0    1    0.665986024852184    0.665986024852184
0.099    1.06871180620992    0.722742816682006    0.676274756657868
0.198    1.14321272960215    0.782811087138342    0.68474665026759
0.297    1.2237853020928    0.845193133428226    0.690638408536902
0.396    1.31058671838738    0.908333450856402    0.693073902026159
0.495    1.40358768113543    0.970003663177716    0.691088755063049
0.594    1.50250207299228    1.02724125035284    0.68368707692167
0.693000000000001    1.60671586126351    1.07640847292379    0.669943266805938
0.792000000000001    1.71523134650239    1.11345908507895    0.649159710933136
0.891000000000001    1.82665182589852    1.13450069801831    0.621082070448896
0.990000000000001    1.93923859777785    1.13669294747406    0.586154250836686
1.089    2.0510708914328    1.11940093655603    0.545764137764182
1.18799999999999    2.16032237245685    1.08533422460447    0.502394567793216
1.28699999999999    2.26563126157641    1.04121066607785    0.459567575596296
1.38599999999999    2.36649076169404    0.997422852577436    0.421477602500099
1.48499999999998    2.46354202159671    0.966379673295134    0.3922724535743
1.58399999999998    2.5586402525546    0.959649148581591    0.375062163437575
1.68299999999998    2.6546038696702    0.984560002662572    0.370887729770729
1.78199999999997    2.75464127982166    1.04126813921295    0.378004986290034
1.88099999999997    2.86155353514094    1.12132090910074    0.391857393311188
1.97999999999997    2.97690334385559    1.20851891832456    0.405965118356621
2.07899999999997    3.10040250580817    1.28249862487665    0.413655524556591
2.17799999999997    3.22978554999604    1.3248756339006    0.410205449678299
2.27699999999998    3.36137386148287    1.32672303792648    0.394696660531892
2.37599999999998    3.49133671518814    1.29456282780968    0.370792889204307
2.47499999999998    3.6173069287852    1.25086367556432    0.345799706851085
2.57399999999999    3.73964196033584    1.22618283360012    0.32788776214555
2.67299999999999    3.86153377142077    1.24451703703712    0.32228567991501
2.77199999999999    3.9876045301082    1.30887367627405    0.328235577623474
2.871    4.12146848977248    1.396227480698    0.33876941778465
2.97    4.26352206783721    1.46755927100302    0.344212894328346
3.06900000000001    4.41041965002683    1.4906755958836    0.337989514416056
3.16800000000001    4.55698343453147    1.46382087305918    0.321225849092797
3.26700000000001    4.69974612909933    1.42207288055153    0.302585042146533
3.36600000000002    4.83973272000785    1.41518116194481    0.292408949794755
3.46500000000002    4.9819760275636    1.46780863573622    0.294623785344476
3.56400000000002    5.13152067797873    1.55439913066437    0.302911988123691
3.66300000000003    5.28891074780854    1.61631901434041    0.305605273261632
3.76200000000003    5.44938002818801    1.61473772753338    0.29631585963556
3.86100000000004    5.60725950879977    1.5734000896769    0.280600547773413
3.96000000000004    5.76189575690408    1.56082165007477    0.270886825434936
4.05900000000004    5.91867228695188    1.61701346489815    0.273205439750899
4.15800000000005    6.0830718134862    1.70216805439252    0.279820476657666
4.25700000000005    6.25399703492405    1.73795370931352    0.277894872608398
4.35600000000005    6.42484700315405    1.70650591440971    0.26561035828121
4.45500000000006    6.59210769772743    1.68168216685438    0.255105384190571
4.55400000000006    6.76042856932467    1.73151732447266    0.256125378253294
4.65300000000007    6.93613182695516    1.81488094814191    0.261656063266983
4.75200000000007    7.11759738568213    1.83619509124424    0.257979623143332
4.85100000000007    7.2975691256859    1.79740212309136    0.246301486444971
4.95000000000008    7.47505534824693    1.80319171830124    0.241227875152005
5.04900000000008    7.65723570875732    1.88290626511208    0.245898955801852
5.14800000000008    7.84673045458976    1.93042792672548    0.246016852228729
5.24700000000009    8.0365883082159    1.89799038917695    0.236168672126281
5.34600000000009    8.22360581906084    1.89562118857395    0.230509733842087
5.4450000000001    8.4148538642226    1.9741742867048    0.234605890792518
5.5440000000001    8.61305136392384    2.01281098935696    0.233693136649308
5.6430000000001    8.81064368047623    1.97644960590016    0.224325222716682
5.74200000000011    9.00660839430216    2.00077674258808    0.222145413122861
5.84100000000011    9.20884215235711    2.08023765763948    0.225895679741564
5.94000000000011    9.41535956220985    2.07507430256703    0.220392464977726
6.03900000000012    9.61919791227537    2.05661309003349    0.213802970766303
6.13800000000012    9.82605185298874    2.13084766972752    0.216856953495456
6.23700000000013    10.0393313550491    2.15781535863743    0.214936162810504
6.33600000000013    10.2510838324776    2.1268011299988    0.207470855253437
6.43500000000013    10.464020896003    2.18946240261347    0.209237197094072
6.53400000000014    10.6836473569376    2.22713256957032    0.208461819747738
6.63300000000014    10.9023219269377    2.19624790591856    0.201447721011798
6.73200000000014    11.1222090839033    2.26016200556607    0.203211609179071
6.83100000000015    11.3483967109844    2.28727738303997    0.201550707231275
6.93000000000015    11.5731147640448    2.26498958970171    0.195711321963086
7.02900000000016    11.8007286002654    2.33908596836694    0.19821538547326
7.12800000000016    12.0331443962449    2.33602325384815    0.194132404376127
7.22700000000016    12.2637504513166    2.34530552659184    0.191238849477736
7.32600000000017    12.4998287013306    2.41051626942741    0.192843944267076
7.42500000000017    12.737128052161    2.38188320428047    0.187003160722432
7.52400000000017    12.9752302965523    2.4436048252471    0.188328435750107
7.62300000000018    13.2186572200289    2.45073387246437    0.185399608422482
7.72200000000018    13.4606723387391    2.46277841751318    0.182961025685577
7.82100000000019    13.7081036455547    2.51639761254798    0.183570074870568
7.92000000000019    13.95563910722    2.4955035587111    0.178816859589042
8.01900000000019    14.2062574943608    2.56552628244859    0.180591284049791
8.1180000000002    14.4594283431675    2.54255085021351    0.175840343744636
8.2170000000002    14.7135725262368    2.6049633895347    0.177044928068259
8.3160000000002    14.9718455442559    2.5944355504477    0.173287624613726
8.41500000000021    15.2300572998616    2.6434974047914    0.173571074142671
8.51400000000021    15.4929831917443    2.64457859723422    0.170695247293848
8.61300000000021    15.7555907514462    2.68529401375289    0.170434359213501
8.71200000000022    16.0229491117504    2.6907708314993    0.167932308386727
8.81100000000022    16.2901022345382    2.73121560393591    0.167661047463852
8.91000000000023    16.5617734198338    2.73304169658332    0.165021077592472
9.00900000000023    16.8336023814136    2.78051096415457    0.165176229137063
9.10800000000023    17.1094164052645    2.77299724949082    0.162074332859044
9.20700000000024    17.3861470674859    2.83035549350902    0.162793716314646
9.30600000000024    17.6658340901621    2.81509425784169    0.15935246779032
9.40500000000024    17.9477346350917    2.87453055408915    0.160161190954362
9.50400000000025    18.2311192339789    2.8666518405159    0.157239487259404
9.60300000000025    18.5181479008919    2.90657947843489    0.15695843309983
9.70200000000026    18.8056119932536    2.9297745505274    0.155792566154106
9.80100000000026    19.0969980002347    2.932880100035    0.153578070228575
9.90000000000026    19.3895716786016    2.98695660387823    0.154049643457295
9.99900000000027    19.684362556627    2.97926867614357    0.151352052553033
10.0980000000003    19.9823769379205    3.01468108587339    0.150866991211263
10.1970000000003    20.2811837485117    3.04852003431017    0.150312726915354
10.2960000000003    20.583086060919    3.04251521688772    0.147816280215849
10.3950000000003    20.8874051296372    3.08707222131791    0.147795870389743
10.4940000000003    21.1928451221636    3.1124722726807    0.146864295696931
10.5930000000003    21.501403399502    3.10995866340803    0.144639798883084
10.6920000000003    21.8123164439037    3.15148926459451    0.144482099033334
10.7910000000003    22.1244994027021    3.18245607719465    0.143843077272337
10.8900000000003    22.4394145627026    3.18065960139834    0.141744321916715
10.9890000000003    22.7570503273977    3.20796917736883    0.140965948188228
11.0880000000003    23.0761895990601    3.25074077118798    0.140869910833129
11.1870000000003    23.3973465691578    3.26190819451266    0.139413594822435
11.2860000000003    23.7213489962961    3.26742769737984    0.137742069301793
11.3850000000003    24.0476378409742    3.30085674806514    0.137263242647513
11.4840000000003    24.3755936084783    3.3390072729636    0.136981577827185
11.5830000000003    24.7056310960712    3.35402888450293    0.135759692657125
11.6820000000003    25.0382637789475    3.36017111084273    0.134201442260865
11.7810000000003    25.3733044552567    3.38127021623155    0.1332609326544
11.8800000000003    25.7102933306612    3.41594130803485    0.132862790171325
11.9790000000003    26.0491276232568    3.44544524705068    0.132267202836173
12.0780000000003    26.3899724611817    3.46189597586334    0.131182250415593
12.1770000000003    26.7328423672877    3.47296412999444    0.129913762340671
12.2760000000004    27.0774658117838    3.48532410478193    0.128716776119616
12.3750000000004    27.4235382854544    3.49821090018781    0.127562346761187
12.4740000000004    27.7708765560985    3.51084622216032    0.126421872751054
12.5730000000004    28.1193376337746    3.52256490754321    0.125271973096272
12.6720000000004    28.4688785134656    3.53334882840138    0.124112680684985
12.7710000000004    28.8194008178635    3.54355308696026    0.12295720890782
12.8700000000004    29.1708613759672    3.5531671733221    0.121805356637477
12.9690000000004    29.5232090872618    3.56217213880152    0.120656671443568
13.0680000000004    29.8764219711263    3.57105989179543    0.119527696296653
13.1670000000004    30.2304461616277    3.57896784316527    0.118389514465987
13.2660000000004    30.5852450238267    3.58682248022214    0.117272968630067
13.3650000000004    30.9407973183308    3.59441099484893    0.116170600190689
13.4640000000004    31.2970824621995    3.60181507514354    0.115084691344434
13.5630000000004    31.6540819244883    3.60901924682767    0.114014339617781
13.6620000000004    32.0117413249168    3.61594907486235    0.112956962826881
13.7610000000004    32.3700454534128    3.62267305663838    0.111914364218368
13.8600000000004    32.7290222472384    3.62976339873705    0.110903508553278
13.9590000000004    33.0886343964211    3.63565223335614    0.109876164419447
14.0580000000004    33.4488100890162    3.64112411585291    0.108856611226615
14.1570000000004    33.8095611964849    3.64690339736896    0.107866037544081
14.2560000000004    34.1709054209055    3.65271174845002    0.10689537498223
14.3550000000004    34.5328253933252    3.65824507375492    0.105935295826157
14.4540000000004    34.8952569556925    3.66342039508228    0.104983333400692
14.5530000000004    35.258199214958    3.66895549891387    0.104059639476918
14.6520000000004    35.6216746001601    3.6742878305375    0.103147532275784
14.7510000000004    35.9856746237573    3.67911027259131    0.102238190920628
14.8500000000005    36.3501456417388    3.68369812067715    0.10133929467527
14.9490000000005    36.7150771495588    3.68871045345309    0.10046854697941
15.0480000000005    37.0804902616471    3.69354668091174    0.0996088955364225
15.1470000000005    37.446362261474    3.69780648400868    0.0987494181193964
15.2460000000005    37.8126869536023    3.70255042674195    0.097918204841807
15.3450000000005    38.1794608403281    3.7069862028869    0.0970937284418458
15.4440000000005    38.5466465587619    3.71094318966782    0.096271492359542
15.5430000000005    38.9142521721157    3.71551030378402    0.0954794219698869
15.6420000000005    39.2823123681731    3.71993467750772    0.0946974465923155
15.7410000000005    39.6507752514399    3.72375959160024    0.0939139163859101
15.8400000000005    40.0196182480984    3.7276214676674    0.0931448532206956
15.9390000000005    40.3888578254704    3.73186242297322    0.0923983153744892
16.0380000000005    40.7585354038437    3.73628832514402    0.0916688563051674
16.1370000000005    41.1286139428412    3.74002594467583    0.0909348890257657
16.2360000000005    41.4990603818879    3.74375256489472    0.090212947725647
16.3350000000005    41.8698711417451    3.74741818950531    0.0895015457969503
16.4340000000005    42.2410675959897    3.75158031397172    0.0888135771058942
16.5330000000005    42.6126772837414    3.75572149312193    0.0881362480023028
16.6320000000005    42.9846913981516    3.75960910701352    0.0874639083060902
16.7310000000005    43.3570629215085    3.76297128559185    0.0867902720348967
16.8300000000005    43.7297560618067    3.76625800414544    0.0861257492226185
16.9290000000005    44.1028136890669    3.77046435351351    0.0854926032632744
17.0280000000005    44.4763208891513    3.77499724231699    0.0848765627832717
17.1270000000005    44.8502247037309    3.77843855287142    0.0842456994994075
17.2260000000005    45.2244397861622    3.78147143559214    0.0836156612104502
17.3250000000005    45.5989762823597    3.78502259766545    0.0830067450248816
