0 0 0
2.99999999999998 1.75678566263534e-18 5.46115316162811e-20
5.99999999999992 1.10203995805619e-18 1.28731480395285e-20
8.99999999999985 8.53913762422408e-19 5.22490636019631e-21
11.9999999999998 7.34065824073097e-19 2.76652820125494e-21
14.9999999999997 5.31050212379686e-19 1.35699381310614e-21
18 6.75201532251453e-19 1.24614179285068e-21
21.0000000000005 5.78410576025087e-19 8.06091633440131e-22
24.000000000001 6.38644348543276e-19 6.94538308912873e-22
27.0000000000014 1.35865983747188e-18 1.18247802173669e-21
30.0000000000019 2.2679657444913e-18 1.61158640838288e-21
33.000000000002 2.79753893178832e-18 1.6497938140701e-21
36.0000000000014 3.52172152763529e-18 1.74749398954906e-21
39.0000000000008 4.11677776319786e-18 1.73932682363315e-21
42.0000000000002 6.11417697767263e-18 2.22273286108417e-21
44.9999999999996 7.88419977885452e-18 2.48974772631753e-21
47.999999999999 1.10965910574809e-17 3.07060532729784e-21
50.9999999999984 1.73055749731196e-17 4.23036763592639e-21
53.9999999999978 7.12895724026397e-17 1.55120336794861e-20
56.9999999999972 3.39570104279731e-16 6.62378413923705e-20
59.9999999999966 4.11972951548841e-16 7.2519796653495e-20
62.999999999996 4.4713743273089e-16 7.14670660323695e-20
65.9999999999969 4.96412875183267e-16 7.2448607171612e-20
68.9999999999984 6.82936143274766e-16 9.14750876816616e-20
71.9999999999999 9.74348768318955e-16 1.20322881220943e-19
75.0000000000015 1.31548061387685e-15 1.50370990336371e-19
78.000000000003 1.86156004751284e-15 1.97652054058267e-19
81.0000000000045 2.37998125066692e-15 2.35405693250367e-19
84.0000000000061 3.23572456769718e-15 2.98884062250779e-19
87.0000000000076 3.8773293808811e-15 3.3514963376543e-19
90.0000000000091 4.7567666622399e-15 3.85413689875861e-19
93.0000000000107 9.08817708318916e-15 6.9121728966087e-19
96.0000000000122 6.11487540827206e-14 4.37090946451423e-18
99.0000000000137 8.63328886277978e-13 5.80589690156914e-17
102.000000000015 1.51361758815481e-11 9.58604584284155e-16
105.000000000017 2.92019666988651e-10 1.74327771079245e-14
108.000000000018 5.32255248343404e-09 2.99791461964314e-13
111.00000000002 4.72263175964875e-08 2.51149035760642e-12
114.000000000021 2.19245781447738e-07 1.10172899576372e-11
117.000000000023 1.07119702545163e-06 5.09262207709866e-11
120.000000000024 2.46765381240636e-06 1.11087825209638e-10
123.000000000026 3.6098734374559e-06 1.54097933161031e-10
126.000000000028 4.32042276648911e-06 1.74976626116339e-10
129.000000000028 4.55758243748594e-06 1.75206791040967e-10
132.000000000025 4.87504610770532e-06 1.78003265622486e-10
135.000000000022 5.08032208003614e-06 1.76367239596597e-10
138.000000000019 5.54171608441538e-06 1.83092274494169e-10
141.000000000017 6.41325483055895e-06 2.01837764214013e-10
144.000000000014 7.59798486790547e-06 2.27976155307187e-10
147.000000000011 8.66433738184065e-06 2.48025178642545e-10
150.000000000009 9.21708051006365e-06 2.51953496168273e-10
153.000000000006 9.60896441771988e-06 2.51058692131431e-10
156.000000000003 9.70463487418158e-06 2.42521292184815e-10
159 1.01376173422052e-05 2.42573844826739e-10
161.999999999998 1.0927861070157e-05 2.50577690031751e-10
164.999999999995 1.11605755539606e-05 2.45434954571199e-10
167.999999999992 1.1384763669204e-05 2.40362730010333e-10
170.999999999989 1.16136177678211e-05 2.35553290713028e-10
173.999999999987 1.11119653237459e-05 2.16653675809338e-10
176.999999999984 1.04034885794209e-05 1.95190569333152e-10
179.999999999981 9.94026835187641e-06 1.79573006962124e-10
182.999999999979 9.67643026980026e-06 1.68395726875121e-10
185.999999999976 9.97886427133531e-06 1.67428601521433e-10
188.999999999973 1.08557174340168e-05 1.75714140519637e-10
191.99999999997 1.23463596706904e-05 1.92913063604756e-10
194.999999999968 1.39285066466132e-05 2.10215773419473e-10
197.999999999965 1.49207803145686e-05 2.17621216970727e-10
200.999999999962 1.48201763467221e-05 2.08946461695878e-10
203.999999999959 1.42801297820132e-05 1.94770695572841e-10
206.999999999957 1.33679868467474e-05 1.7649535927655e-10
209.999999999954 1.25384409915025e-05 1.60310558945885e-10
212.999999999951 1.18259935135219e-05 1.46468767313682e-10
215.999999999949 1.15514657162278e-05 1.38667660304247e-10
218.999999999946 1.19110883245503e-05 1.38659864586681e-10
221.999999999943 1.23933315617437e-05 1.39984263484475e-10
224.99999999994 1.35288208070719e-05 1.48328371424899e-10
227.999999999938 1.42469960695145e-05 1.51671406911229e-10
230.999999999935 1.45775738582656e-05 1.5075770309519e-10
233.999999999932 1.48636898801654e-05 1.49385827690616e-10
236.999999999929 1.4933066603555e-05 1.45914305960213e-10
239.999999999927 1.46500349459358e-05 1.39227057523069e-10
242.999999999924 1.45378935552441e-05 1.34439173039389e-10
245.999999999921 1.44915083555883e-05 1.30439806406401e-10
248.999999999919 1.47070185560036e-05 1.28900579159629e-10
251.999999999916 1.49676637115109e-05 1.27769337118796e-10
254.999999999913 1.47634138167206e-05 1.22795475281656e-10
257.99999999991 1.41374044598772e-05 1.14618768118451e-10
260.999999999908 1.36606348050263e-05 1.07995591321432e-10
263.999999999905 1.33798226703636e-05 1.03172150875004e-10
266.999999999902 1.36421364624093e-05 1.02639856051673e-10
269.999999999899 1.39481853574777e-05 1.02417380803022e-10
272.999999999897 1.41853096158923e-05 1.01680487136066e-10
275.999999999894 1.47098534082952e-05 1.02963741380894e-10
278.999999999891 1.52312484946358e-05 1.0414584188631e-10
281.999999999889 1.57330686870475e-05 1.05124007521377e-10
284.999999999886 1.62834819333788e-05 1.06345341414549e-10
287.999999999883 1.6666853170725e-05 1.06414527643427e-10
290.99999999988 1.66749103240678e-05 1.04106948246188e-10
293.999999999878 1.64336356761496e-05 1.00356700495444e-10
296.999999999875 1.56181829906171e-05 9.33115009605172e-11
299.999999999872 1.47939679346116e-05 8.64956534912045e-11
302.999999999869 1.41065326581555e-05 8.07370726746732e-11
305.999999999867 1.34124104065532e-05 7.51664073461095e-11
308.999999999864 1.3243909620956e-05 7.26921980781065e-11
311.999999999861 1.37026320070332e-05 7.36694737378443e-11
314.999999999859 1.42852414152086e-05 7.52416722118768e-11
317.999999999856 1.46759693299391e-05 7.57414612710011e-11
320.999999999853 1.48615768816655e-05 7.51790189777692e-11
323.99999999985 1.51033666543737e-05 7.49107250235014e-11
326.999999999848 1.58961006471785e-05 7.73173552794495e-11
329.999999999845 1.66496670333333e-05 7.94306929286896e-11
332.999999999842 1.70066890115681e-05 7.95884200795842e-11
335.999999999839 1.69958458595559e-05 7.80292543285747e-11
338.999999999837 1.63856954428146e-05 7.38205990966851e-11
341.999999999834 1.57268543962503e-05 6.95421703250426e-11
344.999999999831 1.49438324840479e-05 6.48710830676494e-11
347.999999999829 1.45888605808687e-05 6.2184976435978e-11
350.999999999826 1.43886502104395e-05 6.02325708953926e-11
353.999999999823 1.42940904182199e-05 5.87730155171165e-11
356.99999999982 1.43869519392833e-05 5.81125238842741e-11
359.999999999818 1.45523916732616e-05 5.77536556983533e-11
362.999999999815 1.45163861929109e-05 5.66103450062933e-11
365.999999999812 1.48219293726426e-05 5.68069653132996e-11
368.999999999809 1.47890020790981e-05 5.57132169558097e-11
371.999999999807 1.47341178986414e-05 5.45727539120899e-11
374.999999999804 1.49710634902618e-05 5.45290332054893e-11
377.999999999801 1.5155494288107e-05 5.42920620692623e-11
380.999999999798 1.55052193868019e-05 5.46355758697025e-11
383.999999999796 1.59028407957165e-05 5.51227704021814e-11
386.999999999793 1.61292772121029e-05 5.49984864216361e-11
389.99999999979 1.63554685267906e-05 5.48712422213443e-11
392.999999999788 1.64780012990524e-05 5.44049065163286e-11
395.999999999785 1.64109350996733e-05 5.33320473657874e-11
398.999999999782 1.61679757147361e-05 5.17276356738356e-11
401.999999999779 1.60679811104914e-05 5.06165770089801e-11
404.999999999777 1.59891218209793e-05 4.95966850985206e-11
407.999999999774 1.56864311006261e-05 4.79153777859867e-11
410.999999999771 1.50498459084999e-05 4.52725711664968e-11
413.999999999768 1.43966217773168e-05 4.26552032391763e-11
416.999999999766 1.38421600425156e-05 4.03988810140617e-11
419.999999999763 1.3364374629174e-05 3.84280193018976e-11
422.99999999976 1.34313385356018e-05 3.80587953892345e-11
425.999999999758 1.38159860349752e-05 3.85829934776879e-11
428.999999999755 1.44423514382756e-05 3.97533775092272e-11
431.999999999752 1.4622219859145e-05 3.96728681021803e-11
434.999999999749 1.51610302481257e-05 4.05479765533925e-11
437.999999999747 1.56684006566948e-05 4.1311293564221e-11
440.999999999744 1.61810063403479e-05 4.20620876108871e-11
443.999999999741 1.65122771601249e-05 4.23254302290559e-11
446.999999999738 1.67780322677324e-05 4.2412909792713e-11
449.999999999736 1.67842339595221e-05 4.18503320798858e-11
452.999999999733 1.64918962416385e-05 4.05661073134495e-11
455.99999999973 1.61253149737915e-05 3.91314740700502e-11
458.999999999728 1.5873149032203e-05 3.80029409909282e-11
461.999999999725 1.5353710889621e-05 3.6267595412244e-11
464.999999999722 1.49531962001009e-05 3.48526278147066e-11
467.999999999719 1.45478075864709e-05 3.34615708156967e-11
470.999999999717 1.43390463789312e-05 3.2550910480447e-11
473.999999999714 1.40967510414894e-05 3.15867303935484e-11
476.999999999711 1.39264910148767e-05 3.0804556717002e-11
479.999999999708 1.37174284421794e-05 2.99561967282863e-11
482.999999999706 1.38123183908631e-05 2.97818492041791e-11
485.999999999703 1.39140547255834e-05 2.96226200509031e-11
488.9999999997 1.43707506414713e-05 3.0211544412442e-11
491.999999999698 1.48041113781447e-05 3.07354891181722e-11
494.999999999695 1.50613800173732e-05 3.08827695026795e-11
497.999999999692 1.53442464962524e-05 3.10760059171375e-11
500.999999999689 1.56990904153389e-05 3.14063712830285e-11
503.999999999687 1.56978292587091e-05 3.10232492406538e-11
506.999999999684 1.56800675883007e-05 3.06152091127529e-11
509.999999999681 1.56632447303518e-05 3.02162230967408e-11
512.999999999678 1.55173795985023e-05 2.95791099572623e-11
515.999999999676 1.54284907587002e-05 2.90624070836821e-11
518.999999999673 1.52466151219393e-05 2.8383652510863e-11
521.99999999967 1.52171792845148e-05 2.79986488152803e-11
524.999999999668 1.52875263578381e-05 2.78017080671076e-11
527.999999999665 1.54995941686233e-05 2.78618638516934e-11
530.999999999662 1.53244896689171e-05 2.7230047833263e-11
533.999999999659 1.51648944325308e-05 2.66387378018486e-11
536.999999999657 1.49203797874839e-05 2.59125648659035e-11
539.999999999654 1.45214091456283e-05 2.49362699504832e-11
542.999999999651 1.4151566058484e-05 2.40301386124354e-11
545.999999999648 1.39584621265394e-05 2.3439391746241e-11
548.999999999646 1.38430550756688e-05 2.29881868351746e-11
551.999999999643 1.38191293951555e-05 2.26959824279973e-11
554.99999999964 1.37131187053631e-05 2.22760586864199e-11
557.999999999638 1.3848779482756e-05 2.22514811736366e-11
560.999999999635 1.39622527430994e-05 2.21906485523084e-11
563.999999999632 1.39388889121599e-05 2.19158586327008e-11
566.999999999629 1.4102236723987e-05 2.1936629581659e-11
569.999999999627 1.44151231706949e-05 2.21848757638091e-11
572.999999999624 1.47192096043135e-05 2.24131470364677e-11
575.999999999621 1.5122386143622e-05 2.27848724222841e-11
578.999999999618 1.55422747959472e-05 2.31718414876707e-11
581.999999999616 1.58385275087357e-05 2.33680460433138e-11
584.999999999613 1.62234170551915e-05 2.36886864531481e-11
587.99999999961 1.64788120045445e-05 2.38150388675866e-11
590.999999999608 1.63756581637497e-05 2.34247454039024e-11
593.999999999605 1.61503467673907e-05 2.28685666822835e-11
596.999999999602 1.56387211288782e-05 2.19201056964097e-11
599.999999999599 1.51090509660585e-05 2.09644535066369e-11
602.999999999597 1.45167268305823e-05 1.99404213511889e-11
605.999999999594 1.40380600798066e-05 1.90897468836959e-11
608.999999999591 1.36059110968647e-05 1.83181805445325e-11
611.999999999588 1.33511723345466e-05 1.77976310452179e-11
614.999999999586 1.31287831085186e-05 1.73295244686278e-11
617.999999999583 1.3012852767595e-05 1.70094343451674e-11
620.99999999958 1.30434396457662e-05 1.68848330333092e-11
623.999999999578 1.32215356785128e-05 1.69512377383989e-11
626.999999999575 1.35632815979413e-05 1.72232988481841e-11
629.999999999572 1.38197095978176e-05 1.73817843296476e-11
632.999999999569 1.39969986358351e-05 1.74376862839253e-11
635.999999999567 1.41319241608805e-05 1.74383339634881e-11
638.999999999564 1.44123253902946e-05 1.76154724834482e-11
641.999999999561 1.47449101205703e-05 1.78518490214381e-11
644.999999999558 1.50369354243469e-05 1.80345987405449e-11
647.999999999556 1.52915560001448e-05 1.8169498933514e-11
650.999999999553 1.55343711134151e-05 1.82880240495387e-11
653.99999999955 1.54183429603899e-05 1.79857705025907e-11
656.999999999548 1.54436813118538e-05 1.78523096465997e-11
659.999999999545 1.53719469607188e-05 1.76095763797804e-11
662.999999999542 1.53064361555475e-05 1.73770324927212e-11
665.999999999539 1.50264575455923e-05 1.69056005761305e-11
668.999999999537 1.47054266973244e-05 1.63953549417787e-11
671.999999999534 1.44902832586005e-05 1.60101650812325e-11
674.999999999531 1.44967186643486e-05 1.58735420419696e-11
677.999999999528 1.45138348049417e-05 1.57503226396729e-11
680.999999999526 1.44059354789978e-05 1.54946738575262e-11
683.999999999523 1.41992296287075e-05 1.51382811318126e-11
686.99999999952 1.40754896986589e-05 1.48760812695789e-11
689.999999999518 1.39233047001181e-05 1.45887089611589e-11
692.999999999515 1.3790108256736e-05 1.43256414393799e-11
695.999999999512 1.35259041149365e-05 1.39317624819031e-11
698.999999999509 1.33254452527746e-05 1.36086480872037e-11
701.999999999507 1.33392305043004e-05 1.3506919863291e-11
704.999999999504 1.33636080863536e-05 1.3416203495012e-11
707.999999999501 1.34914997438398e-05 1.34292474137273e-11
710.999999999498 1.35409303608661e-05 1.33639226995791e-11
713.999999999496 1.35046438781812e-05 1.32151662419989e-11
716.999999999493 1.37141147622565e-05 1.33074589496392e-11
719.99999999949 1.3706063353105e-05 1.31890258385583e-11
722.999999999487 1.4049094156965e-05 1.34075929472169e-11
725.999999999485 1.40773549758355e-05 1.33248801066328e-11
728.999999999482 1.42522267596767e-05 1.33810902428406e-11
731.999999999479 1.43929144297807e-05 1.34040879402316e-11
734.999999999477 1.45551481033088e-05 1.34462554011497e-11
737.999999999474 1.4865991153401e-05 1.36229949341832e-11
740.999999999471 1.50292607603405e-05 1.36616740030634e-11
743.999999999468 1.52997101306185e-05 1.37953315462943e-11
746.999999999466 1.52994708385024e-05 1.36840704378779e-11
749.999999999463 1.53022589588309e-05 1.3576708873616e-11
752.99999999946 1.53316131307614e-05 1.34940396162228e-11
755.999999999457 1.51893841934731e-05 1.32626511996119e-11
758.999999999455 1.49103590757072e-05 1.29165525155526e-11
761.999999999452 1.46885642869768e-05 1.26251925226206e-11
764.999999999449 1.43768524575746e-05 1.22617566179244e-11
767.999999999447 1.40597016714191e-05 1.18991062101414e-11
770.999999999444 1.35855796620095e-05 1.14100082917658e-11
773.999999999441 1.31868292403733e-05 1.09908604049906e-11
776.999999999438 1.28048835860413e-05 1.05912619094875e-11
779.999999999436 1.24572185775652e-05 1.02250743351484e-11
782.999999999433 1.23962349714426e-05 1.00975008151074e-11
785.99999999943 1.22686448551966e-05 9.91740054450629e-12
788.999999999427 1.23784744205782e-05 9.93006560323934e-12
791.999999999425 1.25340364031905e-05 9.97873237863084e-12
794.999999999422 1.27829607671607e-05 1.01001995542669e-11
797.999999999419 1.30995903411819e-05 1.02729134287057e-11
800.999999999417 1.33935945206695e-05 1.04253331596281e-11
803.999999999414 1.36876078904549e-05 1.05755946878843e-11
806.999999999411 1.39514342465164e-05 1.07006887427752e-11
809.999999999408 1.43086404134233e-05 1.08949238616628e-11
812.999999999406 1.46109800370912e-05 1.10446680934772e-11
815.999999999403 1.48931748552906e-05 1.11768351280706e-11
818.9999999994 1.50034437317848e-05 1.11784696016487e-11
821.999999999397 1.512862839364e-05 1.11903951967952e-11
824.999999999395 1.50913189678551e-05 1.10822499181418e-11
827.999999999392 1.49439409198918e-05 1.08949416948558e-11
830.999999999389 1.48246066630331e-05 1.07302105819673e-11
833.999999999387 1.44784064524493e-05 1.04042487366347e-11
836.999999999384 1.41868983960589e-05 1.01218741909099e-11
839.999999999381 1.39634997115569e-05 9.89166187918981e-12
842.999999999378 1.37252674829548e-05 9.65444416733877e-12
845.999999999376 1.34819650671424e-05 9.4169588234896e-12
848.999999999373 1.33292194796401e-05 9.24561643014236e-12
851.99999999937 1.31027531787109e-05 9.02584803999836e-12
854.999999999367 1.30260101159209e-05 8.91144294402086e-12
857.999999999365 1.28734161968231e-05 8.74691545231316e-12
860.999999999362 1.27646376844706e-05 8.61381722713875e-12
863.999999999359 1.27956137116572e-05 8.57583964271751e-12
866.999999999357 1.27595075398879e-05 8.49321443799258e-12
869.999999999354 1.28659862650437e-05 8.50538322144395e-12
872.999999999351 1.29801352808647e-05 8.52208274440555e-12
875.999999999348 1.30168838762746e-05 8.48791362113868e-12
878.999999999346 1.30318317160822e-05 8.43991930772821e-12
881.999999999343 1.31363806663239e-05 8.45010059059945e-12
884.99999999934 1.31536375447431e-05 8.40429021867526e-12
887.999999999337 1.33062286550463e-05 8.4451466676818e-12
890.999999999335 1.34011215973442e-05 8.44920873455657e-12
893.999999999332 1.34568644550624e-05 8.42862159477323e-12
896.999999999329 1.34487898190142e-05 8.36859115805744e-12
