0    -1.05157367476495e-24    7.82650992175112e-25    1.18806625609091e-13    7.76358645539248e-11    3.44683370079108e-07    8.811121639946e-06
0.1    -2.49392295267667e-16    -3.25578798612726e-16    1.29240139777655e-13    7.14483920442536e-11    3.59499846700461e-07    8.45271506938768e-06
0.2    4.21155981184021e-16    8.80909871766389e-15    1.41976651798716e-13    6.47729882280147e-11    3.76797892508326e-07    8.04816676194118e-06
0.3    2.82168506116861e-16    -1.12532875922668e-14    1.42291962971272e-13    6.4915689590928e-11    3.77216069343913e-07    8.057027342074e-06
0.4    -6.23212988249565e-16    -2.09298860390802e-15    1.47166077698702e-13    6.29207799948774e-11    3.83622311262917e-07    7.93226197215381e-06
0.5    -2.60129288013291e-16    6.54796483031606e-15    1.6832642432527e-13    5.48280664536936e-11    4.10276034305283e-07    7.40459765643574e-06
0.6    3.30427496428777e-16    3.83119886545808e-15    1.73128007585703e-13    5.34960103013855e-11    4.16086538577857e-07    7.31409668389648e-06
0.7    3.18729111336876e-16    -3.52871729554272e-15    1.92784474371017e-13    4.82744534354351e-11    4.39072288320519e-07    6.94798196856001e-06
0.8    -6.41359602185778e-17    -2.97376254393284e-15    2.08702562172642e-13    4.45075925023779e-11    4.56839755464257e-07    6.67140108990442e-06
0.900000000000001    -2.81184825134199e-16    -1.7012927170423e-15    2.31030770990154e-13    4.06268112330911e-11    4.806566040222e-07    6.3739164752208e-06
1    -3.38390644708156e-16    1.27041526335909e-15    2.52883686186938e-13    3.72073821173e-11    5.02875418157359e-07    6.09978541567652e-06
1.1    9.77835282360005e-18    5.20278061146869e-15    2.79362265658642e-13    3.40904510006806e-11    5.2854731638581e-07    5.83870285257613e-06
1.2    5.76695899261816e-16    5.72850060512388e-15    3.05323681940872e-13    3.16816062493577e-11    5.52561021011138e-07    5.62864159894354e-06
1.3    1.13523438631279e-15    5.45513304242978e-15    3.29585105917643e-13    2.99089107133805e-11    5.7409503213113e-07    5.46890397734139e-06
1.4    1.66901416941367e-15    5.26638008870238e-15    3.44760506397691e-13    2.91720437043005e-11    5.87163100337283e-07    5.40111504268337e-06
1.5    2.18496340290849e-15    4.74005651729574e-15    3.4570905557933e-13    2.9629654712511e-11    5.87970284605719e-07    5.44331284352746e-06
1.6    2.49529379553234e-15    9.43081068731028e-16    3.29377335116241e-13    3.10164764706133e-11    5.73914048544067e-07    5.56924379701709e-06
1.7    2.3918672837874e-15    -2.65921705178615e-15    2.92215667599969e-13    3.40298271023639e-11    5.4056976201039e-07    5.83350898708178e-06
1.8    1.84654769135267e-15    -9.94912060051074e-15    2.54261354602882e-13    3.7549068834278e-11    5.04243348595578e-07    6.12772950074316e-06
1.9    2.24092063693658e-16    -2.10406666323312e-14    2.33373031267886e-13    4.05940156411076e-11    4.83086981058159e-07    6.37134331527564e-06
2    -1.65727045626167e-15    -1.2530351321994e-14    2.1785421918487e-13    4.3968308233304e-11    4.66748560988537e-07    6.63086029360474e-06
2.1    -1.7720887970559e-15    1.12003341134328e-14    1.93585002157164e-13    4.88275619797903e-11    4.39982956666692e-07    6.98767214312394e-06
2.2    2.92025078697518e-16    2.51340494073265e-14    1.80476093015671e-13    5.23526309872962e-11    4.24824779192164e-07    7.23551179857349e-06
2.29999999999999    1.8248040029906e-15    -1.20615792985153e-15    1.65677411033399e-13    5.70189054116149e-11    4.07034901492979e-07    7.55108637294098e-06
2.39999999999999    -1.08389250243773e-16    -2.98908898944174e-14    1.55627780235243e-13    6.05968640281609e-11    3.9449686974074e-07    7.78439875829604e-06
2.49999999999999    -1.57355803564946e-15    1.10241499619684e-14    1.44395881377907e-13    6.51495312961948e-11    3.7999458072176e-07    8.07152595834238e-06
2.59999999999999    1.05801450220261e-15    2.25933801231226e-14    1.39185606240468e-13    6.78034017986421e-11    3.7307587196235e-07    8.23428210584518e-06
2.69999999999999    4.60754822260009e-16    -2.97911301234244e-14    1.30825097324487e-13    7.18841167165575e-11    3.61697521866666e-07    8.47845013646701e-06
2.79999999999998    -1.43472877509362e-15    8.20518825893e-15    1.26077360577115e-13    7.45943795792108e-11    3.55073739633214e-07    8.63680378260447e-06
2.89999999999998    1.17837915769222e-15    2.00353859327012e-14    1.24496417558986e-13    7.5690093483381e-11    3.52840498751187e-07    8.70000537260645e-06
2.99999999999998    -1.42299501323733e-16    -3.31773598145615e-14    1.21675556599415e-13    7.73786130145778e-11    3.48820235364027e-07    8.7965114116096e-06
3.09999999999998    -7.6818097498959e-16    2.6924687714261e-14    1.18980659726354e-13    7.89863894363825e-11    3.44935732747934e-07    8.88742873031241e-06
3.19999999999998    1.19639954101404e-15    -9.48505937911102e-15    1.19354316512078e-13    7.87740106343482e-11    3.45476940637256e-07    8.8754724175307e-06
3.29999999999997    -1.24356420092717e-15    -1.33398395299855e-14    1.22180559055411e-13    7.70896409015652e-11    3.49543357904869e-07    8.78007066609177e-06
3.39999999999997    6.49739264224743e-16    3.56769832979882e-14    1.24443354081895e-13    7.56900473811065e-11    3.52765296028244e-07    8.70000272305167e-06
3.49999999999997    8.77114583972411e-16    -3.86216878533718e-14    1.26253784850137e-13    7.44726843154361e-11    3.55322086071407e-07    8.62975575062447e-06
3.59999999999997    -2.13955533139649e-15    7.16866064479685e-15    1.31787848748877e-13    7.14225939795246e-11    3.63025961535641e-07    8.45118890923192e-06
3.69999999999997    1.11323550807228e-15    2.99403488223136e-14    1.39566431490018e-13    6.75700729855212e-11    3.73585909115986e-07    8.22010176247966e-06
3.79999999999996    1.25401443049886e-15    -2.22489906811976e-14    1.45473544092804e-13    6.46687126754728e-11    3.81409942309852e-07    8.04168593489405e-06
3.89999999999996    -1.27302021593761e-15    -1.69825744179982e-14    1.56556730431648e-13    6.03112888119475e-11    3.95672504012659e-07    7.76603430406713e-06
3.99999999999996    -9.18908415395238e-16    2.12817355174835e-14    1.666978148176e-13    5.65714140466845e-11    4.08286437219754e-07    7.52139708077459e-06
4.09999999999996    1.20467201258315e-15    1.22456759678165e-14    1.82216021027698e-13    5.19569490957889e-11    4.26867685621315e-07    7.2081168897146e-06
4.19999999999995    9.61555531629262e-16    -1.44304881016942e-14    1.95697493533066e-13    4.83109234545465e-11    4.42377094268076e-07    6.95060597750631e-06
4.29999999999995    -7.48747234444925e-16    -1.54727266444227e-14    2.17605950646904e-13    4.38275928398687e-11    4.66482529841048e-07    6.62024114665536e-06
4.39999999999995    -1.76752110912569e-15    -4.8371063167337e-15    2.38270362106513e-13    4.01731199449909e-11    4.88129452201476e-07    6.33822687705252e-06
4.49999999999995    -1.71368738944947e-15    6.13717085388899e-15    2.60572794832982e-13    3.67947978047601e-11    5.1046331389531e-07    6.06587156184172e-06
4.59999999999995    -6.29847777662364e-16    1.41474437502158e-14    2.87689949483718e-13    3.38601695149173e-11    5.36367364297752e-07    5.81894917617582e-06
4.69999999999994    8.42362796985254e-16    1.45638732682942e-14    3.18337290896102e-13    3.13904040231432e-11    5.64213869818974e-07    5.60271398726931e-06
4.79999999999994    2.269891558081e-15    1.41614172867756e-14    3.45702080116878e-13    2.98144178011776e-11    5.87964352760334e-07    5.46025803430365e-06
4.89999999999994    3.6903080998624e-15    1.42243509014707e-14    3.63779531995883e-13    2.92855472276946e-11    6.03141386406109e-07    5.41161225770053e-06
4.99999999999994    5.07633206471697e-15    1.30290986327971e-14    3.66847396319543e-13    2.98349338080501e-11    6.05679285034203e-07    5.46213637765024e-06
5.09999999999994    6.14719554855028e-15    7.27155683871129e-15    3.46960970110967e-13    3.16735326136344e-11    5.89033929507432e-07    5.62792436104416e-06
5.19999999999993    6.19435370381606e-15    -8.67715452321068e-15    3.03394961725305e-13    3.49468851989996e-11    5.50813000686536e-07    5.91158905870491e-06
5.29999999999993    4.04023869497217e-15    -3.46585198272259e-14    2.5560692552303e-13    3.89961733823212e-11    5.05575835580608e-07    6.24469161627067e-06
5.39999999999993    -2.72676089287679e-16    -4.68251027916036e-14    2.32295910060443e-13    4.24002030021967e-11    4.81970860177712e-07    6.51154382632849e-06
5.49999999999993    -4.07443598019487e-15    -2.15020425579181e-14    2.24297719663003e-13    4.49897431010812e-11    4.73600802008404e-07    6.70743938482348e-06
5.59999999999993    -3.30436558472021e-15    3.84716538019144e-14    1.93548724927563e-13    5.10114615351519e-11    4.39941729013699e-07    7.14223085143234e-06
5.69999999999992    2.00607123244621e-15    5.03944223964334e-14    1.83095113079974e-13    5.40758903220784e-11    4.27896147540468e-07    7.35363109776921e-06
5.79999999999992    3.47234969702907e-15    -2.89935869871772e-14    1.67297812458818e-13    5.90914086216193e-11    4.09020552611746e-07    7.68709363944653e-06
5.89999999999992    -2.01815079127743e-15    -5.57545234374596e-14    1.58532349165555e-13    6.23692331858945e-11    3.98161210021211e-07    7.89741940040508e-06
5.99999999999992    -2.65099414812099e-15    5.2091430826107e-14    1.44363413883065e-13    6.80534854105248e-11    3.79951857322826e-07    8.24945364315267e-06
6.09999999999991    3.65652709991957e-15    2.75523073890275e-14    1.43510119611527e-13    6.90029812579823e-11    3.7882729523033e-07    8.30680331162248e-06
6.19999999999991    -8.02450758547774e-16    -8.20844691199014e-14    1.32823866129273e-13    7.40809054557096e-11    3.64450087294918e-07    8.60702651649858e-06
6.29999999999991    -2.36684833753555e-15    6.62102867512995e-14    1.26505955090916e-13    7.76510620331295e-11    3.55676756467043e-07    8.81198400095742e-06
6.39999999999991    3.52503774315147e-15    -6.00682950161744e-15    1.27938355664141e-13    7.72091020752095e-11    3.57684715446636e-07    8.78687100595027e-06
6.49999999999991    -2.47376790092702e-15    -5.24536970513613e-14    1.26059260021739e-13    7.83289308980715e-11    3.55048250272747e-07    8.85036332011695e-06
6.5999999999999    1.32949746782023e-16    7.65715090423819e-14    1.21088741920231e-13    8.11783171368664e-11    3.47978076781039e-07    9.00990106143605e-06
6.6999999999999    2.1704358446882e-15    -5.64366776055094e-14    1.20793219663138e-13    8.13227169939809e-11    3.47553189689201e-07    9.01791089964749e-06
6.7999999999999    -3.23376299522953e-15    4.90833160175946e-15    1.26253634469171e-13    7.81725725604418e-11    3.5532187445916e-07    8.84152546568983e-06
6.8999999999999    2.49647316736833e-15    4.98528987583905e-14    1.29786296756687e-13    7.61244795163233e-11    3.60258652577127e-07    8.72493435598935e-06
6.9999999999999    -1.44507360239191e-16    -7.49415256132341e-14    1.29188301281632e-13    7.60814350928631e-11    3.59427741391274e-07    8.72246725948932e-06
7.09999999999989    -2.70812180384292e-15    4.34601112372329e-14    1.35740067094916e-13    7.25186393981856e-11    3.68429188711909e-07    8.51578765577122e-06
7.19999999999989    3.30479548903249e-15    3.31363347942209e-14    1.46576900863726e-13    6.75623003134349e-11    3.82853628510591e-07    8.21962896446274e-06
7.29999999999989    5.803323217206e-16    -7.00021934710047e-14    1.48827872916678e-13    6.60044169455478e-11    3.85782157333226e-07    8.12431024429446e-06
7.39999999999989    -4.25791323312871e-15    -1.23780203617692e-15    1.6501952509906e-13    6.00523339717791e-11    4.06225953256386e-07    7.74934409945636e-06
7.49999999999988    1.21034432461683e-16    6.62334343582327e-14    1.71899577483873e-13    5.73311239341581e-11    4.14607739295679e-07    7.57173189793181e-06
7.59999999999988    4.4882607268165e-15    8.48305528882534e-15    1.93101512959452e-13    5.1593173683767e-11    4.39433172347573e-07    7.18283883181065e-06
7.69999999999988    1.96785372074167e-15    -4.8967416651593e-14    2.01689743043522e-13    4.88027924711347e-11    4.49098812115465e-07    6.98589954631003e-06
7.79999999999988    -3.05922672792464e-15    -4.2146947407614e-14    2.30870752002285e-13    4.36357993751316e-11    4.80490116445994e-07    6.60573988097712e-06
7.89999999999988    -5.50618135658099e-15    -6.05879626461971e-15    2.54544679033343e-13    3.97391794144801e-11    5.04524210552222e-07    6.30390191980174e-06
7.99999999999987    -4.58918561968256e-15    2.16631729998722e-14    2.71031354026591e-13    3.68404864814681e-11    5.20606717231531e-07    6.06963643733858e-06
8.09999999999987    -1.70748432874524e-15    3.35035973741199e-14    2.99003910294167e-13    3.3965455779397e-11    5.4681250012611e-07    5.82798899959472e-06
8.19999999999987    1.74489539549529e-15    3.44317770412491e-14    3.38815376370784e-13    3.15190448005307e-11    5.82078496743166e-07    5.61418246947235e-06
8.29999999999987    5.12237231269651e-15    3.33881938243773e-14    3.80860357861309e-13    3.00151014729319e-11    6.17138848121967e-07    5.47860397117111e-06
8.39999999999987    8.46540762966082e-15    3.33274194567453e-14    4.17081738978993e-13    2.9608057986928e-11    6.45818657967539e-07    5.44132869682837e-06
8.49999999999986    1.16718150249542e-14    2.9777780658869e-14    4.37507539269705e-13    3.03089322822719e-11    6.61443526893797e-07    5.50535487341841e-06
8.59999999999986    1.40742166772295e-14    1.52292410617121e-14    4.2343219014744e-13    3.23517026773843e-11    6.50716674250353e-07    5.68785571875591e-06
8.69999999999986    1.38312672568368e-14    -2.5502932424204e-14    3.56952517558922e-13    3.64788730599606e-11    5.97455033922154e-07    6.03977425571193e-06
8.79999999999986    8.22214236252336e-15    -8.69312307485801e-14    2.64769998202249e-13    4.30128018475175e-11    5.14558061060411e-07    6.55841458338198e-06
8.89999999999985    -2.40396616934324e-15    -1.12459616552869e-13    2.38884552322262e-13    4.64919607136318e-11    4.88758173662868e-07    6.81850135393635e-06
8.99999999999985    -1.05393819316577e-14    -2.89893576600803e-14    2.57579155645083e-13    4.62984530920688e-11    5.07522566636285e-07    6.80429666402552e-06
9.09999999999985    -5.90692915208491e-15    1.15241725305407e-13    1.9714601421528e-13    5.70723560089923e-11    4.44011277126246e-07    7.55462480928023e-06
9.19999999999985    6.90226886574693e-15    9.63799402069764e-14    2.0256265584008e-13    5.68620198399856e-11    4.500696122158e-07    7.5406909391637e-06
9.29999999999985    6.34409883048548e-15    -1.13408376552818e-13    1.7301390075428e-13    6.56884134987465e-11    4.15949396867311e-07    8.10483889406486e-06
9.39999999999984    -7.42359227787013e-15    -8.44457139305075e-14    1.78336394410751e-13    6.45181495978004e-11    4.22298939627784e-07    8.03231906723086e-06
9.49999999999984    -1.76018911743995e-15    1.65837232067224e-13    1.44310524500714e-13    7.74030551239334e-11    3.79882250836643e-07    8.7979006088915e-06
9.59999999999984    8.01706609253906e-15    -4.85659079058161e-14    1.60470436451281e-13    7.17359898095871e-11    4.00587613951407e-07    8.46971013728257e-06
9.69999999999984    -6.32027165842042e-15    -1.18690020969782e-13    1.46216043494262e-13    7.80469218085422e-11    3.82382064817719e-07    8.83441689125786e-06
9.79999999999984    -3.14671212994712e-16    1.88940146208104e-13    1.27077410626169e-13    8.80837539088704e-11    3.56479186806423e-07    9.38529455631896e-06
9.89999999999983    6.29444272803729e-15    -1.25470002594486e-13    1.37320446333027e-13    8.32277897228798e-11    3.70567735148417e-07    9.12292659856911e-06
9.99999999999983    -7.99844838849087e-15    -1.17791183602068e-14    1.44629359671238e-13    7.91937486869713e-11    3.80301669298516e-07    8.89908695805201e-06
10.0999999999998    5.26574928850384e-15    1.3482459377998e-13    1.31942483053907e-13    8.62910458850577e-11    3.63238878775258e-07    9.28929738382068e-06
10.1999999999998    6.34978696038861e-18    -1.81322050491222e-13    1.22395487907966e-13    9.15611662612533e-11    3.49850665152956e-07    9.56875991240523e-06
10.2999999999998    -5.37930825289413e-15    1.26897776454717e-13    1.35377907363662e-13    8.41647672496432e-11    3.67937368805701e-07    9.17413577671724e-06
10.3999999999998    7.88835333067692e-15    1.00727553473992e-14    1.49949062686802e-13    7.64931215039575e-11    3.8723256924851e-07    8.74603461598212e-06
10.4999999999998    -4.5710138113151e-15    -1.4606904533714e-13    1.39299873073848e-13    8.15820461082206e-11    3.7322898209256e-07    9.03227801322682e-06
10.5999999999998    -3.67319332153667e-15    1.51207973043083e-13    1.40568251353695e-13    8.00343175462049e-11    3.74924327503157e-07    8.94619011346198e-06
10.6999999999998    8.50822225809058e-15    1.12723221534506e-14    1.70382957404083e-13    6.76101859309956e-11    4.12774705383073e-07    8.22254133045226e-06
10.7999999999998    -1.62542196271153e-15    -1.48756111827172e-13    1.56704659699119e-13    7.19068449894338e-11    3.95859393849785e-07    8.47979038593725e-06
10.8999999999998    -8.53304595744837e-15    3.87187816161737e-14    1.85918044258725e-13    6.18185990977656e-11    4.31182147425801e-07    7.86248046724223e-06
10.9999999999998    2.39300416408726e-15    1.32260716961978e-13    1.85885781725111e-13    6.11868305808618e-11    4.31144734080229e-07    7.82220113400709e-06
11.0999999999998    9.96296073139157e-15    -4.13614006587658e-16    2.23215474465679e-13    5.21449030850168e-11    4.72456849316082e-07    7.22114278248372e-06
11.1999999999998    3.13056057749137e-15    -1.1535021164743e-13    2.09830617716313e-13    5.28941974118814e-11    4.58072720991234e-07    7.27283970756137e-06
11.2999999999998    -8.36777793797398e-15    -9.41798120948491e-14    2.72716928039969e-13    4.41316415842469e-11    5.22223063489128e-07    6.64316502762403e-06
11.3999999999998    -1.36145463792443e-14    -9.59394133837736e-15    3.00227628455568e-13    3.9867768702972e-11    5.47930313503066e-07    6.3140928646142e-06
11.4999999999998    -1.11845195323997e-14    5.10831524726134e-14    2.89239929456173e-13    3.85328025004104e-11    5.37810309919931e-07    6.20747956101431e-06
11.5999999999998    -4.63684807444825e-15    7.50177498163267e-14    3.19118498215581e-13    3.57276876791125e-11    5.64905742770935e-07    5.97726423032415e-06
11.6999999999998    3.17938496896882e-15    7.93667564538011e-14    3.9741327483061e-13    3.29179941364435e-11    6.30407229360998e-07    5.73742051242922e-06
11.7999999999998    1.10726525531768e-14    7.84945202887849e-14    5.02419763248482e-13    3.12817895154427e-11    7.08815747037608e-07    5.59301256170971e-06
11.8999999999998    1.89106738468727e-14    7.79933900641055e-14    6.19741378786774e-13    3.08277454955102e-11    7.87236545637189e-07    5.55227390314187e-06
11.9999999999998    2.63670572960369e-14    6.78486072784593e-14    7.22358852133343e-13    3.12717926534668e-11    8.49916967787643e-07    5.59211879822548e-06
12.0999999999998    3.14593118821648e-14    2.68146965467607e-14    7.34947161203066e-13    3.32184821229065e-11    8.57290593208082e-07    5.7635477028395e-06
12.1999999999998    3.00454152682651e-14    -6.44569064477823e-14    5.58712876089563e-13    4.14919863755346e-11    7.47470986787823e-07    6.44142735544962e-06
12.2999999999998    1.72367799684655e-14    -1.92045112509245e-13    2.89116605845953e-13    5.81646397070264e-11    5.37695644250493e-07    7.62657457231137e-06
12.3999999999998    -5.8390463286998e-15    -2.40476066978003e-13    2.91256205358401e-13    5.85746618585895e-11    5.3968157774599e-07    7.65340851245962e-06
12.4999999999998    -2.29540768981769e-14    -5.88804554743737e-14    3.98100729738269e-13    4.84998151203887e-11    6.30952240457444e-07    6.96418086499688e-06
12.5999999999998    -1.29406681920696e-14    2.48351930855269e-13    1.9991508652556e-13    8.17127643521916e-11    4.47118649270593e-07    9.03951128945539e-06
12.6999999999998    1.53448072738059e-14    2.20128726836382e-13    3.07340947977005e-13    5.98379108922108e-11    5.54383394391467e-07    7.73549680965682e-06
12.7999999999998    1.48894542470545e-14    -2.46447626264219e-13    1.77854134422447e-13    9.52179909685564e-11    4.21727559477024e-07    9.75797063781995e-06
12.8999999999998    -1.64295843416718e-14    -2.13384703418223e-13    2.73923344232028e-13    6.56976225489981e-11    5.23376866351607e-07    8.10540699465475e-06
12.9999999999998    -6.57127684690496e-15    3.65876408766353e-13    1.50945687198539e-13    1.10163594914781e-10    3.88517293306925e-07    1.04958846656573e-05
13.0999999999998    1.94692239221124e-14    -4.53702748813224e-14    2.04108757721499e-13    9.09633335003345e-11    4.51783972404399e-07    9.53746997375795e-06
13.1999999999998    -1.17195801204441e-14    -3.25687695999299e-13    2.23949539041774e-13    8.03202667069328e-11    4.73233070528438e-07    8.96215748059209e-06
13.2999999999998    -4.85019613648219e-15    4.10329313364572e-13    1.41483874865557e-13    1.21521160805526e-10    3.76143423265058e-07    1.10236636743655e-05
13.3999999999998    1.65963277832008e-14    -1.98194027418228e-13    1.46219285129146e-13    1.20608031452805e-10    3.82386303532365e-07    1.09821687954978e-05
13.4999999999998    -1.75993292476358e-14    -1.30318781582843e-13    2.07741131901302e-13    8.67340564406898e-11    4.55786278754969e-07    9.3131120706609e-06
13.5999999999998    8.95858268870112e-15    3.77476256811948e-13    2.01276952514542e-13    9.01611253472155e-11    4.48639000215698e-07    9.49532123454575e-06
13.6999999999998    4.28612424845896e-15    -4.16038480827214e-13    1.39920679314044e-13    1.24412377864993e-10    3.74059726934141e-07    1.11540296693613e-05
13.7999999999998    -1.53421146450012e-14    2.2125671182554e-13    1.41934479654934e-13    1.22237421910283e-10    3.76741927126426e-07    1.10561033782379e-05
13.8999999999997    1.74396663920371e-14    1.11353209445764e-13    2.16923340391331e-13    8.30875026195336e-11    4.65750298326615e-07    9.11523464423893e-06
13.9999999999997    -6.95989457900367e-15    -3.67605872550953e-13    2.05602190892406e-13    8.99612837014713e-11    4.53433777846783e-07    9.48479223291007e-06
14.0999999999997    -1.08730756479397e-14    3.07710026807444e-13    1.43055558662029e-13    1.15765368604252e-10    3.78226861370302e-07    1.07594316115793e-05
14.1999999999997    1.87378646453333e-14    7.57545887453869e-14    2.46133470452725e-13    7.39137668041632e-11    4.96118403662598e-07    8.59731160329572e-06
14.2999999999997    -1.97628042008577e-15    -3.49494101487764e-13    2.06562015326639e-13    8.86749698877724e-11    4.54490940863114e-07    9.41673881382362e-06
14.3999999999997    -1.96418543365147e-14    7.53884037781158e-14    2.33920432057041e-13    7.75777080859495e-11    4.83653214666295e-07    8.80782084774375e-06
14.4999999999997    4.98723485868184e-15    3.01654685192557e-13    2.58827359724447e-13    7.26096905089876e-11    5.08750783512367e-07    8.52113199692315e-06
14.5999999999997    2.16848494971646e-14    -9.83325871231376e-15    3.11918517064873e-13    5.94725732408912e-11    5.58496658060612e-07    7.71184629261315e-06
14.6999999999997    6.12063746591065e-15    -2.49094699183638e-13    2.34631107895652e-13    7.03514626798368e-11    4.84387353154118e-07    8.38757787921142e-06
14.7999999999997    -1.76302424736844e-14    -1.85815753206777e-13    4.47495476607383e-13    4.58526568102211e-11    6.68951027062058e-07    6.77145898682264e-06
14.8999999999997    -2.74391500438248e-14    -1.05538941749642e-14    4.50263292891783e-13    4.30691295010441e-11    6.71016611487214e-07    6.56270748251391e-06
14.9999999999997    -2.17551299995868e-14    1.09578524815253e-13    3.27442119650657e-13    4.70611934161581e-11    5.72225584582389e-07    6.86011613722086e-06
15.0999999999997    -8.0791688578565e-15    1.54022524501263e-13    3.81789325947529e-13    4.39218587507692e-11    6.17891030803595e-07    6.62735684498497e-06
15.1999999999997    7.8261057002785e-15    1.6087416336527e-13    6.329126722369e-13    3.92764047469492e-11    7.9555808853716e-07    6.26708901699579e-06
15.2999999999997    2.38747784831482e-14    1.60231403155089e-13    1.01212618236712e-12    3.67117975275584e-11    1.00604482125158e-06    6.05902612038918e-06
15.3999999999997    3.98481978903785e-14    1.57564779907965e-13    1.48022837472673e-12    3.55000233528946e-11    1.21664636387355e-06    5.95818960363755e-06
15.4999999999997    5.4409918493314e-14    1.24401011825867e-13    1.92435909006885e-12    3.35549617858763e-11    1.38721270541646e-06    5.79266448069248e-06
15.5999999999997    6.20509808913543e-14    1.07377819869545e-14    1.98835354312679e-12    3.53834473059184e-11    1.41008990604386e-06    5.94839871779947e-06
15.6999999999997    5.29358269799848e-14    -2.08637057186164e-13    1.26197926992899e-12    6.58358943028592e-11    1.12337850697305e-06    8.11393211105806e-06
15.7999999999997    1.97402219095138e-14    -4.37663240442232e-13    3.2443767083728e-13    1.23130179272521e-10    5.69594303726151e-07    1.10964038892121e-05
15.8999999999997    -2.55467776255756e-14    -3.93448246481863e-13    6.26634738649432e-13    9.31820021110618e-11    7.91602639364872e-07    9.65308251860832e-06
15.9999999999997    -4.28050931927197e-14    1.12713616408618e-13    9.12789685563063e-13    6.39800036225986e-11    9.55400275048663e-07    7.99875012877628e-06
16.0999999999997    -3.81824617811352e-15    5.69438965100501e-13    2.0235293866554e-13    1.82371684609374e-10    4.49836568839773e-07    1.35045060853544e-05
16.1999999999997    3.79499383055984e-14    8.78699708349073e-14    7.7386143909736e-13    6.06812605087322e-11    8.79693946266177e-07    7.78981774554015e-06
16.2999999999997    3.95173024091979e-15    -6.2772850176467e-13    1.7426455290769e-13    2.2075470152155e-10    4.17450060375717e-07    1.48578161760586e-05
16.3999999999998    -3.51905282277008e-14    8.81632188747912e-14    6.33537942085465e-13    7.87109795904629e-11    7.95950967136458e-07    8.87192085122849e-06
16.4999999999998    1.60721968427972e-14    6.04371400607822e-13    2.88661098494484e-13    1.98834626619967e-10    5.3727190368982e-07    1.41008732573542e-05
16.5999999999998    1.88213353541282e-14    -5.95649165713688e-13    2.51093310171937e-13    2.25015764423936e-10    5.01092117451409e-07    1.50005254715938e-05
16.6999999999998    -3.32536120336732e-14    1.46080802004601e-14    5.4977691727029e-13    8.32453180993937e-11    7.41469431109799e-07    9.12388722526719e-06
16.7999999999998    2.11844611144408e-14    5.67678691395649e-13    3.35702350143805e-13    1.85874367549487e-10    5.79398265568516e-07    1.36335750098603e-05
16.8999999999998    3.73780059617384e-15    -7.52044604295911e-13    1.36965560371846e-13    2.96000835841037e-10    3.70088584492748e-07    1.72046748252048e-05
16.9999999999999    -2.51604606743775e-14    4.80710459810424e-13    3.28177416558463e-13    1.92099498962741e-10    5.72867712965622e-07    1.38599963550767e-05
17.0999999999999    3.23577442418527e-14    6.01324303184606e-14    5.13643789234569e-13    8.75390577169026e-11    7.16689464994824e-07    9.35623095679572e-06
17.1999999999999    -2.17675390781693e-14    -5.72909908314139e-13    3.491146968698e-13    1.80701083988035e-10    5.90859286860924e-07    1.34425103305906e-05
17.2999999999999    -2.46625881120854e-15    7.53904065233273e-13    1.40980490148425e-13    2.9040017982759e-10    3.75473687691195e-07    1.70411319995941e-05
17.3999999999999    2.70660868337356e-14    -4.30715251476745e-13    3.54715653734563e-13    1.75924815188358e-10    5.95580098504443e-07    1.32636652245282e-05
17.4999999999999    -3.21779101006414e-14    -2.39929064528854e-13    5.5351847921821e-13    8.7631159833207e-11    7.43988225187879e-07    9.36115162964509e-06
17.6    6.12083311850836e-15    6.89664828991705e-13    2.06558672759729e-13    2.38160547948466e-10    4.54487263583623e-07    1.54324511322235e-05
17.7    3.05312419657058e-14    -3.47397446525951e-13    4.24504912343611e-13    1.45637125206484e-10    6.51540414973323e-07    1.2068020765912e-05
17.8    -2.70075362470241e-14    -4.62312457291899e-13    5.34817947668372e-13    1.18170278022663e-10    7.31312482915731e-07    1.08706153470106e-05
17.9    -2.45168373799866e-14    4.70691660637193e-13    3.06082800793255e-13    1.72688767559871e-10    5.53247504100339e-07    1.31411098298382e-05
18    3.03254520645916e-14    4.12809102684439e-13    6.72332057919684e-13    9.52487685359792e-11    8.19958570855676e-07    9.75954755795467e-06
18.1    3.65697818914405e-14    -2.77574815632483e-13    5.45308576572211e-13    1.09950165588455e-10    7.38450117863224e-07    1.04857124502084e-05
18.2    -8.30841743876269e-15    -5.0443612161041e-13    4.04545798522854e-13    1.33371800411271e-10    6.36039148577235e-07    1.1548670937007e-05
18.3000000000001    -4.68599343798018e-14    -2.19466356416378e-13    1.21378976609186e-12    4.93528830279003e-11    1.1017212742304e-06    7.02516071189124e-06
18.4000000000001    -5.09831434346374e-14    1.15124518093552e-13    9.60660035153958e-13    6.23576082996729e-11    9.80132662017727e-07    7.89668337339626e-06
18.5000000000001    -2.9713696861618e-14    2.8081999870398e-13    4.15819149635814e-13    8.43997773385524e-11    6.4484040632998e-07    9.18693514391782e-06
18.6000000000001    8.16997643658908e-16    3.15211345610602e-13    6.72976352992842e-13    7.73677768177241e-11    8.2035135947522e-07    8.79589545286459e-06
18.7000000000001    3.19056495144479e-14    3.05106416249153e-13    1.71231893345088e-12    6.55755356781983e-11    1.30855604902919e-06    8.09787229327545e-06
18.8000000000001    6.21127277915033e-14    3.00990704733242e-13    3.2975684937212e-12    5.93664625045385e-11    1.81592083905692e-06    7.70496349793679e-06
18.9000000000002    9.19750575169479e-14    2.91006337587141e-13    5.28415957095151e-12    5.34276692341288e-11    2.29872999087572e-06    7.30942331748057e-06
19.0000000000002    1.17882018903501e-13    2.05853109980242e-13    7.08142345004974e-12    3.92093495336793e-11    2.66109440833085e-06    6.26173694222931e-06
19.1000000000002    1.27240017289743e-13    -5.63609507814843e-14    6.99009999757779e-12    4.82426987630143e-11    2.6438797244916e-06    6.94569642030331e-06
19.2000000000002    9.94878432008993e-14    -5.24007594640959e-13    3.568273380007e-12    1.96776729538369e-10    1.88898739540712e-06    1.40277129118887e-05
19.3000000000002    2.38661349032635e-14    -9.33028364659643e-13    3.36212435713339e-13    4.0277509148749e-10    5.79838284104576e-07    2.00692573725958e-05
19.4000000000002    -6.49673763554926e-14    -6.80509435557148e-13    2.53255565094679e-12    1.76505905000894e-10    1.59140053127639e-06    1.3285552491368e-05
19.5000000000002    -8.12692808996291e-14    4.4840863426898e-13    2.55734903967465e-12    2.01853673235553e-10    1.59917136032216e-06    1.42075217133585e-05
19.6000000000003    1.15877324700349e-14    1.14863886936708e-12    4.61565219180206e-13    5.50089024292722e-10    6.79385913292442e-07    2.34539767266176e-05
19.7000000000003    7.75639295989383e-14    -1.37661807861603e-13    2.51090744507981e-12    1.11016692627405e-10    1.58458431302339e-06    1.05364459201101e-05
19.8000000000003    -1.30017402184138e-14    -1.26094553323117e-12    4.30206315444488e-13    6.60612341794232e-10    6.55901147616383e-07    2.57023800803395e-05
19.9000000000003    -6.49462451466142e-14    5.70545126037882e-13    1.6262305309111e-12    3.05430182181372e-10    1.27523744099328e-06    1.74765609369055e-05
20.0000000000003    4.93473196517534e-14    9.38594249566922e-13    1.45216949265575e-12    3.28374563365216e-10    1.20505995396733e-06    1.81211082267397e-05
20.1000000000003    1.71091253079469e-14    -1.36941086791455e-12    1.97149603774619e-13    8.92166616102789e-10    4.44015319301731e-07    2.98691582757664e-05
20.2000000000004    -6.1059437226245e-14    5.15727816891158e-13    1.45180066394535e-12    3.14104054324285e-10    1.20490691090447e-06    1.77229809660871e-05
20.3000000000004    5.58683326282322e-14    7.11292434139696e-13    1.63306974149737e-12    1.94034372837215e-10    1.27791617154545e-06    1.39296221354786e-05
20.4000000000004    -1.55177775715026e-14    -1.43225703088752e-12    4.51247932671809e-13    8.2957594940721e-10    6.71749903365686e-07    2.88023601360584e-05
20.5000000000004    -3.19913298492014e-14    1.2824888055285e-12    3.33230568236072e-13    9.05175111767497e-10    5.77261265144363e-07    3.00861282282632e-05
20.6000000000004    6.10428544797048e-14    -4.00508005841988e-13    1.39938195867461e-12    3.05713776258892e-10    1.18295475766176e-06    1.74846726094283e-05
20.7000000000004    -5.58654315055659e-14    -7.22586718431511e-13    1.66231652974961e-12    1.69752676357837e-10    1.28930854714828e-06    1.30289169295777e-05
20.8000000000005    1.57230617707023e-14    1.42331694948422e-12    5.48092991823401e-13    7.712544018834e-10    7.40333027645937e-07    2.77714674060158e-05
20.9000000000005    3.92743163815702e-14    -1.14546140205246e-12    4.14353878158085e-13    8.10759486441434e-10    6.43703253182772e-07    2.84738386320045e-05
21.0000000000005    -6.74147301188435e-14    -8.94598458907669e-14    1.86891150965891e-12    1.3594360795472e-10    1.36708138369993e-06    1.16594857500115e-05
21.1000000000005    2.95258300417494e-14    1.26497931211893e-12    1.03373984051681e-12    5.19661892181402e-10    1.01672997423938e-06    2.27960937921698e-05
21.2000000000005    5.08770320184278e-14    -9.34554450274597e-13    6.32978702584365e-13    6.27729916949215e-10    7.95599586842755e-07    2.50545388492627e-05
21.3000000000005    -6.38164149851511e-14    -7.14415937777665e-13    2.27407798189264e-12    1.29789698269083e-10    1.50800463589892e-06    1.13925281772345e-05
21.4000000000005    -3.80719817537196e-14    1.05378111534737e-12    3.27303935796005e-13    6.34295891154012e-10    5.72104829376578e-07    2.51852316081074e-05
21.5000000000006    6.89202311434788e-14    6.93163534574901e-13    2.76220208100183e-12    1.17208049542776e-10    1.66198738894187e-06    1.08262666484239e-05
21.6000000000006    6.71820591633671e-14    -6.65038784374323e-13    1.02682999091995e-12    3.93006774870111e-10    1.01332620163496e-06    1.98243984743576e-05
21.7000000000006    -2.6784941868492e-14    -9.89221739281227e-13    1.60867610506681e-12    3.39335145646574e-10    1.26833595906874e-06    1.8421051697625e-05
21.8000000000006    -9.91120469696868e-14    -3.80041592239399e-13    4.51336674052538e-12    5.68873434007132e-11    2.12446857838034e-06    7.54236987960104e-06
21.9000000000006    -1.02048215656484e-13    2.75206827591835e-13    2.65559243152035e-12    1.63844810896308e-10    1.62959885601345e-06    1.28001879242575e-05
22.0000000000006    -5.60104301151943e-14    5.86136295609725e-13    6.52664690332965e-13    2.42313926366068e-10    8.07876655395464e-07    1.55664358915607e-05
22.1000000000007    6.63598357351624e-15    6.40150538584583e-13    2.21763657434924e-12    2.12289940231207e-10    1.48917311765598e-06    1.45701729650408e-05
22.2000000000007    6.96528132095975e-14    6.18671722552002e-13    6.89416423716883e-12    1.7351765864595e-10    2.62567405387051e-06    1.31726101682981e-05
22.3000000000007    1.30984309089011e-13    6.11607415714551e-13    1.38489650730892e-11    1.53668241400343e-10    3.72141976577343e-06    1.23962995043014e-05
22.4000000000007    1.91580889961971e-13    5.88543793427446e-13    2.24036806377886e-11    1.21755507711507e-10    4.73325264884398e-06    1.10342878207661e-05
22.5000000000007    2.43464710781224e-13    4.04126941571841e-13    2.93337364979514e-11    5.13269439735384e-11    5.41606282256321e-06    7.16428251631231e-06
22.6000000000007    2.60007410965079e-13    -1.51759979391214e-13    2.66748331669066e-11    1.4457723438588e-10    5.16476845240002e-06    1.20240273779578e-05
22.7000000000007    1.9863376833157e-13    -1.12393385732062e-12    1.05419202291651e-11    9.01251216382671e-10    3.24683233770471e-06    3.002084636353e-05
22.8000000000008    3.94354963010081e-14    -1.93794490640075e-12    6.49171058002351e-13    1.55758756052923e-09    8.05711522818403e-07    3.94662838449381e-05
22.9000000000008    -1.41720222265933e-13    -1.34168589327079e-12    1.23248037559615e-11    3.08701031506878e-10    3.51066998676343e-06    1.75698899116322e-05
23.0000000000008    -1.65219976058537e-13    1.04892041149087e-12    6.88985822359925e-12    1.19949900228373e-09    2.62485394328889e-06    3.46337841172998e-05
23.1000000000008    3.45707155612661e-14    2.37359774060766e-12    3.62971776826151e-12    1.66661154125171e-09    1.90518182026323e-06    4.0824153895111e-05
23.2000000000008    1.60985266799033e-13    -4.55089292658236e-13    7.67634080416363e-12    8.68943349417811e-10    2.77062101417058e-06    2.94778450606182e-05
23.3000000000008    -3.87967154285741e-14    -2.61871816960335e-12    3.83040987249936e-12    1.79635070373436e-09    1.95714329380844e-06    4.23833776819917e-05
23.4000000000009    -1.31593449674103e-13    1.42286986875315e-12    3.19349201141891e-12    2.19694725473218e-09    1.78703441808458e-06    4.68716039274546e-05
23.5000000000009    1.14526894002303e-13    1.79384776207951e-12    7.82979470718651e-12    2.61490898791389e-10    2.79817703285308e-06    1.61706802204294e-05
23.6000000000009    2.13702050647198e-14    -3.0016328972277e-12    1.06123852860157e-12    3.20222180466936e-09    1.03016432116511e-06    5.65881772516959e-05
23.7000000000009    -1.24116936539349e-13    1.43786031995362e-12    2.59050876822285e-12    2.60520405803925e-09    1.60950575277718e-06    5.104119961403e-05
23.8000000000009    1.27227901719598e-13    1.17203227325669e-12    7.10102836420256e-12    2.20520466065161e-10    2.66477548101196e-06    1.48499315171875e-05
23.9000000000009    -5.12704252254168e-14    -2.94807890239317e-12    4.4463609232216e-12    1.60033801720771e-09    2.1086395906417e-06    4.00042249919643e-05
24.000000000001    -4.9436240282704e-14    2.9802162556604e-12    4.27315653727137e-13    3.86281387513051e-09    6.53693853211987e-07    6.21515396038626e-05
24.100000000001    1.22097915247633e-13    -1.3680244861229e-12    2.46376719529407e-12    2.70973472562617e-09    1.56963919271088e-06    5.20551123870285e-05
24.200000000001    -1.28695070462634e-13    -1.03071861921343e-12    6.84923098802651e-12    3.09125241079396e-10    2.61710354935117e-06    1.75819578283931e-05
24.300000000001    5.66550925663921e-14    2.85172144474855e-12    4.91878472763929e-12    1.4169891342666e-09    2.21783334081695e-06    3.76429161233105e-05
24.400000000001    6.22482629795782e-14    -2.72605774187571e-12    3.55061486627166e-13    3.62617793037714e-09    5.95870360587907e-07    6.02177542787601e-05
24.500000000001    -1.41064761852175e-13    3.48967299899518e-13    5.16486507765153e-12    1.32296364906631e-09    2.27263395153102e-06    3.63725672597675e-05
24.600000000001    8.33315602087832e-14    2.38921219288073e-12    6.86507048101795e-12    7.89262497637217e-10    2.6201279512684e-06    2.80938160034768e-05
24.7000000000011    8.63655175869638e-14    -2.23993961848415e-12    5.10811629968868e-13    2.98851897492541e-09    7.14710871589946e-07    5.46673483436448e-05
24.8000000000011    -1.43900568331926e-13    -1.10239773641685e-12    9.69906065053191e-12    1.5371768010689e-10    3.11433149335967e-06    1.23982934352631e-05
24.9000000000011    -5.62291527725296e-14    2.33852113849854e-12    6.83968728004342e-13    2.50801058762375e-09    8.27024019000862e-07    5.0080041809325e-05
25.0000000000011    1.55485783054852e-13    1.15463992958685e-12    1.20317832346658e-11    1.26379652512924e-10    3.46868609630012e-06    1.12418705077457e-05
25.1000000000011    1.24949132806808e-13    -1.5594151093906e-12    1.61598889429483e-12    1.78572772529095e-09    1.27121551842904e-06    4.22578717553422e-05
25.2000000000011    -7.43886327327685e-14    -1.97936260757168e-12    9.16943568272072e-12    9.46308833170427e-10    3.02810760752004e-06    3.07621331050111e-05
25.3000000000012    -2.12541976517885e-13    -6.61274109281621e-13    1.82193344988343e-11    1.06651053919354e-10    4.2684112382518e-06    1.03271997133469e-05
25.4000000000012    -2.09917590448329e-13    6.09365742978276e-13    7.99659967136733e-12    6.691827878859e-10    2.82782596200107e-06    2.58685675654045e-05
25.5000000000012    -1.14749330549909e-13    1.18106225925405e-12    1.58459895080349e-12    9.03585090176799e-10    1.25880854414143e-06    3.00596921171325e-05
25.6000000000012    1.05770734229544e-14    1.2782488216429e-12    1.06588615375645e-11    7.58972669591891e-10    3.26479119356269e-06    2.75494586079634e-05
25.7000000000012    1.36952960231287e-13    1.2480336651583e-12    3.21839700493586e-11    6.21114506120507e-10    5.67309175400492e-06    2.49221689690225e-05
25.8000000000012    2.6124080833221e-13    1.24133907212629e-12    6.32331145832331e-11    5.46044016768317e-10    7.95192521237675e-06    2.33675847440063e-05
25.9000000000012    3.83197104682553e-13    1.16516838974121e-12    1.00053226031882e-10    3.73766552142637e-10    1.0002660947562e-05    1.93330430130033e-05
26.0000000000013    4.81560694252104e-13    6.98942976869908e-13    1.25151463882632e-10    7.18723672673571e-11    1.11871115075623e-05    8.47775720738431e-06
26.1000000000013    4.96249893901848e-13    -5.63617817521421e-13    1.02428062863582e-10    8.42386725116061e-10    1.01206750201546e-05    2.90238992059313e-05
26.2000000000013    3.43022935973112e-13    -2.55748068582948e-12    2.91643971852486e-11    4.57836890888536e-09    5.40040713143449e-06    6.76636454005055e-05
26.3000000000013    6.2687389950697e-15    -3.84471073647685e-12    6.76977554236986e-12    6.02473431923031e-09    2.60187923285649e-06    7.76191620621499e-05
26.4000000000013    -3.16945670772865e-13    -1.91518622839178e-12    5.80283927220688e-11    3.2900692136593e-10    7.61763695131691e-06    1.81385479398414e-05
26.5000000000013    -2.6958906626595e-13    2.97687277528386e-12    1.49074402163452e-11    7.21418443441268e-09    3.86101543850127e-06    8.49363551985407e-05
26.6000000000014    1.53898675213555e-13    4.12603054748428e-12    2.75387525545058e-11    4.13955481163404e-09    5.2477378511608e-06    6.43393721731415e-05
26.7000000000014    2.75690573403861e-13    -2.43216952742271e-12    1.8331407151337e-11    7.09589492884952e-09    4.28151925738247e-06    8.42371350940279e-05
26.8000000000014    -1.71491005351606e-13    -4.24623936863373e-12    2.85652205588435e-11    3.33989051342789e-09    5.34464410029737e-06    5.779178586467e-05
26.9000000000014    -1.77176274127461e-13    4.38436500549229e-12    2.77430675521951e-12    1.28596639587813e-08    1.66562503439984e-06    0.000113400458371125
27.0000000000014    2.70651354742129e-13    1.28613774983704e-12    3.25417010239866e-11    9.60598072606665e-10    5.70453337478067e-06    3.09935166221367e-05
27.1000000000014    -8.19021092313952e-14    -5.5794339464837e-12    1.56058365209714e-11    7.95514617800233e-09    3.95042232185008e-06    8.91916261652533e-05
27.2000000000015    -1.55060462762111e-13    4.92035008250992e-12    1.41771144224905e-12    1.53743087332628e-08    1.19067688406596e-06    0.00012399318018852
27.3000000000015    2.62803703118745e-13    -7.01908225097042e-13    2.11096135067858e-11    5.25516604193502e-09    4.59451994301752e-06    7.24925240416901e-05
27.4000000000015    -2.04713387287091e-13    -3.84762408176148e-12    2.83978298040275e-11    1.00317135405266e-09    5.32896141889087e-06    3.16728804192585e-05
27.5000000000015    3.64271194951694e-14    6.13582156900772e-12    1.04309972853178e-11    1.10293535364827e-08    3.22970544869309e-06    0.000105020729079943
27.6000000000015    1.50539463976995e-13    -5.0539288048043e-12    1.23389566718112e-12    1.61150459148971e-08    1.11080856459657e-06    0.000126945050769603
27.7000000000015    -2.5949013607484e-13    1.09273298629677e-12    1.88759225560664e-11    6.30382573521355e-09    4.34464297222065e-06    7.9396635540894e-05
27.8000000000015    2.14014797041951e-13    3.65324913782291e-12    2.98968965716513e-11    8.90886970607064e-10    5.46780546212566e-06    2.98477297395807e-05
27.9000000000016    -7.64738568181398e-15    -5.9217965511382e-12    7.92252493741258e-12    1.18651361682786e-08    2.81469801886678e-06    0.000108927205822414
28.0000000000016    -2.29494914548529e-13    3.19944996784253e-12    8.67766292603945e-12    1.08586877648501e-08    2.94578731853462e-06    0.000104205027541142
28.1000000000016    2.4910572686638e-13    2.82198328773856e-12    3.55163036071632e-11    4.81093256927053e-10    5.95955565517792e-06    2.19338381713517e-05
28.2000000000016    5.61258612701042e-14    -5.24371232848505e-12    3.45515324997364e-12    1.18589894931798e-08    1.85880425273175e-06    0.000108898987567285
28.3000000000016    -3.07534685872102e-13    -2.04236642806164e-13    3.50537592934522e-11    1.9772141834738e-09    5.92062152932039e-06    4.44658766187489e-05
28.4000000000016    1.95408745548416e-15    4.84543836658893e-12    9.22027429101411e-12    8.86986075868975e-09    3.03649045626923e-06    9.41799381964637e-05
28.5000000000017    3.37020322130715e-13    8.30715056964532e-13    4.80740016604335e-11    7.77609849452488e-10    6.93354178327595e-06    2.78856566975298e-05
28.6000000000017    1.58615722770734e-13    -3.70353666476921e-12    2.08684781638919e-12    7.95587174756819e-09    1.44459261260369e-06    8.91956935483332e-05
28.7000000000017    -2.31752585036097e-13    -3.34542141193334e-12    5.17798754017549e-11    2.51090143257332e-09    7.19582346932961e-06    5.01088957429049e-05
28.8000000000017    -4.29551941056435e-13    -5.2829734295662e-13    7.28212101423907e-11    5.69848275980104e-10    8.53353444607746e-06    2.38714950512134e-05
28.9000000000017    -3.62776149891334e-13    1.62204270125443e-12    2.36145282389775e-11    3.08703797347845e-09    4.85947818587318e-06    5.55611192604905e-05
29.0000000000017    -1.51585723518239e-13    2.40901193404417e-12    7.2394915306746e-12    3.65847144046215e-09    2.69063032218746e-06    6.04852993748245e-05
29.1000000000017    9.49273949702613e-14    2.46086921218982e-12    5.66255094238464e-11    2.99277004082989e-09    7.52499232051744e-06    5.47062157421795e-05
29.2000000000018    3.37321406306267e-13    2.39672044544462e-12    1.56302203922781e-10    2.49597954307479e-09    1.25020879825244e-05    4.99597792536634e-05
29.3000000000018    5.76501759050933e-13    2.38356583279922e-12    2.95828049893936e-10    2.17144360937716e-09    1.71996526096877e-05    4.65987511568406e-05
29.4000000000018    8.05826957043813e-13    2.10601179124637e-12    4.52915292052811e-10    1.25267843433986e-09    2.12818065974863e-05    3.53931975715653e-05
29.5000000000018    9.64977067323846e-13    8.33916674701023e-13    5.34522037008853e-10    1.51756970562501e-10    2.31197326327285e-05    1.23189679179102e-05
29.6000000000018    9.15522847960201e-13    -2.12324602983521e-12    3.84724119970395e-10    5.56332505573813e-09    1.96143855363963e-05    7.45877004320291e-05
29.7000000000018    5.04559091623917e-13    -6.04543649395515e-12    6.91306241211145e-11    2.30141967894382e-08    8.31448279336209e-06    0.000151704307089279
29.8000000000019    -2.04044289856711e-13    -7.18970857162465e-12    6.66478851888042e-11    2.17962327865963e-08    8.16381560232739e-06    0.000147635472656798
29.9000000000019    -6.84697886115238e-13    -1.10850545685336e-12    2.51170861787996e-10    6.93344042845366e-10    1.58483709506055e-05    2.63314269048482e-05
