0    1.0000000000001    -0.380546675183209    1.00000000000038    0.144815772030493    4.28780751524513e-07    6.12363169403285e-06
0.1    0.957141679121329    -0.474523621557797    0.91612019391159    0.225172667443392    6.27443291885474e-07    5.20237557111944e-06
0.2    0.905524016161083    -0.555543112395924    0.819973743844991    0.308628149759512    7.02491376776884e-07    5.38160960211549e-06
0.3    0.846482569305437    -0.622972115596529    0.716532740138033    0.388094256845151    3.15045930622011e-07    5.85972414734203e-06
0.4    0.781370348666778    -0.677069617220148    0.610539621776141    0.45842326659107    7.06431348093364e-07    5.33219059572498e-06
0.5    0.711477090627596    -0.718807095058702    0.50619965048834    0.516683639937618    6.57426667763465e-07    5.55772362790862e-06
0.6    0.637968709109349    -0.749651683745538    0.407004073802979    0.561977646973471    5.740816186397e-07    5.56326426678442e-06
0.7    0.561848683366243    -0.771349811469905    0.315673943000783    0.594980531684856    6.34700263498636e-07    5.49532723150465e-06
0.8    0.483939920227176    -0.785737387229675    0.234197846389811    0.617383241721455    5.71246271333957e-07    5.56222644114965e-06
0.900000000000001    0.404883670769665    -0.794589762103858    0.163930786856313    0.631372890070416    6.27598098755398e-07    5.49089087403269e-06
1    0.325151321764426    -0.79951397357546    0.105723382045502    0.639222593972851    5.90055879152516e-07    5.51639900600593e-06
1.1    0.245065020831815    -0.801878630081403    0.0600568644356223    0.643009337412059    5.69756328184683e-07    5.55260736099293e-06
1.2    0.164823766444862    -0.802773184153843    0.0271668739854123    0.644444785226541    5.84559064376615e-07    5.48099468880669e-06
1.3    0.0845324807131657    -0.802987496016711    0.00714574029586979    0.644788918788944    5.89970614997766e-07    5.454975033629e-06
1.4    0.00423245673187965    -0.803003536228848    1.79136903308751e-05    0.644814679227022    5.86209668054731e-07    5.56652616943329e-06
1.5    -0.0760677030999014    -0.802992996717595    0.00578629545524312    0.644797752807623    5.90233718168525e-07    5.48807966327485e-06
1.6    -0.156361033708616    -0.802816928647361    0.0244487728627774    0.644515020953293    5.92113184142837e-07    5.52371996300102e-06
1.7    -0.236611150661263    -0.802026015671063    0.0559848366176032    0.643245729843389    5.97070023705041e-07    5.49439781318117e-06
1.8    -0.316721288632056    -0.799862608923581    0.100312374673098    0.639780193184319    5.89444056341603e-07    5.50282754155045e-06
1.9    -0.396503771381676    -0.795268146427041    0.157215240720232    0.632451424752236    5.82695423446923e-07    5.54384279795123e-06
2    -0.475650732388936    -0.786901953224917    0.226243619222403    0.619214684019536    5.21700272653616e-07    5.50878617599209e-06
2.1    -0.553707609283567    -0.773179405257049    0.306592116578931    0.597806392744172    6.3875422624805e-07    5.52522719668842e-06
2.2    -0.63005179835794    -0.752338523660839    0.396965268614602    0.566013254214774    7.26116322908724e-07    5.53201470094666e-06
2.29999999999999    -0.703879749893157    -0.722543453738404    0.495446702309708    0.522069042570822    2.35725820355957e-07    5.53184411135637e-06
2.39999999999999    -0.774206493482544    -0.682030009275008    0.599395694551096    0.465164933582211    7.47438442944554e-07    5.52659842211386e-06
2.49999999999999    -0.839881794459827    -0.629291704292915    0.705401428665425    0.396008049122731    6.05746407037313e-07    5.55428665556313e-06
2.59999999999999    -0.899626494075387    -0.563294318683967    0.809327828842791    0.317300489492326    6.46614252142523e-07    5.53998139625003e-06
2.69999999999999    -0.952090763198929    -0.48369429237572    0.906476821368957    0.233960168507674    4.87998810226107e-07    5.55204998284333e-06
2.79999999999998    -0.995932902864789    -0.391024210709946    0.991882347009035    0.152899933392172    5.91277625531748e-07    5.55298474671693e-06
2.89999999999998    -1.02991325297341    -0.28680204899778    1.06072130865008    0.0822554153400782    0    5.54553100290211e-06
2.99999999999998    -1.05299352134256    -0.17352463740703    1.10879535599001    0.0301107998182917    7.75290104110751e-07    5.57230399708634e-06
3.09999999999998    -1.06442862574785    -0.0545227386544121    1.13300829931173    0.00297272906117743    5.14899270032972e-07    5.54978458960669e-06
3.19999999999998    -1.06383721691355    0.0663167064314071    1.1317496240908    0.00439790558278048    6.52936169511278e-07    5.5561720550664e-06
3.29999999999997    -1.05123921800153    0.184923577532705    1.1051038934642    0.0341967295584184    0    5.56094448413683e-06
3.39999999999997    -1.02705383957051    0.297450020144034    1.05483958937705    0.0884765145145134    7.18353437971708e-07    5.55222495061968e-06
3.49999999999997    -0.992058421383517    0.400636588302315    0.984179911438506    0.160509675917371    7.4102382416465e-07    5.55453650719195e-06
3.59999999999997    -0.947315247957634    0.49207815618533    0.897406179013262    0.242140911825633    4.78116011832191e-07    5.55683461507489e-06
3.69999999999997    -0.89407835561985    0.570355024794292    0.799376105987985    0.325304854338641    3.01357335092972e-07    5.52661851079992e-06
3.79999999999996    -0.833694202263028    0.635026752217997    0.695046022887394    0.403258976063249    6.38319551664707e-07    5.54179974545214e-06
3.89999999999996    -0.767508874712909    0.686513542233264    0.589069872763336    0.471300843700389    5.10242392667053e-07    5.5430166541733e-06
3.99999999999996    -0.696791129608568    0.725905666138639    0.485517878301505    0.526939036162766    5.66293140222426e-07    5.53035875613722e-06
4.09999999999996    -0.62267628339808    0.754743991010643    0.387725753906806    0.569638491997316    6.00315245344749e-07    5.53553569942913e-06
4.19999999999995    -0.546131963431574    0.774807329650004    0.298260121481946    0.600326398109861    5.6511561032538e-07    5.52194089810096e-06
4.29999999999995    -0.467943754841515    0.787930036418252    0.218971357695469    0.620833742320443    5.41821671111914e-07    5.51144581944263e-06
4.39999999999995    -0.388717079272861    0.795860648640841    0.151100967718831    0.633394172085326    6.37579924767477e-07    5.50508673390327e-06
4.49999999999995    -0.308891093055238    0.800162324081278    0.0954137073692374    0.640259744909685    6.14740628065687e-07    5.5256089639531e-06
4.59999999999995    -0.22876066869635    0.802149429660202    0.0523314435427483    0.643443707534421    5.89179128390311e-07    5.49858905402213e-06
4.69999999999994    -0.148503262560307    0.802851665652689    0.0220532189914116    0.644570797071639    5.96805574315882e-07    5.50839316525296e-06
4.79999999999994    -0.0682083710078486    0.80299670460829    0.00465238187588931    0.644803707641983    5.87355252288582e-07    5.49638778863675e-06
4.89999999999994    0.0120918708036782    0.80300352709721    0.000146213339879672    0.644814664561191    5.88920823953445e-07    5.53456288394264e-06
4.99999999999994    0.0923917089851118    0.80298067918566    0.00853622788953865    0.644777971175835    5.90822702827937e-07    5.51101270744731e-06
5.09999999999994    0.172680711929179    0.802726070425734    0.0298186282727001    0.644369144171225    5.76217036629394e-07    5.48494316075268e-06
5.19999999999993    0.252912720918774    0.80172743230418    0.0639648444028836    0.64276687573956    5.87994326210791e-07    5.52317725818418e-06
5.29999999999993    0.33297493689189    0.799165074513605    0.110872308598497    0.638664816352604    5.81682339892079e-07    5.50170768729791e-06
5.39999999999993    0.412657558442729    0.793921059712904    0.170286260540282    0.630310649086042    6.06524854568669e-07    5.51185875499841e-06
5.49999999999993    0.491624916694389    0.784601240977336    0.241695058715116    0.61559910737375    5.92637371282109e-07    5.52944526531004e-06
5.59999999999993    0.569389795783142    0.769578460267887    0.324204739542338    0.592251006538576    6.07622141498395e-07    5.50307972953398e-06
5.69999999999992    0.645293510168106    0.747066017585404    0.41640371426551    0.558107634661429    6.58902658804521e-07    5.52395109886145e-06
5.79999999999992    0.71849518740826    0.715229446746718    0.516235334329346    0.511553161524155    7.178123053616e-07    5.52621170067404e-06
5.89999999999992    0.787974340374729    0.672340705388157    0.62090356108912    0.452042024152532    3.6240775904105e-07    5.53964571282893e-06
5.99999999999992    0.8525508796803    0.6169713689756    0.726843002443611    0.380653670166382    0    5.54586507891178e-06
6.09999999999991    0.910925851090231    0.548210403285585    0.829785906184876    0.300534646301135    6.43775003469823e-07    5.53087064656273e-06
6.19999999999991    0.961744098517052    0.4658791710606    0.924951711033071    0.217043402058785    8.33266751767147e-07    5.53834286807379e-06
6.29999999999991    1.00367671863049    0.37070498387953    1.00736695552112    0.137422185103971    4.9488907770561e-07    5.55412174733107e-06
6.39999999999991    1.03551698421671    0.26440965783611    1.07229542460136    0.0699124671878347    2.99138723312091e-07    5.55212247016251e-06
6.49999999999991    1.05627926727065    0.149675893668431    1.11572589046581    0.0224028731763696    0    5.56112759438341e-06
6.5999999999999    1.06528764430602    0.0299738530793116    1.13483776511119    0.000898431899284645    3.31864617039563e-07    5.55558172161267e-06
6.6999999999999    1.06224053074971    -0.0907399920515452    1.1283549451676    0.00823374618840286    4.2487911669562e-07    5.55773096292157e-06
6.7999999999999    1.0472405062786    -0.208408113271909    1.09671267799134    0.0434339417084629    8.27249341117263e-07    5.55932024755005e-06
6.8999999999999    1.02078410267918    -0.319275123922326    1.04200018428292    0.101936604786463    6.22112326179388e-07    5.55398556941814e-06
6.9999999999999    0.983713359945578    -0.420237798490919    0.967691974535663    0.176599807311392    4.95337550002177e-07    5.55859252549851e-06
7.09999999999989    0.937137493375144    -0.509085347816289    0.878226681489881    0.259167891391968    6.58017461473334e-07    5.54403805031078e-06
7.19999999999989    0.882337327431519    -0.584601802186275    0.778519159379639    0.341759267150227    8.02036919641369e-07    5.54862200170651e-06
7.29999999999989    0.820666353783739    -0.646534268362801    0.673493264232861    0.41800656019817    4.05355409048064e-07    5.54504924737756e-06
7.39999999999989    0.753460539060904    -0.695456145103474    0.567702783922506    0.483659249792538    7.47364170728646e-07    5.50935045007481e-06
7.49999999999988    0.681965338435545    -0.732567307043926    0.465076722828004    0.536654859380087    7.04739859853311e-07    5.52244351689025e-06
7.59999999999988    0.607284062544185    -0.75947348813084    0.368793932620582    0.576799979204127    6.42264248420755e-07    5.52286568132402e-06
7.69999999999988    0.530347906270119    -0.777978313128868    0.281268901685471    0.605250255729181    6.10083821294733e-07    5.50833269957351e-06
7.79999999999988    0.451905224961041    -0.789908739018386    0.204218332347398    0.623955816007778    5.55755382745609e-07    5.49202304150404e-06
7.89999999999988    0.372526198393575    -0.796982394904881    0.138775768489861    0.635180937818622    5.40231318601891e-07    5.50474388046475e-06
7.99999999999987    0.292618671507156    -0.800715967789856    0.0856256869149996    0.641146061104129    6.21621366847043e-07    5.52116677567618e-06
8.09999999999987    0.212451359621747    -0.802368130900294    0.0451355802054798    0.64379461751469    5.9240315502537e-07    5.50084998711686e-06
8.19999999999987    0.132181399027373    -0.802908140926825    0.0174719222491842    0.644661482796947    5.92086816111625e-07    5.51158682530595e-06
8.29999999999987    0.0518841273115322    -0.803001226531645    0.00269196266722622    0.644810969841493    5.89014592333948e-07    5.49236668902351e-06
8.39999999999987    -0.028416197103743    -0.803003317482133    0.000807480258186397    0.644814327917648    5.89598358784169e-07    5.50783887167826e-06
8.49999999999986    -0.108715385076336    -0.802959808544494    0.0118190349526483    0.644744454168228    5.93463707908154e-07    5.51530203728634e-06
8.59999999999986    -0.188998254973354    -0.802605481189061    0.0357203403833254    0.644175558465319    5.9369604482157e-07    5.53128213196635e-06
8.69999999999986    -0.269207594973542    -0.801365214985652    0.0724727291917896    0.642186207819182    5.92274296604307e-07    5.49374106414108e-06
8.79999999999986    -0.349213314476486    -0.798357635888451    0.121949939007985    0.63737491481164    5.76409678880296e-07    5.49944710682095e-06
8.89999999999985    -0.428782288485898    -0.792406314108092    0.183854250919555    0.627907766668648    5.9240315502537e-07    5.50227268730029e-06
8.99999999999985    -0.507549976023184    -0.78206538513547    0.257606978161437    0.611626266657259    5.50133435188971e-07    5.49251829138802e-06
9.09999999999985    -0.584995672897549    -0.765668165436395    0.342219937309206    0.586247739593111    5.9090197261865e-07    5.5115263946634e-06
9.19999999999985    -0.660424155094716    -0.741407838071912    0.43616006463297    0.549685582385284    6.32860929536281e-07    5.55133755710641e-06
9.29999999999985    -0.73295731963896    -0.707457707236475    0.537226432412817    0.500496407558992    6.99402791422685e-07    5.54094825124582e-06
9.39999999999984    -0.801539978341954    -0.662133905236986    0.642466336880997    0.438421308495062    7.59886172467656e-07    5.53892417513425e-06
9.49999999999984    -0.864963866119012    -0.604095159751993    0.748162489692177    0.364930962066484    7.93058221980046e-07    5.54053748372693e-06
9.59999999999984    -0.921912829570192    -0.532562638623343    0.849923265326475    0.283622964088165    5.97348876381738e-07    5.54144413731258e-06
9.69999999999984    -0.971029814132066    -0.447529948653054    0.942898899933754    0.200283054972216    6.30972247115974e-07    5.55075755004642e-06
9.79999999999984    -1.01100271148012    -0.349922916285077    1.02212648262107    0.122446047372345    9.56464203350616e-07    5.55800703328505e-06
9.89999999999983    -1.0406618606056    -0.241665872016731    1.0829771081196    0.0584023937284594    6.90456201923078e-07    5.55447716844775e-06
9.99999999999983    -1.05907800601039    -0.125620181185142    1.1216462228154    0.015780429951869    6.75336670495549e-07    5.55707717236104e-06
10.0999999999998    -1.06564709118262    -0.00538281064491586    1.13560372294613    2.89746813565311e-05    3.90000710734797e-07    5.5603517489959e-06
10.1999999999998    -1.0601485467726    0.115036384702653    1.1239149412245    0.0132333698363145    6.64397979068993e-07    5.55496154145371e-06
10.2999999999998    -1.04276718074164    0.231609375234631    1.08736339323173    0.0536429027274616    0    5.55748203526317e-06
10.3999999999998    -1.01407481547375    0.340687900596196    1.02834773137876    0.116068245643447    8.01067355615831e-07    5.55014247635103e-06
10.4999999999998    -0.974974910698693    0.439334980044064    0.950576076491843    0.193015224721174    0    5.55488128398467e-06
10.5999999999998    -0.926619615925117    0.525538376634936    0.858623912617158    0.276190585346761    0    5.5386986753281e-06
10.6999999999998    -0.870312413863287    0.598284436251459    0.757443697725204    0.357944266691425    8.13854444290481e-07    5.54064769263578e-06
10.7999999999998    -0.807410074386575    0.657502016885201    0.651911028221387    0.432308902238823    6.72618675428174e-07    5.54219539529604e-06
10.8999999999998    -0.739235414153664    0.703909310995925    0.546468997539451    0.495488318137331    7.14945229047248e-07    5.52922439872044e-06
10.9999999999998    -0.6670084525234    0.738806567035373    0.444900275738043    0.545835143525128    6.18039021116212e-07    5.52576970017375e-06
11.0999999999998    -0.591799264248166    0.763855722842022    0.350226369165124    0.583475565348912    6.73402253046532e-07    5.51390283396911e-06
11.1999999999998    -0.514502181791303    0.780877974511203    0.264712495068444    0.609770411107483    6.57637726444225e-07    5.54653567263009e-06
11.2999999999998    -0.435828537693722    0.791687403681459    0.189946514268581    0.626768945178168    5.77335870675024e-07    5.50256525378684e-06
11.3999999999998    -0.356313937269054    0.797966968014079    0.126959621892568    0.636751282071735    6.2695650715862e-07    5.49106273590799e-06
11.4999999999998    -0.276335883082083    0.801184555463712    0.0763615202791019    0.641896691943827    5.89149684597427e-07    5.49918465782494e-06
11.5999999999998    -0.196138078797218    0.802541877692388    0.0384701459545973    0.644073465480212    5.77504109593514e-07    5.49440791639941e-06
11.6999999999998    -0.115858575544019    0.802947168846124    0.0134232095274357    0.644724155988205    5.88719637523891e-07    5.49531712997659e-06
11.7999999999998    -0.0355598237280503    0.803003013494579    0.00126450106391767    0.644813839711845    5.89626309137431e-07    5.5198997957137e-06
11.8999999999998    0.0447405127346412    0.803002249041759    0.00200171348010703    0.64481261199645    5.90285883912566e-07    5.50696196609854e-06
11.9999999999998    0.125038525612904    0.802927116934533    0.0156346328877949    0.644691955139215    5.88368887194913e-07    5.51484909665568e-06
12.0999999999998    0.205313000112238    0.802449292857161    0.042153428015445    0.64392486763766    5.97674040069622e-07    5.54098832449536e-06
12.1999999999998    0.285494394864143    0.800930939931679    0.0815070494991743    0.641490370570122    5.75228732507096e-07    5.50264595904569e-06
12.2999999999998    0.365434078005522    0.797429440234161    0.133542065368053    0.635893712182698    5.53879388747719e-07    5.52554868666489e-06
12.3999999999998    0.4448744219334    0.790710901570754    0.197913251290951    0.625223729893502    6.12309003213178e-07    5.53780159630253e-06
12.4999999999998    0.523420981721505    0.77927972013293    0.273969524106582    0.607276882240774    5.27362178837847e-07    5.50606475725964e-06
12.5999999999998    0.600518794191271    0.761432995300096    0.360622822177415    0.579780206362157    6.90697353173899e-07    5.52096568715847e-06
12.6999999999998    0.675435737399463    0.735348751791315    0.456213435356709    0.540737786791541    5.93526550133658e-07    5.52239325706988e-06
12.7999999999998    0.747256703420301    0.699214804637294    0.558392580806797    0.48890134305445    4.70036575066671e-07    5.52103104173009e-06
12.8999999999998    0.81489278484496    0.651399771972667    0.664050250792889    0.424321662957035    7.18121573926299e-07    5.56701977713009e-06
12.9999999999998    0.877109405805909    0.590658719032745    0.769320909753716    0.348877722400067    7.22206879618921e-07    5.53749585460664e-06
13.0999999999998    0.932575991481255    0.516353830992835    0.86969797988741    0.266621278811646    4.05766034251157e-07    5.53795696676121e-06
13.1999999999998    0.979937160552628    0.42865771031942    0.960276838632442    0.183747432647048    7.03596792687657e-07    5.54623291461048e-06
13.2999999999998    1.01790166680281    0.32869755684457    1.03612380327998    0.108042083906467    2.23020159409877e-07    5.55682337664284e-06
13.3999999999998    1.04534100996381    0.218597719677985    1.0927378271127    0.0477849630792884    7.33191645153913e-07    5.55641066069939e-06
13.4999999999998    1.06138585682429    0.101389842411588    1.12653993706696    0.0102799001751327    5.74806377946911e-07    5.55752339392234e-06
13.5999999999998    1.06550646059445    -0.0192158075734331    1.13530401756927    0.000369247291601211    8.69262785675242e-07    5.5589568665213e-06
13.6999999999998    1.05756418502612    -0.139172540438329    1.11844200545049    0.0193689960429404    7.25427952089196e-07    5.55717706417574e-06
13.7999999999998    1.03782529637041    -0.254498510111262    1.0770813457868    0.0647694916797337    6.80903175997487e-07    5.55712930362586e-06
13.8999999999997    1.00693458669942    -0.361666458831038    1.01391726189174    0.130802627474214    4.51728892064813e-07    5.5525748696321e-06
13.9999999999997    0.965853462577112    -0.457914544179198    0.932872911172717    0.209685729801678    7.21283931152877e-07    5.55299474334105e-06
14.0999999999997    0.915772937691753    -0.54143209696159    0.83864007340884    0.293148715650946    5.07405872463626e-07    5.54263608592058e-06
14.1999999999997    0.858015062337593    -0.61140534708998    0.736189847198613    0.373816498480795    6.55142901449818e-07    5.52958581218287e-06
14.2999999999997    0.793936253986906    -0.667938425828072    0.630334775395197    0.446141740728521    6.60879518435499e-07    5.55326714442187e-06
14.3999999999997    0.724843323616379    -0.711885614166933    0.525397843791427    0.506781127688379    4.33288256780765e-07    5.52695498543718e-06
14.4999999999997    0.651928908003103    -0.744638323637226    0.425011301090368    0.55448623305966    4.99855670860991e-07    5.51385249629877e-06
14.5999999999997    0.576228789718099    -0.767906270847319    0.33203961810029    0.589680040836814    5.52549845508908e-07    5.49339750259766e-06
14.6999999999997    0.49860015256267    -0.783521328210838    0.248602112135775    0.613905671791482    5.07679303465022e-07    5.49595348998418e-06
14.7999999999997    0.419717620919294    -0.793279586329808    0.176162881310481    0.629292502117796    5.7350115173834e-07    5.49582218363524e-06
14.8999999999997    0.34008296627079    -0.798825887416573    0.115656423947855    0.638122798437158    5.61654693436662e-07    5.50291833055592e-06
14.9999999999997    0.260044362603053    -0.801577239049012    0.0676230705219965    0.642526070191866    6.07050885386641e-07    5.51627824949337e-06
15.0999999999997    0.179821671479043    -0.802677292219681    0.032335833533866    0.644290835475513    5.90860871091735e-07    5.51306716913082e-06
15.1999999999997    0.0995351045087634    -0.80297277903029    0.00990723702991672    0.64476528389424    5.88449961517679e-07    5.53295786608948e-06
15.2999999999997    0.0192355000781429    -0.803003486632479    0.000370004463604277    0.644814599573921    5.89949894314638e-07    5.4774284959514e-06
15.3999999999997    -0.0610647894852292    -0.802999132827534    0.00372890851522545    0.644807607352117    5.9168675691134e-07    5.50862494420905e-06
15.4999999999997    -0.141360853012603    -0.802878806513609    0.019982890764797    0.644614377979192    5.88554604583936e-07    5.5203724333541e-06
15.5999999999997    -0.221624159981123    -0.802251112325219    0.0491172682876955    0.643606847257561    5.97534705870254e-07    5.52358931671462e-06
15.6999999999997    -0.301771566202786    -0.80041567555539    0.0910660781688636    0.640665253705059    6.17533587079224e-07    5.50157651828463e-06
15.7999999999997    -0.381634658695254    -0.796369168298964    0.145645012717802    0.634203852247817    5.9869483336691e-07    5.53471333050343e-06
15.8999999999997    -0.460930150782142    -0.788821428079826    0.212456603900394    0.62223924542839    5.87793675759912e-07    5.52217210842588e-06
15.9999999999997    -0.539232704358504    -0.7762293300328    0.290771909450135    0.602531972833406    5.90948942291839e-07    5.49877077049556e-06
16.0999999999997    -0.615952397009236    -0.756857378444753    0.379397355381877    0.572833091336695    6.73237365127055e-07    5.51637888010408e-06
16.1999999999997    -0.690319953859667    -0.728873758652636    0.476541638697087    0.531256956083018    5.23506020623182e-07    5.53142263216658e-06
16.2999999999997    -0.761383628233831    -0.690487887360727    0.579705029343007    0.476773522622709    7.02649399808188e-07    5.55236742030765e-06
16.3999999999998    -0.828021946937297    -0.640129431478769    0.685620344610039    0.409765689076025    4.55766089027438e-07    5.54011165598027e-06
16.4999999999998    -0.88897607553428    -0.576659022003319    0.790278462872801    0.332535627688516    6.86828772812576e-07    5.53999642637521e-06
16.5999999999998    -0.942903972149476    -0.499588404759175    0.889067900695493    0.249588574200601    4.83542106735347e-07    5.54832686130683e-06
16.6999999999998    -0.988455631301788    -0.40927528251708    0.977044535052583    0.167506256910387    6.055630974834e-07    5.5633266299464e-06
16.7999999999998    -1.02436478415414    -0.30705009458571    1.04932321101557    0.0942797606159094    6.39014889073121e-07    5.55118631110643e-06
16.8999999999998    -1.04954812290308    -0.195233519944553    1.10155126228985    0.0381161273408169    6.86586262792842e-07    5.55668788931204e-06
16.9999999999999    -1.06319960414392    -0.0770179456200001    1.13039339825216    0.0059317639784122    6.01423861700611e-07    5.5575993994104e-06
17.0999999999999    -1.06486595042114    0.0437873885279124    1.1339394923662    0.00191733542500747    0    5.55995647770694e-06
17.1999999999999    -1.05449103692594    0.163115782964078    1.11195134695733    0.0266067586828478    4.29815205986975e-07    5.5555033271065e-06
17.2999999999999    -1.03242148223748    0.2770479131177    1.06589411698583    0.076755546193713    6.25848770141602e-07    5.55338584713481e-06
17.3999999999999    -0.999372453774001    0.382190526332208    0.998745301362486    0.146069598448959    4.66599116082525e-07    5.55595295346372e-06
17.4999999999999    -0.956359663032629    0.47596464417808    0.914623805076105    0.226542342538294    4.70862546841054e-07    5.54326701377483e-06
17.6    -0.904608868605503    0.556762999805291    0.818317205159971    0.309985037982923    4.91964042759513e-07    5.54412816446517e-06
17.7    -0.84545665703838    0.623968317534199    0.714796958930577    0.389336461317091    2.54631154099629e-07    5.53462807795442e-06
17.8    -0.780255600816588    0.677852920374982    0.608798802605921    0.459484581691436    5.15330328517872e-07    5.52668882062611e-06
17.9    -0.710293829023793    0.719398241050728    0.504517323549493    0.517533829257368    4.59647083735084e-07    5.52153877012754e-06
18    -0.63673483572605    0.75007771593754    0.405431251027506    0.562616579976626    6.52978676992818e-07    5.52707550868255e-06
18.1    -0.56057922363229    0.771640683709372    0.314249065968594    0.595429344786074    6.42523487280321e-07    5.53227559249844e-06
18.2    -0.482646878217374    0.785923153509375    0.232948009053249    0.617675203252323    5.225242552561e-07    5.49556966260784e-06
18.3000000000001    -0.40357613070368    0.794698466506505    0.162873693274161    0.631545652698386    6.37732271016459e-07    5.5312720961012e-06
18.4000000000001    -0.323835726242684    0.799570211465501    0.104869577591491    0.639312523093511    6.03703953448065e-07    5.52501620872497e-06
18.5000000000001    -0.243745563962561    0.801902665194307    0.059411899951792    0.643047884476147    6.0421521411354e-07    5.51485916240718e-06
18.6000000000001    -0.16350285362309    0.802780472530404    0.0267331831432603    0.644456487106227    6.05445635634331e-07    5.48538845096643e-06
18.7000000000001    -0.0832112217867497    0.802988471293014    0.00692410743158773    0.644790485059716    5.86594246307322e-07    5.49766018713283e-06
18.8000000000001    -0.00291117268730396    0.803003536472289    8.47492676347589e-06    0.644814679617359    5.90060445502035e-07    5.50964264072643e-06
18.9000000000002    0.0773889695781072    0.802992249291691    0.00598905261270969    0.644796552452782    5.90334371878469e-07    5.50032521047942e-06
19.0000000000002    0.157682007098397    0.802810549898617    0.0248636153629191    0.64450477905868    5.83367852659992e-07    5.49178045383756e-06
19.1000000000002    0.237930811920423    0.802004023601939    0.0566110712614416    0.643210453904212    5.74268935753101e-07    5.52377021074992e-06
19.2000000000002    0.318037367899901    0.799809988414466    0.101147767380995    0.639696017598129    5.45878979087299e-07    5.52996727854583e-06
19.3000000000002    0.397812252984085    0.795165047001994    0.15825458862469    0.632287452004088    6.45346737895615e-07    5.51413438133395e-06
19.4000000000002    0.476945390957981    0.786724136161969    0.227476905956381    0.61893486645031    5.64919116713624e-07    5.52402144263849e-06
19.5000000000002    0.554979608961192    0.772899084080457    0.308002366363137    0.597372994203063    6.47172029710679e-07    5.53657852821672e-06
19.6000000000003    0.631289402010058    0.751925748141243    0.398526309090733    0.565392330748278    7.18392074703643e-07    5.52354911723559e-06
19.7000000000003    0.705068199122156    0.721968157204791    0.497121165413846    0.52123802004795    6.9681851282799e-07    5.50165723804751e-06
19.8000000000003    0.775328128694854    0.681264758990505    0.601133707145877    0.464121671873082    6.42480288067761e-07    5.53995634595078e-06
19.9000000000003    0.840916481571424    0.628315050689617    0.707140528979169    0.394779802953638    8.40628904555341e-07    5.52643770999656e-06
20.0000000000003    0.90055240457702    0.562094443936442    0.810994633389908    0.315950163934934    6.7467876807879e-07    5.5422554915355e-06
20.1000000000003    0.952885513503204    0.482272442860185    0.907990801844332    0.232586709173086    2.57880513368201e-07    5.54582754328504e-06
20.2000000000004    0.996574998240095    0.389397232006781    0.993161727117389    0.151630204325443    3.79321636598046e-07    5.55876978389973e-06
20.3000000000004    1.03038371001386    0.285003307536874    1.06169058986259    0.0812268853377819    8.0824206008438e-07    5.55194125009004e-06
20.4000000000004    1.05327747797921    0.171602783411141    1.10939344561921    0.0294475153053329    9.81894940706227e-07    5.55714116576153e-06
20.5000000000004    1.06451671087378    0.0525381506040538    1.13319582773024    0.00276025729978912    8.42805251024918e-07    5.55831632816768e-06
20.6000000000004    1.06372646126978    -0.0682974332031847    1.13151398440607    0.00466453941305127    7.31827566493075e-07    5.55947790290531e-06
20.7000000000004    1.05093335024208    -0.186834234949284    1.10446090665118    0.0349070313799528    3.69837094723906e-07    5.55595732465248e-06
20.8000000000005    1.02656291505002    -0.299231322361087    1.05383141855594    0.0895393843128094    0    5.55382190163694e-06
20.9000000000005    0.991397849307341    -0.402241494960977    0.982869695611367    0.161798220299327    3.81364938380412e-07    5.55750138803257e-06
21.0000000000005    0.94650438256315    -0.493475170888281    0.895870546211628    0.243517744313967    6.15113003270337e-07    5.54518439341071e-06
21.1000000000005    0.893138873538365    -0.571529168319355    0.797697047425774    0.326645590270536    6.28504058985804e-07    5.54281635835009e-06
21.2000000000005    0.832648491846533    -0.635978423620367    0.693303510974701    0.404468555341359    6.28239035124564e-07    5.54180475385453e-06
21.3000000000005    0.76637862190459    -0.687255843994956    0.58733619211252    0.472320595135884    3.7475753843663e-07    5.53758106300546e-06
21.4000000000005    0.695596218186881    -0.726460914780488    0.483854098756263    0.527745460734214    6.1012931429068e-07    5.52365966509896e-06
21.5000000000006    0.621434056573558    -0.755140080581644    0.386180286669808    0.570236541331403    5.8233806579319e-07    5.52729646114017e-06
21.6000000000006    0.544856835113963    -0.775074439827347    0.296868970770749    0.600740387304191    5.86943101621602e-07    5.52407168764509e-06
21.7000000000006    0.466647120572119    -0.788097960475152    0.217759535138539    0.621098395335499    5.38455887590487e-07    5.51401357522627e-06
21.8000000000006    0.387407459162896    -0.79595682603481    0.150084539415405    0.633547268941841    5.94904483656733e-07    5.51648957165564e-06
21.9000000000006    0.30757443799394    -0.800210525639151    0.0946020349076446    0.640336885374081    5.970235355963e-07    5.51316785835265e-06
22.0000000000006    0.227440770450417    -0.802168969779987    0.0517293040634252    0.643475056108336    5.88130021522343e-07    5.51818991729186e-06
22.1000000000007    0.147182222561323    -0.802856990615456    0.0216626066384465    0.644579347410077    5.96360686288811e-07    5.47460023251683e-06
22.2000000000007    0.0668870974883421    -0.802997215251343    0.00447388381076209    0.644804527731491    5.89159990092317e-07    5.48453832009487e-06
22.3000000000007    -0.0134131548207682    -0.803003522900879    0.000179912722594195    0.644814657821235    5.90167815589063e-07    5.47840132422742e-06
22.4000000000007    -0.0937129548734785    -0.802979348287444    0.00878211791146944    0.644775833806721    5.92294798682877e-07    5.53105130246082e-06
22.5000000000007    -0.174001534322772    -0.802717490740086    0.0302765339470405    0.644355369970153    6.01291166460215e-07    5.48573251410235e-06
22.6000000000007    -0.254231887341719    -0.801700590378526    0.0646338525416781    0.642723836643699    5.8766380660839e-07    5.51565429872839e-06
22.7000000000007    -0.334289861977346    -0.799103950075534    0.111749711821168    0.638567123056648    5.78692403259599e-07    5.50703252688534e-06
22.8000000000008    -0.413963813370572    -0.793804863602342    0.171366038780691    0.630126161509479    6.20817141353735e-07    5.54502421997292e-06
22.9000000000008    -0.492915775070956    -0.784404929609749    0.242965961314172    0.615291093626361    6.09173247919636e-07    5.50324112377853e-06
23.0000000000008    -0.570655850894661    -0.769273674943293    0.325648100160757    0.591781986991325    6.68728520641234e-07    5.52869227479473e-06
23.1000000000008    -0.646522413630109    -0.746622595844343    0.417991231326329    0.557445300655824    4.76662503234247e-07    5.52077464628239e-06
23.2000000000008    -0.719671572250182    -0.714617612378062    0.517927171905304    0.510678331951245    5.0488335925631e-07    5.50667971390991e-06
23.3000000000008    -0.789079998405837    -0.671533955470041    0.622647243884397    0.450957853379886    4.90721279384944e-07    5.53592678324509e-06
23.4000000000009    -0.853565257263455    -0.615949914567806    0.728573648407415    0.37939429728654    4.31490905152865e-07    5.51839613660546e-06
23.5000000000009    -0.911826903476412    -0.546964823075156    0.8314283019036    0.299170517712358    4.66718070607359e-07    5.54262106295346e-06
23.6000000000009    -0.962509497785189    -0.464413719716755    0.926424533327017    0.215680103091968    5.65655615809629e-07    5.55115256143664e-06
23.7000000000009    -1.00428534647026    -0.369039854896612    1.00858905713527    0.136190414532928    6.14751915476807e-07    5.55118256115325e-06
23.8000000000009    -1.03595056907778    -0.262581501102777    1.07319358157287    0.0689490447522537    5.4097577514265e-07    5.55572689587141e-06
23.9000000000009    -1.05652396441425    -0.147736104021824    1.11624288738187    0.0218259564624554    5.22603926561778e-07    5.55951089997201e-06
24.000000000001    -1.0653353285881    -0.0279845699509233    1.13493936233849    0.000783136186222566    7.54240199020133e-07    5.55737793493608e-06
24.100000000001    -1.06208959225909    0.0927117016563785    1.12803430198562    0.00859545965492053    7.34553190700188e-07    5.55870331266168e-06
24.200000000001    -1.0468960111603    0.210296943236623    1.09599125818346    0.0442248043655479    3.34198199093428e-07    5.55700818352824e-06
24.300000000001    -1.02025729057978    0.321023903592647    1.04092493898155    0.103056346708697    5.97162989065465e-07    5.55300848866983e-06
24.400000000001    -0.98302056653592    0.4218024551455    0.966329434232915    0.177917311197608    5.60925311586818e-07    5.55308721126106e-06
24.500000000001    -0.936298679190451    0.510437738779259    0.876655216654117    0.260546685200765    5.77504109593514e-07    5.53907450323821e-06
24.600000000001    -0.881374440160829    0.585730226572622    0.776820903769348    0.343079898351593    7.29852729812768e-07    5.54778656362751e-06
24.7000000000011    -0.819601744544234    0.64744196162818    0.671747019660144    0.419181093707717    4.37876142707918e-07    5.54717116050736e-06
24.8000000000011    -0.752315605015422    0.696158379101666    0.56597876955002    0.484636488824087    5.47605002671866e-07    5.53425696332311e-06
24.9000000000011    -0.680759494835925    0.733087821241266    0.4634334898097    0.537417753682908    6.60459405546794e-07    5.53552567127566e-06
25.0000000000011    -0.606034077945234    0.759840890415037    0.367277303631342    0.577358178777307    6.41096376308768e-07    5.53086060995093e-06
25.1000000000011    -0.529067579598801    0.778222898308256    0.279912503782929    0.605630879481749    6.29077894324413e-07    5.51783781772493e-06
25.2000000000011    -0.450605349361533    0.79005995848456    0.203045180873534    0.624194738031176    5.52449372765917e-07    5.52737680529854e-06
25.3000000000012    -0.371214742709321    0.797067029746681    0.137800385205136    0.635315849939401    6.23805394438937e-07    5.495832284235e-06
25.4000000000012    -0.29130111199721    0.800756932182944    0.0848563378511628    0.641211664469469    5.92824677662033e-07    5.51621787024578e-06
25.5000000000012    -0.211131105177999    0.802383773263573    0.0445763435740405    0.643819719627214    5.97697259278274e-07    5.52497601962794e-06
25.6000000000012    -0.130860267718359    0.80291189083629    0.0171244096676698    0.644667504476345    5.90828575029012e-07    5.4807718697345e-06
25.7000000000012    -0.050562846769117    0.803001449993906    0.00255660147374591    0.644811328722537    5.90507720517956e-07    5.49746833637436e-06
25.8000000000012    0.0297374807067936    0.803003275040679    0.00088431775913528    0.644814259756371    5.90219757539529e-07    5.50585303497877e-06
25.9000000000012    0.110036596037664    0.802957648937655    0.0121080524679094    0.64474098601759    5.944143988725e-07    5.48666340029222e-06
26.0000000000013    0.190318876943439    0.802594244168548    0.0362212749213544    0.644157520802641    5.85119667434605e-07    5.49164904771055e-06
26.1000000000013    0.270526161035556    0.801332858580195    0.0731844038049773    0.64213435027038    5.84716324753565e-07    5.48393100307082e-06
26.2000000000013    0.350526903342121    0.798287144379398    0.122869109966903    0.637262364911901    5.34809505075458e-07    5.52148850207163e-06
26.3000000000013    0.430086039283452    0.792275980934698    0.184974001186889    0.627701229996582    6.02207896821195e-07    5.52666371007658e-06
26.4000000000013    0.508836645333032    0.781849399680839    0.258914731634212    0.611288483811875    6.62096338362661e-07    5.53058961454747e-06
26.5000000000013    0.586255272070662    0.765337658807104    0.343695244031079    0.585741732018827    6.57511099365658e-07    5.52158903772581e-06
26.6000000000014    0.661643721068565    0.740932526579122    0.437772413629893    0.548981008973534    6.60375350897322e-07    5.53287760297494e-06
26.7000000000014    0.734120883947062    0.706808224366617    0.53893347224737    0.499577866062906    3.92554398546204e-07    5.53311838882568e-06
26.8000000000014    0.802628804540049    0.661284821887368    0.644212997877828    0.437297615689267    6.62808608003981e-07    5.53695450003454e-06
26.9000000000014    0.865957016321619    0.603028500237277    0.749881554116924    0.363643372129118    5.32077880840216e-07    5.54058757895726e-06
27.0000000000014    0.922788092962136    0.531271517479741    0.851537864513181    0.282249425315994    6.96459933850276e-07    5.54684591990209e-06
27.1000000000014    0.971764980646869    0.446021725230361    0.944327177611736    0.198935379408331    3.545098678282e-07    5.55550582513123e-06
27.2000000000015    1.01157710761866    0.348221154917139    1.02328824465873    0.121257972762696    7.67373632763847e-07    5.55606660325385e-06
27.3000000000015    1.0410579928291    0.239810435701561    1.08380174443336    0.0575090451022587    1.02157214289919e-07    5.55752948064242e-06
27.4000000000015    1.05928310113641    0.12366504283085    1.12208068835364    0.0152930428492601    6.89329713953756e-07    5.55914831152663e-06
27.5000000000015    1.06565430346802    0.00339162705774462    1.13561909449997    1.15031649875178e-05    2.56801961952658e-07    5.55775965682983e-06
27.6000000000015    1.05995763248945    -0.116996355563469    1.123510182673    0.0136881472460226    5.99945251321715e-07    5.55778698961601e-06
27.7000000000015    1.04238452254608    -0.233473996524331    1.08656549284394    0.0545101070839076    5.6722361775262e-07    5.55558076535078e-06
27.8000000000015    1.0135127922366    -0.342402324238775    1.02720818002739    0.117239351674946    3.89430950444102e-07    5.55252863159849e-06
27.9000000000016    0.974250723040221    -0.440858218745045    0.949164471344586    0.194355969065818    4.40278253039544e-07    5.54653317056542e-06
28.0000000000016    0.925753762297632    -0.526845662027257    0.85702002840889    0.277566351627554    8.18682868982982e-07    5.53312842134206e-06
28.1000000000016    0.869327047023339    -0.599367281332841    0.755729514686658    0.359241137962879    5.82195061313698e-07    5.52788395084653e-06
28.2000000000016    0.806327451779581    -0.658366371259319    0.650163959493618    0.433446278835793    5.15438036812186e-07    5.53438735778608e-06
28.3000000000016    0.738076601582212    -0.704572466787685    0.54475706980342    0.496422360986054    5.22072554867114e-07    5.54713113192348e-06
28.4000000000016    0.66579236929485    -0.739293535983154    0.443279479011545    0.546554932377208    5.43330748483674e-07    5.54374266586853e-06
28.5000000000017    0.590542091089936    -0.764195695121833    0.348739961349258    0.583995060473249    6.19026232844274e-07    5.52326771269012e-06
28.6000000000017    0.513217101335474    -0.781101254936561    0.263391793103499    0.610119170493968    5.59587709028286e-07    5.52240330907055e-06
28.7000000000017    0.434525748405292    -0.791823026608722    0.188812626027594    0.626983705498077    6.44572114964919e-07    5.50266613517546e-06
28.8000000000017    0.355000870559256    -0.798041007725545    0.126025618098133    0.636869450042039    5.50814122054291e-07    5.51692225368378e-06
28.9000000000017    0.275017558225205    -0.801219040684437    0.0756346573324853    0.641951951185705    5.75566393008086e-07    5.51494975334396e-06
29.0000000000017    0.194817541577395    -0.802554176372266    0.0379538745065963    0.644093206042966    5.80045763377903e-07    5.5136511410218e-06
29.1000000000017    0.114537381389307    -0.802949688311922    0.0131188117358738    0.644728201990653    5.95169777750443e-07    5.5172341661894e-06
29.2000000000018    0.0342385407059895    -0.803003083495657    0.00117227767002421    0.644813952133856    5.90350533648766e-07    5.50668979459433e-06
29.3000000000018    -0.0460617941883373    -0.803002090686536    0.00212168888419671    0.644812357677529    5.89888279292094e-07    5.5300275076714e-06
29.4000000000018    -0.126359681538866    -0.802923838633698    0.015966769118954    0.644686690676454    5.92001844466379e-07    5.4937107507515e-06
29.5000000000018    -0.206633361901878    -0.802434895580161    0.0426973462512132    0.643901761675066    5.83766183851627e-07    5.5065184204493e-06
29.6000000000018    -0.286812239974735    -0.800892356509927    0.0822612609996964    0.64142856674618    6.09241588130526e-07    5.49148731277609e-06
29.7000000000018    -0.366746128812878    -0.797348672513994    0.134502722999581    0.635764905590009    5.90925457921917e-07    5.49366022806382e-06
29.8000000000019    -0.446175367022855    -0.79056535102242    0.199072458138353    0.624993574267673    6.11878222752876e-07    5.52009086686686e-06
29.9000000000019    -0.524703045363326    -0.779042849143744    0.275313285813969    0.606907760832813    6.48628564882632e-07    5.55080755304214e-06
