0 0 0
1 1.49045993517697e-22 4.80532712273032e-23
2 1.7069978302351e-22 5.50342733655129e-23
2.99999999999998 1.59467088007063e-22 5.14141323387624e-23
3.99999999999996 1.64298548626659e-22 5.29700854946759e-23
4.99999999999994 2.27494566069018e-22 7.33458866143911e-23
5.99999999999992 1.91600330651967e-22 6.17723341552525e-23
6.9999999999999 1.88687352152914e-22 6.08340935483799e-23
7.99999999999987 2.08060198217521e-22 6.70798500598247e-23
8.99999999999985 2.33783284961238e-22 7.53725428121468e-23
9.99999999999983 2.22652972115393e-22 7.17861631285872e-23
10.9999999999998 2.27834662026345e-22 7.34542677008338e-23
11.9999999999998 3.02437679881171e-22 9.75080516884728e-23
12.9999999999998 2.78157423385551e-22 8.96786561622123e-23
13.9999999999997 2.7639447640447e-22 8.91111911572861e-23
14.9999999999997 2.99575269840058e-22 9.65849408606479e-23
15.9999999999997 4.09988009484076e-22 1.3218138979338e-22
16.9999999999999 3.96442097993072e-22 1.27818161821964e-22
18 4.04258336642497e-22 1.30333661870431e-22
19.0000000000002 6.69462586305467e-22 2.15839383541921e-22
20.0000000000003 8.29004598957859e-22 2.67273699288322e-22
21.0000000000005 8.71859182837887e-22 2.81091656579349e-22
22.0000000000006 9.15582314373369e-22 2.9518969716406e-22
23.0000000000008 4.47162507958472e-21 1.44166384688297e-21
24.000000000001 3.97145925139986e-21 1.2804517167976e-21
25.0000000000011 4.08455253014925e-21 1.31686890567734e-21
26.0000000000013 2.90344484185482e-20 9.36090235352282e-21
27.0000000000014 3.32141723138744e-20 1.07083788152933e-20
28.0000000000016 4.18828845034787e-20 1.35032101406353e-20
29.0000000000017 4.21221042312366e-20 1.35804498482851e-20
