0    0    2.421336068839e-38    2.421336068839e-38
0.1    4.95460636168155e-08    2.421336068839e-38    2.42133582890367e-38
0.2    1.56708624921028e-07    2.421336068839e-38    2.42133530995062e-38
0.3    3.41074998968272e-07    2.421336068839e-38    2.42133441712516e-38
0.4    6.22270548780162e-07    2.421336068839e-38    2.42133305538862e-38
0.5    1.03717787616825e-06    2.421336068839e-38    2.4213310461318e-38
0.6    1.62929495859999e-06    2.421336068839e-38    2.42132817871055e-38
0.7    2.44709466950384e-06    2.421336068839e-38    2.42132421839082e-38
0.8    3.54451940917072e-06    2.421336068839e-38    2.42131890395445e-38
0.900000000000001    4.97401498239284e-06    2.421336068839e-38    2.42131198143504e-38
1    6.76956678000723e-06    2.421336068839e-38    2.42130328626849e-38
1.1    8.92491077696115e-06    2.421336068839e-38    2.42129284880798e-38
1.2    1.1357236590664e-05    2.421336068839e-38    2.42128107009043e-38
1.3    1.38585968741561e-05    2.421336068839e-38    2.42126895712812e-38
1.4    1.60485013313635e-05    2.421336068839e-38    2.42125835245598e-38
1.5    1.73536812183645e-05    2.421336068839e-38    2.42125203210882e-38
1.6    1.70622225379105e-05    2.421336068839e-38    2.42125344349908e-38
1.7    1.45080198198599e-05    2.421336068839e-38    2.42126581227492e-38
1.8    9.40643783604693e-06    2.421336068839e-38    2.42129051697305e-38
1.9    2.24435231681178e-06    2.421336068839e-38    2.42132520020096e-38
2    -5.51605545215178e-06    2.421336068839e-38    2.42136278143439e-38
2.1    -1.17133673405863e-05    2.421336068839e-38    2.42139279350109e-38
2.2    -1.43125727746712e-05    2.421336068839e-38    2.42140538092842e-38
2.29999999999999    -1.2391647263945e-05    2.421336068839e-38    2.42139607826756e-38
2.39999999999999    -6.63574160354805e-06    2.421336068839e-38    2.42136820377321e-38
2.49999999999999    1.03262470232023e-06    2.421336068839e-38    2.42133106818128e-38
2.59999999999999    8.40690778373127e-06    2.421336068839e-38    2.42129535728317e-38
2.69999999999999    1.38833251446434e-05    2.421336068839e-38    2.42126883738054e-38
2.79999999999998    1.68283008741078e-05    2.421336068839e-38    2.42125457626661e-38
2.89999999999998    1.74317685133283e-05    2.421336068839e-38    2.42125165397081e-38
2.99999999999998    1.63254419328082e-05    2.421336068839e-38    2.42125701136686e-38
3.09999999999998    1.42302444397213e-05    2.421336068839e-38    2.42126715741136e-38
3.19999999999998    1.17473128741265e-05    2.421336068839e-38    2.42127918112253e-38
3.29999999999997    9.28689012545159e-06    2.421336068839e-38    2.4212910958926e-38
3.39999999999997    7.08054241087683e-06    2.421336068839e-38    2.42130178033632e-38
3.49999999999997    5.22765954313809e-06    2.421336068839e-38    2.42131075313012e-38
3.59999999999997    3.74331417271101e-06    2.421336068839e-38    2.42131794126361e-38
3.69999999999997    2.59725980064074e-06    2.421336068839e-38    2.42132349119399e-38
3.79999999999996    1.73963028660387e-06    2.421336068839e-38    2.42132764439453e-38
3.89999999999996    1.11606508431372e-06    2.421336068839e-38    2.42133066410774e-38
3.99999999999996    6.7634549200731e-07    2.421336068839e-38    2.42133279352174e-38
4.09999999999996    3.76905381210049e-07    2.421336068839e-38    2.4213342436105e-38
4.19999999999995    1.81998393810974e-07    2.421336068839e-38    2.42133518748061e-38
4.29999999999995    6.36038927250135e-08    2.421336068839e-38    2.42133576082622e-38
4.39999999999995    2.00052457799877e-10    2.421336068839e-38    2.42133606787021e-38
4.49999999999995    -2.47120877737481e-08    2.421336068839e-38    2.42133618851154e-38
4.59999999999995    -2.37266445686249e-08    2.421336068839e-38    2.42133618373936e-38
4.69999999999994    -5.8317297733561e-09    2.421336068839e-38    2.42133609708015e-38
4.79999999999994    2.24638192261754e-08    2.421336068839e-38    2.42133596005409e-38
4.89999999999994    5.5983501824083e-08    2.421336068839e-38    2.42133579772927e-38
4.99999999999994    9.1465448711327e-08    2.421336068839e-38    2.42133562590186e-38
5.09999999999994    1.26475713662483e-07    2.421336068839e-38    2.42133545635866e-38
5.19999999999993    1.59076307945056e-07    2.421336068839e-38    2.42133529848471e-38
5.29999999999993    1.88405040274405e-07    2.421336068839e-38    2.42133515645533e-38
5.39999999999993    2.13220924266363e-07    2.421336068839e-38    2.42133503628019e-38
5.49999999999993    2.33008742354693e-07    2.421336068839e-38    2.42133494045431e-38
5.59999999999993    2.47690253830804e-07    2.421336068839e-38    2.4213348693566e-38
5.69999999999992    2.56874853795822e-07    2.421336068839e-38    2.42133482487862e-38
5.79999999999992    2.60531861679896e-07    2.421336068839e-38    2.42133480716894e-38
5.89999999999992    2.5842083656826e-07    2.421336068839e-38    2.42133481739193e-38
5.99999999999992    2.50698836441247e-07    2.421336068839e-38    2.42133485478703e-38
6.09999999999991    2.37559198046978e-07    2.421336068839e-38    2.42133491841796e-38
6.19999999999991    2.19061131471677e-07    2.421336068839e-38    2.42133500799799e-38
6.29999999999991    1.9549429302573e-07    2.421336068839e-38    2.42133512212441e-38
6.39999999999991    1.67442231993116e-07    2.421336068839e-38    2.4213352579713e-38
6.49999999999991    1.35624049639562e-07    2.421336068839e-38    2.42133541205628e-38
6.5999999999999    1.01227606940045e-07    2.421336068839e-38    2.42133557862693e-38
6.6999999999999    6.55839832815422e-08    2.421336068839e-38    2.42133575123729e-38
6.7999999999999    3.11101491556227e-08    2.421336068839e-38    2.42133591818275e-38
6.8999999999999    1.06437214813634e-09    2.421336068839e-38    2.42133606368459e-38
6.9999999999999    -2.02299278745882e-08    2.421336068839e-38    2.42133616680591e-38
7.09999999999989    -2.66138450909929e-08    2.421336068839e-38    2.42133619772113e-38
7.19999999999989    -9.74390636930901e-09    2.421336068839e-38    2.42133611602554e-38
7.29999999999989    4.17876099567902e-08    2.421336068839e-38    2.42133586647531e-38
7.39999999999989    1.43263731450698e-07    2.421336068839e-38    2.42133537505981e-38
7.49999999999988    3.14861174487111e-07    2.421336068839e-38    2.42133454407004e-38
7.59999999999988    5.82876788739562e-07    2.421336068839e-38    2.42133324615946e-38
7.69999999999988    9.80635724940675e-07    2.421336068839e-38    2.42133131994635e-38
7.79999999999988    1.5492991728995e-06    2.421336068839e-38    2.42132856610268e-38
7.89999999999988    2.3381192033968e-06    2.421336068839e-38    2.42132474612075e-38
7.99999999999987    3.40065254767192e-06    2.421336068839e-38    2.42131960064966e-38
8.09999999999987    4.78900201472645e-06    2.421336068839e-38    2.42131287738344e-38
8.19999999999987    6.54084337002293e-06    2.421336068839e-38    2.42130439388623e-38
8.29999999999987    8.65660828145174e-06    2.421336068839e-38    2.42129414808616e-38
8.39999999999987    1.10644767952149e-05    2.421336068839e-38    2.42128248779835e-38
8.49999999999986    1.35738304933749e-05    2.421336068839e-38    2.42127033612051e-38
8.59999999999986    1.58260207285031e-05    2.421336068839e-38    2.42125942982225e-38
8.69999999999986    1.72695427782499e-05    2.421336068839e-38    2.42125243954959e-38
8.79999999999986    1.72019057648935e-05    2.421336068839e-38    2.42125276708218e-38
8.89999999999985    1.49373773941062e-05    2.421336068839e-38    2.42126373309819e-38
8.99999999999985    1.01256891430346e-05    2.421336068839e-38    2.42128703394282e-38
9.09999999999985    3.14698804933217e-06    2.421336068839e-38    2.42132082905561e-38
9.19999999999985    -4.64697871512645e-06    2.421336068839e-38    2.42135857273792e-38
9.29999999999985    -1.11434473696276e-05    2.421336068839e-38    2.42139003350244e-38
9.39999999999984    -1.42386729936848e-05    2.421336068839e-38    2.4214050230458e-38
9.49999999999984    -1.28405496451293e-05    2.421336068839e-38    2.42139825220946e-38
9.59999999999984    -7.44926972871121e-06    2.421336068839e-38    2.42137214347869e-38
9.69999999999984    1.13757472972479e-07    2.421336068839e-38    2.42133551794891e-38
9.79999999999984    7.6222018240889e-06    2.421336068839e-38    2.42129915729594e-38
9.89999999999983    1.33714512341321e-05    2.421336068839e-38    2.4212713161505e-38
9.99999999999983    1.66146651209513e-05    2.421336068839e-38    2.42125561079992e-38
10.0999999999998    1.74635223893577e-05    2.421336068839e-38    2.42125150020256e-38
10.1999999999998    1.65186876361454e-05    2.421336068839e-38    2.42125607557201e-38
10.2999999999998    1.45043917182271e-05    2.421336068839e-38    2.42126582984412e-38
10.3999999999998    1.20420018619997e-05    2.421336068839e-38    2.42127775407432e-38
10.4999999999998    9.5637940627745e-06    2.421336068839e-38    2.42128975496289e-38
10.5999999999998    7.32068862383418e-06    2.421336068839e-38    2.4213006174037e-38
10.6999999999998    5.42464839449798e-06    2.421336068839e-38    2.42130979918786e-38
10.7999999999998    3.89814373947923e-06    2.421336068839e-38    2.42131719148051e-38
10.8999999999998    2.71498196263043e-06    2.421336068839e-38    2.42132292110719e-38
10.9999999999998    1.82656620430108e-06    2.421336068839e-38    2.42132722339389e-38
11.0999999999998    1.17853337141308e-06    2.421336068839e-38    2.421330361595e-38
11.1999999999998    7.19689418860431e-07    2.421336068839e-38    2.42133258362161e-38
11.2999999999998    4.05801227335466e-07    2.421336068839e-38    2.4213341036775e-38
11.3999999999998    2.0019894243039e-07    2.421336068839e-38    2.42133509934135e-38
11.4999999999998    7.41915050698034e-08    2.421336068839e-38    2.42133570955389e-38
11.5999999999998    5.45660973084406e-09    2.421336068839e-38    2.42133604241442e-38
11.6999999999998    -2.33396510988155e-08    2.421336068839e-38    2.42133618186528e-38
11.7999999999998    -2.48633923740163e-08    2.421336068839e-38    2.42133618924426e-38
11.8999999999998    -8.54450640797504e-09    2.421336068839e-38    2.42133611021724e-38
11.9999999999998    1.87701881631901e-08    2.421336068839e-38    2.42133597794113e-38
12.0999999999998    5.1909013531824e-08    2.421336068839e-38    2.42133581746068e-38
12.1999999999998    8.73477802983417e-08    2.421336068839e-38    2.42133564584237e-38
12.2999999999998    1.22513834167828e-07    2.421336068839e-38    2.42133547554474e-38
12.3999999999998    1.5543696600227e-07    2.421336068839e-38    2.42133531610885e-38
12.4999999999998    1.85145464297401e-07    2.421336068839e-38    2.42133517224038e-38
12.5999999999998    2.10470648139374e-07    2.421336068839e-38    2.42133504959887e-38
12.6999999999998    2.30921180843673e-07    2.421336068839e-38    2.42133495056369e-38
12.7999999999998    2.46349598684788e-07    2.421336068839e-38    2.42133487584895e-38
12.8999999999998    2.56079514029938e-07    2.421336068839e-38    2.42133482873019e-38
12.9999999999998    2.60398291294017e-07    2.421336068839e-38    2.42133480781577e-38
13.0999999999998    2.59082527260666e-07    2.421336068839e-38    2.42133481418758e-38
13.1999999999998    2.51964673280848e-07    2.421336068839e-38    2.421334848657e-38
13.2999999999998    2.39382158410192e-07    2.421336068839e-38    2.42133490958996e-38
13.3999999999998    2.21350743924448e-07    2.421336068839e-38    2.42133499691015e-38
13.4999999999998    1.98402312117655e-07    2.421336068839e-38    2.42133510804184e-38
13.5999999999998    1.71034833117348e-07    2.421336068839e-38    2.42133524057352e-38
13.6999999999998    1.39594331350965e-07    2.421336068839e-38    2.42133539282951e-38
13.7999999999998    1.05202330468068e-07    2.421336068839e-38    2.42133555937865e-38
13.8999999999997    6.96930784379211e-08    2.421336068839e-38    2.42133573133829e-38
13.9999999999997    3.50659175741467e-08    2.421336068839e-38    2.42133589902626e-38
14.0999999999997    4.17442214832318e-09    2.421336068839e-38    2.42133604862364e-38
14.1999999999997    -1.83724571047927e-08    2.421336068839e-38    2.42133615781078e-38
14.2999999999997    -2.69164851202037e-08    2.421336068839e-38    2.42133619918671e-38
14.3999999999997    -1.32960592350607e-08    2.421336068839e-38    2.42133613322745e-38
14.4999999999997    3.36648799932908e-08    2.421336068839e-38    2.42133590581102e-38
14.5999999999997    1.28337452867627e-07    2.421336068839e-38    2.42133544734287e-38
14.6999999999997    2.90386966769609e-07    2.421336068839e-38    2.42133466259053e-38
14.7999999999997    5.455432226204e-07    2.421336068839e-38    2.42133342695347e-38
14.8999999999997    9.26159931364475e-07    2.421336068839e-38    2.42133158375425e-38
14.9999999999997    1.47274075735466e-06    2.421336068839e-38    2.42132893684887e-38
15.0999999999997    2.23323536447231e-06    2.421336068839e-38    2.42132525403647e-38
15.1999999999997    3.26080125337374e-06    2.421336068839e-38    2.42132027789911e-38
15.2999999999997    4.6086882681876e-06    2.421336068839e-38    2.42131375057559e-38
15.3999999999997    6.31721438475322e-06    2.421336068839e-38    2.42130547683416e-38
15.4999999999997    8.39259197614882e-06    2.421336068839e-38    2.42129542660876e-38
15.5999999999997    1.07734528647684e-05    2.421336068839e-38    2.42128389710105e-38
15.6999999999997    1.32856698802498e-05    2.421336068839e-38    2.4212717315504e-38
15.7999999999997    1.55926730941847e-05    2.421336068839e-38    2.42126055981284e-38
15.8999999999997    1.71648219435332e-05    2.421336068839e-38    2.4212529466608e-38
15.9999999999997    1.73114120525536e-05    2.421336068839e-38    2.42125223679744e-38
16.0999999999997    1.53310183500488e-05    2.421336068839e-38    2.42126182688179e-38
16.1999999999997    1.0814430534625e-05    2.421336068839e-38    2.42128369866391e-38
16.2999999999997    4.03783365573704e-06    2.421336068839e-38    2.42131651501341e-38
16.3999999999998    -3.76049064950213e-06    2.421336068839e-38    2.42135427973077e-38
16.4999999999998    -1.0526020263754e-05    2.421336068839e-38    2.42138704344061e-38
16.5999999999998    -1.41017750979737e-05    2.421336068839e-38    2.42140436007538e-38
16.6999999999998    -1.32335978709168e-05    2.421336068839e-38    2.42140015566279e-38
16.7999999999998    -8.23271154393843e-06    2.421336068839e-38    2.42137593749003e-38
16.8999999999998    -8.06425478261785e-07    2.421336068839e-38    2.42133997409634e-38
16.9999999999999    6.81233862080573e-06    2.421336068839e-38    2.4213030791413e-38
17.0999999999999    1.28245043636874e-05    2.421336068839e-38    2.42127396476549e-38
17.1999999999999    1.63678456675288e-05    2.421336068839e-38    2.42125680602619e-38
17.2999999999999    1.74707677328638e-05    2.421336068839e-38    2.42125146511696e-38
17.3999999999999    1.6697474030546e-05    2.421336068839e-38    2.42125520979688e-38
17.4999999999999    1.4772807104839e-05    2.421336068839e-38    2.42126453003446e-38
17.6    1.23365429200897e-05    2.421336068839e-38    2.42127632774332e-38
17.7    9.84418234110422e-06    2.421336068839e-38    2.42128839716074e-38
17.8    7.56561819388047e-06    2.421336068839e-38    2.42129943130775e-38
17.9    5.62657398521914e-06    2.421336068839e-38    2.42130882133924e-38
18    4.0577136885698e-06    2.421336068839e-38    2.42131641874171e-38
18.1    2.83685740614251e-06    2.421336068839e-38    2.42132233090765e-38
18.2    1.91683230186147e-06    2.421336068839e-38    2.42132678626641e-38
18.3000000000001    1.24341029740309e-06    2.421336068839e-38    2.42133004741808e-38
18.4000000000001    7.64876651089034e-07    2.421336068839e-38    2.42133236479498e-38
18.5000000000001    4.36162656553886e-07    2.421336068839e-38    2.42133395664717e-38
18.6000000000001    2.19720747131285e-07    2.421336068839e-38    2.42133500480369e-38
18.7000000000001    8.56887484490438e-08    2.421336068839e-38    2.42133565387652e-38
18.8000000000001    1.10147128662218e-08    2.421336068839e-38    2.42133601549835e-38
18.9000000000002    -2.17132328722766e-08    2.421336068839e-38    2.42133617398907e-38
19.0000000000002    -2.58062184541386e-08    2.421336068839e-38    2.42133619381005e-38
19.1000000000002    -1.09907040223205e-08    2.421336068839e-38    2.42133612206337e-38
19.2000000000002    1.53138106849005e-08    2.421336068839e-38    2.42133599467923e-38
19.3000000000002    4.78656796168352e-08    2.421336068839e-38    2.42133583704121e-38
19.4000000000002    8.31426435669771e-08    2.421336068839e-38    2.42133566620647e-38
19.5000000000002    1.18387181068413e-07    2.421336068839e-38    2.42133549552876e-38
19.6000000000003    1.51776512515658e-07    2.421336068839e-38    2.42133533383522e-38
19.7000000000003    1.81849839152252e-07    2.421336068839e-38    2.42133518820001e-38
19.8000000000003    2.07772813770806e-07    2.421336068839e-38    2.42133506266359e-38
19.9000000000003    2.28854048237754e-07    2.421336068839e-38    2.42133496057413e-38
20.0000000000003    2.44848287918314e-07    2.421336068839e-38    2.4213348831193e-38
20.1000000000003    2.55345513023583e-07    2.421336068839e-38    2.42133483228471e-38
20.2000000000004    2.60052839909689e-07    2.421336068839e-38    2.42133480948868e-38
20.3000000000004    2.59511951392364e-07    2.421336068839e-38    2.42133481210803e-38
20.4000000000004    2.53142126977873e-07    2.421336068839e-38    2.42133484295498e-38
20.5000000000004    2.41104969506768e-07    2.421336068839e-38    2.42133490124696e-38
20.6000000000004    2.23769249675925e-07    2.421336068839e-38    2.42133498519813e-38
20.7000000000004    2.01361322024164e-07    2.421336068839e-38    2.42133509371233e-38
20.8000000000005    1.74378513140399e-07    2.421336068839e-38    2.42133522438118e-38
20.9000000000005    1.4344551887787e-07    2.421336068839e-38    2.42133537417948e-38
21.0000000000005    1.09374755157968e-07    2.421336068839e-38    2.42133553917297e-38
21.1000000000005    7.38249915102286e-08    2.421336068839e-38    2.42133571132879e-38
21.2000000000005    3.89179341154438e-08    2.421336068839e-38    2.42133588037221e-38
21.3000000000005    7.49021338697464e-09    2.421336068839e-38    2.42133603256635e-38
21.4000000000005    -1.6401348714097e-08    2.421336068839e-38    2.42133614826535e-38
21.5000000000006    -2.68497518158834e-08    2.421336068839e-38    2.42133619886354e-38
21.6000000000006    -1.624964644904e-08    2.421336068839e-38    2.42133614753071e-38
21.7000000000006    2.59883916815838e-08    2.421336068839e-38    2.42133594298574e-38
21.8000000000006    1.141909299804e-07    2.421336068839e-38    2.42133551584982e-38
21.9000000000006    2.67277460714082e-07    2.421336068839e-38    2.42133477450223e-38
22.0000000000006    5.09975993219223e-07    2.421336068839e-38    2.42133359919372e-38
22.1000000000007    8.7414012693558e-07    2.421336068839e-38    2.42133183566866e-38
22.2000000000007    1.39896974909198e-06    2.421336068839e-38    2.42132929409665e-38
22.3000000000007    2.13165640649805e-06    2.421336068839e-38    2.42132574594791e-38
22.4000000000007    3.12545257897712e-06    2.421336068839e-38    2.42132093334418e-38
22.5000000000007    4.43353681209376e-06    2.421336068839e-38    2.42131459876899e-38
22.6000000000007    6.0986341088237e-06    2.421336068839e-38    2.42130653533363e-38
22.7000000000007    8.13276050415039e-06    2.421336068839e-38    2.4212966848666e-38
22.8000000000008    1.0484301558537e-05    2.421336068839e-38    2.42128529733626e-38
22.9000000000008    1.29950695416104e-05    2.421336068839e-38    2.42127313879558e-38
23.0000000000008    1.53495366594655e-05    2.421336068839e-38    2.42126173720644e-38
23.1000000000008    1.70406880416661e-05    2.421336068839e-38    2.42125354778002e-38
23.2000000000008    1.73916308968448e-05    2.421336068839e-38    2.42125184833735e-38
23.3000000000008    1.56895369707264e-05    2.421336068839e-38    2.42126009074752e-38
23.4000000000009    1.1471157895084e-05    2.421336068839e-38    2.4212805184195e-38
23.5000000000009    4.91369072036978e-06    2.421336068839e-38    2.42131227356277e-38
23.6000000000009    -2.86002235806785e-06    2.421336068839e-38    2.42134991902919e-38
23.7000000000009    -9.86419776966058e-06    2.421336068839e-38    2.4213838383859e-38
23.8000000000009    -1.39025113559335e-05    2.421336068839e-38    2.42140339507939e-38
23.9000000000009    -1.35686398372199e-05    2.421336068839e-38    2.42140177820467e-38
24.000000000001    -8.98248804610986e-06    2.421336068839e-38    2.42137956847432e-38
24.100000000001    -1.72473201975229e-06    2.421336068839e-38    2.4213444211651e-38
24.200000000001    5.97947884506205e-06    2.421336068839e-38    2.42130711235654e-38
24.300000000001    1.22430288439133e-05    2.421336068839e-38    2.4212767805902e-38
24.400000000001    1.60872190414046e-05    2.421336068839e-38    2.42125816496483e-38
24.500000000001    1.74522569769462e-05    2.421336068839e-38    2.42125155475536e-38
24.600000000001    1.68607692337325e-05    2.421336068839e-38    2.42125441903829e-38
24.7000000000011    1.50345215703077e-05    2.421336068839e-38    2.42126326267489e-38
24.8000000000011    1.26304767043043e-05    2.421336068839e-38    2.42127490435391e-38
24.9000000000011    1.01275500947021e-05    2.421336068839e-38    2.42128702493102e-38
25.0000000000011    7.8153482554929e-06    2.421336068839e-38    2.42129822196554e-38
25.1000000000011    5.83366459910414e-06    2.421336068839e-38    2.42130781847878e-38
25.2000000000011    4.22205078971211e-06    2.421336068839e-38    2.4213156229176e-38
25.3000000000012    2.96274618128477e-06    2.421336068839e-38    2.42132172127312e-38
25.4000000000012    2.0104017799041e-06    2.421336068839e-38    2.42132633314188e-38
25.5000000000012    1.31090772666294e-06    2.421336068839e-38    2.42132972055099e-38
25.6000000000012    8.12295764151491e-07    2.421336068839e-38    2.42133213516013e-38
25.7000000000012    4.68071749972686e-07    2.421336068839e-38    2.42133380212203e-38
25.8000000000012    2.4016259782766e-07    2.421336068839e-38    2.42133490581055e-38
25.9000000000012    9.78226903195979e-08    2.421336068839e-38    2.42133559511583e-38
26.0000000000013    1.73438653883292e-08    2.421336068839e-38    2.42133598484834e-38
26.1000000000013    -1.94484997193284e-08    2.421336068839e-38    2.42133616302171e-38
26.2000000000013    -2.64074539792009e-08    2.421336068839e-38    2.42133619672164e-38
26.3000000000013    -1.35828927107179e-08    2.421336068839e-38    2.42133613461649e-38
26.4000000000013    1.16498033025429e-08    2.421336068839e-38    2.42133601242282e-38
26.5000000000013    4.39278737036282e-08    2.421336068839e-38    2.42133585611071e-38
26.6000000000014    7.90311031458145e-08    2.421336068839e-38    2.4213356861173e-38
26.7000000000014    1.14436184262064e-07    2.421336068839e-38    2.42133551466214e-38
26.8000000000014    1.48191134238131e-07    2.421336068839e-38    2.42133535119803e-38
26.9000000000014    1.7858776664417e-07    2.421336068839e-38    2.42133520399715e-38
27.0000000000014    2.04964535340525e-07    2.421336068839e-38    2.42133507626315e-38
27.1000000000014    2.2655561452231e-07    2.421336068839e-38    2.42133497170468e-38
27.2000000000015    2.43283762196068e-07    2.421336068839e-38    2.42133489069579e-38
27.3000000000015    2.5440710974951e-07    2.421336068839e-38    2.42133483682909e-38
27.4000000000015    2.59887890949285e-07    2.421336068839e-38    2.42133481028747e-38
27.5000000000015    2.59907853517921e-07    2.421336068839e-38    2.4213348101908e-38
27.6000000000015    2.54025458151388e-07    2.421336068839e-38    2.4213348386773e-38
27.7000000000015    2.42859742902592e-07    2.421336068839e-38    2.42133489274917e-38
27.8000000000015    2.26110857508894e-07    2.421336068839e-38    2.42133497385849e-38
27.9000000000016    2.04259814392221e-07    2.421336068839e-38    2.42133507967589e-38
28.0000000000016    1.77809024259984e-07    2.421336068839e-38    2.42133520776834e-38
28.1000000000016    1.47049282402868e-07    2.421336068839e-38    2.42133535672764e-38
28.2000000000016    1.13439200276681e-07    2.421336068839e-38    2.4213355194902e-38
28.3000000000016    7.81053329067159e-08    2.421336068839e-38    2.42133569060051e-38
28.4000000000016    4.29881013762118e-08    2.421336068839e-38    2.42133586066172e-38
28.5000000000017    1.08524959890734e-08    2.421336068839e-38    2.42133601628392e-38
28.6000000000017    -1.42170542303499e-08    2.421336068839e-38    2.42133613768753e-38
28.7000000000017    -2.65046391115795e-08    2.421336068839e-38    2.42133619719228e-38
28.8000000000017    -1.88498592849571e-08    2.421336068839e-38    2.42133616012269e-38
28.9000000000017    1.89817581735664e-08    2.421336068839e-38    2.42133597691657e-38
29.0000000000017    1.00891107649279e-07    2.421336068839e-38    2.42133558025649e-38
29.1000000000017    2.45342860441922e-07    2.421336068839e-38    2.42133488072425e-38
29.2000000000018    4.76189420217475e-07    2.421336068839e-38    2.42133376281086e-38
29.3000000000018    8.24144151030978e-07    2.421336068839e-38    2.42133207778237e-38
29.4000000000018    1.32804183148916e-06    2.421336068839e-38    2.42132963757636e-38
29.5000000000018    2.03385129345048e-06    2.421336068839e-38    2.42132621958404e-38
29.6000000000018    2.9942566142258e-06    2.421336068839e-38    2.42132156867933e-38
29.7000000000018    4.26315171998576e-06    2.421336068839e-38    2.42131542388096e-38
29.8000000000019    5.88527072015458e-06    2.421336068839e-38    2.42130756857019e-38
29.9000000000019    7.87730636724867e-06    2.421336068839e-38    2.42129792192743e-38
30.0000000000019    1.01976183091097e-05    2.421336068839e-38    2.42128668562053e-38
30.1000000000019    1.27025544617024e-05    2.421336068839e-38    2.42127455531381e-38
30.2000000000019    1.50974863508618e-05    2.421336068839e-38    2.42126295776629e-38
30.3000000000019    1.68984128796971e-05    2.421336068839e-38    2.4212542367486e-38
30.400000000002    1.744367261457e-05    2.421336068839e-38    2.42125159632516e-38
30.500000000002    1.60130948378911e-05    2.421336068839e-38    2.42125852391252e-38
30.600000000002    1.20949438753853e-05    2.421336068839e-38    2.4212774976997e-38
30.700000000002    5.77189628817446e-06    2.421336068839e-38    2.42130811759899e-38
30.800000000002    -1.94941689803526e-06    2.421336068839e-38    2.4213455092443e-38
30.900000000002    -9.16107699236671e-06    2.421336068839e-38    2.42138043333772e-38
31.000000000002    -1.36418327328409e-05    2.421336068839e-38    2.42140213266351e-38
31.1000000000021    -1.38441693090657e-05    2.421336068839e-38    2.42140311254014e-38
31.2000000000021    -9.69526360382593e-06    2.421336068839e-38    2.42138302027712e-38
31.3000000000021    -2.6372631060816e-06    2.421336068839e-38    2.42134884027324e-38
31.4000000000021    5.12603084374299e-06    2.421336068839e-38    2.4213112452795e-38
31.5000000000021    1.16274724313989e-05    2.421336068839e-38    2.42127976145693e-38
31.6000000000021    1.57722105111032e-05    2.421336068839e-38    2.42125969039926e-38
31.7000000000022    1.74068821435893e-05    2.421336068839e-38    2.42125177448314e-38
31.8000000000022    1.7007442774902e-05    2.421336068839e-38    2.42125370877047e-38
31.9000000000022    1.52884596602605e-05    2.421336068839e-38    2.42126203297327e-38
32.0000000000022    1.29233577679599e-05    2.421336068839e-38    2.42127348606319e-38
32.1000000000022    1.04137377695077e-05    2.421336068839e-38    2.42128563904641e-38
32.2000000000022    8.06967253858746e-06    2.421336068839e-38    2.42129699037598e-38
32.3000000000021    6.04574086713508e-06    2.421336068839e-38    2.42130679147515e-38
32.4000000000021    4.39121093942306e-06    2.421336068839e-38    2.42131480373751e-38
32.5000000000021    3.0928867862079e-06    2.421336068839e-38    2.42132109104866e-38
32.6000000000021    2.1073320342144e-06    2.421336068839e-38    2.42132586374237e-38
32.7000000000021    1.38129841450932e-06    2.421336068839e-38    2.42132937967289e-38
32.800000000002    8.61764568049425e-07    2.421336068839e-38    2.42133189559933e-38
32.900000000002    5.01438742419283e-07    2.421336068839e-38    2.42133364053679e-38
33.000000000002    2.61745073109661e-07    2.421336068839e-38    2.42133480129375e-38
33.100000000002    1.11021317908678e-07    2.421336068839e-38    2.42133553119921e-38
33.200000000002    2.42736159579799e-08    2.421336068839e-38    2.42133595128983e-38
33.3000000000019    -1.71159960301309e-08    2.421336068839e-38    2.42133615172615e-38
33.4000000000019    -2.67662180642989e-08    2.421336068839e-38    2.42133619845902e-38
33.5000000000019    -1.56614162668419e-08    2.421336068839e-38    2.4213361446821e-38
33.6000000000019    8.33897219642101e-09    2.421336068839e-38    2.42133602845609e-38
33.7000000000019    3.99522942173915e-08    2.421336068839e-38    2.42133587536314e-38
33.8000000000018    7.48475793064612e-08    2.421336068839e-38    2.42133570637674e-38
33.9000000000018    1.10473899762501e-07    2.421336068839e-38    2.42133553385018e-38
34.0000000000018    1.44538816659445e-07    2.421336068839e-38    2.421335368885e-38
34.1000000000018    1.75073540958696e-07    2.421336068839e-38    2.42133522101539e-38
34.2000000000018    2.02320110867464e-07    2.421336068839e-38    2.42133508906923e-38
34.3000000000017    2.24308100687144e-07    2.421336068839e-38    2.42133498258865e-38
34.4000000000017    2.41490348061946e-07    2.421336068839e-38    2.4213348993807e-38
34.5000000000017    2.53617889397025e-07    2.421336068839e-38    2.42133484065102e-38
34.6000000000017    2.5942425178507e-07    2.421336068839e-38    2.42133481253273e-38
34.7000000000017    2.60378670333466e-07    2.421336068839e-38    2.42133480791079e-38
34.8000000000016    2.55003772655836e-07    2.421336068839e-38    2.42133483393965e-38
34.9000000000016    2.44601290821639e-07    2.421336068839e-38    2.42133488431543e-38
35.0000000000016    2.28591348495831e-07    2.421336068839e-38    2.42133496184629e-38
35.1000000000016    2.07051200304962e-07    2.421336068839e-38    2.42133506615812e-38
35.2000000000016    1.81199442648096e-07    2.421336068839e-38    2.42133519134966e-38
35.3000000000015    1.50677281906288e-07    2.421336068839e-38    2.42133533915843e-38
35.4000000000015    1.17646636352647e-07    2.421336068839e-38    2.42133549911497e-38
35.5000000000015    8.22483632378388e-08    2.421336068839e-38    2.42133567053717e-38
35.6000000000015    4.68114315337514e-08    2.421336068839e-38    2.42133584214659e-38
35.7000000000015    1.45523294036221e-08    2.421336068839e-38    2.42133599836684e-38
35.8000000000014    -1.17043227494452e-08    2.421336068839e-38    2.42133612551919e-38
35.9000000000014    -2.6056189421719e-08    2.421336068839e-38    2.42133619502058e-38
36.0000000000014    -2.09102492492813e-08    2.421336068839e-38    2.42133617010048e-38
36.1000000000014    1.26048617985353e-08    2.421336068839e-38    2.42133600779778e-38
36.2000000000014    8.84142182342649e-08    2.421336068839e-38    2.42133564067796e-38
36.3000000000013    2.2464049494298e-07    2.421336068839e-38    2.42133498097897e-38
36.4000000000013    4.43948801368194e-07    2.421336068839e-38    2.42133391894146e-38
36.5000000000013    7.76337666760117e-07    2.421336068839e-38    2.42133230929313e-38
36.6000000000013    1.25974347865624e-06    2.421336068839e-38    2.42132996832204e-38
36.7000000000013    1.93950742952124e-06    2.421336068839e-38    2.42132667645862e-38
36.8000000000012    2.86734050587463e-06    2.421336068839e-38    2.42132218328883e-38
36.9000000000012    4.09768311471828e-06    2.421336068839e-38    2.42131622518446e-38
37.0000000000012    5.67699824117804e-06    2.421336068839e-38    2.42130857715386e-38
37.1000000000012    7.62644711725466e-06    2.421336068839e-38    2.42129913673769e-38
37.2000000000012    9.91346959634788e-06    2.421336068839e-38    2.42128806163191e-38
37.3000000000011    1.24089048557607e-05    2.421336068839e-38    2.42127597732686e-38
37.4000000000011    1.48377062953896e-05    2.421336068839e-38    2.42126421575827e-38
37.5000000000011    1.67390567257266e-05    2.421336068839e-38    2.42125500843225e-38
37.6000000000011    1.74685977261989e-05    2.421336068839e-38    2.42125147562523e-38
37.7000000000011    1.63020997944074e-05    2.421336068839e-38    2.4212571244015e-38
37.800000000001    1.26848693480851e-05    2.421336068839e-38    2.42127464095484e-38
37.900000000001    6.6099698604037e-06    2.421336068839e-38    2.4213040591337e-38
38.000000000001    -1.03227252761244e-06    2.421336068839e-38    2.42134106780156e-38
38.100000000001    -8.42014074140115e-06    2.421336068839e-38    2.4213768451633e-38
38.200000000001    -1.33214025725355e-05    2.421336068839e-38    2.42140058088346e-38
38.3000000000009    -1.40584280062416e-05    2.421336068839e-38    2.42140415015372e-38
38.4000000000009    -1.03673635306945e-05    2.421336068839e-38    2.42138627510201e-38
38.5000000000009    -3.54057439105035e-06    2.421336068839e-38    2.42135321474066e-38
38.6000000000009    4.25438537471136e-06    2.421336068839e-38    2.42131546633313e-38
38.7000000000009    1.09786770506407e-05    2.421336068839e-38    2.42128290328922e-38
38.8000000000008    1.54224079508488e-05    2.421336068839e-38    2.42126138432553e-38
38.9000000000008    1.73337531578276e-05    2.421336068839e-38    2.42125212861054e-38
39.0000000000008    1.7136175446909e-05    2.421336068839e-38    2.42125308538163e-38
39.1000000000008    1.55337314271483e-05    2.421336068839e-38    2.42126084523912e-38
39.2000000000008    1.32145302424898e-05    2.421336068839e-38    2.42127207604721e-38
39.3000000000008    1.07023082166929e-05    2.421336068839e-38    2.42128424162386e-38
39.4000000000007    8.32830694762508e-06    2.421336068839e-38    2.42129573791487e-38
39.5000000000007    6.26313098322416e-06    2.421336068839e-38    2.42130573873905e-38
39.6000000000007    4.5652688800662e-06    2.421336068839e-38    2.42131396083952e-38
39.7000000000007    3.22706415289623e-06    2.421336068839e-38    2.42132044127577e-38
39.8000000000007    2.20791287012484e-06    2.421336068839e-38    2.42132537666446e-38
39.9000000000006    1.45442774882414e-06    2.421336068839e-38    2.4213290255325e-38
40.0000000000006    9.1340299720549e-07    2.421336068839e-38    2.42133164553179e-38
40.1000000000006    5.36624140240933e-07    2.421336068839e-38    2.42133347014562e-38
40.2000000000006    2.84534319948377e-07    2.421336068839e-38    2.42133469093296e-38
40.3000000000006    1.25002265598797e-07    2.421336068839e-38    2.42133546349408e-38
40.4000000000005    3.18451271182727e-08    2.421336068839e-38    2.42133591462349e-38
40.5000000000005    -1.41740917257945e-08    2.421336068839e-38    2.42133613747948e-38
40.6000000000005    -2.66180839826898e-08    2.421336068839e-38    2.42133619774165e-38
40.7000000000005    -1.74825624509812e-08    2.421336068839e-38    2.42133615350132e-38
40.8000000000005    4.61685831569161e-09    2.421336068839e-38    2.42133604648106e-38
40.9000000000004    3.65092440458476e-08    2.421336068839e-38    2.4213358920367e-38
41.0000000000004    7.11513807841384e-08    2.421336068839e-38    2.42133572427621e-38
41.1000000000004    1.06036396742124e-07    2.421336068839e-38    2.42133555533955e-38
41.2000000000004    1.41467866052965e-07    2.421336068839e-38    2.4213353837566e-38
41.3000000000004    1.71299057938088e-07    2.421336068839e-38    2.42133523929396e-38
41.4000000000003    1.99813342600205e-07    2.421336068839e-38    2.42133510120868e-38
41.5000000000003    2.22498219365381e-07    2.421336068839e-38    2.42133499135331e-38
41.6000000000003    2.39488921771991e-07    2.421336068839e-38    2.42133490907294e-38
41.7000000000003    2.53361509445836e-07    2.421336068839e-38    2.42133484189258e-38
41.8000000000003    2.58694730378205e-07    2.421336068839e-38    2.42133481606556e-38
41.9000000000002    2.61288701820553e-07    2.421336068839e-38    2.42133480350381e-38
42.0000000000002    2.55731782099211e-07    2.421336068839e-38    2.42133483041414e-38
42.1000000000002    2.46155700248458e-07    2.421336068839e-38    2.42133487678794e-38
42.2000000000002    2.3122484423625e-07    2.421336068839e-38    2.42133494909314e-38
42.3000000000002    2.09594145107925e-07    2.421336068839e-38    2.42133505384348e-38
42.4000000000001    1.85432556275987e-07    2.421336068839e-38    2.42133517085009e-38
42.5000000000001    1.54180569279867e-07    2.421336068839e-38    2.42133532219316e-38
42.6000000000001    1.21856604718283e-07    2.421336068839e-38    2.42133547872748e-38
42.7000000000001    8.68330222299585e-08    2.421336068839e-38    2.42133564833517e-38
42.8000000000001    5.06301332506516e-08    2.421336068839e-38    2.42133582365387e-38
42.9    1.85220924057991e-08    2.421336068839e-38    2.42133597914258e-38
43    -9.11012676791089e-09    2.421336068839e-38    2.42133611295635e-38
43.1    -2.5273064339083e-08    2.421336068839e-38    2.42133619122816e-38
43.2    -2.24947057596497e-08    2.421336068839e-38    2.42133617777348e-38
43.3    6.88883617693212e-09    2.421336068839e-38    2.42133603547862e-38
43.3999999999999    7.68102540449938e-08    2.421336068839e-38    2.42133569687215e-38
43.4999999999999    2.05139703527477e-07    2.421336068839e-38    2.42133507541487e-38
43.5999999999999    4.13260433217363e-07    2.421336068839e-38    2.42133406755504e-38
43.6999999999999    7.30614182431081e-07    2.421336068839e-38    2.42133253071664e-38
43.7999999999999    1.1941997596017e-06    2.421336068839e-38    2.421330285728e-38
43.8999999999998    1.8484646284399e-06    2.421336068839e-38    2.42132711734739e-38
43.9999999999998    2.74464276219377e-06    2.421336068839e-38    2.42132277747044e-38
44.0999999999998    3.93707008112697e-06    2.421336068839e-38    2.42131700297447e-38
44.1999999999998    5.47371175183573e-06    2.421336068839e-38    2.4213095615927e-38
44.2999999999998    7.38062097147392e-06    2.421336068839e-38    2.42130032717525e-38
44.3999999999997    9.63243434590781e-06    2.421336068839e-38    2.42128942256689e-38
44.4999999999997    1.2114352471145e-05    2.421336068839e-38    2.42127740371251e-38
44.5999999999997    1.45711207951264e-05    2.421336068839e-38    2.42126550670648e-38
44.6999999999997    1.65640437474206e-05    2.421336068839e-38    2.4212558559345e-38
44.7999999999997    1.74675833249907e-05    2.421336068839e-38    2.42125148053747e-38
44.8999999999996    1.6557030950122e-05    2.421336068839e-38    2.42125588989406e-38
44.9999999999996    1.32400946482233e-05    2.421336068839e-38    2.42127195225045e-38
45.0999999999996    7.42538175849408e-06    2.421336068839e-38    2.42130011041665e-38
45.1999999999996    -1.12414685699947e-07    2.421336068839e-38    2.42133661322652e-38
45.2999999999996    -7.64480852812161e-06    2.421336068839e-38    2.42137309042328e-38
45.3999999999995    -1.29426656127e-05    2.421336068839e-38    2.42139874673636e-38
45.4999999999995    -1.42107115860707e-05    2.421336068839e-38    2.42140488763401e-38
45.5999999999995    -1.09955740752159e-05    2.421336068839e-38    2.42138931738471e-38
45.6999999999995    -4.43042027397007e-06    2.421336068839e-38    2.42135752400687e-38
45.7999999999995    3.36738092874626e-06    2.421336068839e-38    2.42131976177211e-38
45.8999999999994    1.02979663267331e-05    2.421336068839e-38    2.42128619967794e-38
45.9999999999994    1.50373879582903e-05    2.421336068839e-38    2.42126324879433e-38
46.0999999999994    1.72317188099932e-05    2.421336068839e-38    2.42125262271235e-38
46.1999999999994    1.72457991078852e-05    2.421336068839e-38    2.42125255452843e-38
46.2999999999994    1.57694674999619e-05    2.421336068839e-38    2.42125970368235e-38
46.3999999999993    1.35031802671569e-05    2.421336068839e-38    2.42127067824713e-38
46.4999999999993    1.09928596057656e-05    2.421336068839e-38    2.42128283460927e-38
46.5999999999993    8.5913471878339e-06    2.421336068839e-38    2.42129446411878e-38
46.6999999999993    6.48542977455744e-06    2.421336068839e-38    2.42130466223261e-38
46.7999999999993    4.74410688282281e-06    2.421336068839e-38    2.42131309479377e-38
46.8999999999992    3.36565157187084e-06    2.421336068839e-38    2.42131977014676e-38
46.9999999999992    2.31193663901282e-06    2.421336068839e-38    2.42132487291373e-38
47.0999999999992    1.53070264810829e-06    2.421336068839e-38    2.42132865615928e-38
47.1999999999992    9.67557010271566e-07    2.421336068839e-38    2.42133138328215e-38
47.2999999999992    5.73370636114078e-07    2.421336068839e-38    2.42133329219458e-38
47.3999999999991    3.0825531765577e-07    2.421336068839e-38    2.42133457606002e-38
47.4999999999991    1.40464136629642e-07    2.421336068839e-38    2.42133538861733e-38
47.5999999999991    4.09441781911968e-08    2.421336068839e-38    2.42133587055977e-38
47.6999999999991    -1.14459434121496e-08    2.421336068839e-38    2.42133612426795e-38
47.7999999999991    -2.61124275265189e-08    2.421336068839e-38    2.42133619529292e-38
47.899999999999    -1.76722991834987e-08    2.421336068839e-38    2.42133615442015e-38
47.999999999999    6.90463568949848e-10    2.421336068839e-38    2.42133606549531e-38
48.099999999999    3.376264918024e-08    2.421336068839e-38    2.42133590533756e-38
48.199999999999    6.84905214604146e-08    2.421336068839e-38    2.42133573716188e-38
48.299999999999    1.00684209947871e-07    2.421336068839e-38    2.42133558125843e-38
48.3999999999989    1.40442535446793e-07    2.421336068839e-38    2.42133538872194e-38
48.4999999999989    1.67216516501189e-07    2.421336068839e-38    2.42133525906437e-38
48.5999999999989    1.97582305841841e-07    2.421336068839e-38    2.42133511201286e-38
48.6999999999989    2.22401547836403e-07    2.421336068839e-38    2.42133499182146e-38
48.7999999999989    2.36481865631818e-07    2.421336068839e-38    2.42133492363512e-38
48.8999999999988    2.55680778036987e-07    2.421336068839e-38    2.42133483066113e-38
48.9999999999988    2.56691521167885e-07    2.421336068839e-38    2.42133482576644e-38
49.0999999999988    2.63831687538761e-07    2.421336068839e-38    2.42133479118897e-38
49.1999999999988    2.57300137988994e-07    2.421336068839e-38    2.42133482281911e-38
49.2999999999988    2.4765414664198e-07    2.421336068839e-38    2.42133486953146e-38
49.3999999999987    2.36143032556905e-07    2.421336068839e-38    2.42133492527598e-38
49.4999999999987    2.10343099511908e-07    2.421336068839e-38    2.42133505021654e-38
49.5999999999987    1.91476898602627e-07    2.421336068839e-38    2.42133514157933e-38
49.6999999999987    1.57798315096359e-07    2.421336068839e-38    2.42133530467361e-38
49.7999999999987    1.26483196268549e-07    2.421336068839e-38    2.42133545632242e-38
49.8999999999986    9.28898011725246e-08    2.421336068839e-38    2.42133561900419e-38
49.9999999999986    5.35145830299002e-08    2.421336068839e-38    2.42133580968543e-38
50.0999999999986    2.39093115140677e-08    2.421336068839e-38    2.42133595305404e-38
50.1999999999986    -5.63739539686351e-09    2.421336068839e-38    2.42133609613905e-38
50.2999999999986    -2.49562834230468e-08    2.421336068839e-38    2.4213361896941e-38
50.3999999999985    -2.26895774964056e-08    2.421336068839e-38    2.42133617871718e-38
50.4999999999985    2.2716475509931e-09    2.421336068839e-38    2.42133605783815e-38
50.5999999999985    6.55583305602402e-08    2.421336068839e-38    2.42133575136152e-38
50.6999999999985    1.86975638123477e-07    2.421336068839e-38    2.42133516337745e-38
50.7999999999985    3.84635168050671e-07    2.421336068839e-38    2.4213342061777e-38
50.8999999999984    6.86969792960677e-07    2.421336068839e-38    2.42133274207181e-38
50.9999999999984    1.13100712664901e-06    2.421336068839e-38    2.42133059174849e-38
51.0999999999984    1.76094055087476e-06    2.421336068839e-38    2.42132754119627e-38
51.1999999999984    2.62639574928378e-06    2.421336068839e-38    2.42132335009888e-38
51.2999999999984    3.78132118616451e-06    2.421336068839e-38    2.42131775720949e-38
51.3999999999983    5.27587271870426e-06    2.421336068839e-38    2.42131051965197e-38
51.4999999999983    7.1394432250704e-06    2.421336068839e-38    2.42130149510305e-38
51.5999999999983    9.35521384339979e-06    2.421336068839e-38    2.4212907650294e-38
51.6999999999983    1.18202186074903e-05    2.421336068839e-38    2.42127882807228e-38
51.7999999999983    1.4298695682528e-05    2.421336068839e-38    2.42126682593389e-38
51.8999999999982    1.63746150295029e-05    2.421336068839e-38    2.42125677324546e-38
51.9999999999982    1.74416924936773e-05    2.421336068839e-38    2.4212516059139e-38
52.0999999999982    1.67781940847382e-05    2.421336068839e-38    2.42125481890921e-38
52.1999999999982    1.37598499454801e-05    2.421336068839e-38    2.42126943531391e-38
52.2999999999982    8.21572384343635e-06    2.421336068839e-38    2.42129628310892e-38
52.3999999999981    8.06243068465896e-07    2.421336068839e-38    2.4213321644713e-38
52.4999999999981    -6.83967500013652e-06    2.421336068839e-38    2.4213691913691e-38
52.5999999999981    -1.25083380071213e-05    2.421336068839e-38    2.42139664337664e-38
52.6999999999981    -1.42998759321264e-05    2.421336068839e-38    2.42140531944002e-38
52.7999999999981    -1.15757164476949e-05    2.421336068839e-38    2.42139212688742e-38
52.899999999998    -5.30221928124143e-06    2.421336068839e-38    2.42136174588472e-38
52.999999999998    2.46843799129221e-06    2.421336068839e-38    2.42132411503262e-38
53.099999999998    9.58690295059535e-06    2.421336068839e-38    2.42128964305627e-38
53.199999999998    1.46177149285531e-05    2.421336068839e-38    2.42126528107295e-38
53.299999999998    1.70998362187678e-05    2.421336068839e-38    2.42125326135457e-38
53.3999999999979    1.73351695360321e-05    2.421336068839e-38    2.42125212175172e-38
53.4999999999979    1.59945481399397e-05    2.421336068839e-38    2.42125861372522e-38
53.5999999999979    1.37883432675906e-05    2.421336068839e-38    2.4212692973339e-38
53.6999999999979    1.12847834206439e-05    2.421336068839e-38    2.42128142094943e-38
53.7999999999979    8.85832728648181e-06    2.421336068839e-38    2.42129317124426e-38
53.8999999999978    6.71272815293841e-06    2.421336068839e-38    2.42130356151561e-38
53.9999999999978    4.92767538770746e-06    2.421336068839e-38    2.42131220584028e-38
54.0999999999978    3.50806972452207e-06    2.421336068839e-38    2.42131908046708e-38
54.1999999999978    2.41943109284977e-06    2.421336068839e-38    2.4213243523558e-38
54.2999999999978    1.61039874388513e-06    2.421336068839e-38    2.42132827021843e-38
54.3999999999977    1.02538674049829e-06    2.421336068839e-38    2.42133110323229e-38
54.4999999999977    6.12124239584577e-07    2.421336068839e-38    2.42133310452381e-38
54.5999999999977    3.31934974571775e-07    2.421336068839e-38    2.42133446138728e-38
54.6999999999977    1.58226141808201e-07    2.421336068839e-38    2.42133530260179e-38
54.7999999999977    5.40471301181284e-08    2.421336068839e-38    2.42133580710648e-38
54.8999999999976    -9.58151810200049e-09    2.421336068839e-38    2.42133611523915e-38
54.9999999999976    -2.50675965059251e-08    2.421336068839e-38    2.42133619023315e-38
55.0999999999976    -1.18018184471348e-08    2.421336068839e-38    2.42133612599133e-38
55.1999999999976    -5.31362481886311e-09    2.421336068839e-38    2.42133609457114e-38
55.2999999999976    3.24953748842067e-08    2.421336068839e-38    2.42133591147455e-38
55.3999999999975    7.28214265049793e-08    2.421336068839e-38    2.42133571618873e-38
55.4999999999975    9.08406221516185e-08    2.421336068839e-38    2.42133562892769e-38
55.5999999999975    1.46834861867787e-07    2.421336068839e-38    2.42133535776601e-38
55.6999999999975    1.64484455374863e-07    2.421336068839e-38    2.42133527229484e-38
55.7999999999975    1.94908738219494e-07    2.421336068839e-38    2.42133512496006e-38
55.8999999999974    2.3160263626005e-07    2.421336068839e-38    2.42133494726362e-38
55.9999999999974    2.27248720072673e-07    2.421336068839e-38    2.4213349683482e-38
56.0999999999974    2.68898690008237e-07    2.421336068839e-38    2.42133476665115e-38
56.1999999999974    2.52326351205991e-07    2.421336068839e-38    2.42133484690551e-38
56.2999999999974    2.70730192952237e-07    2.421336068839e-38    2.42133475778179e-38
56.3999999999973    2.64300500846394e-07    2.421336068839e-38    2.42133478891866e-38
56.4999999999973    2.45270928492262e-07    2.421336068839e-38    2.4213348810726e-38
56.5999999999973    2.52198556036538e-07    2.421336068839e-38    2.42133484752438e-38
56.6999999999973    2.06128246451485e-07    2.421336068839e-38    2.42133507062769e-38
56.7999999999973    2.05596327656634e-07    2.421336068839e-38    2.42133507320359e-38
56.8999999999972    1.62407350977865e-07    2.421336068839e-38    2.42133528235357e-38
56.9999999999972    1.29891397221058e-07    2.421336068839e-38    2.42133543981763e-38
57.0999999999972    1.07708639154499e-07    2.421336068839e-38    2.42133554724143e-38
57.1999999999972    5.25691698951092e-08    2.421336068839e-38    2.42133581426375e-38
57.2999999999972    3.33645546475376e-08    2.421336068839e-38    2.4213359072654e-38
57.3999999999971    1.75890289025698e-09    2.421336068839e-38    2.42133606032121e-38
57.4999999999971    -2.72128063192035e-08    2.421336068839e-38    2.4213362006217e-38
57.5999999999971    -1.85918252243576e-08    2.421336068839e-38    2.42133615887311e-38
57.6999999999971    6.22255601299856e-10    2.421336068839e-38    2.42133606582562e-38
57.7999999999971    5.31206445859253e-08    2.421336068839e-38    2.42133581159314e-38
57.899999999997    1.7104865018715e-07    2.421336068839e-38    2.4213352405066e-38
57.999999999997    3.60229547613307e-07    2.421336068839e-38    2.42133432436603e-38
58.099999999997    6.45295686214938e-07    2.421336068839e-38    2.42133294388557e-38
58.199999999997    1.06996250802855e-06    2.421336068839e-38    2.42133088736691e-38
58.299999999997    1.67718267010788e-06    2.421336068839e-38    2.42132794680683e-38
58.399999999997    2.51315065831537e-06    2.421336068839e-38    2.42132389850491e-38
58.4999999999969    3.63137501114465e-06    2.421336068839e-38    2.42131848334427e-38
58.5999999999969    5.0840043041754e-06    2.421336068839e-38    2.42131144879817e-38
58.6999999999969    6.90441583733095e-06    2.421336068839e-38    2.42130263324765e-38
58.7999999999969    9.08244539129212e-06    2.421336068839e-38    2.42129208593323e-38
58.8999999999969    1.1528006940397e-05    2.421336068839e-38    2.42128024312454e-38
58.9999999999968    1.40227906393464e-05    2.421336068839e-38    2.42126816201372e-38
59.0999999999968    1.6172614583339e-05    2.421336068839e-38    2.42125775143556e-38
59.1999999999968    1.73923544249628e-05    2.421336068839e-38    2.42125184483367e-38
59.2999999999968    1.69656454367987e-05    2.421336068839e-38    2.4212539111744e-38
59.3999999999968    1.42416307390323e-05    2.421336068839e-38    2.42126710227282e-38
59.4999999999967    8.97678813717241e-06    2.421336068839e-38    2.42129259758743e-38
59.5999999999967    1.71884713891174e-06    2.421336068839e-38    2.42132774504015e-38
59.6999999999967    -6.01068795024586e-06    2.421336068839e-38    2.42136517680502e-38
59.7999999999967    -1.20238931583257e-05    2.421336068839e-38    2.42139429731151e-38
59.8999999999967    -1.43257306393162e-05    2.421336068839e-38    2.42140544464947e-38
59.9999999999966    -1.21013129984231e-05    2.421336068839e-38    2.42139467223946e-38
60.0999999999966    -6.14765304125188e-06    2.421336068839e-38    2.42136584009011e-38
60.1999999999966    1.56367813377653e-06    2.421336068839e-38    2.42132849647031e-38
60.2999999999966    8.84902914490726e-06    2.421336068839e-38    2.42129321627131e-38
60.3999999999966    1.41648415538387e-05    2.421336068839e-38    2.4212674741271e-38
60.4999999999965    1.69387774478152e-05    2.421336068839e-38    2.42125404128285e-38
60.5999999999965    1.74032466677415e-05    2.421336068839e-38    2.42125179208794e-38
60.6999999999965    1.62070542267805e-05    2.421336068839e-38    2.42125758466106e-38
60.7999999999965    1.40685584222609e-05    2.421336068839e-38    2.42126794038158e-38
60.8999999999965    1.15766977059668e-05    2.421336068839e-38    2.42128000733658e-38
60.9999999999964    9.12850545299517e-06    2.421336068839e-38    2.42129186288351e-38
61.0999999999964    6.944256054334e-06    2.421336068839e-38    2.42130244031721e-38
61.1999999999964    5.11552701660031e-06    2.421336068839e-38    2.42131129614557e-38
61.2999999999964    3.65339435505382e-06    2.421336068839e-38    2.42131837671258e-38
61.3999999999964    2.52857938039128e-06    2.421336068839e-38    2.42132382378904e-38
61.4999999999963    1.69475462954162e-06    2.421336068839e-38    2.42132786171188e-38
61.5999999999963    1.09158613203979e-06    2.421336068839e-38    2.42133078265102e-38
61.6999999999963    6.54466976685899e-07    2.421336068839e-38    2.42133289947208e-38
61.7999999999963    3.51592374400008e-07    2.421336068839e-38    2.421334366193e-38
61.8999999999963    1.80401312574699e-07    2.421336068839e-38    2.42133519521474e-38
61.9999999999962    8.34394993955912e-08    2.421336068839e-38    2.42133566476889e-38
62.0999999999962    -1.03868400704196e-08    2.421336068839e-38    2.42133611913906e-38
62.1999999999962    -2.75390522198454e-08    2.421336068839e-38    2.4213362022016e-38
62.2999999999962    1.97520589615074e-08    2.421336068839e-38    2.42133597318625e-38
62.3999999999962    -1.4804757395912e-08    2.421336068839e-38    2.42133614053358e-38
62.4999999999961    3.03567171425069e-08    2.421336068839e-38    2.42133592183137e-38
62.5999999999961    1.10206877970803e-07    2.421336068839e-38    2.42133553514328e-38
62.6999999999961    6.35306135574443e-08    2.421336068839e-38    2.42133576118108e-38
62.7999999999961    1.78430441207898e-07    2.421336068839e-38    2.42133520475902e-38
62.8999999999961    1.76731860783348e-07    2.421336068839e-38    2.42133521298469e-38
62.999999999996    1.80170707306411e-07    2.421336068839e-38    2.42133519633149e-38
63.099999999996    2.86501949851848e-07    2.421336068839e-38    2.42133468140438e-38
63.199999999996    1.94792943543497e-07    2.421336068839e-38    2.42133512552082e-38
63.299999999996    3.21409010086719e-07    2.421336068839e-38    2.42133451236104e-38
63.399999999996    2.4845548345449e-07    2.421336068839e-38    2.42133486565085e-38
63.4999999999959    2.82957181442917e-07    2.421336068839e-38    2.42133469857052e-38
63.5999999999959    3.06866180725606e-07    2.421336068839e-38    2.42133458278715e-38
63.6999999999959    2.21171948369299e-07    2.421336068839e-38    2.421334997776e-38
63.7999999999959    3.16922122929076e-07    2.421336068839e-38    2.42133453408955e-38
63.8999999999959    1.8406929221211e-07    2.421336068839e-38    2.42133517745193e-38
63.9999999999958    2.44584306787297e-07    2.421336068839e-38    2.42133488439768e-38
64.0999999999959    1.83179658499016e-07    2.421336068839e-38    2.42133518176013e-38
64.1999999999959    1.21072138305412e-07    2.421336068839e-38    2.4213354825264e-38
64.299999999996    1.60636762565729e-07    2.421336068839e-38    2.42133529092795e-38
64.399999999996    3.93081435346793e-08    2.421336068839e-38    2.42133587848255e-38
64.4999999999961    5.38625299823453e-08    2.421336068839e-38    2.42133580800044e-38
64.5999999999961    3.15466760359655e-08    2.421336068839e-38    2.42133591606879e-38
64.6999999999962    -4.21678900034681e-08    2.421336068839e-38    2.42133627304427e-38
64.7999999999962    -1.80926369677332e-09    2.421336068839e-38    2.42133607760067e-38
64.8999999999963    1.41892635515797e-08    2.421336068839e-38    2.42133600012505e-38
64.9999999999963    3.41024630685728e-08    2.421336068839e-38    2.42133590369195e-38
65.0999999999964    1.58461648694313e-07    2.421336068839e-38    2.42133530146131e-38
65.1999999999965    3.48463512014822e-07    2.421336068839e-38    2.42133438134504e-38
65.2999999999965    6.08448188533192e-07    2.421336068839e-38    2.4213331223257e-38
65.3999999999966    1.00908988089912e-06    2.421336068839e-38    2.42133118215248e-38
65.4999999999966    1.59815279311518e-06    2.421336068839e-38    2.42132832952136e-38
65.5999999999967    2.40864653534368e-06    2.421336068839e-38    2.42132440458162e-38
65.6999999999967    3.49085491676403e-06    2.421336068839e-38    2.42131916383217e-38
65.7999999999968    4.90117325239667e-06    2.421336068839e-38    2.42131233418017e-38
65.8999999999968    6.67833380332616e-06    2.421336068839e-38    2.42130372807394e-38
65.9999999999969    8.81886581028107e-06    2.421336068839e-38    2.42129336233987e-38
66.0999999999969    1.12430701500177e-05    2.421336068839e-38    2.42128162294858e-38
66.199999999997    1.37487574722905e-05    2.421336068839e-38    2.42126948902965e-38
66.299999999997    1.59636649003004e-05    2.421336068839e-38    2.42125876327785e-38
66.3999999999971    1.73221231530591e-05    2.421336068839e-38    2.42125218492888e-38
66.4999999999971    1.71160920968525e-05    2.421336068839e-38    2.42125318263538e-38
66.5999999999972    1.46772510520437e-05    2.421336068839e-38    2.42126499276747e-38
66.6999999999972    9.69891320049287e-06    2.421336068839e-38    2.42128910063781e-38
66.7999999999973    2.61479466507153e-06    2.421336068839e-38    2.42132340627884e-38
66.8999999999973    -5.17189912233148e-06    2.421336068839e-38    2.42136111478031e-38
66.9999999999974    -1.15051527111239e-05    2.421336068839e-38    2.42139178516249e-38
67.0999999999974    -1.42916565399266e-05    2.421336068839e-38    2.42140527963506e-38
67.1999999999975    -1.25549974689292e-05    2.421336068839e-38    2.42139686933878e-38
67.2999999999975    -6.94278066754442e-06    2.421336068839e-38    2.42136969068292e-38
67.3999999999976    6.69841220357088e-07    2.421336068839e-38    2.42133282501975e-38
67.4999999999976    8.09497515908692e-06    2.421336068839e-38    2.42129686784567e-38
67.5999999999977    1.36868586718027e-05    2.421336068839e-38    2.42126978877702e-38
67.6999999999977    1.67534278375723e-05    2.421336068839e-38    2.42125493884e-38
67.7999999999978    1.74507563572621e-05    2.421336068839e-38    2.42125156202211e-38
67.8999999999978    1.64036182729042e-05    2.421336068839e-38    2.42125663279687e-38
67.9999999999979    1.43383605689484e-05    2.421336068839e-38    2.42126663385535e-38
68.0999999999979    1.18642374230102e-05    2.421336068839e-38    2.42127861490864e-38
68.199999999998    9.39896168596589e-06    2.421336068839e-38    2.42129055317692e-38
68.299999999998    7.17886135637513e-06    2.421336068839e-38    2.4213013042167e-38
68.3999999999981    5.3049085910054e-06    2.421336068839e-38    2.42131037904225e-38
68.4999999999981    3.79538125404724e-06    2.421336068839e-38    2.4213176891217e-38
68.5999999999982    2.63333765070831e-06    2.421336068839e-38    2.42132331648171e-38
68.6999999999982    1.78693445013633e-06    2.421336068839e-38    2.42132741531679e-38
68.7999999999983    1.18408384596614e-06    2.421336068839e-38    2.42133033471594e-38
68.8999999999983    7.12157322926588e-07    2.421336068839e-38    2.42133262009703e-38
68.9999999999984    3.50073520784209e-07    2.421336068839e-38    2.4213343735483e-38
69.0999999999984    2.09628621975145e-07    2.421336068839e-38    2.42133505367652e-38
69.1999999999985    1.81028659319852e-07    2.421336068839e-38    2.42133519217671e-38
69.2999999999985    -1.08081974312769e-08    2.421336068839e-38    2.42133612117955e-38
69.3999999999986    -5.9108332092538e-08    2.421336068839e-38    2.42133635508129e-38
69.4999999999986    1.55993613435599e-07    2.421336068839e-38    2.42133531341319e-38
69.5999999999987    -1.77487734349557e-08    2.421336068839e-38    2.42133615479049e-38
69.6999999999988    2.1214908661916e-10    2.421336068839e-38    2.42133606781163e-38
69.7999999999988    2.97928940132679e-07    2.421336068839e-38    2.42133462606725e-38
69.8999999999989    -2.0854178013271e-08    2.421336068839e-38    2.42133616982894e-38
69.9999999999989    2.806721680749e-07    2.421336068839e-38    2.42133470963609e-38
70.099999999999    2.94430882916078e-07    2.421336068839e-38    2.42133464300718e-38
70.199999999999    8.6010556214674e-08    2.421336068839e-38    2.42133565231811e-38
70.2999999999991    5.45687631195944e-07    2.421336068839e-38    2.42133342625415e-38
70.3999999999991    7.96218915653827e-08    2.421336068839e-38    2.42133568325631e-38
70.4999999999992    5.02862430187128e-07    2.421336068839e-38    2.42133363364234e-38
70.5999999999992    2.99514637645294e-07    2.421336068839e-38    2.42133461838824e-38
70.6999999999993    2.70814461496639e-07    2.421336068839e-38    2.4213347573737e-38
70.7999999999993    5.41059830274251e-07    2.421336068839e-38    2.42133344866505e-38
70.8999999999994    8.63443367529179e-08    2.421336068839e-38    2.42133565070172e-38
70.9999999999994    5.81496626430543e-07    2.421336068839e-38    2.42133325284312e-38
71.0999999999995    1.18681601034029e-07    2.421336068839e-38    2.42133549410298e-38
71.1999999999995    3.46842510021797e-07    2.421336068839e-38    2.42133438919502e-38
71.2999999999996    3.1843300163492e-07    2.421336068839e-38    2.42133452677286e-38
71.3999999999996    3.38819328768532e-08    2.421336068839e-38    2.42133590475991e-38
71.4999999999997    3.79177446569237e-07    2.421336068839e-38    2.42133423260764e-38
71.5999999999997    -4.30803091207902e-09    2.421336068839e-38    2.42133608970138e-38
71.6999999999998    9.06398636964555e-08    2.421336068839e-38    2.42133562989989e-38
71.7999999999998    1.7770361279098e-07    2.421336068839e-38    2.42133520827881e-38
71.8999999999999    -1.08483402073709e-07    2.421336068839e-38    2.4213365941886e-38
71.9999999999999    4.98532777248074e-08    2.421336068839e-38    2.42133582741593e-38
72.1    1.04960063347525e-07    2.421336068839e-38    2.42133556055187e-38
72.2    -9.60554502877019e-09    2.421336068839e-38    2.4213361153555e-38
72.3000000000001    1.45532392172355e-07    2.421336068839e-38    2.42133536407344e-38
72.4000000000001    3.88057636165711e-07    2.421336068839e-38    2.42133418960382e-38
72.5000000000002    5.92363172135889e-07    2.421336068839e-38    2.42133320022007e-38
72.6000000000002    9.40667856619075e-07    2.421336068839e-38    2.42133151349726e-38
72.7000000000003    1.52522464244362e-06    2.421336068839e-38    2.42132868268738e-38
72.8000000000003    2.32846158531811e-06    2.421336068839e-38    2.42132479288921e-38
72.9000000000004    3.37678003585725e-06    2.421336068839e-38    2.42131971625562e-38
73.0000000000004    4.74111971199729e-06    2.421336068839e-38    2.42131310925952e-38
73.1000000000005    6.47479996867959e-06    2.421336068839e-38    2.42130471370861e-38
73.2000000000005    8.58093093398287e-06    2.421336068839e-38    2.42129451456042e-38
73.3000000000006    1.0986188460319e-05    2.421336068839e-38    2.42128286691473e-38
73.4000000000006    1.35006404793552e-05    2.421336068839e-38    2.42127069054615e-38
73.5000000000007    1.57680953817147e-05    2.421336068839e-38    2.42125971032685e-38
73.6000000000007    1.72384788026499e-05    2.421336068839e-38    2.42125258997705e-38
73.7000000000008    1.72163914017383e-05    2.421336068839e-38    2.42125269693541e-38
73.8000000000008    1.50327746344502e-05    2.421336068839e-38    2.42126327113447e-38
73.9000000000009    1.03429818961972e-05    2.421336068839e-38    2.4212859816868e-38
74.000000000001    3.46188170922688e-06    2.421336068839e-38    2.42131930413894e-38
74.100000000001    -4.36774142212469e-06    2.421336068839e-38    2.42135722047107e-38
74.2000000000011    -1.10141841295592e-05    2.421336068839e-38    2.42138940750908e-38
74.3000000000011    -1.42210353242929e-05    2.421336068839e-38    2.42140493762991e-38
74.4000000000012    -1.28777338670932e-05    2.421336068839e-38    2.42139843228509e-38
74.5000000000012    -7.59340616941591e-06    2.421336068839e-38    2.42137284149471e-38
74.6000000000013    -1.45623617097529e-07    2.421336068839e-38    2.42133677404653e-38
74.7000000000013    7.36542567034149e-06    2.421336068839e-38    2.42130040076003e-38
74.8000000000014    1.3219215602812e-05    2.421336068839e-38    2.42127205335815e-38
74.9000000000014    1.65701594257219e-05    2.421336068839e-38    2.42125582631926e-38
75.0000000000015    1.74852964283931e-05    2.421336068839e-38    2.42125139476171e-38
75.1000000000015    1.6574779573278e-05    2.421336068839e-38    2.42125580394614e-38
75.2000000000016    1.45793975543121e-05    2.421336068839e-38    2.42126546662601e-38
75.3000000000016    1.21288367916234e-05    2.421336068839e-38    2.42127733357139e-38
75.4000000000017    9.65689177872214e-06    2.421336068839e-38    2.42128930412984e-38
75.5000000000017    7.40949192822762e-06    2.421336068839e-38    2.42130018736474e-38
75.6000000000018    5.48690062720767e-06    2.421336068839e-38    2.421309497724e-38
75.7000000000018    3.91076008114322e-06    2.421336068839e-38    2.42131713038418e-38
75.8000000000019    2.70187722375957e-06    2.421336068839e-38    2.4213229845688e-38
75.9000000000019    1.89299685278273e-06    2.421336068839e-38    2.42132690169323e-38
76.000000000002    1.38057120231108e-06    2.421336068839e-38    2.42132938319453e-38
76.100000000002    8.4545517408861e-07    2.421336068839e-38    2.42133197458024e-38
76.2000000000021    2.61847230641736e-07    2.421336068839e-38    2.42133480079904e-38
76.3000000000021    2.32811896758795e-07    2.421336068839e-38    2.42133494140757e-38
76.4000000000022    5.69082517891481e-07    2.421336068839e-38    2.42133331296051e-38
76.5000000000022    4.27890729705827e-08    2.421336068839e-38    2.42133586162555e-38
76.6000000000023    -2.59588604710196e-07    2.421336068839e-38    2.42133732594183e-38
76.7000000000023    7.11346541175697e-07    2.421336068839e-38    2.42133262402337e-38
76.8000000000024    1.05872173843849e-07    2.421336068839e-38    2.42133555613482e-38
76.9000000000024    -2.34082486785676e-07    2.421336068839e-38    2.421337202424e-38
77.0000000000025    1.13829383267882e-06    2.421336068839e-38    2.42133055646144e-38
77.1000000000025    -2.52443314373276e-07    2.421336068839e-38    2.42133729133951e-38
77.2000000000026    5.34294155445198e-07    2.421336068839e-38    2.42133348142896e-38
77.3000000000026    1.01982876417487e-06    2.421336068839e-38    2.42133113014769e-38
77.4000000000027    -4.27632234990315e-07    2.421336068839e-38    2.42133813972259e-38
77.5000000000027    1.66572976557094e-06    2.421336068839e-38    2.42132800226931e-38
77.6000000000028    -2.58567222762986e-07    2.421336068839e-38    2.4213373209956e-38
77.7000000000028    1.0474582215368e-06    2.421336068839e-38    2.42133099634756e-38
77.8000000000029    8.1260755999001e-07    2.421336068839e-38    2.4213321336502e-38
77.9000000000029    -3.38303621244089e-08    2.421336068839e-38    2.42133623266835e-38
78.000000000003    1.71635449653839e-06    2.421336068839e-38    2.42132775711116e-38
78.100000000003    -5.21937026130542e-07    2.421336068839e-38    2.42133859641021e-38
78.2000000000031    1.60974895004889e-06    2.421336068839e-38    2.42132827336516e-38
78.3000000000032    5.68280197753046e-08    2.421336068839e-38    2.42133579363954e-38
78.4000000000032    5.12127571712531e-07    2.421336068839e-38    2.42133358877434e-38
78.5000000000033    1.12516646962681e-06    2.421336068839e-38    2.42133062003281e-38
78.6000000000033    -4.58555484380717e-07    2.421336068839e-38    2.42133828947388e-38
78.7000000000034    1.26448341163476e-06    2.421336068839e-38    2.42132994536815e-38
78.8000000000034    -3.03815798059781e-08    2.421336068839e-38    2.42133621596703e-38
78.9000000000035    5.03293391943564e-08    2.421336068839e-38    2.42133582511052e-38
79.0000000000035    8.90366371576586e-07    2.421336068839e-38    2.42133175709041e-38
79.1000000000036    -3.36460503755903e-07    2.421336068839e-38    2.42133769820745e-38
79.2000000000036    1.46576841735399e-07    2.421336068839e-38    2.42133535901551e-38
79.3000000000037    5.77901569977977e-07    2.421336068839e-38    2.42133327025278e-38
79.4000000000037    -1.13442025978983e-07    2.421336068839e-38    2.4213366182016e-38
79.5000000000038    7.07350971331e-08    2.421336068839e-38    2.42133572629214e-38
79.6000000000038    6.33033234464983e-07    2.421336068839e-38    2.42133300326853e-38
79.7000000000039    6.99962899088219e-07    2.421336068839e-38    2.42133267915054e-38
79.8000000000039    8.42552014707936e-07    2.421336068839e-38    2.42133198863927e-38
79.900000000004    1.45019707133835e-06    2.421336068839e-38    2.42132904602023e-38
80.000000000004    2.32781900013724e-06    2.421336068839e-38    2.42132479600102e-38
80.1000000000041    3.36551580611428e-06    2.421336068839e-38    2.42131977080422e-38
80.2000000000041    4.67042988968075e-06    2.421336068839e-38    2.42131345158393e-38
80.3000000000042    6.3563208102967e-06    2.421336068839e-38    2.42130528745697e-38
80.4000000000042    8.44118085886903e-06    2.421336068839e-38    2.4212951913127e-38
80.5000000000043    1.08470323878431e-05    2.421336068839e-38    2.42128354078725e-38
80.6000000000043    1.33790806673277e-05    2.421336068839e-38    2.42127127920465e-38
80.7000000000044    1.56758123254896e-05    2.421336068839e-38    2.42126015720939e-38
80.8000000000044    1.71808474941366e-05    2.421336068839e-38    2.42125286905698e-38
80.9000000000045    1.72082618677085e-05    2.421336068839e-38    2.42125273630272e-38
81.0000000000045    1.51535459977936e-05    2.421336068839e-38    2.42126268629601e-38
81.1000000000046    1.07386184270326e-05    2.421336068839e-38    2.42128406578918e-38
81.2000000000046    4.13823669338443e-06    2.421336068839e-38    2.42131602879839e-38
81.3000000000047    -3.75741774135592e-06    2.421336068839e-38    2.42135426484957e-38
81.4000000000047    -1.08147544036848e-05    2.421336068839e-38    2.42138844171522e-38
81.5000000000048    -1.42478588542778e-05    2.421336068839e-38    2.42140506753117e-38
81.6000000000048    -1.28351323514229e-05    2.421336068839e-38    2.42139822597461e-38
81.7000000000049    -7.67895607599178e-06    2.421336068839e-38    2.42137325579119e-38
81.8000000000049    -5.75952615538436e-07    2.421336068839e-38    2.42133885799029e-38
81.900000000005    6.83537184454579e-06    2.421336068839e-38    2.42130296760047e-38
82.000000000005    1.29070265178895e-05    2.421336068839e-38    2.42127356514803e-38
82.1000000000051    1.65098463603525e-05    2.421336068839e-38    2.421256118386e-38
82.2000000000051    1.75556320284345e-05    2.421336068839e-38    2.4212510541614e-38
82.3000000000052    1.66887542115467e-05    2.421336068839e-38    2.42125525202269e-38
82.4000000000052    1.47147330269016e-05    2.421336068839e-38    2.42126481125989e-38
82.5000000000053    1.22892544603742e-05    2.421336068839e-38    2.42127655674019e-38
82.6000000000054    9.8463822775943e-06    2.421336068839e-38    2.42128838650738e-38
82.7000000000054    7.60774971776583e-06    2.421336068839e-38    2.42129922728169e-38
82.8000000000055    5.62552063141528e-06    2.421336068839e-38    2.42130882644023e-38
82.9000000000055    3.89983474154691e-06    2.421336068839e-38    2.4213171832916e-38
83.0000000000056    2.58954123686762e-06    2.421336068839e-38    2.42132352857227e-38
83.1000000000056    2.02145394246909e-06    2.421336068839e-38    2.4213262796201e-38
83.2000000000057    2.01486688157002e-06    2.421336068839e-38    2.42132631151895e-38
83.3000000000057    1.35757827408477e-06    2.421336068839e-38    2.42132949454144e-38
83.4000000000058    -1.77794740700218e-07    2.421336068839e-38    2.42133692984079e-38
83.5000000000058    1.34775286733362e-07    2.421336068839e-38    2.42133541616656e-38
83.6000000000059    2.2060761937947e-06    2.421336068839e-38    2.42132538555885e-38
83.7000000000059    4.97934127789135e-07    2.421336068839e-38    2.42133365750847e-38
83.800000000006    -1.28701510234939e-06    2.421336068839e-38    2.42134230143919e-38
83.900000000006    2.97257932151885e-06    2.421336068839e-38    2.42132167365473e-38
84.0000000000061    1.07621274435213e-06    2.421336068839e-38    2.42133085709913e-38
84.1000000000061    -1.54886565585432e-06    2.421336068839e-38    2.42134356949917e-38
84.2000000000062    4.76072014846551e-06    2.421336068839e-38    2.42131301434193e-38
84.3000000000062    -7.48535128336014e-07    2.421336068839e-38    2.42133969375192e-38
84.4000000000063    9.72452677993534e-07    2.421336068839e-38    2.42133135957409e-38
84.5000000000063    4.80084075728072e-06    2.421336068839e-38    2.42131282005284e-38
84.6000000000064    -2.85515609580399e-06    2.421336068839e-38    2.42134989546335e-38
84.7000000000064    6.28671372652962e-06    2.421336068839e-38    2.42130562453699e-38
84.8000000000065    -9.64482764010246e-07    2.421336068839e-38    2.42134073951731e-38
84.9000000000065    2.41472955224206e-06    2.421336068839e-38    2.42132437512371e-38
85.0000000000066    4.11723272901769e-06    2.421336068839e-38    2.42131613051287e-38
85.1000000000066    -2.13910851116475e-06    2.421336068839e-38    2.42134642786234e-38
85.2000000000067    7.16128617065616e-06    2.421336068839e-38    2.42130138932634e-38
85.3000000000067    -2.87109381894714e-06    2.421336068839e-38    2.42134997264496e-38
85.4000000000068    5.23436771190563e-06    2.421336068839e-38    2.421310720645e-38
85.5000000000068    1.01976327470798e-06    2.421336068839e-38    2.42133113046483e-38
85.6000000000069    -8.64609859861482e-09    2.421336068839e-38    2.42133611070922e-38
85.7000000000069    5.46821638954471e-06    2.421336068839e-38    2.42130958820464e-38
85.800000000007    -2.70359478262301e-06    2.421336068839e-38    2.42134916149752e-38
85.900000000007    4.40119765976228e-06    2.421336068839e-38    2.42131475537552e-38
86.0000000000071    1.00966583507442e-06    2.421336068839e-38    2.42133117936332e-38
86.1000000000071    -1.08760603727285e-06    2.421336068839e-38    2.42134133576418e-38
86.2000000000072    4.09769437148701e-06    2.421336068839e-38    2.42131622512995e-38
86.3000000000072    -5.88969405709019e-07    2.421336068839e-38    2.42133892102641e-38
86.4000000000073    -3.08349577780936e-07    2.421336068839e-38    2.42133756207536e-38
86.5000000000073    2.74555230060981e-06    2.421336068839e-38    2.42132277306587e-38
86.6000000000074    1.08947720147491e-07    2.421336068839e-38    2.42133554124096e-38
86.7000000000074    -6.18554163860932e-07    2.421336068839e-38    2.42133906429586e-38
86.8000000000075    1.41492553672235e-06    2.421336068839e-38    2.42132921682822e-38
86.9000000000076    1.61283776389247e-06    2.421336068839e-38    2.42132825840709e-38
87.0000000000076    8.48697105316082e-07    2.421336068839e-38    2.42133195888066e-38
87.1000000000077    1.24412354073977e-06    2.421336068839e-38    2.42133004396408e-38
87.2000000000077    2.48306043577078e-06    2.421336068839e-38    2.42132404422126e-38
87.3000000000078    3.75287328079278e-06    2.421336068839e-38    2.42131789497233e-38
87.4000000000078    5.04283437455517e-06    2.421336068839e-38    2.42131164816862e-38
87.5000000000079    6.66272386161091e-06    2.421336068839e-38    2.42130380366676e-38
87.6000000000079    8.75038997668187e-06    2.421336068839e-38    2.42129369394006e-38
87.700000000008    1.12238461347732e-05    2.421336068839e-38    2.42128171604209e-38
87.800000000008    1.38266444573877e-05    2.421336068839e-38    2.42126911185891e-38
87.9000000000081    1.60918038362648e-05    2.421336068839e-38    2.42125814276288e-38
88.0000000000081    1.73209732521033e-05    2.421336068839e-38    2.42125219049728e-38
88.1000000000082    1.67944100097383e-05    2.421336068839e-38    2.42125474038344e-38
88.2000000000082    1.42606816278873e-05    2.421336068839e-38    2.42126701001824e-38
88.3000000000083    1.0047832604337e-05    2.421336068839e-38    2.4212874109689e-38
88.4000000000083    4.12874984202913e-06    2.421336068839e-38    2.42131607473972e-38
88.5000000000084    -3.92429919377398e-06    2.421336068839e-38    2.42135507300794e-38
88.6000000000084    -1.19592821092548e-05    2.421336068839e-38    2.42139398441388e-38
88.7000000000085    -1.49221193974897e-05    2.421336068839e-38    2.42140833284917e-38
88.8000000000085    -1.13925580330853e-05    2.421336068839e-38    2.4213912398909e-38
88.9000000000086    -5.31163944002741e-06    2.421336068839e-38    2.42136179150395e-38
89.0000000000086    8.03968502648787e-07    2.421336068839e-38    2.42133217548626e-38
89.1000000000087    7.28145592357814e-06    2.421336068839e-38    2.42130080739203e-38
89.2000000000087    1.32968064609171e-05    2.421336068839e-38    2.42127167762102e-38
89.3000000000088    1.69909372453538e-05    2.421336068839e-38    2.42125378869862e-38
89.4000000000088    1.78155874194521e-05    2.421336068839e-38    2.4212497953272e-38
89.5000000000089    1.66011055152753e-05    2.421336068839e-38    2.42125567646246e-38
89.6000000000089    1.4413640629669e-05    2.421336068839e-38    2.42126626930918e-38
89.700000000009    1.19881875945431e-05    2.421336068839e-38    2.42127801467291e-38
89.800000000009    9.70216995368684e-06    2.421336068839e-38    2.42128908486673e-38
89.9000000000091    7.62220741343602e-06    2.421336068839e-38    2.42129915726887e-38
90.0000000000091    5.54936324475478e-06    2.421336068839e-38    2.42130919524136e-38
90.1000000000092    3.36045015099344e-06    2.421336068839e-38    2.42131979533537e-38
90.2000000000092    1.76862964618054e-06    2.421336068839e-38    2.42132750396063e-38
90.3000000000093    2.27193497871071e-06    2.421336068839e-38    2.42132506662777e-38
90.4000000000093    4.29401176608285e-06    2.421336068839e-38    2.42131527443715e-38
90.5000000000094    3.07118218435391e-06    2.421336068839e-38    2.42132119615628e-38
90.6000000000094    -2.04348224976962e-06    2.421336068839e-38    2.42134596477377e-38
90.7000000000095    1.85094717764758e-08    2.421336068839e-38    2.42133597920369e-38
90.8000000000095    8.43416483859117e-06    2.421336068839e-38    2.42129522528841e-38
90.9000000000096    1.59021767898797e-06    2.421336068839e-38    2.42132836794839e-38
91.0000000000096    -4.75207395563423e-06    2.421336068839e-38    2.4213590816845e-38
91.1000000000097    1.18763023635732e-05    2.421336068839e-38    2.42127855648347e-38
91.2000000000098    3.63335166566211e-06    2.421336068839e-38    2.42131847377205e-38
91.3000000000098    -5.65426403627659e-06    2.421336068839e-38    2.42136345074073e-38
91.4000000000099    1.82655516856897e-05    2.421336068839e-38    2.4212476163764e-38
91.5000000000099    -3.54202609275449e-06    2.421336068839e-38    2.42135322177082e-38
91.60000000001    3.79536674751178e-06    2.421336068839e-38    2.42131768919195e-38
91.70000000001    1.76618429002815e-05    2.421336068839e-38    2.42125053983508e-38
91.8000000000101    -1.13175427056494e-05    2.421336068839e-38    2.42139087660801e-38
91.9000000000101    2.29758417138101e-05    2.421336068839e-38    2.42122480692682e-38
92.0000000000102    -3.55730493574246e-06    2.421336068839e-38    2.42135329576177e-38
92.1000000000102    7.0461024416039e-06    2.421336068839e-38    2.42130194711545e-38
92.2000000000103    1.63501385573067e-05    2.421336068839e-38    2.42125689177311e-38
92.3000000000103    -1.00177775560099e-05    2.421336068839e-38    2.42138458213724e-38
92.4000000000104    2.59702442645336e-05    2.421336068839e-38    2.42121030672676e-38
92.5000000000104    -9.48601585825977e-06    2.421336068839e-38    2.42138200693946e-38
92.6000000000105    1.46529111513229e-05    2.421336068839e-38    2.42126511063417e-38
92.7000000000105    8.42801415099193e-06    2.421336068839e-38    2.42129525507367e-38
92.8000000000106    -5.52819040429943e-06    2.421336068839e-38    2.42136284020064e-38
92.9000000000106    2.15770207878687e-05    2.421336068839e-38    2.42123158065616e-38
93.0000000000107    -7.94972068461039e-06    2.421336068839e-38    2.42137456703591e-38
93.1000000000107    9.03602969037683e-06    2.421336068839e-38    2.42129231070518e-38
93.2000000000108    1.07941802318647e-05    2.421336068839e-38    2.42128379672737e-38
93.3000000000108    -7.54616420424059e-06    2.421336068839e-38    2.4213726127139e-38
93.4000000000109    1.09228339414158e-05    2.421336068839e-38    2.42128317371317e-38
93.5000000000109    5.42600686409271e-06    2.421336068839e-38    2.42130979260931e-38
93.600000000011    -5.11730344343244e-06    2.421336068839e-38    2.42136085038862e-38
93.700000000011    5.66863352304797e-06    2.421336068839e-38    2.42130861766099e-38
93.8000000000111    6.03207776085736e-06    2.421336068839e-38    2.42130685764029e-38
93.9000000000111    -1.71959566711789e-06    2.421336068839e-38    2.42134439629134e-38
94.0000000000112    -4.52630054190965e-07    2.421336068839e-38    2.42133826077894e-38
94.1000000000112    3.79707095960931e-06    2.421336068839e-38    2.42131768093907e-38
94.2000000000113    3.75062731514159e-06    2.421336068839e-38    2.42131790584872e-38
94.3000000000113    2.23279984001665e-06    2.421336068839e-38    2.42132525614556e-38
94.4000000000114    2.517196197541e-06    2.421336068839e-38    2.42132387891379e-38
94.5000000000114    4.34501640422191e-06    2.421336068839e-38    2.42131502744054e-38
94.6000000000115    6.55649938399786e-06    2.421336068839e-38    2.42130431807028e-38
94.7000000000115    8.74879389097798e-06    2.421336068839e-38    2.42129370166924e-38
94.8000000000116    1.10062180921282e-05    2.421336068839e-38    2.42128276991992e-38
94.9000000000116    1.33615322130403e-05    2.421336068839e-38    2.42127136418378e-38
95.0000000000117    1.56041970789173e-05    2.421336068839e-38    2.4212605040077e-38
95.1000000000117    1.72659112873829e-05    2.421336068839e-38    2.4212524571351e-38
95.2000000000118    1.7590858965888e-05    2.421336068839e-38    2.42125088357489e-38
95.3000000000118    1.55936273271563e-05    2.421336068839e-38    2.42126055519194e-38
95.4000000000119    1.06353667630089e-05    2.421336068839e-38    2.42128456579245e-38
95.500000000012    3.50271056001364e-06    2.421336068839e-38    2.42131910641957e-38
95.600000000012    -3.64856886904872e-06    2.421336068839e-38    2.42135373772627e-38
95.7000000000121    -9.34691714608437e-06    2.421336068839e-38    2.42138133331732e-38
95.8000000000121    -1.31847551306091e-05    2.421336068839e-38    2.42139991912716e-38
95.9000000000122    -1.34455100546946e-05    2.421336068839e-38    2.42140118191139e-38
96.0000000000122    -8.40790571987709e-06    2.421336068839e-38    2.42137678591211e-38
96.1000000000123    -7.20645799280837e-08    2.421336068839e-38    2.42133641782415e-38
96.2000000000123    7.70121487458851e-06    2.421336068839e-38    2.42129877466751e-38
96.3000000000124    1.31022290104912e-05    2.421336068839e-38    2.42127261987095e-38
96.4000000000124    1.61899158324895e-05    2.421336068839e-38    2.42125766765399e-38
96.5000000000125    1.72703253352555e-05    2.421336068839e-38    2.42125243576006e-38
96.6000000000125    1.66455107341729e-05    2.421336068839e-38    2.4212554614297e-38
96.7000000000126    1.48255927178725e-05    2.421336068839e-38    2.42126427441861e-38
96.8000000000126    1.24109326820115e-05    2.421336068839e-38    2.42127596750701e-38
96.9000000000127    9.87831707630284e-06    2.421336068839e-38    2.42128823186067e-38
97.0000000000127    7.51513550442529e-06    2.421336068839e-38    2.42129967577518e-38
97.1000000000128    5.49267269699686e-06    2.421336068839e-38    2.42130946977206e-38
97.2000000000128    3.97675301296343e-06    2.421336068839e-38    2.42131681080457e-38
97.3000000000129    3.08701807387172e-06    2.421336068839e-38    2.42132111946873e-38
97.4000000000129    2.55985890450627e-06    2.421336068839e-38    2.42132367231334e-38
97.500000000013    1.65417413948528e-06    2.421336068839e-38    2.42132805822923e-38
97.600000000013    3.83802465696491e-07    2.421336068839e-38    2.4213342102102e-38
97.7000000000131    5.30969855539748e-07    2.421336068839e-38    2.42133349752744e-38
97.8000000000131    2.14860611489691e-06    2.421336068839e-38    2.42132566386638e-38
97.9000000000132    1.18602811634716e-06    2.421336068839e-38    2.42133032530049e-38
98.0000000000132    -9.22260782726256e-07    2.421336068839e-38    2.42134053504971e-38
98.1000000000133    2.24482110125419e-06    2.421336068839e-38    2.4213251979308e-38
98.2000000000133    2.75981318750293e-06    2.421336068839e-38    2.42132270400545e-38
98.3000000000134    -1.4125827685634e-06    2.421336068839e-38    2.42134290952387e-38
98.4000000000134    3.63256926614766e-06    2.421336068839e-38    2.42131847756092e-38
98.5000000000135    2.67718645400953e-06    2.421336068839e-38    2.42132310413746e-38
98.6000000000135    -1.11240924019802e-06    2.421336068839e-38    2.42134145587822e-38
98.7000000000136    6.3402728680103e-06    2.421336068839e-38    2.4213053651709e-38
98.8000000000136    -4.84862443779476e-07    2.421336068839e-38    2.42133841686998e-38
98.9000000000137    3.15707301242636e-06    2.421336068839e-38    2.42132078021775e-38
99.0000000000137    4.83574946085751e-06    2.421336068839e-38    2.42131265100306e-38
99.1000000000138    -1.27097473955344e-06    2.421336068839e-38    2.42134222376078e-38
99.2000000000138    7.76738247522063e-06    2.421336068839e-38    2.42129845424447e-38
99.3000000000139    -1.30683441877832e-06    2.421336068839e-38    2.42134239741789e-38
99.4000000000139    5.47892847969024e-06    2.421336068839e-38    2.42130953633007e-38
99.500000000014    2.83814218575444e-06    2.421336068839e-38    2.42132232468592e-38
99.600000000014    6.64141266746717e-07    2.421336068839e-38    2.42133285262272e-38
99.7000000000141    6.82553638872901e-06    2.421336068839e-38    2.42130301522971e-38
99.8000000000142    -1.71822922232217e-06    2.421336068839e-38    2.42134438967407e-38
99.9000000000142    6.21814948123417e-06    2.421336068839e-38    2.421305956567e-38
