0 0 0
9.99999999999983 4.20361560487304e-51 1.81043451873736e-51
20.0000000000003 3.95958167679358e-51 1.70538858003489e-51
30.0000000000019 4.66065838049703e-51 2.00730178438261e-51
40.0000000000006 6.68824148719692e-51 2.88061627027482e-51
49.9999999999986 1.15003748669771e-50 4.95320391654411e-51
59.9999999999966 1.17019614014363e-49 5.04014962760296e-50
69.9999999999989 1.6467524761978e-48 7.09254889802877e-49
80.000000000004 4.05924949260903e-47 1.74830814318171e-47
90.0000000000091 3.6189646469918e-45 1.55866856866814e-45
