0.75 6.823704798066278e-13 4.760199818450666e-11 18
1.5 3.988582874493547e-12 4.283628850718284e-10 62
2.25 1.516761864699586e-11 7.633973343160866e-10 98
3 3.308907235128006e-11 3.282207904163882e-09 210
3.75 7.134642957887913e-11 7.330438944258763e-09 350
4.5 1.196176141968878e-10 1.107177699231493e-08 450
5.25 1.88837078722287e-10 2.094351030036769e-08 602
6 2.440624514215974e-10 2.720196103607145e-08 762
6.75 3.772811453172167e-10 4.656604274635264e-08 1142
7.5 3.894440161849376e-10 6.118443299113134e-08 1250
8.25 5.628364689689889e-10 7.641186656313457e-08 1458
9 6.776468026110383e-10 1.255373372522884e-07 1814
9.75 8.750041201534222e-10 1.588548048647971e-07 2178
10.5 1.074772145047715e-09 2.020192043975061e-07 2498
11.25 1.136959970074843e-09 2.374175778532087e-07 2622
12 1.489334839262336e-09 3.248720640425547e-07 3338
12.75 1.628264431489353e-09 4.280367369607258e-07 3722
13.5 1.853669972547478e-09 5.176265424635395e-07 4170
14.25 1.99932424092121e-09 5.833766522428685e-07 4358
15 2.408550422122977e-09 7.250862200328998e-07 5034
15.75 2.723814210313247e-09 9.506869981372297e-07 5714
16.5 3.028477865732203e-09 1.037846702951705e-06 5982
17.25 3.206548949383018e-09 1.252729639898787e-06 6602
18 3.488862607389228e-09 1.430887262358788e-06 7130
18.75 3.978185250702679e-09 1.719769176783906e-06 8034
19.5 4.41038428211267e-09 2.011432520550541e-06 8606
20.25 4.651348443222308e-09 2.266312438597136e-06 9066
21 5.105185805722053e-09 2.655377204603357e-06 9962
21.75 5.570158857395841e-09 3.073978239463736e-06 10550
22.5 5.76525422013923e-09 3.480339676368383e-06 11226
23.25 6.424632157769727e-09 3.908149210606568e-06 12146
24 6.389517934940896e-09 4.144144766328233e-06 12303
24.75 6.584476402947413e-09 4.52321252923784e-06 12584
25.5 6.399181354844002e-09 4.642616977679347e-06 12120
26.25 6.068677936355936e-09 4.425889051583381e-06 11180
27 6.039319630552751e-09 4.785065632397411e-06 11096
27.75 5.342906879554347e-09 4.654001062339365e-06 10056
28.5 5.246461382849602e-09 4.467383472759422e-06 9716
29.25 4.716664909858185e-09 4.182220119438646e-06 8604
30 4.35562268121753e-09 4.194071858978644e-06 8060
30.75 4.04103594279241e-09 3.851770144844736e-06 7320
31.5 3.416267527576873e-09 3.424512988483533e-06 6356
32.25 2.926184032585412e-09 3.102680116262784e-06 5348
33 2.362116594284891e-09 2.661104435582555e-06 4308
33.75 1.873021859609536e-09 2.197351022845865e-06 3563
34.5 1.373716886124001e-09 1.645772609618085e-06 2448
35.25 1.035105193789777e-09 1.219572952339984e-06 1868
36 7.577429186706541e-10 9.126176521152431e-07 1358
36.75 5.555555129396498e-10 8.058846969916296e-07 1062
37.5 4.380710871111743e-10 5.402449272456811e-07 776
38.25 2.265568284035813e-10 2.984190138288747e-07 432
39 1.100501548110648e-10 1.247508997746935e-07 200
39.75 7.429432882281353e-11 1.212592624800923e-07 168
40.5 4.357405248886908e-11 4.795782054345809e-08 56
41.25 4.888330653312024e-12 9.208146802110569e-10 7


0.75 4.106225351621215e-12 1.031691253512391e-11 18
1.5 8.116455706106753e-11 9.275225698943791e-11 62
2.25 2.408944449500686e-11 1.684205342737665e-09 98
3 6.311629671519043e-11 2.487890165701063e-09 210
3.75 1.27820804838439e-10 4.36625112942902e-09 350
4.5 2.079193841281561e-10 6.675526253562149e-09 450
5.25 3.179256439007819e-10 1.24472184237206e-08 602
6 3.771949378452725e-10 1.77321190726449e-08 762
6.75 5.432723791950788e-10 3.242963126359464e-08 1142
7.5 6.193929352196282e-10 3.856453380916324e-08 1250
8.25 7.383138357283143e-10 5.863980589136417e-08 1458
9 9.817916027937259e-10 8.71259259363063e-08 1814
9.75 1.18701392562954e-09 1.171743678554516e-07 2178
10.5 1.433003570895305e-09 1.51881213174072e-07 2498
11.25 1.491629487942301e-09 1.809190662164555e-07 2622
12 1.822244537522546e-09 2.650390424145638e-07 3338
12.75 2.053057901642002e-09 3.404170754302003e-07 3722
13.5 2.368514559365919e-09 4.071322584785161e-07 4170
14.25 2.503078095880597e-09 4.682677872256104e-07 4358
15 3.033454120905702e-09 5.766920351278873e-07 5034
15.75 3.518732383288618e-09 7.431632604719996e-07 5714
16.5 3.758891031152385e-09 8.422644713023834e-07 5982
17.25 4.104543921554235e-09 9.930489129565967e-07 6602
18 4.408900904058184e-09 1.148472939894185e-06 7130
18.75 5.152996161246996e-09 1.348205097276678e-06 8034
19.5 5.660765892040258e-09 1.596543424492785e-06 8606
20.25 5.956877193252613e-09 1.801138618818127e-06 9066
21 6.826142478305914e-09 2.035116626082541e-06 9962
21.75 7.262233419152378e-09 2.437348320961847e-06 10550
22.5 7.827421501441537e-09 2.689105850128543e-06 11226
23.25 8.885262104459224e-09 2.946144225079994e-06 12146
24 8.822175610383872e-09 3.142676396771131e-06 12303
24.75 8.836079670816136e-09 3.5237813594298e-06 12584
25.5 8.821439322987567e-09 3.523830250164696e-06 12120
26.25 8.183445492214132e-09 3.419282119015926e-06 11180
27 8.454365158359935e-09 3.580649140594437e-06 11096
27.75 7.723632769158401e-09 3.420634139808834e-06 10056
28.5 7.242346300791985e-09 3.406639801413932e-06 9716
29.25 6.53287659236549e-09 3.181719885470664e-06 8604
30 6.165253864088036e-09 3.166425812831596e-06 8060
30.75 5.601143720849725e-09 2.938223277142764e-06 7320
31.5 4.719693666359586e-09 2.632830893143795e-06 6356
32.25 4.183266192501046e-09 2.326421605812192e-06 5348
33 3.406547670793428e-09 1.99063074003211e-06 4308
33.75 2.762735779485564e-09 1.608917497506565e-06 3563
34.5 1.997798976520359e-09 1.2191846777152e-06 2448
35.25 1.515956213451206e-09 8.832256021023859e-07 1868
36 1.024777598482522e-09 7.192314502567172e-07 1358
36.75 8.244393906018804e-10 6.06087285873266e-07 1062
37.5 5.617474038983248e-10 4.453887521957367e-07 776
38.25 3.194500672871758e-10 2.27988132550448e-07 432
39 1.671944601179258e-10 8.302263002272289e-08 200
39.75 1.336348329941036e-10 7.67282412990599e-08 168
40.5 5.319440400156551e-11 4.044783761255412e-08 56
41.25 4.756828601491675e-12 1.143005126672626e-09 7


0.75 4.061938664502763e-13 9.730862811431072e-11 18
1.5 5.450794700770329e-11 9.83106838144663e-10 62
2.25 5.956573538632927e-11 2.82824433824336e-08 98
3 3.647286577490294e-11 9.390703155777023e-09 210
3.75 5.825915152623037e-11 9.154689334498782e-09 350
4.5 9.255190879749905e-11 1.503098416006657e-08 450
5.25 1.382469796366019e-10 2.877187788906896e-08 602
6 1.845289502386762e-10 3.605191152064775e-08 762
6.75 2.899134507764526e-10 6.068933553333859e-08 1142
7.5 3.288327088499489e-10 7.279121778555432e-08 1250
8.25 4.363251716826706e-10 9.901376651410113e-08 1458
9 6.014770691501537e-10 1.418777639142078e-07 1814
9.75 7.560768074893126e-10 1.838174657174848e-07 2178
10.5 9.016845729438255e-10 2.409927402699071e-07 2498
11.25 9.75801774896351e-10 2.765291911498626e-07 2622
12 1.278451025585106e-09 3.784426719490407e-07 3338
12.75 1.526737019176924e-09 4.588749478492222e-07 3722
13.5 1.707489838814796e-09 5.644067200645468e-07 4170
14.25 1.852097752204863e-09 6.324303610608886e-07 4358
15 2.237843998217722e-09 7.820038863902042e-07 5034
15.75 2.691256310206212e-09 9.71937599592074e-07 5714
16.5 2.911173173816459e-09 1.085761995799722e-06 5982
17.25 3.230834969124513e-09 1.258829227645073e-06 6602
18 3.539188629400223e-09 1.429479111198084e-06 7130
18.75 4.093406841967909e-09 1.696193714059785e-06 8034
19.5 4.535779730042939e-09 1.989971405946764e-06 8606
20.25 4.820740344737496e-09 2.232588744801326e-06 9066
21 5.500746506880809e-09 2.529029441327274e-06 9962
21.75 6.155376972355963e-09 2.866787233572032e-06 10550
22.5 6.510961965187936e-09 3.211736092948517e-06 11226
23.25 7.221849049316942e-09 3.618151822915452e-06 12146
24 7.289679917923342e-09 3.786261727738546e-06 12303
24.75 7.68987830131291e-09 4.047781881347221e-06 12584
25.5 7.51144366156355e-09 4.13789162818626e-06 12120
26.25 6.855588649508939e-09 4.065799404830314e-06 11180
27 7.101274656363909e-09 4.264955871995347e-06 11096
27.75 6.57363928203542e-09 4.010917771215281e-06 10056
28.5 6.291585138752637e-09 3.913761130401594e-06 9716
29.25 5.78773321428329e-09 3.585381061663615e-06 8604
30 5.462623744976493e-09 3.573104351913114e-06 8060
30.75 4.914742333283501e-09 3.343528636271762e-06 7320
31.5 4.185007995874817e-09 2.976030369397797e-06 6356
32.25 3.661308154213809e-09 2.654492231098254e-06 5348
33 3.032691833964837e-09 2.237805786629412e-06 4308
33.75 2.446019773257128e-09 1.819332869719481e-06 3563
34.5 1.755791767972585e-09 1.384871401731371e-06 2448
35.25 1.258673676857274e-09 1.06492477745527e-06 1868
36 9.362345602990957e-10 7.868580513504972e-07 1358
36.75 7.625182641157483e-10 6.555072092194377e-07 1062
37.5 5.764745451299475e-10 4.356134805312208e-07 776
38.25 2.985622330942082e-10 2.442761119786732e-07 432
39 1.611484192772663e-10 8.355200919142051e-08 200
39.75 9.088021789370585e-11 1.102742980688831e-07 168
40.5 5.318848929139568e-11 4.042173870994067e-08 56
41.25 1.226039893452813e-12 3.883891032457547e-09 7


0.75 4.027205767135384e-12 1.878215784456978e-11 18
1.5 1.143993621256636e-10 4.549397279757895e-09 62
2.25 3.817339373216234e-09 9.554616564718484e-09 98
3 1.262728588107042e-10 4.217061239955121e-09 210
3.75 2.136863289040938e-10 2.56780313912618e-09 350
4.5 2.530130395406021e-10 5.659928590468043e-09 450
5.25 3.628736943408431e-10 1.088835225529737e-08 602
6 4.294716426737521e-10 1.555245087659159e-08 762
6.75 5.946187940559989e-10 2.958241058539896e-08 1142
7.5 6.68221685316454e-10 3.58644435170284e-08 1250
8.25 8.07468196075189e-10 5.360228364424495e-08 1458
9 1.047133420604014e-09 8.141106782414758e-08 1814
9.75 1.241772206932503e-09 1.120029261832694e-07 2178
10.5 1.487890652767023e-09 1.460496422527264e-07 2498
11.25 1.548528988308639e-09 1.74200894963277e-07 2622
12 1.920178807524239e-09 2.520235734410917e-07 3338
12.75 2.252936972253802e-09 3.114272179959941e-07 3722
13.5 2.485620728392745e-09 3.8868135051044e-07 4170
14.25 2.59928262189817e-09 4.509592718989733e-07 4358
15 3.036425104519669e-09 5.772016282258084e-07 5034
15.75 3.62645557495415e-09 7.214463068592934e-07 5714
16.5 3.803051912274643e-09 8.310619924114409e-07 5982
17.25 4.175111687126744e-09 9.733213600434075e-07 6602
18 4.529472712304007e-09 1.118212567059177e-06 7130
18.75 5.151823159150661e-09 1.348636915260659e-06 8034
19.5 5.789348763078932e-09 1.559032117183931e-06 8606
20.25 6.158886704345176e-09 1.751600049271705e-06 9066
21 6.747585937058928e-09 2.058898193033039e-06 9962
21.75 7.452693533307935e-09 2.369982137845973e-06 10550
22.5 8.295149366135094e-09 2.533249995173096e-06 11226
23.25 8.741149177898837e-09 2.994780006053733e-06 12146
24 8.971626098055233e-09 3.099575830723024e-06 12303
24.75 9.182339341346942e-09 3.399438797111939e-06 12584
25.5 8.963423683806255e-09 3.470026069646137e-06 12120
26.25 8.327856250721321e-09 3.352439500802171e-06 11180
27 8.450567496568635e-09 3.589063617328994e-06 11096
27.75 7.809180282224906e-09 3.379694613687364e-06 10056
28.5 7.253615278223139e-09 3.396242717305767e-06 9716
29.25 6.707819327061695e-09 3.09638202997914e-06 8604
30 6.388288592463313e-09 3.055866643133733e-06 8060
30.75 5.84177863483754e-09 2.812631380138739e-06 7320
31.5 4.747068266312211e-09 2.627500260525184e-06 6356
32.25 4.330105469225536e-09 2.248177443829437e-06 5348
33 3.502643642872059e-09 1.937921582471161e-06 4308
33.75 2.682136454321944e-09 1.659099761200956e-06 3563
34.5 1.876066872352827e-09 1.288770527273381e-06 2448
35.25 1.414955404421153e-09 9.505096094959252e-07 1868
36 1.130496413880172e-09 6.516042458905237e-07 1358
36.75 9.140906454359884e-10 5.477108561423389e-07 1062
37.5 6.402247215769361e-10 3.924078595578318e-07 776
38.25 3.076762713455761e-10 2.360863785643421e-07 432
39 1.355273565169518e-10 1.048087553375086e-07 200
39.75 9.112021619462841e-11 1.059170014255739e-07 168
40.5 5.561143865467473e-11 3.877224861951393e-08 56
41.25 1.988284604415787e-12 3.065120669144176e-09 7


0.75 1.268769267707862e-12 4.413082258520809e-11 18
1.5 3.097743711224401e-12 5.094054979929965e-08 62
2.25 6.052328916531621e-09 7.115122684623911e-07 98
3 4.747934327903779e-10 3.133610621077899e-09 210
3.75 1.050743480194514e-10 5.237243384085305e-09 350
4.5 1.764438187855582e-10 8.386275087844094e-09 450
5.25 2.614369691439974e-10 1.541869927633843e-08 602
6 2.891807330376873e-10 2.295385800312553e-08 762
6.75 4.700472177521291e-10 3.732627580835106e-08 1142
7.5 4.986803565033925e-10 4.798038640671045e-08 1250
8.25 6.194562244917775e-10 6.973240633768151e-08 1458
9 8.26960339815136e-10 1.029530322610874e-07 1814
9.75 1.017890313810978e-09 1.364580641424658e-07 2178
10.5 1.240366992418006e-09 1.752823520094408e-07 2498
11.25 1.336983885287365e-09 2.018909433920003e-07 2622
12 1.708775629925389e-09 2.831241342635929e-07 3338
12.75 1.967546576951783e-09 3.557116672099432e-07 3722
13.5 2.216481610035123e-09 4.352936894544547e-07 4170
14.25 2.371466326695034e-09 4.939741039042507e-07 4358
15 2.804118851354898e-09 6.23651097345664e-07 5034
15.75 3.366896799016818e-09 7.7584342825531e-07 5714
16.5 3.522709396611215e-09 8.968134651883177e-07 5982
17.25 3.805999728127841e-09 1.069183355912665e-06 6602
18 4.138540189540938e-09 1.223559505475914e-06 7130
18.75 4.757534750401377e-09 1.460191382154144e-06 8034
19.5 5.361518181378911e-09 1.686646683198215e-06 8606
20.25 5.727128493099479e-09 1.879072022575663e-06 9066
21 6.394663593986856e-09 2.17811334497851e-06 9962
21.75 7.046855920589932e-09 2.503683523770064e-06 10550
22.5 7.475577051620657e-09 2.799462607257988e-06 11226
23.25 8.48896990128833e-09 3.086155213822615e-06 12146
24 8.408132573964041e-09 3.294717855291317e-06 12303
24.75 8.906160760671569e-09 3.494372975596419e-06 12584
25.5 8.368719640777597e-09 3.722427592848823e-06 12120
26.25 7.94803858468576e-09 3.509711682468532e-06 11180
27 8.001647823936712e-09 3.789860338793736e-06 11096
27.75 7.381284157119312e-09 3.581071590099944e-06 10056
28.5 6.86744724997945e-09 3.588758023598525e-06 9716
29.25 6.443388631080562e-09 3.222117107929384e-06 8604
30 5.982935905610676e-09 3.26737640888425e-06 8060
30.75 5.393492501338096e-09 3.047794943475243e-06 7320
31.5 4.624018654327145e-09 2.688406650526421e-06 6356
32.25 4.210877658680181e-09 2.306723920555548e-06 5348
33 3.290745844139737e-09 2.058005193259847e-06 4308
33.75 2.741831257394847e-09 1.621085942658305e-06 3563
34.5 1.980370526563878e-09 1.230716219364368e-06 2448
35.25 1.475585263801327e-09 9.086454619631043e-07 1868
36 1.009626757574862e-09 7.299255502148003e-07 1358
36.75 8.600449621146851e-10 5.822963728925578e-07 1062
37.5 5.795732871819056e-10 4.337032593813912e-07 776
38.25 3.112738224202248e-10 2.344238844177398e-07 432
39 1.486406219145454e-10 9.569045277031985e-08 200
39.75 1.179988387996029e-10 8.763403682558918e-08 168
40.5 4.882755261050125e-11 4.370509698507102e-08 56
41.25 1.802327365947788e-12 3.248803688422846e-09 7


0.75 7.223623709058467e-13 7.141961008744796e-11 18
1.5 8.191415419054565e-10 7.409008956666365e-08 62
2.25 5.305591902159621e-08 1.516152038537816e-07 98
3 5.977485747535902e-11 6.701493237020548e-08 210
3.75 6.10464357000699e-11 8.988081824859182e-09 350
4.5 1.028931518607882e-10 1.461565652678877e-08 450
5.25 1.622538947580073e-10 2.44154682383412e-08 602
6 1.882000473067193e-10 3.519945813613922e-08 762
6.75 3.219693482599574e-10 5.455549997296199e-08 1142
7.5 3.660313516146016e-10 6.530496787436779e-08 1250
8.25 4.636529965142116e-10 9.322960270052463e-08 1458
9 6.459982082304943e-10 1.321457097763713e-07 1814
9.75 7.98790990398599e-10 1.741776458699294e-07 2178
10.5 9.257315579914623e-10 2.342708065955005e-07 2498
11.25 1.049370977620937e-09 2.57368093745964e-07 2622
12 1.348678213863872e-09 3.58547859812467e-07 3338
12.75 1.609545394805559e-09 4.352450203975662e-07 3722
13.5 1.872860688771305e-09 5.143482569943771e-07 4170
14.25 1.967856203251172e-09 5.950719830926988e-07 4358
15 2.30645787456834e-09 7.582132273246424e-07 5034
15.75 2.739356451840685e-09 9.535422219445482e-07 5714
16.5 2.97912290462163e-09 1.058560967721204e-06 5982
17.25 3.255118462079958e-09 1.24903990665642e-06 6602
18 3.531152979561939e-09 1.430538279100599e-06 7130
18.75 4.21529490237969e-09 1.649514400922725e-06 8034
19.5 4.553042431892579e-09 1.975432511402894e-06 8606
20.25 4.995752925189592e-09 2.150549285605902e-06 9066
21 5.634707505155902e-09 2.464177080922523e-06 9962
21.75 6.21374031148942e-09 2.832834544328687e-06 10550
22.5 6.791729041747893e-09 3.081790478821561e-06 11226
23.25 7.403753284420847e-09 3.514204113765698e-06 12146
24 7.478253943317653e-09 3.696044481160372e-06 12303
24.75 7.876934008118856e-09 3.950763980414455e-06 12584
25.5 7.812057725048707e-09 3.975541057461179e-06 12120
26.25 7.201953600877461e-09 3.869080753254024e-06 11180
27 7.479295558031131e-09 4.050704449572962e-06 11096
27.75 6.662110014530557e-09 3.967329232987819e-06 10056
28.5 6.592543993804613e-09 3.733907574073473e-06 9716
29.25 5.901043914097721e-09 3.518537787519148e-06 8604
30 5.581079441967463e-09 3.500652246300466e-06 8060
30.75 5.17793579304525e-09 3.17605203393188e-06 7320
31.5 4.356734568886181e-09 2.850785416054718e-06 6356
32.25 3.811555676089242e-09 2.552228730074301e-06 5348
33 3.046874784213998e-09 2.226321642250501e-06 4308
33.75 2.546586384871055e-09 1.744777477460655e-06 3563
34.5 1.790150314804309e-09 1.357043991816056e-06 2448
35.25 1.397753518555514e-09 9.606321843547846e-07 1868
36 9.747942011252123e-10 7.567328051316251e-07 1358
36.75 8.384634524429039e-10 5.967304047872935e-07 1062
37.5 6.335019412566761e-10 3.909394466324246e-07 776
38.25 2.726711948970679e-10 2.647664805613516e-07 432
39 1.221979457837183e-10 1.159833752550259e-07 200
39.75 1.186874161399644e-10 8.706968137131686e-08 168
40.5 5.762948131891763e-11 3.689019692768949e-08 56
41.25 4.541923449200637e-12 1.122034835729171e-09 7


0.75 3.261923703444206e-12 8.124565358835259e-11 18
1.5 5.600078283049496e-09 2.343776401940008e-07 62
2.25 5.849368620229268e-08 3.303229873876736e-05 98
3 1.688490191342173e-10 7.642498889060183e-08 210
3.75 1.054045035057471e-10 5.411971271658704e-09 350
4.5 1.793956912217405e-10 8.457591563276464e-09 450
5.25 2.647140783432017e-10 1.495338051440899e-08 602
6 2.899154676738384e-10 2.28683589680634e-08 762
6.75 4.681962069294156e-10 3.752664478178693e-08 1142
7.5 5.336208860537683e-10 4.467256631726716e-08 1250
8.25 6.591849862312381e-10 6.5464541275257e-08 1458
9 8.339668448511424e-10 1.020920981337293e-07 1814
9.75 1.0607819340065e-09 1.310869214673469e-07 2178
10.5 1.241523137648918e-09 1.749758681133003e-07 2498
11.25 1.312474464631645e-09 2.056285775267716e-07 2622
12 1.747727756704099e-09 2.770853647053341e-07 3338
12.75 1.920100182878354e-09 3.641698254457039e-07 3722
13.5 2.17585253609439e-09 4.427188689640363e-07 4170
14.25 2.371043418952014e-09 4.935973456829988e-07 4358
15 2.785443613511083e-09 6.283577688718479e-07 5034
15.75 3.319942464315601e-09 7.877070198512963e-07 5714
16.5 3.555817406460869e-09 8.887956436989502e-07 5982
17.25 3.947066084133338e-09 1.031303016196351e-06 6602
18 4.284750023257701e-09 1.182150748743789e-06 7130
18.75 4.824676196744216e-09 1.440828762097595e-06 8034
19.5 5.423343708262489e-09 1.663422010497623e-06 8606
20.25 5.760246798700534e-09 1.865712802258384e-06 9066
21 6.389520720291048e-09 2.177678789596865e-06 9962
21.75 7.130576884705319e-09 2.475175132712149e-06 10550
22.5 7.647972197139568e-09 2.745180874671777e-06 11226
23.25 8.4200862609801e-09 3.106091163523472e-06 12146
24 8.400248699389083e-09 3.299207814569936e-06 12303
24.75 8.813227843387632e-09 3.536015047730721e-06 12584
25.5 8.558360032866829e-09 3.63082274363345e-06 12120
26.25 8.018341505491517e-09 3.483461439555946e-06 11180
27 8.205789643435514e-09 3.687803250346772e-06 11096
27.75 7.392087449622901e-09 3.5793501347477e-06 10056
28.5 7.114954726330458e-09 3.46633333719139e-06 9716
29.25 6.296810243265297e-09 3.301564060881447e-06 8604
30 6.115667256347177e-09 3.197196085316238e-06 8060
30.75 5.491263460138101e-09 2.995723073044801e-06 7320
31.5 4.757006063501074e-09 2.61029329918813e-06 6356
32.25 4.00640808136741e-09 2.422130059308244e-06 5348
33 3.446246942542583e-09 1.972757641322684e-06 4308
33.75 2.707109794164563e-09 1.64679303255897e-06 3563
34.5 2.005298813395375e-09 1.212165371094967e-06 2448
35.25 1.469099915444918e-09 9.145810738118044e-07 1868
36 1.041305248065172e-09 7.086318245990653e-07 1358
36.75 9.183122569364161e-10 5.414027985344157e-07 1062
37.5 6.069377803135723e-10 4.1423878938227e-07 776
38.25 3.117337412611482e-10 2.335655459629955e-07 432
39 1.470141469264121e-10 9.680605366890733e-08 200
39.75 9.891315383164913e-11 1.014053822111939e-07 168
40.5 6.393918491741394e-11 3.275461340039856e-08 56
41.25 3.874956557953701e-12 1.743269975407131e-09 7


0.75 4.578066561917179e-13 9.926089381055797e-11 18
1.5 9.72277520771688e-09 2.604852018339256e-07 62
2.25 1.179647890144839e-06 0.0004264021741765517 98
3 7.56687509480079e-10 2.183396254511949e-07 210
3.75 6.220291584061476e-11 8.888924128090394e-09 350
4.5 1.074226790277316e-10 1.494219359546428e-08 450
5.25 1.463064684656588e-10 2.719415459989684e-08 602
6 1.742689043578678e-10 3.783168425420923e-08 762
6.75 3.043967903382252e-10 5.77520169987552e-08 1142
7.5 3.448529524099195e-10 6.923598388762225e-08 1250
8.25 4.546294715379023e-10 9.497122529011812e-08 1458
9 6.008984624261196e-10 1.418988727710839e-07 1814
9.75 7.676143137770895e-10 1.809484806961198e-07 2178
10.5 9.525359662808052e-10 2.282839867264351e-07 2498
11.25 9.939687636267931e-10 2.71390184170437e-07 2622
12 1.31037157242528e-09 3.689934206887496e-07 3338
12.75 1.553949498114074e-09 4.510321287069448e-07 3722
13.5 1.822886030321967e-09 5.288905672091412e-07 4170
14.25 1.913853064066835e-09 6.114775724784642e-07 4358
15 2.290908257213723e-09 7.629614496502235e-07 5034
15.75 2.778655254193034e-09 9.413653498067541e-07 5714
16.5 2.966744750636037e-09 1.063510852101978e-06 5982
17.25 3.183447856529269e-09 1.27527809513326e-06 6602
18 3.588865313986825e-09 1.41142183868088e-06 7130
18.75 4.206116333574491e-09 1.65043323986275e-06 8034
19.5 4.568896050590448e-09 1.973733403962166e-06 8606
20.25 5.008083117453295e-09 2.144883736898781e-06 9066
21 5.654911267302035e-09 2.454662021236996e-06 9962
21.75 6.217667496151084e-09 2.834332124148908e-06 10550
22.5 6.766367552192802e-09 3.100522845177014e-06 11226
23.25 7.343360908579777e-09 3.542697008789128e-06 12146
24 7.420546228675755e-09 3.721543738139882e-06 12303
24.75 7.857683061275157e-09 3.965172857268924e-06 12584
25.5 7.676928559532933e-09 4.054825420898026e-06 12120
26.25 7.05938620241512e-09 3.954315746519803e-06 11180
27 7.275946512397407e-09 4.17072683971659e-06 11096
27.75 6.667777921424831e-09 3.959559678556447e-06 10056
28.5 6.255349661080939e-09 3.941868247163432e-06 9716
29.25 5.867698889540258e-09 3.536546243253201e-06 8604
30 5.362851134930278e-09 3.637924615598746e-06 8060
30.75 4.822256970910987e-09 3.40504130646811e-06 7320
31.5 4.223419894851504e-09 2.944186396057671e-06 6356
32.25 3.575534252863675e-09 2.712569286873349e-06 5348
33 3.111069173511343e-09 2.182917515076122e-06 4308
33.75 2.450384317757084e-09 1.811263188565553e-06 3563
34.5 1.76681467929474e-09 1.373055857503859e-06 2448
35.25 1.241488137875237e-09 1.076703536228587e-06 1868
36 9.469279674153394e-10 7.78264350955996e-07 1358
36.75 8.233558254380381e-10 6.075885040069223e-07 1062
37.5 5.396959725542226e-10 4.661372524257862e-07 776
38.25 3.062623316329746e-10 2.381524088634919e-07 432
39 1.568786506382181e-10 8.752565312141193e-08 200
39.75 1.018224010956652e-10 1.008070785149167e-07 168
40.5 5.567510351934968e-11 3.845471000669357e-08 56
41.25 1.595235600556117e-12 3.542732633706771e-09 7


0.75 2.286978118614441e-12 7.162736557800817e-10 18
1.5 5.17310774585237e-08 2.168391244413452e-08 62
2.25 1.766781634851192e-05 0.000513590176555922 98
3 7.082426218794689e-09 8.101903128859483e-08 210
3.75 3.239852899210789e-10 4.983623291842772e-09 350
4.5 2.250419157454392e-10 8.925544711825004e-09 450
5.25 2.816140654225531e-10 1.439162245337294e-08 602
6 3.283064590788619e-10 2.029450697756419e-08 762
6.75 5.139846593435746e-10 3.412749668921582e-08 1142
7.5 5.431753645085113e-10 4.413947520288977e-08 1250
8.25 6.893900972055856e-10 6.26994537278376e-08 1458
9 8.91410883776257e-10 9.565055522036993e-08 1814
9.75 1.125035539313828e-09 1.235634559615753e-07 2178
10.5 1.354512802206792e-09 1.60282618923247e-07 2498
11.25 1.429745818012576e-09 1.886534525958911e-07 2622
12 1.769362124008203e-09 2.734113421072323e-07 3338
12.75 2.084687325465764e-09 3.365504879981438e-07 3722
13.5 2.336040109262189e-09 4.125660441060106e-07 4170
14.25 2.440105671701847e-09 4.79771540210213e-07 4358
15 2.890535700503599e-09 6.062707142666562e-07 5034
15.75 3.509533667185434e-09 7.453474467293773e-07 5714
16.5 3.602721368606299e-09 8.750961388175875e-07 5982
17.25 4.062708238942559e-09 1.001771374517196e-06 6602
18 4.500326969312435e-09 1.125951522166783e-06 7130
18.75 5.061453653958475e-09 1.374320775425501e-06 8034
19.5 5.654581043070484e-09 1.596400095890919e-06 8606
20.25 5.881613274141399e-09 1.831670256374665e-06 9066
21 6.599479270195521e-09 2.110600607252907e-06 9962
21.75 7.456187822879603e-09 2.367503471998065e-06 10550
22.5 8.042603180984521e-09 2.608652818920466e-06 11226
23.25 8.766941193636335e-09 2.980196999694895e-06 12146
24 8.740820792427839e-09 3.180921831945962e-06 12303
24.75 9.145380235681608e-09 3.422422486284048e-06 12584
25.5 8.822406766635142e-09 3.531237087366551e-06 12120
26.25 8.197945692204672e-09 3.413861436708333e-06 11180
27 8.172525374243747e-09 3.707355619095192e-06 11096
27.75 7.869121707287196e-09 3.347658734392114e-06 10056
28.5 7.130778554868013e-09 3.461694874520512e-06 9716
29.25 6.478652475288953e-09 3.197864411632442e-06 8604
30 5.947560824556869e-09 3.276472269310761e-06 8060
30.75 5.529595738475493e-09 2.979930684911366e-06 7320
31.5 4.676145895693135e-09 2.654458049272292e-06 6356
32.25 4.202363828796105e-09 2.310604859940915e-06 5348
33 3.372822170596078e-09 2.016918097912784e-06 4308
33.75 2.635903976109726e-09 1.686725159123893e-06 3563
34.5 1.945401935301208e-09 1.25098462483735e-06 2448
35.25 1.399837468886008e-09 9.570873027140373e-07 1868
36 1.155869928462636e-09 6.331942602734179e-07 1358
36.75 9.034631252827764e-10 5.53517791258152e-07 1062
37.5 6.809730863187293e-10 3.639506328538827e-07 776
38.25 3.465469024005665e-10 2.090901288399641e-07 432
39 1.856063547396167e-10 6.997725335167901e-08 200
39.75 1.352782194241923e-10 7.539480136069268e-08 168
40.5 3.995056059319178e-11 4.985596325373712e-08 56
41.25 4.514532507310636e-12 1.297964497972181e-09 7


0.75 5.124659627244989e-09 2.808923823344839e-08 18
1.5 3.323582799070865e-07 6.587000750707015e-07 62
2.25 0.000804191535753757 0.000686044938738182 98
3 1.31817161099415e-07 6.125528062557172e-07 210
3.75 1.126602492901294e-08 1.061834690966687e-07 350
4.5 2.149102989979582e-09 2.132682569275994e-08 450
5.25 9.176669987074494e-10 8.209135240234349e-08 602
6 7.10953357550807e-10 3.369749965780013e-08 762
6.75 6.358386245095554e-10 2.914826245886561e-08 1142
7.5 6.101388073291409e-10 3.954381009204385e-08 1250
8.25 7.888578636471425e-10 5.477057025940366e-08 1458
9 1.0331099766042e-09 8.261325427308625e-08 1814
9.75 1.218939627444296e-09 1.142275377373653e-07 2178
10.5 1.474819195125419e-09 1.467061240710645e-07 2498
11.25 1.481663536107887e-09 1.821665665931148e-07 2622
12 1.831496958724822e-09 2.640422036548237e-07 3338
12.75 2.264941377158784e-09 3.092146406562017e-07 3722
13.5 2.381802485177439e-09 4.03960121843816e-07 4170
14.25 2.527292235409437e-09 4.645792937838966e-07 4358
15 3.001773502990556e-09 5.832808675546532e-07 5034
15.75 3.591085085067942e-09 7.281281833877558e-07 5714
16.5 3.738409585988316e-09 8.4502352602353e-07 5982
17.25 4.290590107013842e-09 9.465809685578417e-07 6602
18 4.664300141895675e-09 1.083164650740584e-06 7130
18.75 5.195235537817798e-09 1.336287743321439e-06 8034
19.5 5.762959636944107e-09 1.568169212476177e-06 8606
20.25 6.133889527947524e-09 1.76272186468147e-06 9066
21 6.797854323868665e-09 2.045109666629965e-06 9962
21.75 7.319592694731476e-09 2.407837692498159e-06 10550
22.5 8.01691392066459e-09 2.627011205273319e-06 11226
23.25 8.982349161681839e-09 2.906607055858199e-06 12146
24 8.956104709652694e-09 3.085693162481851e-06 12303
24.75 9.179880598430923e-09 3.397302696743405e-06 12584
25.5 8.895790301456227e-09 3.502233908751267e-06 12120
26.25 8.352515479811598e-09 3.344380936940204e-06 11180
27 8.435829101367216e-09 3.588777860214655e-06 11096
27.75 7.682178739237165e-09 3.427527646258166e-06 10056
28.5 7.346344926298609e-09 3.353330980123968e-06 9716
29.25 6.667227266726254e-09 3.115764576511047e-06 8604
30 6.329949089934337e-09 3.08549690870652e-06 8060
30.75 5.795939612823589e-09 2.84030379043394e-06 7320
31.5 4.823372065414442e-09 2.577056983664142e-06 6356
32.25 4.164822840901817e-09 2.334994058610709e-06 5348
33 3.386472328234173e-09 2.005079436162873e-06 4308
33.75 2.679208992445784e-09 1.657140539082211e-06 3563
34.5 1.991503521671363e-09 1.222421791733821e-06 2448
35.25 1.560150176594301e-09 8.551594385656233e-07 1868
36 1.055903510198889e-09 7.006795377283004e-07 1358
36.75 8.351294109398818e-10 5.983586276212219e-07 1062
37.5 6.571605778431832e-10 3.804254723024628e-07 776
38.25 3.190430424630933e-10 2.285563381443415e-07 432
39 1.621729134721867e-10 8.688818981486989e-08 200
39.75 1.259506115587175e-10 8.152234286059052e-08 168
40.5 6.85980112457914e-11 2.991949425888816e-08 56
41.25 2.223393121041724e-12 2.939147250613697e-09 7


