0 0 0
2.99999999999998 1.63755056567444e-18 5.11375920559392e-20
5.99999999999992 1.08431325704995e-18 1.27566917414752e-20
8.99999999999985 9.54539301709335e-19 5.89742572257197e-21
11.9999999999998 7.59211344724411e-19 2.89518279869739e-21
14.9999999999997 6.40757909912686e-19 1.65973748113242e-21
18 7.33017500462947e-19 1.37362294262931e-21
21.0000000000005 6.75284831080809e-19 9.57006325215388e-22
24.000000000001 9.70010870838426e-19 1.07424280019205e-21
27.0000000000014 2.1684724797921e-18 1.92433070847645e-21
30.0000000000019 4.54375141556849e-18 3.29586515064668e-21
33.000000000002 6.30018407325675e-18 3.79639757629539e-21
36.0000000000014 6.93534945072941e-18 3.51923340635079e-21
39.0000000000008 7.03192724521188e-18 3.04014561719703e-21
42.0000000000002 8.60452862160164e-18 3.20237118312347e-21
44.9999999999996 1.25452620194599e-17 4.05691189685967e-21
47.999999999999 1.62226659556454e-17 4.5975487895807e-21
50.9999999999984 4.01487656431079e-17 1.00513060062714e-20
53.9999999999978 3.67359336293575e-16 8.18518249135739e-20
56.9999999999972 2.05462280170846e-15 4.1029886687168e-19
59.9999999999966 2.62557575352801e-15 4.73014534314417e-19
62.999999999996 2.31664299113874e-15 3.78830550544707e-19
65.9999999999969 2.72689850757723e-15 4.07040902646047e-19
68.9999999999984 3.8241228735955e-15 5.23735279867667e-19
71.9999999999999 5.17860036944124e-15 6.53735784421255e-19
75.0000000000015 6.55895303706721e-15 7.66303096636796e-19
78.000000000003 7.95024458677886e-15 8.62693323601752e-19
81.0000000000045 1.47456343109421e-14 1.49059376264112e-18
84.0000000000061 1.97945027373487e-14 1.86880122208515e-18
87.0000000000076 3.20649237352871e-14 2.83326736021994e-18
90.0000000000091 9.29307888284496e-14 7.69855759006204e-18
93.0000000000107 6.87123285790745e-13 5.34426520332948e-17
96.0000000000122 9.39913589608283e-12 6.87081563632749e-16
99.0000000000137 1.92573941132399e-10 1.323776176693e-14
102.000000000015 6.04811907228415e-09 3.9079082502969e-13
105.000000000017 8.02136722117985e-08 4.86694235812303e-12
108.000000000018 4.45043387051717e-07 2.53799513776936e-11
111.00000000002 2.16146671222284e-06 1.16121627549058e-10
114.000000000021 5.67643193761173e-06 2.87499272754492e-10
117.000000000023 1.19154069637772e-05 5.70139258854161e-10
120.000000000024 1.28555312705485e-05 5.81138027518011e-10
123.000000000026 1.08834716224259e-05 4.65006047937859e-10
126.000000000028 1.00126701789269e-05 4.04699093857383e-10
129.000000000028 1.25751817187182e-05 4.81526193217794e-10
132.000000000025 1.62688965467119e-05 5.90840554344492e-10
135.000000000022 1.8229292164478e-05 6.28738898001273e-10
138.000000000019 1.7662916992924e-05 5.79339672228748e-10
141.000000000017 1.72529289340649e-05 5.3876581235248e-10
144.000000000014 2.02290581299424e-05 6.01878614262884e-10
147.000000000011 2.54559337485013e-05 7.2254166484942e-10
150.000000000009 2.99946810848983e-05 8.12933186170571e-10
153.000000000006 3.16452211697618e-05 8.19910218520447e-10
156.000000000003 2.90037566613133e-05 7.1906935742965e-10
159 2.37783024636621e-05 5.6441381684675e-10
161.999999999998 1.86043168921446e-05 4.23194451817617e-10
164.999999999995 1.64867692737969e-05 3.5982036229353e-10
167.999999999992 1.77105598554032e-05 3.71130122820208e-10
170.999999999989 2.02712103104386e-05 4.08001182487083e-10
173.999999999987 2.22531474854328e-05 4.30542468771053e-10
176.999999999984 2.38579810731461e-05 4.44133256954522e-10
179.999999999981 2.54158708888132e-05 4.55554406072211e-10
182.999999999979 2.7443898475564e-05 4.73900867775544e-10
185.999999999976 2.94526640479146e-05 4.90118420091676e-10
188.999999999973 3.05664668617289e-05 4.90541362714557e-10
191.99999999997 2.99575949517283e-05 4.6413746274091e-10
194.999999999968 2.70511991839586e-05 4.04822219979574e-10
197.999999999965 2.20784435394579e-05 3.19220648413716e-10
200.999999999962 1.72388307478851e-05 2.40892407089673e-10
203.999999999959 1.50894372076351e-05 2.04001207309275e-10
206.999999999957 1.69524267642438e-05 2.218860221712e-10
209.999999999954 2.1855411173083e-05 2.77055230641724e-10
212.999999999951 2.71203992171738e-05 3.33071738481227e-10
215.999999999949 3.08438437731373e-05 3.67104330511837e-10
218.999999999946 3.18917302219063e-05 3.68077985374773e-10
221.999999999943 3.02129465469254e-05 3.38392707454436e-10
224.99999999994 2.84824804670684e-05 3.09754996086151e-10
227.999999999938 2.72866697606298e-05 2.88209001637349e-10
230.999999999935 2.71376304878197e-05 2.78441201529162e-10
233.999999999932 2.659381210338e-05 2.65130219065284e-10
236.999999999929 2.53090508938135e-05 2.45351016836219e-10
239.999999999927 2.30250735692026e-05 2.17181217245766e-10
242.999999999924 2.00410903231882e-05 1.83975312295191e-10
245.999999999921 1.7882325237272e-05 1.59799669070858e-10
248.999999999919 1.79410011332131e-05 1.56113211364314e-10
251.999999999916 2.08474894640449e-05 1.76705481719129e-10
254.999999999913 2.5770946290056e-05 2.12863145379142e-10
257.99999999991 3.10248959244648e-05 2.49826627392627e-10
260.999999999908 3.4017861643774e-05 2.67157095050072e-10
263.999999999905 3.46705700892126e-05 2.65636375454949e-10
266.999999999902 3.2738519324373e-05 2.44728205837938e-10
269.999999999899 2.94368526533806e-05 2.14768926806353e-10
272.999999999897 2.62671282705769e-05 1.87105354208426e-10
275.999999999894 2.42087749289e-05 1.68430066868599e-10
278.999999999891 2.33238658942284e-05 1.58542385329325e-10
281.999999999889 2.31611871219206e-05 1.53845323475506e-10
284.999999999886 2.32298893840749e-05 1.50824831280083e-10
287.999999999883 2.27634722209755e-05 1.44498331779974e-10
290.99999999988 2.20272331749489e-05 1.36750377153156e-10
293.999999999878 2.18701966137001e-05 1.32824083942165e-10
296.999999999875 2.25020614879849e-05 1.33723680157014e-10
299.999999999872 2.41957706542816e-05 1.40722419125705e-10
302.999999999869 2.66247184787346e-05 1.51584362737847e-10
305.999999999867 3.02154627592148e-05 1.68446723033305e-10
308.999999999864 3.30368907916171e-05 1.80378736617255e-10
311.999999999861 3.4479040549352e-05 1.84430192205757e-10
314.999999999859 3.48134416903812e-05 1.82472358556504e-10
317.999999999856 3.32450756340959e-05 1.70769119232972e-10
320.999999999853 2.9929615704301e-05 1.50697588676523e-10
323.99999999985 2.60888641730842e-05 1.28783843493215e-10
326.999999999848 2.2350415208449e-05 1.08190157766549e-10
329.999999999845 1.98017547344739e-05 9.40171180270972e-11
332.999999999842 1.86086197341102e-05 8.66800218298325e-11
335.999999999839 1.89107113011336e-05 8.64423913016961e-11
338.999999999837 2.08916307379972e-05 9.37229620898387e-11
341.999999999834 2.31342936003729e-05 1.01871481581086e-10
344.999999999831 2.55969533052473e-05 1.10648773945346e-10
347.999999999829 2.72464777236243e-05 1.15634222297798e-10
350.999999999826 2.8478732884929e-05 1.18692089668929e-10
353.999999999823 2.94423583241785e-05 1.2053330133713e-10
356.99999999982 2.97437187396422e-05 1.19646634158329e-10
359.999999999818 2.98340547156894e-05 1.17940116850927e-10
362.999999999815 3.00285076426548e-05 1.16664290520198e-10
365.999999999812 3.0583657817075e-05 1.16780219433318e-10
368.999999999809 3.05466272426927e-05 1.14645475847779e-10
371.999999999807 3.04202172019873e-05 1.12232189465731e-10
374.999999999804 2.94723348839005e-05 1.06913023095694e-10
377.999999999801 2.73091252117146e-05 9.74381072804532e-11
380.999999999798 2.47484874823059e-05 8.68769088480693e-11
383.999999999796 2.17946823353285e-05 7.52794558929507e-11
386.999999999793 1.96587623308707e-05 6.68127535713667e-11
389.99999999979 1.82903805155334e-05 6.116469704075e-11
392.999999999788 1.83118075118509e-05 6.02546072820799e-11
395.999999999785 1.96428784975977e-05 6.36090168467123e-11
398.999999999782 2.21655084598082e-05 7.06546001203164e-11
401.999999999779 2.51312021167992e-05 7.88823732167965e-11
404.999999999777 2.84155918574445e-05 8.78384968962077e-11
407.999999999774 3.11051532895184e-05 9.47051522004556e-11
410.999999999771 3.25769404714117e-05 9.77006517364864e-11
413.999999999768 3.28723060067194e-05 9.7108436976253e-11
416.999999999766 3.19085472935115e-05 9.28552742636459e-11
419.999999999763 3.05494853298293e-05 8.7575874035625e-11
422.99999999976 2.92365095310018e-05 8.25756536701936e-11
425.999999999758 2.80361806360267e-05 7.80384665613443e-11
428.999999999755 2.71996228310287e-05 7.46280615337506e-11
431.999999999752 2.68986875019158e-05 7.27565499158973e-11
434.999999999749 2.61358872137894e-05 6.96984937384113e-11
437.999999999747 2.5357666017457e-05 6.66764799684273e-11
440.999999999744 2.4301703849422e-05 6.3008527934449e-11
443.999999999741 2.28248742863519e-05 5.83537935085516e-11
446.999999999738 2.09747274883452e-05 5.28797157980322e-11
449.999999999736 1.94767675237311e-05 4.84271507804052e-11
452.999999999733 1.86008745355671e-05 4.56200655910957e-11
455.99999999973 1.89634755450417e-05 4.58845172273329e-11
458.999999999728 2.04331058086492e-05 4.87832552130769e-11
461.999999999725 2.29282259502492e-05 5.40181945431165e-11
464.999999999722 2.60671558507691e-05 6.06088358723652e-11
467.999999999719 2.95742503194904e-05 6.78632361158416e-11
470.999999999717 3.22068320853441e-05 7.29415741865312e-11
473.999999999714 3.37959826471502e-05 7.55489493575827e-11
476.999999999711 3.40348595891409e-05 7.51005262459442e-11
479.999999999708 3.28019653571586e-05 7.1450588785835e-11
482.999999999706 3.08387429053178e-05 6.63204995935285e-11
485.999999999703 2.83957239622111e-05 6.02981494925687e-11
488.9999999997 2.57219960528606e-05 5.39406018872709e-11
491.999999999698 2.37623654712291e-05 4.92169498647304e-11
494.999999999695 2.23256287862479e-05 4.56744789539568e-11
497.999999999692 2.1663747030168e-05 4.37804431000966e-11
500.999999999689 2.1631067181239e-05 4.3183169467358e-11
503.999999999687 2.16142474377622e-05 4.26248272952954e-11
506.999999999684 2.18724553876041e-05 4.26105110109619e-11
509.999999999681 2.18881272904013e-05 4.21263063074903e-11
512.999999999678 2.18256131827476e-05 4.15040718545756e-11
515.999999999676 2.21337572562783e-05 4.15942434760891e-11
518.999999999673 2.24079328790911e-05 4.16184296068723e-11
521.99999999967 2.28891693331237e-05 4.20220234512907e-11
524.999999999668 2.34983429644823e-05 4.26443622559083e-11
527.999999999665 2.44242387315709e-05 4.38154132160583e-11
530.999999999662 2.56874022893954e-05 4.5554863963955e-11
533.999999999659 2.72296000366795e-05 4.77393860285932e-11
536.999999999657 2.87455695247193e-05 4.98231946533664e-11
539.999999999654 2.99177209890894e-05 5.12672691106586e-11
542.999999999651 3.09037573856729e-05 5.2360546593759e-11
545.999999999648 3.16485670983783e-05 5.30253512816234e-11
548.999999999646 3.13353637093089e-05 5.19222423273713e-11
551.999999999643 3.03201233433842e-05 4.96907308255292e-11
554.99999999964 2.86509899870641e-05 4.64468026523523e-11
557.999999999638 2.66355411303908e-05 4.2713385437841e-11
560.999999999635 2.45111787900181e-05 3.88845263940786e-11
563.999999999632 2.2252489791627e-05 3.4922550707223e-11
566.999999999629 2.02829126825493e-05 3.14906083919775e-11
569.999999999627 1.87358684347323e-05 2.87787638513935e-11
572.999999999624 1.79008635700987e-05 2.72037811873324e-11
575.999999999621 1.78131875106588e-05 2.67843130469844e-11
578.999999999618 1.85664597925302e-05 2.76250234118411e-11
581.999999999616 1.98134654823282e-05 2.9173911049986e-11
584.999999999613 2.14168685722755e-05 3.12090836045331e-11
587.99999999961 2.33892643446035e-05 3.37359933595343e-11
590.999999999608 2.51006081860797e-05 3.58378905087483e-11
593.999999999605 2.64619443727062e-05 3.74009324207412e-11
596.999999999602 2.7306302037931e-05 3.82069142788658e-11
599.999999999599 2.82430968863061e-05 3.91205286563178e-11
602.999999999597 2.83265541553459e-05 3.88404263627345e-11
605.999999999594 2.86437894659866e-05 3.88820737807442e-11
608.999999999591 2.85118878146782e-05 3.83172528374639e-11
611.999999999588 2.84830245107255e-05 3.78985577095455e-11
614.999999999586 2.84719567602813e-05 3.75114599716741e-11
617.999999999583 2.83345040410751e-05 3.69663942929237e-11
620.99999999958 2.80338167783752e-05 3.6221348574419e-11
623.999999999578 2.77562363109237e-05 3.55206319264449e-11
626.999999999575 2.72103805831259e-05 3.44919696080175e-11
629.999999999572 2.62415171608523e-05 3.29494200717674e-11
632.999999999569 2.50656447649795e-05 3.11758014686444e-11
635.999999999567 2.35773172450707e-05 2.90475052130479e-11
638.999999999564 2.20203593403404e-05 2.68717181995757e-11
641.999999999561 2.02273755850661e-05 2.44496589149798e-11
644.999999999558 1.86607618472148e-05 2.23434838534219e-11
647.999999999556 1.7460136144678e-05 2.07103724652335e-11
650.999999999553 1.69489480931931e-05 1.99178480775447e-11
653.99999999955 1.70886894794561e-05 1.98986805738739e-11
656.999999999548 1.81300357350763e-05 2.09204726886884e-11
659.999999999545 1.99982152867195e-05 2.28691920329515e-11
662.999999999542 2.19464763903205e-05 2.48726701539114e-11
665.999999999539 2.45073492597594e-05 2.75279693374982e-11
668.999999999537 2.67930739598121e-05 2.98273392524667e-11
671.999999999534 2.88724571312728e-05 3.18544224055651e-11
674.999999999531 3.03492171875512e-05 3.31833515052107e-11
677.999999999528 3.09329644537577e-05 3.35186163301524e-11
680.999999999526 3.08752789380109e-05 3.31576550516075e-11
683.999999999523 3.00790032172229e-05 3.20171621890653e-11
686.99999999952 2.89401260663294e-05 3.05354688238586e-11
689.999999999518 2.7446908264465e-05 2.8709704927425e-11
692.999999999515 2.62113864782072e-05 2.71832121725276e-11
695.999999999512 2.49409564832458e-05 2.56462861184922e-11
698.999999999509 2.40429717217978e-05 2.45143393152419e-11
701.999999999507 2.33804048886934e-05 2.36382139073745e-11
704.999999999504 2.29670453271053e-05 2.30247422890683e-11
707.999999999501 2.29180621299193e-05 2.27814944595114e-11
710.999999999498 2.28995010241759e-05 2.25701078627732e-11
713.999999999496 2.27192764526816e-05 2.22027708412982e-11
716.999999999493 2.24057911421979e-05 2.17112426703757e-11
719.99999999949 2.17483647883903e-05 2.08975988894582e-11
722.999999999487 2.09629499648235e-05 1.99749661760008e-11
725.999999999485 2.00708192503041e-05 1.89673680534376e-11
728.999999999482 1.93410966961661e-05 1.81292740772755e-11
731.999999999479 1.8851773306416e-05 1.7528652237588e-11
734.999999999477 1.85123379751436e-05 1.70756047822975e-11
737.999999999474 1.86699119667092e-05 1.70836944399605e-11
740.999999999471 1.95587000707005e-05 1.77543261010211e-11
743.999999999468 2.09521437076907e-05 1.88674423904761e-11
746.999999999466 2.27464787573229e-05 2.03192140434746e-11
749.999999999463 2.4782722303341e-05 2.19608323680865e-11
752.99999999946 2.66664747511426e-05 2.34404140850581e-11
755.999999999457 2.86645870911288e-05 2.49956567151291e-11
758.999999999455 3.00932118586988e-05 2.60331776074445e-11
761.999999999452 3.10831754983022e-05 2.66776068969968e-11
764.999999999449 3.11133919504961e-05 2.64955508429534e-11
767.999999999447 3.0671269463032e-05 2.59180885119327e-11
770.999999999444 2.94242805888473e-05 2.46746110468375e-11
773.999999999441 2.78404481091796e-05 2.31696074529441e-11
776.999999999438 2.60661938395926e-05 2.15297261869074e-11
779.999999999436 2.43033597068605e-05 1.99222280806378e-11
782.999999999433 2.26308427311032e-05 1.84111250906815e-11
785.99999999943 2.11245363527879e-05 1.70553720452591e-11
788.999999999427 1.99985042104297e-05 1.6023293413871e-11
791.999999999425 1.89937023858488e-05 1.51026811500759e-11
794.999999999422 1.84475290150158e-05 1.45575679493077e-11
797.999999999419 1.83642265962629e-05 1.43828492699586e-11
800.999999999417 1.85176487877344e-05 1.43945480595475e-11
803.999999999414 1.88203977448885e-05 1.45212914239452e-11
806.999999999411 1.92409286121004e-05 1.47368052937953e-11
809.999999999408 1.98198476801847e-05 1.50699083241795e-11
812.999999999406 2.03126110824577e-05 1.53331221199388e-11
815.999999999403 2.07454474722222e-05 1.55473482243965e-11
818.9999999994 2.1275157901465e-05 1.58300625663559e-11
821.999999999397 2.16799417343586e-05 1.6015651867578e-11
824.999999999395 2.22498172296882e-05 1.63189395526269e-11
827.999999999392 2.28312142144906e-05 1.66251308590482e-11
830.999999999389 2.35468156348394e-05 1.70232137621844e-11
833.999999999387 2.44469703802156e-05 1.75473785327528e-11
836.999999999384 2.53266921688716e-05 1.80490494477861e-11
839.999999999381 2.61499454754842e-05 1.85030514700737e-11
842.999999999378 2.67265525361043e-05 1.87767140750413e-11
845.999999999376 2.73289193420141e-05 1.90646481624054e-11
848.999999999373 2.77366931272719e-05 1.92142534506834e-11
851.99999999937 2.79703154451074e-05 1.92416584398479e-11
854.999999999367 2.78148762384021e-05 1.90028776956753e-11
857.999999999365 2.75639520063906e-05 1.87026691959573e-11
860.999999999362 2.68867331909843e-05 1.81188736429986e-11
863.999999999359 2.59705128722939e-05 1.73827247886393e-11
866.999999999357 2.50633352803619e-05 1.66621217191509e-11
869.999999999354 2.36927607337989e-05 1.5644531286228e-11
872.999999999351 2.24290074938257e-05 1.47098865385505e-11
875.999999999348 2.07851677320422e-05 1.35390838658293e-11
878.999999999346 1.93750014000837e-05 1.25345522185453e-11
881.999999999343 1.80408658218039e-05 1.15922937289093e-11
884.99999999934 1.67571352464896e-05 1.06947509352027e-11
887.999999999337 1.61299533831474e-05 1.02254137375677e-11
890.999999999335 1.60746170953441e-05 1.01222503587245e-11
893.999999999332 1.60759716368158e-05 1.00559465772577e-11
896.999999999329 1.7040760198441e-05 1.05894937909701e-11
