1.629786568603628548e+06
3.259573137207257096e+06
4.889359705810885876e+06
6.519146274414514191e+06
8.148932843018142506e+06
9.778719411621771753e+06
1.140850598022539914e+07
1.303829254882902838e+07
1.466807911743265763e+07
1.629786568603628501e+07
1.792765225463991240e+07
1.955743882324354351e+07
2.118722539184717089e+07
2.281701196045079827e+07
2.444679852905442938e+07
2.607658509765805677e+07
2.770637166626168415e+07
2.933615823486531526e+07
3.096594480346894264e+07
3.259573137207257003e+07
3.422551794067619741e+07
3.585530450927982479e+07
3.748509107788345963e+07
3.911487764648708701e+07
4.074466421509071440e+07
4.237445078369434178e+07
4.400423735229796916e+07
