0    -2.80248831922644e-24    -2.63214485079664e-25    2.70582137636777e-13    3.78064456353794e-11    5.20175102861312e-07    6.14869462856787e-06
0.1    9.20699658708061e-18    1.58526707754389e-16    3.58789147406466e-13    2.7337356339817e-11    5.98990106267596e-07    5.22851377925095e-06
0.2    2.29313046615616e-17    8.49228313866882e-17    3.55611316121951e-13    2.93946226422696e-11    5.96331548823263e-07    5.42168079494446e-06
0.3    2.70150035317227e-17    2.4498959797806e-17    3.00061597910355e-13    3.4653270262592e-11    5.47778785560699e-07    5.88670283457488e-06
0.4    3.17509702264768e-17    6.9442140913636e-17    3.47117199660269e-13    2.84259753064458e-11    5.89166529650378e-07    5.33160157048948e-06
0.5    3.77533849766533e-17    3.4430204863591e-17    3.4070695019503e-13    3.1157257393885e-11    5.83701079487634e-07    5.58186862922131e-06
0.6    3.86776277347896e-17    -1.82548419382389e-18    3.3544209974784e-13    3.08350602245495e-11    5.79173635231992e-07    5.5529325787866e-06
0.7    3.94595793030486e-17    1.61107211389913e-17    3.40367348690378e-13    3.02967405600339e-11    5.83410103349589e-07    5.50424750170574e-06
0.8    4.03683425867402e-17    -2.49938909039255e-18    3.39151959314133e-13    3.08138282241681e-11    5.82367546583885e-07    5.55102046692031e-06
0.900000000000001    3.95239839905408e-17    -9.66466666524217e-18    3.46501418448783e-13    3.01191065843222e-11    5.88643710956622e-07    5.48808769830824e-06
1    3.84306892789961e-17    -1.49053786142602e-17    3.45348616743671e-13    3.02268245782169e-11    5.87663693572838e-07    5.4978927397883e-06
1.1    3.66981334188462e-17    -1.50619967621886e-17    3.40293629987979e-13    3.07391831840339e-11    5.83346920783833e-07    5.54429284796843e-06
1.2    3.60931533390849e-17    2.50614132584801e-18    3.47455385340347e-13    3.01472828436121e-11    5.89453463252484e-07    5.49065413622203e-06
1.3    3.66044047767088e-17    4.71341183106154e-18    3.49842052895457e-13    2.9934164042142e-11    5.91474473578917e-07    5.47121230095689e-06
1.4    3.68671250091041e-17    1.41185548848064e-18    3.43124568036756e-13    3.07502796163083e-11    5.85768356978043e-07    5.54529346530085e-06
1.5    3.69982637574359e-17    3.35112536040702e-19    3.4811122084042e-13    2.99708926413152e-11    5.90009509110167e-07    5.47456780406592e-06
1.6    3.66921377410027e-17    -5.83553948705752e-18    3.46766204690418e-13    3.04208298947102e-11    5.88868580152158e-07    5.51550812661084e-06
1.7    3.63665852030726e-17    6.96695027895694e-19    3.47298624100809e-13    3.02720858215953e-11    5.89320476566706e-07    5.50200743561796e-06
1.8    3.60509951918582e-17    -1.30939973206147e-17    3.46525683460085e-13    3.02344728421886e-11    5.88664321545042e-07    5.498588259016e-06
1.9    3.42558401424555e-17    -8.95305044380261e-18    3.42621982030271e-13    3.06455656303776e-11    5.85339202540092e-07    5.53584371441044e-06
2    3.6763480981341e-17    5.8913488004567e-17    3.44958412319716e-13    3.03163782148465e-11    5.87331603372163e-07    5.50603107645121e-06
2.1    4.30951950515264e-17    4.92094944568487e-17    3.43368930174669e-13    3.04590224179033e-11    5.85976902424208e-07    5.51896932568965e-06
2.2    4.56055287651151e-17    9.6804058382165e-18    3.38996661970286e-13    3.07398660175329e-11    5.82234198557837e-07    5.54435442748142e-06
2.29999999999999    4.67219778033195e-17    1.18985746638044e-17    3.38540132996314e-13    3.06927155568513e-11    5.81842017214565e-07    5.54010068111142e-06
2.39999999999999    4.59686149848792e-17    -3.87130633244685e-17    3.37782878847927e-13    3.0653937027644e-11    5.81190914285424e-07    5.53659977130766e-06
2.49999999999999    3.87641654459304e-17    -9.44764239565995e-17    3.33780538247395e-13    3.10213689205629e-11    5.77737430194197e-07    5.56968301796098e-06
2.59999999999999    2.93828470133063e-17    -9.10563318573764e-17    3.33156528338344e-13    3.08484805005033e-11    5.77197131263093e-07    5.55414084269595e-06
2.69999999999999    1.8287621554326e-17    -1.47332648794151e-16    3.30541407487011e-13    3.11523162511611e-11    5.74927306263158e-07    5.5814260051676e-06
2.79999999999998    -9.35041186594e-19    -2.26178665681382e-16    3.30644114416085e-13    3.10641394901896e-11    5.75016620991154e-07    5.57352128283275e-06
2.89999999999998    -2.40419918038369e-17    -2.27079995045964e-16    3.29611830835294e-13    3.11030161391884e-11    5.74118307350753e-07    5.57700781236573e-06
2.99999999999998    -4.64236467289115e-17    -2.24769993410485e-16    3.27234155659069e-13    3.1381201705931e-11    5.72043840679252e-07    5.60189268961224e-06
3.09999999999998    -6.88497765993409e-17    -2.15056763740903e-16    3.2961611801751e-13    3.11160357271352e-11    5.74122041048339e-07    5.57817494590616e-06
3.19999999999998    -8.65868380972094e-17    -1.25178604137858e-16    3.29456447025672e-13    3.12178566975992e-11    5.73982967539692e-07    5.5872942197095e-06
3.29999999999997    -9.34857513664221e-17    -2.73595487667373e-17    3.28794687858377e-13    3.12735953858887e-11    5.73406215399151e-07    5.59227998099959e-06
3.39999999999997    -9.62332484097091e-17    -4.25414975555084e-17    3.3046598552031e-13    3.11429844226744e-11    5.74861709909705e-07    5.58058997084308e-06
3.49999999999997    -1.01618794992721e-16    -5.11613511012605e-17    3.31683630743165e-13    3.10720148535687e-11    5.75919812771852e-07    5.57422773606969e-06
3.59999999999997    -1.0412967650827e-16    5.31643496217856e-18    3.32186018206805e-13    3.1078253725549e-11    5.76355808686618e-07    5.57478732558911e-06
3.69999999999997    -1.01136248579643e-16    4.61324265621073e-17    3.33647374064482e-13    3.08880694571536e-11    5.77622172414185e-07    5.55770361364778e-06
3.79999999999996    -9.7084067708623e-17    2.47386657467301e-17    3.34003067674919e-13    3.09596628372013e-11    5.77929985097606e-07    5.56414079954859e-06
3.89999999999996    -9.6438314413418e-17    -2.401686432621e-18    3.36720967756039e-13    3.07029863201695e-11    5.80276630372135e-07    5.54102755093038e-06
3.99999999999996    -9.52120286358258e-17    3.27412594533537e-17    3.37614809829936e-13    3.06727720951457e-11    5.81046306097832e-07    5.53830046992267e-06
4.09999999999996    -9.11022269876792e-17    3.50683423575269e-17    3.38148517560204e-13    3.06969730315342e-11    5.8150538910676e-07    5.54048490942212e-06
4.19999999999995    -9.03775032572455e-17    -2.23682733112601e-17    3.41085671809358e-13    3.04376877882437e-11    5.84025403393858e-07    5.51703614164741e-06
4.29999999999995    -9.3890073651042e-17    -3.37278646784582e-17    3.41785832842921e-13    3.04963838881608e-11    5.84624522957189e-07    5.52235311150607e-06
4.39999999999995    -9.54209842771676e-17    1.26735335125211e-18    3.43029276465916e-13    3.04006196905992e-11    5.85687012375993e-07    5.51367569690123e-06
4.49999999999995    -9.55669277046789e-17    -1.43887383081585e-17    3.44388384082109e-13    3.0348017688768e-11    5.8684613322583e-07    5.50890349241734e-06
4.59999999999995    -9.84265815187088e-17    -3.40568958716063e-17    3.45466593732573e-13    3.03317909540159e-11    5.87764062981545e-07    5.50743052194178e-06
4.69999999999994    -1.00688433351827e-16    -9.03845374262053e-18    3.4682970685155e-13    3.02651487208353e-11    5.88922496472626e-07    5.5013769840682e-06
4.79999999999994    -1.01078075831387e-16    -4.17763105932072e-18    3.4716637642081e-13    3.02529779145494e-11    5.89208262349409e-07    5.50027071284218e-06
4.89999999999994    -1.01757108208689e-16    -7.77874565298724e-18    3.46993179933891e-13    3.03494165456068e-11    5.89061270101753e-07    5.50903045422756e-06
4.99999999999994    -1.02578309599598e-16    -9.468737880636e-18    3.48711019730041e-13    3.02066895543684e-11    5.90517586300392e-07    5.49606127643865e-06
5.09999999999994    -1.03276750300524e-16    3.7680661039722e-19    3.48336386826249e-13    3.02838129685254e-11    5.90200293820877e-07    5.50307304771846e-06
5.19999999999993    -1.0217223135814e-16    1.66284980459922e-17    3.47356505537113e-13    3.03844872884548e-11    5.89369583145511e-07    5.51221255835212e-06
5.29999999999993    -1.01373811027073e-16    -2.89114855307618e-18    3.47707214252741e-13    3.03025058645103e-11    5.89667036769685e-07    5.50477119093159e-06
5.39999999999993    -1.01524465803266e-16    9.48842227454983e-18    3.46391423206355e-13    3.04533858059e-11    5.88550272454575e-07    5.51845864403277e-06
5.49999999999993    -9.86277908514935e-17    4.71558138270259e-17    3.45531114941241e-13    3.04494192004915e-11    5.87818947415989e-07    5.51809923800683e-06
5.59999999999993    -9.25745010742895e-17    7.13909068142487e-17    3.43786967338164e-13    3.05448104738026e-11    5.86333494982304e-07    5.52673596925008e-06
5.69999999999992    -8.5087552708802e-17    7.52130588577911e-17    3.41680373851989e-13    3.06603271074257e-11    5.84534322218968e-07    5.53717681742472e-06
5.79999999999992    -7.65536013014029e-17    1.10326847385338e-16    3.40356263986599e-13    3.06906010709197e-11    5.83400603347819e-07    5.53990984321222e-06
5.89999999999992    -6.02841047913182e-17    2.17620196877351e-16    3.38116785363041e-13    3.07739262983917e-11    5.8147810394119e-07    5.54742519538495e-06
5.99999999999992    -3.55828785607382e-17    2.54942458431791e-16    3.35071765912798e-13    3.0957622063281e-11    5.78853838125652e-07    5.56395741026844e-06
6.09999999999991    -1.22392116394523e-17    2.08815561442579e-16    3.33755375179335e-13    3.09534601400981e-11    5.77715652531014e-07    5.56358339023494e-06
6.19999999999991    7.59799575580993e-18    1.99100447705599e-16    3.31859532042952e-13    3.10527111159555e-11    5.76072505890493e-07    5.57249595028615e-06
6.29999999999991    2.83433024751799e-17    2.09407146120358e-16    3.29888900464633e-13    3.11789709632895e-11    5.743595567801e-07    5.58381329946566e-06
6.39999999999991    4.78462079169529e-17    1.79659643887125e-16    3.29390189788111e-13    3.11582993024976e-11    5.73925247561136e-07    5.58196195817364e-06
6.49999999999991    6.56779481571234e-17    1.82026466911984e-16    3.28784031358109e-13    3.12710206872155e-11    5.73396923045554e-07    5.59204977510175e-06
6.5999999999999    8.27862815888998e-17    1.46980942504875e-16    3.29571515839468e-13    3.11946092772135e-11    5.74083195921521e-07    5.58521344956605e-06
6.6999999999999    9.53244011442019e-17    1.23600717652551e-16    3.29601014692766e-13    3.12455750261352e-11    5.7410888748805e-07    5.58977414804348e-06
6.7999999999999    1.11558438874639e-16    2.07377018739592e-16    3.30214891984009e-13    3.12381354916904e-11    5.74643273678557e-07    5.589108649122e-06
6.8999999999999    1.34387613291234e-16    2.27492913887634e-16    3.32020563478777e-13    3.11213313683927e-11    5.76212255578426e-07    5.57864960078985e-06
6.9999999999999    1.5396344434464e-16    1.59381318205462e-16    3.32903110195548e-13    3.10917724738807e-11    5.76977564724615e-07    5.57599968381282e-06
7.09999999999989    1.67519953341661e-16    1.23185122042567e-16    3.33715984748695e-13    3.10459583439654e-11    5.77681559986724e-07    5.57189001542254e-06
7.19999999999989    1.78996144375068e-16    9.35876392318329e-17    3.35260967813226e-13    3.09124377163588e-11    5.79017243105269e-07    5.55989547710735e-06
7.29999999999989    1.83152428709134e-16    -1.39765335544874e-17    3.36265088043064e-13    3.08637146141316e-11    5.79883684925748e-07    5.55551209287961e-06
7.39999999999989    1.78994927983121e-16    -5.0771696009235e-17    3.37615708903728e-13    3.07534017929101e-11    5.81047079765253e-07    5.54557497405906e-06
7.49999999999988    1.73123536981307e-16    -8.28398130867587e-17    3.38750733115608e-13    3.06603577769556e-11    5.82022966141035e-07    5.53717958684343e-06
7.59999999999988    1.60232271577911e-16    -1.69841737416923e-16    3.39732631744476e-13    3.06408666387166e-11    5.82865878006661e-07    5.53541928300979e-06
7.69999999999988    1.42109453804187e-16    -1.79758309423696e-16    3.41874337014579e-13    3.04595222751108e-11    5.84700211231858e-07    5.51901461088035e-06
7.79999999999988    1.24996740524425e-16    -1.63305001302776e-16    3.42583544804069e-13    3.04807501868978e-11    5.85306368326938e-07    5.52093743732872e-06
7.89999999999988    1.09519731914637e-16    -1.46295993390976e-16    3.43936717582131e-13    3.04079530284921e-11    5.86461181649844e-07    5.51434067033332e-06
7.99999999999987    9.50518031031093e-17    -1.47776842630751e-16    3.45700603112623e-13    3.0320874397632e-11    5.87963096726846e-07    5.50643935748247e-06
8.09999999999987    7.99938853804408e-17    -1.47847428078489e-16    3.46630907191724e-13    3.03301135781999e-11    5.88753689747864e-07    5.50727823686074e-06
8.19999999999987    6.6440140617183e-17    -1.22944792044146e-16    3.47816394384541e-13    3.0279094733141e-11    5.89759607284647e-07    5.50264434005515e-06
8.29999999999987    5.47064736800554e-17    -1.15540608681918e-16    3.48652668492573e-13    3.02719139278868e-11    5.90468177375015e-07    5.5019918145965e-06
8.39999999999987    4.31089278792005e-17    -1.16181880795074e-16    3.49254040613572e-13    3.02901257169824e-11    5.90977191280317e-07    5.50364658358278e-06
8.49999999999986    3.11773941986036e-17    -1.26058854008256e-16    3.50171556194206e-13    3.02674462083294e-11    5.91752951994501e-07    5.50158579032713e-06
8.59999999999986    1.73064067200711e-17    -1.51701615684903e-16    3.50377876850246e-13    3.02810451271521e-11    5.91927256383963e-07    5.50282156054075e-06
8.69999999999986    1.34189062830226e-18    -1.63965030151256e-16    3.49824521983858e-13    3.03707024529159e-11    5.9145965372446e-07    5.51096202608182e-06
8.79999999999986    -1.52326191289788e-17    -1.69667440929932e-16    3.49968721485855e-13    3.03519304912131e-11    5.91581542550015e-07    5.50925861538674e-06
8.89999999999985    -3.34436935684763e-17    -1.98805430309155e-16    3.49260743204226e-13    3.0424848324343e-11    5.90982862022433e-07    5.51587239920786e-06
8.99999999999985    -5.50943552455494e-17    -2.29922023964046e-16    3.4799129194767e-13    3.04981378191902e-11    5.89907867338342e-07    5.52251191209129e-06
9.09999999999985    -7.80709573557808e-17    -2.23437287187278e-16    3.4655555674193e-13    3.05611413182848e-11    5.88689694781495e-07    5.52821321208623e-06
9.19999999999985    -9.97475507113133e-17    -2.17445104207841e-16    3.44670688120281e-13    3.06457560352792e-11    5.87086610407937e-07    5.53586091184372e-06
9.29999999999985    -1.23757893763079e-16    -2.71701979090823e-16    3.42380323307312e-13    3.07281837468556e-11    5.85132739903786e-07    5.54330079887928e-06
9.39999999999984    -1.53556079962173e-16    -3.08861212013207e-16    3.39658143077123e-13    3.08314506777973e-11    5.82801975869268e-07    5.55260755661674e-06
9.49999999999984    -1.82259806398358e-16    -2.58207051362586e-16    3.36910999826869e-13    3.09231867140279e-11    5.80440349930007e-07    5.56086204774295e-06
9.59999999999984    -2.06500051782943e-16    -2.37085174870743e-16    3.34357859064143e-13    3.10146706408389e-11    5.78236853775461e-07    5.56908166943518e-06
9.69999999999984    -2.28996706606821e-16    -1.93219291703299e-16    3.32121374412679e-13    3.10849402031514e-11    5.76299726195214e-07    5.57538700030334e-06
9.79999999999984    -2.41067896946193e-16    -3.81067448084819e-17    3.30240438276673e-13    3.11852462875477e-11    5.74665501206287e-07    5.58437519222587e-06
9.89999999999983    -2.37786214950614e-16    8.5583877484262e-17    3.29574768031602e-13    3.12030318125375e-11    5.74086028423966e-07    5.58596740167157e-06
9.99999999999983    -2.28184953443772e-16    8.83090786602596e-17    3.29428785891193e-13    3.12543344294901e-11    5.73958871254024e-07    5.59055761346666e-06
10.0999999999998    -2.20522637278061e-16    8.19862721250732e-17    3.30105205647384e-13    3.12436725349362e-11    5.74547827119191e-07    5.58960396941824e-06
10.1999999999998    -2.07609373393367e-16    1.85730192794723e-16    3.31071674175402e-13    3.12400804082904e-11    5.75388281228774e-07    5.58928263807534e-06
10.2999999999998    -1.85232782322685e-16    2.44250227718836e-16    3.32408592079503e-13    3.12099827326896e-11    5.76548863566223e-07    5.58658954396057e-06
10.3999999999998    -1.60684408998648e-16    2.43087861046285e-16    3.33995404621227e-13    3.11309332851838e-11    5.77923355317318e-07    5.57951012949917e-06
10.4999999999998    -1.37809660798882e-16    2.07545224193323e-16    3.35061302564655e-13    3.10987708264668e-11    5.78844800067043e-07    5.57662719091628e-06
10.5999999999998    -1.18628908938344e-16    1.87823596884464e-16    3.36360971518658e-13    3.09995023570349e-11    5.79966353781543e-07    5.56771967299314e-06
10.6999999999998    -9.91232414359139e-17    1.96840595810413e-16    3.37383844531081e-13    3.09158565859884e-11    5.80847522617667e-07    5.56020292669147e-06
10.7999999999998    -8.00246489265639e-17    1.92658158727786e-16    3.38078315046502e-13    3.08421288471277e-11    5.81445023236507e-07    5.55356901884974e-06
10.8999999999998    -5.85995691867506e-17    2.33984067860306e-16    3.38995744704031e-13    3.07566873785611e-11    5.82233410844853e-07    5.54587120104326e-06
10.9999999999998    -3.61767271152094e-17    2.01479637956087e-16    3.40164403021222e-13    3.06499360712677e-11    5.83236146874679e-07    5.53623844060818e-06
11.0999999999998    -1.78080181897249e-17    1.74119951843466e-16    3.41113588321049e-13    3.05987810977964e-11    5.8404930298824e-07    5.53161649952312e-06
11.1999999999998    -2.57316662184101e-18    1.11818888997369e-16    3.42513447939801e-13    3.05008897089358e-11    5.85246484773553e-07    5.52276105846848e-06
11.2999999999998    3.15646507133086e-18    1.75260423692144e-17    3.43784784258078e-13    3.04495596780102e-11    5.86331633342495e-07    5.51811196678811e-06
11.3999999999998    5.31254448286738e-18    3.78500998346402e-17    3.4525282308024e-13    3.04046505812006e-11    5.87582184107244e-07    5.51404122048435e-06
11.4999999999998    9.71726188910906e-18    3.77539233403459e-17    3.47046443525006e-13    3.03194168573783e-11    5.89106478936538e-07    5.50630700718534e-06
11.5999999999998    1.18143634762257e-17    6.42880402867222e-18    3.48144343186284e-13    3.03359775046149e-11    5.90037577774741e-07    5.50781059084415e-06
11.6999999999998    1.15906141892779e-17    -9.76283186298483e-18    3.49817327602218e-13    3.02968857203737e-11    5.91453571806121e-07    5.50426068790112e-06
11.7999999999998    9.99669814652591e-18    -2.05776036297002e-17    3.51627234613603e-13    3.02544642983494e-11    5.92981647788195e-07    5.50040583033192e-06
11.8999999999998    7.86829915228394e-18    -2.00187112993116e-17    3.52596301927297e-13    3.02877932775033e-11    5.93798199666601e-07    5.5034346800433e-06
11.9999999999998    6.30291136135579e-18    -1.05578417643272e-17    3.53650902370006e-13    3.03004491963563e-11    5.94685549151824e-07    5.50458437998332e-06
12.0999999999998    5.75370511508363e-18    7.75155757486398e-19    3.54819427441967e-13    3.02949328474963e-11    5.95667211991702e-07    5.50408328856825e-06
12.1999999999998    7.52703844356648e-18    4.31989794609183e-17    3.55294325658357e-13    3.03501348083013e-11    5.96065705823072e-07    5.50909564341565e-06
12.2999999999998    1.51367403516824e-17    1.04019272706927e-16    3.55489012752537e-13    3.03789236563367e-11    5.96228993552424e-07    5.51170787109918e-06
12.3999999999998    2.66522567765701e-17    1.23422568412355e-16    3.54998702841601e-13    3.04406363747688e-11    5.95817675838508e-07    5.51730336077044e-06
12.4999999999998    4.18118363341139e-17    1.97550707227901e-16    3.53918612675458e-13    3.05142347606769e-11    5.94910592169494e-07    5.52396911293654e-06
12.5999999999998    6.77528976430404e-17    3.12513502643333e-16    3.52374745594205e-13    3.05698594938507e-11    5.93611611741385e-07    5.52900167244058e-06
12.6999999999998    1.00768930801558e-16    3.3334441207134e-16    3.49851894165963e-13    3.06722264268654e-11    5.91482792789412e-07    5.53825120655116e-06
12.7999999999998    1.34716512290044e-16    3.59999413631066e-16    3.46784815165963e-13    3.07533450813809e-11    5.8888438183226e-07    5.54556986083314e-06
12.8999999999998    1.75088625987593e-16    4.47612903407663e-16    3.43119176259922e-13    3.08592333439245e-11    5.85763754648512e-07    5.55510876076468e-06
12.9999999999998    2.21545948164468e-16    4.59136169159e-16    3.39329592605734e-13    3.09601675341042e-11    5.82520036226853e-07    5.56418615199961e-06
13.0999999999998    2.63240994572485e-16    3.66494348061049e-16    3.35834657541215e-13    3.10392392441413e-11    5.79512430877211e-07    5.57128703659588e-06
13.1999999999998    2.95615422386106e-16    2.89743762315977e-16    3.32604480838551e-13    3.11396609936432e-11    5.76718718994408e-07    5.58029219608107e-06
13.2999999999998    3.20814036305994e-16    1.98184547072981e-16    3.30525103723538e-13    3.12200518709934e-11    5.74913127110121e-07    5.58749065958892e-06
13.3999999999998    3.3228562789609e-16    3.17423370200996e-17    3.30052827605632e-13    3.1226998623975e-11    5.74502243342558e-07    5.58811225942849e-06
13.4999999999998    3.30732586214013e-16    -4.1234164968067e-17    3.30209751941707e-13    3.12907318723807e-11    5.74638801284517e-07    5.59381192679739e-06
13.5999999999998    3.25218304606471e-16    -7.56128626336555e-17    3.3183341307768e-13    3.12746740194738e-11    5.76049835585152e-07    5.59237641968723e-06
13.6999999999998    3.15049606716278e-16    -1.24797566707114e-16    3.3419677972473e-13    3.12236936372085e-11    5.78097552083322e-07    5.58781653575066e-06
13.7999999999998    2.9897924956811e-16    -2.19021285447732e-16    3.3615042210685e-13    3.12154695753995e-11    5.7978480672302e-07    5.58708059503347e-06
13.8999999999997    2.67763285102536e-16    -3.96373715383415e-16    3.38212270885552e-13    3.11356498150248e-11    5.81560204007764e-07    5.57993277871919e-06
13.9999999999997    2.27137503040949e-16    -3.7287074534777e-16    3.39745333057041e-13    3.10737069124771e-11    5.82876773475356e-07    5.57437950918998e-06
14.0999999999997    1.95585147224532e-16    -2.78897192784469e-16    3.40709897971927e-13    3.09810777303429e-11    5.83703604556222e-07    5.56606483346564e-06
14.1999999999997    1.66271501934874e-16    -3.19242749252884e-16    3.40866220456591e-13    3.09152924789541e-11    5.83837494904696e-07    5.56015219926164e-06
14.2999999999997    1.33140799315137e-16    -3.26794989060847e-16    3.40872814084343e-13    3.08422381346213e-11    5.8384314167792e-07    5.55357885823379e-06
14.3999999999997    1.03230368182709e-16    -2.68350627487292e-16    3.41336507929073e-13    3.07418290222838e-11    5.84240111537263e-07    5.544531452006e-06
14.4999999999997    7.8411731228987e-17    -2.38509728996048e-16    3.41887708350136e-13    3.0646177071602e-11    5.84711645471626e-07    5.53589893979307e-06
14.5999999999997    5.40285777155922e-17    -2.49928232707845e-16    3.42298886915211e-13    3.05974767104614e-11    5.85063147801338e-07    5.53149859535925e-06
14.6999999999997    2.9494607737896e-17    -2.32873825899575e-16    3.43446872050332e-13    3.05167304236987e-11    5.86043404578818e-07    5.52419500232375e-06
14.7999999999997    8.64931237716921e-18    -1.80166841467541e-16    3.4510328715872e-13    3.0442237113162e-11    5.87454923512196e-07    5.5174484241506e-06
14.8999999999997    -6.40776519367842e-18    -1.24529528989943e-16    3.46927305079945e-13    3.04074382936083e-11    5.89005352335567e-07    5.51429399774879e-06
14.9999999999997    -1.73821823677888e-17    -9.88777686049399e-17    3.49246272515208e-13    3.03385771107533e-11    5.90970618994894e-07    5.50804657848436e-06
15.0999999999997    -2.59868830373709e-17    -7.0135295032692e-17    3.51464374888745e-13    3.03377378414592e-11    5.92844309147642e-07    5.50797039220975e-06
15.1999999999997    -3.15519483330177e-17    -4.58296585487044e-17    3.54269351656693e-13    3.02961138267692e-11    5.95205302107343e-07    5.50419056962685e-06
15.2999999999997    -3.58826143834559e-17    -4.19271029385534e-17    3.57056229682725e-13    3.02719159865638e-11    5.97541822538578e-07    5.5019920016812e-06
15.3999999999997    -4.01565770514329e-17    -4.58962027589788e-17    3.59334727515814e-13    3.03033861176358e-11    5.99445349899233e-07    5.50485114400342e-06
15.4999999999997    -4.51664757174538e-17    -5.1648741978476e-17    3.61889902505245e-13    3.03026474922743e-11    6.01572857187926e-07    5.50478405500836e-06
15.5999999999997    -5.04197866218978e-17    -6.03434095282374e-17    3.64257129384277e-13    3.03064374962244e-11    6.03537181443097e-07    5.5051282906236e-06
15.6999999999997    -5.92691865006154e-17    -1.21408829959273e-16    3.65745615584878e-13    3.03660155086967e-11    6.04769059711952e-07    5.51053677137688e-06
15.7999999999997    -7.33146249119587e-17    -1.4734309301156e-16    3.66878543535538e-13    3.04005124634278e-11    6.05704997119504e-07    5.51366597314598e-06
15.8999999999997    -8.83622616303744e-17    -1.64694823638738e-16    3.67175740593434e-13    3.04430264286742e-11    6.05950278977932e-07    5.51751995272099e-06
15.9999999999997    -1.08691928104859e-16    -2.45555859098528e-16    3.66101776329655e-13    3.0536075928142e-11    6.0506344818511e-07    5.52594570441495e-06
16.0999999999997    -1.35763062768254e-16    -2.80488324386591e-16    3.64092586569066e-13    3.05886859792763e-11    6.0340085065325e-07    5.53070393162356e-06
16.1999999999997    -1.62681425196012e-16    -2.56001918400598e-16    3.60515492749888e-13    3.07005153575381e-11    6.00429423621035e-07    5.54080457673234e-06
16.2999999999997    -1.88220718797161e-16    -2.65542584076618e-16    3.55952111576111e-13    3.07881220099469e-11    5.96617223666993e-07    5.5487045343888e-06
16.3999999999998    -2.17394560772601e-16    -3.20467184840267e-16    3.50381206291823e-13    3.08810599278374e-11    5.91930068751219e-07    5.55707296405558e-06
16.4999999999998    -2.51187336795083e-16    -3.40355823507191e-16    3.43982776340618e-13    3.1020178001268e-11    5.86500448713057e-07    5.5695761060666e-06
16.5999999999998    -2.81360589818192e-16    -2.43319794903803e-16    3.38306584239985e-13    3.11074679076726e-11    5.81641284848304e-07    5.57740691609216e-06
16.6999999999998    -2.98865589604326e-16    -1.1916418058931e-16    3.33735521531846e-13    3.11956585170327e-11    5.77698469386795e-07    5.5853073789213e-06
16.7999999999998    -3.08657994566038e-16    -8.76145030139029e-17    3.30901404076115e-13    3.12890591412927e-11    5.75240301157799e-07    5.59366240859177e-06
16.8999999999998    -3.15823458918014e-16    -4.26954749955103e-17    3.30764315382484e-13    3.12974387686199e-11    5.75121131051958e-07    5.5944113871452e-06
16.9999999999999    -3.14043342455726e-16    9.43323918111872e-17    3.32422971334161e-13    3.13289399064586e-11    5.7656133354064e-07    5.59722609034677e-06
17.0999999999999    -2.95626904984791e-16    2.64629655832612e-16    3.35918893745177e-13    3.13163625850162e-11    5.79585104833774e-07    5.59610244590073e-06
17.1999999999999    -2.65214063315206e-16    3.25657931698551e-16    3.40450899862994e-13    3.12288353442857e-11    5.83481704822862e-07    5.58827659876332e-06
17.2999999999999    -2.30674226066717e-16    3.72740516379931e-16    3.43994844293149e-13    3.12256263713073e-11    5.86510736724528e-07    5.58798947487442e-06
17.3999999999999    -1.9189064545196e-16    3.816259068543e-16    3.4711437666287e-13    3.11224400157619e-11    5.89164133890438e-07    5.57874896511413e-06
17.4999999999999    -1.56651317840174e-16    3.34145875977038e-16    3.4864988328394e-13    3.10578917923185e-11    5.90465818895506e-07    5.57296077433876e-06
17.6    -1.2111357587149e-16    3.86324770570684e-16    3.48673449289855e-13    3.09884692290558e-11    5.90485773994475e-07    5.56672877272243e-06
17.7    -8.06133388594662e-17    4.14892757899514e-16    3.476813111322e-13    3.09001116846553e-11    5.89645072168164e-07    5.55878688965995e-06
17.8    -3.83714028827175e-17    4.26362312344221e-16    3.46031335647163e-13    3.08573754247015e-11    5.88244282290243e-07    5.55494153206868e-06
17.9    8.89618745110808e-19    3.31933029762519e-16    3.45083771280694e-13    3.07365795838394e-11    5.87438312745001e-07    5.54405804297172e-06
18    2.64523698668133e-17    1.968430981364e-16    3.44197824598275e-13    3.06729313158349e-11    5.86683751776266e-07    5.53831484441205e-06
18.1    4.49959020051382e-17    1.88433477168654e-16    3.43974068584551e-13    3.06181168163682e-11    5.86493025179798e-07    5.53336396926573e-06
18.2    6.43381249342083e-17    1.94985970816762e-16    3.45179754138338e-13    3.05270731565275e-11    5.87520003181456e-07    5.52513105333507e-06
18.3000000000001    8.37164674200521e-17    1.89726374242968e-16    3.47229427500194e-13    3.04682114609651e-11    5.8926176483817e-07    5.51980175920885e-06
18.4000000000001    1.01015894770478e-16    1.51211378421039e-16    3.50109748727802e-13    3.04244766932906e-11    5.9170072564414e-07    5.51583871168208e-06
18.5000000000001    1.14584962434843e-16    1.28848228550486e-16    3.53952859788632e-13    3.03675568288121e-11    5.94939374885065e-07    5.5106766216874e-06
18.6000000000001    1.27568405677955e-16    1.27602340302059e-16    3.58310359173223e-13    3.03484132878693e-11    5.98590309956002e-07    5.50893939773068e-06
18.7000000000001    1.39306259984957e-16    1.07267725636448e-16    3.63332694931107e-13    3.0315126078475e-11    6.02770847778081e-07    5.50591736938315e-06
18.8000000000001    1.49703514618815e-16    1.03355012026698e-16    3.68547855989584e-13    3.03015435525316e-11    6.07081424513701e-07    5.50468378315518e-06
18.9000000000002    1.59898131777575e-16    9.94491219902699e-17    3.73719804146718e-13    3.031980709907e-11    6.11326266527717e-07    5.50634244295339e-06
19.0000000000002    1.69963569751519e-16    1.06696391588863e-16    3.79107356770436e-13    3.03134771968043e-11    6.15716945333191e-07    5.50576763011338e-06
19.1000000000002    1.82127765347279e-16    1.38587948208481e-16    3.84001185404918e-13    3.03384141318371e-11    6.19678291861929e-07    5.50803178384413e-06
19.2000000000002    1.97400339940829e-16    1.6377226753782e-16    3.88094219049392e-13    3.03769800093947e-11    6.22972085289053e-07    5.51153154843503e-06
19.3000000000002    2.14854713462479e-16    1.89924575371679e-16    3.91169726331886e-13    3.04133449451565e-11    6.25435629247236e-07    5.51482954815074e-06
19.4000000000002    2.36579304385803e-16    2.47646814470946e-16    3.92536421091898e-13    3.0469011006076e-11    6.26527270828572e-07    5.51987418389912e-06
19.5000000000002    2.6382819210329e-16    2.9052134163591e-16    3.91759056425635e-13    3.05466588610342e-11    6.25906587619618e-07    5.52690318904124e-06
19.6000000000003    2.93179052490543e-16    2.87626574536563e-16    3.88599758233422e-13    3.06080186000447e-11    6.23377701103771e-07    5.53245140964155e-06
19.7000000000003    3.19634615689669e-16    2.36763470044275e-16    3.82393992093554e-13    3.0736888163716e-11    6.18380135591009e-07    5.54408587268595e-06
19.8000000000003    3.4101302657458e-16    1.94720413347393e-16    3.74100462376809e-13    3.08390043301518e-11    6.1163752531774e-07    5.55328770460812e-06
19.9000000000003    3.57266507906533e-16    1.14036987305737e-16    3.64053480457698e-13    3.09496007561151e-11    6.03368445029816e-07    5.56323653605661e-06
20.0000000000003    3.62367887077225e-16    -1.65348380622123e-18    3.52981294954977e-13    3.11080962240727e-11    5.94122289562491e-07    5.57746324273614e-06
20.1000000000003    3.59673410070207e-16    -5.24777495709741e-17    3.43051933699497e-13    3.12089483907347e-11    5.85706354498137e-07    5.58649696954493e-06
20.2000000000004    3.48835712199426e-16    -1.77167331707344e-16    3.35368251244658e-13    3.13345372342605e-11    5.79109878386354e-07    5.59772607710135e-06
20.3000000000004    3.24965048891997e-16    -2.93247430243318e-16    3.31701769433251e-13    3.14031585016425e-11    5.75935560139544e-07    5.60385211275623e-06
20.4000000000004    2.87887556430032e-16    -4.71129317646338e-16    3.32646092692757e-13    3.14288449843239e-11    5.76754794252078e-07    5.60614350372195e-06
20.5000000000004    2.3076686177642e-16    -6.40306370456521e-16    3.37634139922578e-13    3.14127710017174e-11    5.81062939725619e-07    5.60470971609747e-06
20.6000000000004    1.65983155626489e-16    -6.4607712127576e-16    3.45275623783301e-13    3.13623595482219e-11    5.87601585926468e-07    5.60021066998572e-06
20.7000000000004    1.00556200947793e-16    -6.58664459834956e-16    3.53647490124692e-13    3.12900922652218e-11    5.94682680195659e-07    5.59375475554853e-06
20.8000000000005    3.80538690772134e-17    -5.7553962218748e-16    3.60861879753337e-13    3.12103619991877e-11    6.0071780375925e-07    5.58662348822504e-06
20.9000000000005    -1.59912906958249e-17    -5.25005110283974e-16    3.65480948175533e-13    3.11169637374462e-11    6.04550203188728e-07    5.57825812753822e-06
21.0000000000005    -6.77400404658095e-17    -4.95091748474343e-16    3.66484309297092e-13    3.10521518985281e-11    6.05379475450806e-07    5.57244577349373e-06
21.1000000000005    -1.12253543180877e-16    -3.92995241759396e-16    3.64421658391813e-13    3.10052115454769e-11    6.03673470008259e-07    5.56823235376155e-06
21.2000000000005    -1.47222571847207e-16    -3.08004660454198e-16    3.6066684979703e-13    3.0911144665623e-11    6.00555451059293e-07    5.55977919216429e-06
21.3000000000005    -1.73158754924179e-16    -2.07956098010692e-16    3.55666559437431e-13    3.0867804075056e-11    5.96377866320868e-07    5.55588013505115e-06
21.4000000000005    -1.89735088604018e-16    -1.35610044558709e-16    3.51077373090529e-13    3.07961541324086e-11    5.92517825124721e-07    5.54942827076885e-06
21.5000000000006    -2.0300999991886e-16    -1.40162872670645e-16    3.47820243923742e-13    3.0724818209719e-11    5.89762870926732e-07    5.54299722259708e-06
21.6000000000006    -2.17480967703584e-16    -1.35626445018403e-16    3.4647851500242e-13    3.06683665982874e-11    5.88624256213095e-07    5.53790272560717e-06
21.7000000000006    -2.27294033012444e-16    -5.51988104643046e-17    3.47720634551961e-13    3.05888948551969e-11    5.89678416216806e-07    5.53072281489471e-06
21.8000000000006    -2.29822309444583e-16    -6.74973660245774e-18    3.51221769550309e-13    3.05166597045925e-11    5.92639662484979e-07    5.52418860146832e-06
21.9000000000006    -2.29724564211989e-16    8.93271275779721e-18    3.56512235212148e-13    3.04721980734869e-11    5.97086455391636e-07    5.52016286657259e-06
22.0000000000006    -2.28169634515445e-16    1.81132182777889e-17    3.63697928127638e-13    3.04352233565021e-11    6.03073733574625e-07    5.51681278969135e-06
22.1000000000007    -2.26928267054906e-16    5.24008475649367e-18    3.72736534821702e-13    3.03844078723441e-11    6.1052152691097e-07    5.51220535469644e-06
22.2000000000007    -2.26862948563621e-16    -1.748175782255e-18    3.82878775051938e-13    3.03618780289865e-11    6.1877198955022e-07    5.51016134328084e-06
22.3000000000007    -2.27044541474564e-16    -1.77994786470796e-18    3.93777383992853e-13    3.03508261451333e-11    6.27516839608989e-07    5.50915838809644e-06
22.4000000000007    -2.27301071520164e-16    -3.6529015609556e-18    4.05159844631134e-13    3.03477760582788e-11    6.36521676481747e-07    5.5088815614677e-06
22.5000000000007    -2.27725096772466e-16    -4.77648573256847e-18    4.16527266507354e-13    3.03488181718899e-11    6.45389236435931e-07    5.50897614551832e-06
22.6000000000007    -2.28577519574955e-16    -1.4935104943308e-17    4.27121033670576e-13    3.03715558152007e-11    6.53544974481922e-07    5.5110394496139e-06
22.7000000000007    -2.30645381325422e-16    -2.11282758146337e-17    4.36321942959146e-13    3.03982116405509e-11    6.60546700059236e-07    5.51345732191253e-06
22.8000000000008    -2.31374626649647e-16    1.15837686085269e-17    4.43191745568249e-13    3.04335148161402e-11    6.65726479545653e-07    5.51665793901889e-06
22.9000000000008    -2.28411331227881e-16    4.32345540698775e-17    4.46585028596904e-13    3.0492869944609e-11    6.68270176348536e-07    5.52203494597861e-06
23.0000000000008    -2.23570934080604e-16    5.18428817477686e-17    4.4567219350751e-13    3.05666775697612e-11    6.67586843420023e-07    5.52871391643312e-06
23.1000000000008    -2.17368507920127e-16    8.05874274100683e-17    4.39678280834265e-13    3.06449235252679e-11    6.63082408780587e-07    5.53578571887207e-06
23.2000000000008    -2.06227825837048e-16    1.39486324772335e-16    4.27875147565852e-13    3.07775833993637e-11    6.54121661134878e-07    5.54775480706959e-06
23.3000000000008    -1.91788215195524e-16    1.38556904023693e-16    4.11125660404676e-13    3.09299612370449e-11    6.41190814348331e-07    5.56147113963967e-06
23.4000000000009    -1.77393338235054e-16    1.69497907958855e-16    3.91062192899641e-13    3.10823928776645e-11    6.25349656511972e-07    5.57515855179604e-06
23.5000000000009    -1.55457589405235e-16    2.61336015934198e-16    3.69822249048004e-13    3.12844394366899e-11    6.08130125094954e-07    5.59324945239258e-06
23.6000000000009    -1.29208551917176e-16    2.46003401701193e-16    3.51135256673413e-13    3.14340266800791e-11    5.92566668547441e-07    5.60660562908424e-06
23.7000000000009    -1.0690439340927e-16    2.03948193632874e-16    3.37913080031018e-13    3.15910757185415e-11    5.8130291589757e-07    5.62059389375727e-06
23.8000000000009    -8.8339457917062e-17    1.67806296480489e-16    3.33226712299073e-13    3.16619859624445e-11    5.77257925280436e-07    5.62689843185787e-06
23.9000000000009    -7.13076569130843e-17    1.89746158897493e-16    3.37768307468159e-13    3.16448944516087e-11    5.81178378355698e-07    5.62537949400827e-06
24.000000000001    -4.95999466047567e-17    2.29453850269858e-16    3.497328389902e-13    3.1609894316854e-11    5.91382142941601e-07    5.6222677201334e-06
24.100000000001    -2.83974697846985e-17    1.9783173340076e-16    3.6671624425257e-13    3.1476717392708e-11    6.05571006780023e-07    5.61041151723365e-06
24.200000000001    -5.90139853664182e-18    2.69531467832531e-16    3.84007322681513e-13    3.1330556027558e-11    6.19683243828258e-07    5.59737045652313e-06
24.300000000001    2.32468738764344e-17    2.79639261012359e-16    3.97114681109638e-13    3.12224422089647e-11    6.30170358799617e-07    5.58770455634196e-06
24.400000000001    4.58735482184336e-17    1.79568219509402e-16    4.03779233487013e-13    3.11316102035802e-11    6.35436254463823e-07    5.57957079026517e-06
24.500000000001    6.32861836876662e-17    1.8268351993605e-16    4.03289064920083e-13    3.10536663016564e-11    6.35050442815437e-07    5.57258165500124e-06
24.600000000001    8.15326742594149e-17    1.70798741171306e-16    3.96310815216732e-13    3.10266506914317e-11    6.29532219363499e-07    5.57015715141249e-06
24.7000000000011    9.72893981844443e-17    1.51560675163836e-16    3.85376467566924e-13    3.09758211767216e-11    6.20786974385678e-07    5.56559261684878e-06
24.8000000000011    1.11304120443416e-16    1.10423894842549e-16    3.72818628712234e-13    3.09607329112552e-11    6.10588755802328e-07    5.56423695678528e-06
24.9000000000011    1.15725413345842e-16    -2.58269248578319e-17    3.61769517042407e-13    3.09209573922329e-11    6.01472789943491e-07    5.56066159662975e-06
25.0000000000011    1.08998644298556e-16    -8.75601206435529e-17    3.54247261986865e-13    3.08306436056197e-11    5.95186745473103e-07    5.55253488108087e-06
25.1000000000011    1.00086632969196e-16    -9.43381653525327e-17    3.50587397625086e-13    3.08078921755098e-11    5.92104211794753e-07    5.55048576031952e-06
25.2000000000011    8.88413262707688e-17    -1.3317920579562e-16    3.52384976487491e-13    3.07287327752912e-11    5.93620229176441e-07    5.54335032045524e-06
25.3000000000012    7.38317155496928e-17    -1.64320534695072e-16    3.59399680334795e-13    3.0643919395288e-11    5.99499524882877e-07    5.53569502368835e-06
25.4000000000012    5.60980257196335e-17    -1.90206291134e-16    3.70726290658594e-13    3.06003197687138e-11    6.08872967587324e-07    5.53175557745584e-06
25.5000000000012    3.63557907218713e-17    -1.98950424751225e-16    3.86232954691415e-13    3.05286737068976e-11    6.21476431324161e-07    5.52527589418823e-06
25.6000000000012    1.72361515011046e-17    -1.82266612194371e-16    4.04863857808599e-13    3.04957472533875e-11    6.36289130669854e-07    5.52229546958396e-06
25.7000000000012    -5.44220437287525e-19    -1.76405358143346e-16    4.26251045643772e-13    3.04713821875569e-11    6.52879043654927e-07    5.52008896554729e-06
25.8000000000012    -1.82299059779401e-17    -1.77119498408984e-16    4.49854457495847e-13    3.04208030561715e-11    6.70711903499444e-07    5.5155056936034e-06
25.9000000000012    -3.63678380878168e-17    -1.90221760930106e-16    4.74103218989078e-13    3.04310378327286e-11    6.88551536915777e-07    5.51643343408842e-06
26.0000000000013    -5.67975942408587e-17    -2.1595674914015e-16    4.98520495210131e-13    3.04198044339735e-11    7.06059838264528e-07    5.51541516424408e-06
26.1000000000013    -7.83870161321722e-17    -2.1112059250745e-16    5.21556719883466e-13    3.04041518370009e-11    7.2218883948969e-07    5.51399599537403e-06
26.2000000000013    -9.94750860241275e-17    -2.19464745973321e-16    5.40967494286587e-13    3.04475919903202e-11    7.35504924719466e-07    5.51793367034438e-06
26.3000000000013    -1.23938495010428e-16    -2.72818291344576e-16    5.55504888660432e-13    3.04699777323343e-11    7.45322003338444e-07    5.51996175098472e-06
26.4000000000013    -1.53193162270863e-16    -3.04356211464611e-16    5.6281913075923e-13    3.0503110832077e-11    7.50212723671913e-07    5.52296214291543e-06
26.5000000000013    -1.83979488532965e-16    -3.1148829783158e-16    5.60243217771001e-13    3.05868607399119e-11    7.48493966422576e-07    5.53053891948261e-06
26.6000000000014    -2.14962886181359e-16    -2.98272872419114e-16    5.46378890839631e-13    3.07179355285742e-11    7.39174465765445e-07    5.54237634310178e-06
26.7000000000014    -2.41857450902835e-16    -2.4355389655639e-16    5.21210856209645e-13    3.08790399512782e-11    7.21949344628586e-07    5.55689121283458e-06
26.8000000000014    -2.67623693548898e-16    -2.92615129988633e-16    4.8593600589625e-13    3.10981801831327e-11    6.97091103010396e-07    5.57657423362522e-06
26.9000000000014    -2.99056282202824e-16    -3.00268663021635e-16    4.44020676185287e-13    3.13695945897036e-11    6.66348764676042e-07    5.60085659428124e-06
27.0000000000014    -3.21087987697631e-16    -1.30032698529304e-16    4.01349800733278e-13    3.16633033756643e-11    6.3352174448339e-07    5.62701549452855e-06
27.1000000000014    -3.26650936397516e-16    1.46697168064039e-17    3.65183461053519e-13    3.19185632114429e-11    6.04304113053618e-07    5.64965160089035e-06
27.2000000000015    -3.15344573185902e-16    2.29463679957905e-16    3.42106364117886e-13    3.210703282665e-11    5.8489859302095e-07    5.66630680661134e-06
27.3000000000015    -2.8200082847955e-16    4.07462080487047e-16    3.36820304191327e-13    3.22019197276322e-11    5.80362218094293e-07    5.67467353489451e-06
27.4000000000015    -2.38120926421017e-16    4.75749353655776e-16    3.50769023959058e-13    3.21259783472034e-11    5.92257565556624e-07    5.66797832981068e-06
27.5000000000015    -1.81761586714721e-16    6.74027028759192e-16    3.79852988273824e-13    3.1936174041114e-11    6.16322146506049e-07    5.65120996257562e-06
27.6000000000015    -1.05052732080893e-16    8.20249037116135e-16    4.16227393491344e-13    3.16986531886437e-11    6.45156875101974e-07    5.63015569843709e-06
27.7000000000015    -2.61866489706386e-17    7.32615005235868e-16    4.50980867525443e-13    3.14451590968503e-11    6.71551090778239e-07    5.60759833590551e-06
27.8000000000015    4.27794563698297e-17    6.7220588109875e-16    4.75814020797618e-13    3.12435462910363e-11    6.89792737565146e-07    5.58959267666583e-06
27.9000000000016    1.10676002963448e-16    6.7178794878369e-16    4.855678649119e-13    3.11364564780062e-11    6.96826997835115e-07    5.58000506075095e-06
28.0000000000016    1.71399741806845e-16    5.17909031094674e-16    4.79520835111898e-13    3.10905074599454e-11    6.92474429211576e-07    5.57588624883483e-06
28.1000000000016    2.13778070010652e-16    3.44267015560045e-16    4.6037049547951e-13    3.11236494910791e-11    6.78506076228879e-07    5.57885736428878e-06
28.2000000000016    2.42645932090427e-16    2.35445949657504e-16    4.33811155058958e-13    3.11485349873162e-11    6.5864342026544e-07    5.58108725852913e-06
28.3000000000016    2.60420749990154e-16    1.21027642378083e-16    4.05554412389185e-13    3.11681345044625e-11    6.36831541609855e-07    5.58284286940466e-06
28.4000000000016    2.68192266719229e-16    4.24355487845838e-17    3.80875206576008e-13    3.11961930616044e-11    6.17150878291531e-07    5.58535523146061e-06
28.5000000000017    2.69586598978703e-16    -1.40430328854173e-17    3.64445860708435e-13    3.1139120449852e-11    6.03693515542808e-07    5.5802437625835e-06
28.6000000000017    2.66058867428206e-16    -4.90501375726382e-17    3.57918241086313e-13    3.10928839256109e-11    5.98262685687744e-07    5.5760993468204e-06
28.7000000000017    2.60910898006262e-16    -5.38385992564327e-17    3.62364110132282e-13    3.10307159495447e-11    6.01966867968895e-07    5.57052205359109e-06
28.8000000000017    2.5451031865198e-16    -7.70608379091813e-17    3.77889919394987e-13    3.09330030530438e-11    6.14727516380215e-07    5.56174460516157e-06
28.9000000000017    2.45932834713659e-16    -8.94721959189668e-17    4.03144667557539e-13    3.08605091376324e-11    6.34936742957548e-07    5.55522359024661e-06
29.0000000000017    2.37115228082643e-16    -8.73589764535039e-17    4.37037737131774e-13    3.07823521349874e-11    6.61088297530499e-07    5.54818458011154e-06
29.1000000000017    2.2836735527478e-16    -8.67662827499544e-17    4.78036985823913e-13    3.07069532620306e-11    6.91402188182763e-07    5.54138550021839e-06
29.2000000000018    2.19892386042664e-16    -8.33241496054757e-17    5.24420554063894e-13    3.06736454803265e-11    7.24168871233702e-07    5.53837931892774e-06
29.3000000000018    2.11581595440976e-16    -8.23011917979295e-17    5.75153011508406e-13    3.06142504926195e-11    7.58388430494827e-07    5.53301459356647e-06
29.4000000000018    2.03556389551785e-16    -7.9438533850269e-17    6.27907379299472e-13    3.05587352374037e-11    7.92406069701307e-07    5.52799558948845e-06
29.5000000000018    1.95132080187516e-16    -9.08811793635583e-17    6.79818278004721e-13    3.05519259722369e-11    8.24510932616858e-07    5.52737966601146e-06
29.6000000000018    1.85863990065537e-16    -8.82552155592287e-17    7.28477849569375e-13    3.0510565902527e-11    8.53509138538876e-07    5.5236370176295e-06
29.7000000000018    1.78586113929218e-16    -5.49043667645937e-17    7.69745525687324e-13    3.05001583669538e-11    8.7735142656026e-07    5.52269484644533e-06
29.8000000000019    1.74745867822547e-16    -2.24732083126052e-17    7.99186513687974e-13    3.05059321769632e-11    8.93972322663277e-07    5.52321755654829e-06
29.9000000000019    1.74989383544322e-16    3.72542858490324e-17    8.12044467112978e-13    3.05452388980849e-11    9.01135099257031e-07    5.52677472836418e-06
