0    0
0.1    7.75374296546616e-06
0.2    1.41931651891358e-05
0.3    1.85035119754096e-05
0.4    2.04563513420686e-05
0.5    2.02988896377265e-05
0.6    1.85588632646283e-05
0.7    1.58514199586346e-05
0.8    1.27396630161813e-05
0.900000000000001    9.66257533696613e-06
1    6.91882852443815e-06
1.1    4.68538448605837e-06
1.2    3.05104430442515e-06
1.3    2.05100573036354e-06
1.4    1.69463373489442e-06
1.5    1.98304252319037e-06
1.6    2.91542025576685e-06
1.7    4.48390946949928e-06
1.8    6.6571847824326e-06
1.9    9.35365185128489e-06
2    1.24073340940223e-05
2.1    1.55336726473942e-05
2.2    1.8308499816988e-05
2.29999999999999    2.01795203875754e-05
2.39999999999999    2.0531670444246e-05
2.49999999999999    1.8819542962234e-05
2.59999999999999    1.47565758616963e-05
2.69999999999999    8.51356591013985e-06
2.79999999999998    8.42840387038635e-07
2.89999999999998    6.96421210366616e-06
2.99999999999998    1.33348701485403e-05
3.09999999999998    1.68423327473466e-05
3.19999999999998    1.66549633002777e-05
3.29999999999997    1.28179515914706e-05
3.39999999999997    6.23767880103543e-06
3.49999999999997    1.62382292445695e-06
3.59999999999997    9.2043932060637e-06
3.69999999999997    1.52575124952037e-05
3.79999999999996    1.90891953331107e-05
3.89999999999996    2.05808429063481e-05
3.99999999999996    2.00535129588619e-05
4.09999999999996    1.80670976110964e-05
4.19999999999995    1.52352558684399e-05
4.29999999999995    1.20996088599501e-05
4.39999999999995    9.07047319065324e-06
4.49999999999995    6.41952746083252e-06
4.59999999999995    4.30290198694117e-06
4.69999999999994    2.79584361229102e-06
4.79999999999994    1.92635167695077e-06
4.89999999999994    1.70104872143639e-06
4.99999999999994    2.12051673942337e-06
5.09999999999994    3.18329787585281e-06
5.19999999999993    4.87845259788955e-06
5.29999999999993    7.16690952029531e-06
5.39999999999993    9.95282473648107e-06
5.49999999999993    1.3048693163431e-05
5.59999999999993    1.61425370975854e-05
5.69999999999992    1.87817598727991e-05
5.79999999999992    2.0393926344453e-05
5.89999999999992    2.03652075525529e-05
5.99999999999992    1.81862348532791e-05
6.09999999999991    1.36483605674975e-05
6.19999999999991    7.03471339891237e-06
6.29999999999991    7.82584564040789e-07
6.39999999999991    8.42718784532792e-06
6.49999999999991    1.43180306972912e-05
6.5999999999999    1.71156636947778e-05
6.6999999999999    1.61523949753217e-05
6.7999999999999    1.16602740984906e-05
6.8999999999999    4.69094091193334e-06
6.9999999999999    3.23490807963012e-06
7.09999999999989    1.05899941079679e-05
7.19999999999989    1.62280825515282e-05
7.29999999999989    1.95766929903529e-05
7.39999999999989    2.06211167199655e-05
7.49999999999988    1.97476879378877e-05
7.59999999999988    1.75406609377315e-05
7.69999999999988    1.46069930300197e-05
7.79999999999988    1.14644271801412e-05
7.89999999999988    8.49438596728369e-06
7.99999999999987    5.94257423125466e-06
8.09999999999987    3.94576322759743e-06
8.19999999999987    2.56705755719011e-06
8.29999999999987    1.82833509765334e-06
8.39999999999987    1.73411212689434e-06
8.49999999999986    2.28460366780148e-06
8.59999999999986    3.47739820538706e-06
8.69999999999986    5.29769997481555e-06
8.79999999999986    7.69749566953415e-06
8.89999999999985    1.05652247331944e-05
8.99999999999985    1.36904490760648e-05
9.09999999999985    1.67330346918515e-05
9.19999999999985    1.92127422186106e-05
9.29999999999985    2.05401989971099e-05
9.39999999999984    2.01088883068357e-05
9.49999999999984    1.74537755370796e-05
9.59999999999984    1.24523311694213e-05
9.69999999999984    5.5043514746167e-06
9.79999999999984    2.40162044318204e-06
9.89999999999983    9.81688296919359e-06
9.99999999999983    1.51710454858733e-05
10.0999999999998    1.72304513241794e-05
10.1999999999998    1.55011555409423e-05
10.2999999999998    1.03986212383056e-05
10.3999999999998    3.1046893289588e-06
10.4999999999998    4.8210537980653e-06
10.5999999999998    1.19026449872939e-05
10.6999999999998    1.71021306739627e-05
10.7999999999998    1.9967622412298e-05
10.8999999999998    2.05814930621662e-05
10.9999999999998    1.93867038618123e-05
11.0999999999998    1.69845182425021e-05
11.1999999999998    1.39705676548418e-05
11.2999999999998    1.08368344328147e-05
11.3999999999998    7.93594625336791e-06
11.4999999999998    5.48879951034476e-06
11.5999999999998    3.61430140372043e-06
11.6999999999998    2.36477288473314e-06
11.7999999999998    1.75696294579808e-06
11.8999999999998    1.7938233167758e-06
11.9999999999998    2.47527107588574e-06
12.0999999999998    3.79753674883965e-06
12.1999999999998    5.74110310946896e-06
12.2999999999998    8.24774837149267e-06
12.3999999999998    1.11887031019053e-05
12.4999999999998    1.43292704292142e-05
12.5999999999998    1.73006582102619e-05
12.6999999999998    1.95961930932187e-05
12.7999999999998    2.0613341653819e-05
12.8999999999998    1.97595278162987e-05
12.9999999999998    1.66225750357629e-05
13.0999999999998    1.11738239051418e-05
13.1999999999998    3.93277928489866e-06
13.2999999999998    4.00083689022779e-06
13.3999999999998    1.11202627173235e-05
13.4999999999998    1.58853461920128e-05
13.5999999999998    1.71855125052911e-05
13.6999999999998    1.47078643102372e-05
13.7999999999998    9.04512427868376e-06
13.8999999999997    1.49265589688419e-06
13.9999999999997    6.37076889620225e-06
14.0999999999997    1.3135486794158e-05
14.1999999999997    1.78779033083165e-05
14.2999999999997    2.02642983238022e-05
14.3999999999997    2.04666194633107e-05
14.4999999999997    1.89758710615884e-05
14.5999999999997    1.64034635312671e-05
14.6999999999997    1.33296717439446e-05
14.7999999999997    1.02193090980585e-05
14.8999999999997    7.39659689985572e-06
14.9999999999997    5.0589079674257e-06
15.0999999999997    3.30878093901532e-06
15.1999999999997    2.18904887161475e-06
15.2999999999997    1.71223837619472e-06
15.3999999999997    1.88018057112327e-06
15.4999999999997    2.69246913020549e-06
15.5999999999997    4.14347567800899e-06
15.6999999999997    6.2080078486737e-06
15.7999999999997    8.81630219951024e-06
15.8999999999997    1.18208837487366e-05
15.9999999999997    1.49615749218679e-05
16.0999999999997    1.78406960152921e-05
16.1999999999997    1.99268091737315e-05
16.2999999999997    2.06085849908666e-05
16.3999999999998    1.93145301886632e-05
16.4999999999998    1.56939661081212e-05
16.5999999999998    9.81923650456018e-06
16.6999999999998    2.3311446527563e-06
16.7999999999998    5.56656054162552e-06
16.8999999999998    1.23248811327858e-05
16.9999999999999    1.64536940565618e-05
17.0999999999999    1.69813119390572e-05
17.1999999999999    1.37805217417242e-05
17.2999999999999    7.61257969017493e-06
17.3999999999999    1.31604683373254e-07
17.4999999999999    7.87337087437834e-06
17.6    1.42827195636075e-05
17.7    1.85545946665977e-05
17.8    2.04696561253437e-05
17.9    2.02814028736897e-05
18    1.85204701369512e-05
18.1    1.58020958593852e-05
18.2    1.26877451140928e-05
18.3000000000001    9.6140972147829e-06
18.4000000000001    6.87760642192892e-06
18.5000000000001    4.65349296030482e-06
18.6000000000001    3.029408685018e-06
18.7000000000001    2.03992583514001e-06
18.8000000000001    1.69416191353466e-06
18.9000000000002    1.99317923743614e-06
19.0000000000002    2.93612336232929e-06
19.1000000000002    4.51491310671237e-06
19.2000000000002    6.69763987204419e-06
19.3000000000002    9.40161011020457e-06
19.4000000000002    1.24591558789966e-05
19.5000000000002    1.55835331195897e-05
19.6000000000003    1.83482568073545e-05
19.7000000000003    2.01992848609667e-05
19.8000000000003    2.05214587641889e-05
19.9000000000003    1.87719651240092e-05
20.0000000000003    1.46702524226328e-05
20.1000000000003    8.39602265256811e-06
20.2000000000004    7.11353339011289e-07
20.3000000000004    7.08503600610477e-06
20.4000000000004    1.34190522638189e-05
20.5000000000004    1.68702847773705e-05
20.6000000000004    1.66199492193098e-05
20.7000000000004    1.27283964261871e-05
20.8000000000005    6.11427600993864e-06
20.9000000000005    1.75487374609595e-06
21.0000000000005    9.31907147505573e-06
21.1000000000005    1.53396035812436e-05
21.2000000000005    1.91322928257964e-05
21.3000000000005    2.05871772601673e-05
21.4000000000005    2.00309413072031e-05
21.5000000000006    1.80257087522007e-05
21.6000000000006    1.51848016159972e-05
21.7000000000006    1.20479784989636e-05
21.8000000000006    9.02322547757795e-06
21.9000000000006    6.38008021991432e-06
22.0000000000006    4.27304771477566e-06
22.1000000000007    2.77634189271847e-06
22.2000000000007    1.91742741528778e-06
22.3000000000007    1.70273402777532e-06
22.4000000000007    2.13280886263156e-06
22.5000000000007    3.20612928428332e-06
22.6000000000007    4.91147347403409e-06
22.7000000000007    7.20909338480791e-06
22.8000000000008    1.00019312562205e-05
22.9000000000008    1.31006646579834e-05
23.0000000000008    1.61910744307381e-05
23.1000000000008    1.88182944218518e-05
23.2000000000008    2.04083647622477e-05
23.3000000000008    2.0347860949399e-05
23.4000000000009    1.81306507750501e-05
23.5000000000009    1.35547411292958e-05
23.6000000000009    6.9126665119823e-06
23.7000000000009    9.14020442221997e-07
23.8000000000009    8.54259723781503e-06
23.9000000000009    1.43920315667234e-05
24.000000000001    1.71308226406541e-05
24.100000000001    1.61051044671456e-05
24.200000000001    1.15618887375213e-05
24.300000000001    4.56383550018202e-06
24.400000000001    3.36442044857055e-06
24.500000000001    1.06990548970343e-05
24.600000000001    1.6302439562077e-05
24.7000000000011    1.96119251255622e-05
24.8000000000011    2.06208117418116e-05
24.9000000000011    1.97204642632398e-05
25.0000000000011    1.74966812237498e-05
25.1000000000011    1.45557401810548e-05
25.2000000000011    1.14133126001281e-05
25.3000000000012    8.44850859405e-06
25.4000000000012    5.90497501928855e-06
25.5000000000012    3.91797632648405e-06
25.6000000000012    2.54969808055616e-06
25.7000000000012    1.82156699279901e-06
25.8000000000012    1.73795476499095e-06
25.9000000000012    2.29904982051998e-06
26.0000000000013    3.50234511148351e-06
26.1000000000013    5.33269495250899e-06
26.2000000000013    7.74131976077896e-06
26.3000000000013    1.06153242185325e-05
26.4000000000013    1.37423006666415e-05
26.5000000000013    1.67799094540344e-05
26.6000000000014    1.92456312764211e-05
26.7000000000014    2.05489272026016e-05
26.8000000000014    2.00841069145641e-05
26.9000000000014    1.73902753258792e-05
27.0000000000014    1.23517670853612e-05
27.1000000000014    5.37859734872637e-06
27.2000000000015    2.53178063869264e-06
27.3000000000015    9.92577047753684e-06
27.4000000000015    1.52342278341155e-05
27.5000000000015    1.72326389806798e-05
27.6000000000015    1.54418989837257e-05
27.7000000000015    1.02922972553543e-05
27.8000000000015    2.97508185975737e-06
27.9000000000016    4.9481075113933e-06
28.0000000000016    1.20055910028949e-05
28.1000000000016    1.71685292357227e-05
28.2000000000016    1.99951961910028e-05
28.3000000000016    2.05749153521229e-05
28.4000000000016    1.93552723601886e-05
28.5000000000017    1.69383392039091e-05
28.6000000000017    1.39188398714518e-05
28.7000000000017    1.07864402957292e-05
28.8000000000017    7.89156311709061e-06
28.9000000000017    5.4531125387447e-06
29.0000000000017    3.58860599758426e-06
29.1000000000017    2.3495604215551e-06
29.2000000000018    1.75235236643534e-06
29.3000000000018    1.79982587111827e-06
29.4000000000018    2.49187240031201e-06
29.5000000000018    3.8245811155857e-06
29.6000000000018    5.77801253598409e-06
29.7000000000018    8.29312458894282e-06
29.8000000000019    1.12396508579193e-05
29.9000000000019    1.4380675411263e-05
