2.616971613128159391e-28
2.102791964774984463e-28
1.369273979470685334e-28
1.369297326302724350e-28
1.186413819359776103e-28
8.964789090168722417e-29
7.937572476204532183e-29
7.141151676099465861e-29
6.788442107955365758e-29
5.806928532339417806e-29
5.089363452676915159e-29
4.661285987773685956e-29
4.060459152281052797e-29
3.725769337797026139e-29
3.274246429682328595e-29
3.089152162781180456e-29
2.478665490923100967e-29
1.862170964695239463e-29
1.361846141207115758e-29
1.087076018812455115e-29
8.057862090562503875e-30
5.917845642356240990e-30
3.850604664901851240e-30
2.359188858547085893e-30
1.393909978760467302e-30
6.596295011629574146e-31
3.839648769625617749e-31
