2.986163721734323190e+05
5.972327443468646379e+05
8.958491165202970151e+05
1.194465488693729276e+06
1.493081860867161537e+06
1.791698233040594030e+06
2.090314605214026291e+06
2.388930977387458552e+06
2.687547349560890812e+06
2.986163721734323073e+06
3.284780093907755334e+06
3.583396466081188060e+06
3.882012838254620321e+06
4.180629210428052582e+06
4.479245582601484843e+06
4.777861954774917103e+06
5.076478326948349364e+06
5.375094699121781625e+06
5.673711071295213886e+06
5.972327443468646146e+06
6.270943815642078407e+06
6.569560187815510668e+06
6.868176559988942929e+06
7.166792932162376121e+06
7.465409304335808381e+06
7.764025676509240642e+06
8.062642048682672903e+06
