1.392355138122778938e-28
1.077713646206533829e-28
9.112383535341519686e-29
8.670736124090208833e-29
7.201445708546799489e-29
5.975724747794605835e-29
5.641070147200936717e-29
4.845806234088132200e-29
4.924917885559758015e-29
4.496315623907791302e-29
4.238803205976630854e-29
4.156510193242125038e-29
4.071246205757063444e-29
4.117517400980885037e-29
4.006556470903493793e-29
4.174988803493079322e-29
3.588603602928546916e-29
2.893364685543253421e-29
2.336131696954349214e-29
2.045387051185832712e-29
1.735124723774549678e-29
1.284650616931996274e-29
9.451546709939431599e-30
5.657445565318117468e-30
4.137011741032454711e-30
1.589590467373753793e-30
1.182899551743054333e-30
