3.283746885046998068e+04
6.567493770093996136e+04
9.851240655140994932e+04
1.313498754018799227e+05
1.641873442523498961e+05
1.970248131028198986e+05
2.298622819532898720e+05
2.626997508037598454e+05
2.955372196542298188e+05
3.283746885046997922e+05
3.612121573551697657e+05
3.940496262056397973e+05
4.268870950561097707e+05
4.597245639065797441e+05
4.925620327570497175e+05
5.253995016075196909e+05
5.582369704579897225e+05
5.910744393084596377e+05
6.239119081589296693e+05
6.567493770093995845e+05
6.895868458598696161e+05
7.224243147103395313e+05
7.552617835608095629e+05
7.880992524112795945e+05
8.209367212617495097e+05
8.537741901122195413e+05
8.866116589626894565e+05
