0 0 0
2.99999999999998 4.48747079074787e-21 2.99540513273676e-24
5.99999999999992 3.93586803160225e-21 3.4249110895703e-25
8.99999999999985 3.57224214566468e-21 8.11143042882002e-26
11.9999999999998 3.53333019658502e-21 2.94010369367891e-26
14.9999999999997 3.48411277148027e-21 1.30059190397242e-26
18 3.4192562758261e-21 6.54969237103326e-27
21.0000000000005 3.53202784016834e-21 3.8209546939473e-27
24.000000000001 3.42804815391343e-21 2.25026895024501e-27
27.0000000000014 3.46340777192277e-21 1.45870581981572e-27
30.0000000000019 4.07315789448084e-21 1.15094251470412e-27
33.000000000002 6.96474536915439e-21 1.36942827030124e-27
36.0000000000014 2.66112493512201e-20 3.75334983020981e-27
39.0000000000008 1.64361896996474e-19 1.70627107068527e-26
42.0000000000002 1.18576372951272e-18 9.26216397243124e-26
44.9999999999996 9.04277479915727e-18 5.41723783619917e-25
47.999999999999 7.2051308651487e-17 3.36615241589149e-24
50.9999999999984 5.94242703132654e-16 2.19718960809657e-23
53.9999999999978 5.02931905403323e-15 1.49109461427064e-22
56.9999999999972 4.32065040043386e-14 1.03923810123021e-21
59.9999999999966 3.73821247200246e-13 7.37165018592554e-21
62.999999999996 3.24539774039224e-12 5.2969776598873e-20
65.9999999999969 2.8167993684761e-11 3.83808949488305e-19
68.9999999999984 2.39665410867331e-10 2.74759450221347e-18
71.9999999999999 1.79235744402915e-09 1.74112046118864e-17
75.0000000000015 4.93667234061081e-09 4.08952354309797e-17
78.000000000003 1.13776182143434e-08 8.08592468658327e-17
81.0000000000045 1.67156410687139e-08 1.02482048861949e-16
84.0000000000061 2.07955940826566e-08 1.1053856748817e-16
87.0000000000076 2.69475750388685e-08 1.24777308041888e-16
90.0000000000091 4.00823555102177e-08 1.62445561577763e-16
93.0000000000107 6.3263692796175e-08 2.25302255908536e-16
96.0000000000122 9.17384528958489e-08 2.88194977109313e-16
99.0000000000137 1.30293880008736e-07 3.62382539090671e-16
102.000000000015 1.94512492404482e-07 4.80647343009639e-16
105.000000000017 4.26874803949249e-07 9.40319857982789e-16
108.000000000018 9.40380971979271e-07 1.85151203961113e-15
111.00000000002 1.56511511061631e-06 2.76327347664493e-15
114.000000000021 2.95227379729024e-06 4.68733076351942e-15
117.000000000023 4.16240273258722e-06 5.95633712872003e-15
120.000000000024 4.61008547056419e-06 5.96128726538806e-15
123.000000000026 6.04280288374639e-06 7.07687644830139e-15
126.000000000028 7.12309012879168e-06 7.57343676830167e-15
129.000000000028 6.94295359505439e-06 6.71927244400659e-15
132.000000000025 7.62392374392684e-06 6.73594406243062e-15
135.000000000022 8.83570957589158e-06 7.14512643930747e-15
138.000000000019 8.95672652365012e-06 6.64349295103844e-15
141.000000000017 8.9086008895672e-06 6.07372007612567e-15
144.000000000014 1.00878559545138e-05 6.33436592107932e-15
147.000000000011 1.06078897560598e-05 6.14437793008319e-15
150.000000000009 1.04581222007475e-05 5.59638892865765e-15
153.000000000006 1.05390377924464e-05 5.21562754384761e-15
156.000000000003 1.11261975282776e-05 5.09770441608319e-15
159 1.17348017851625e-05 4.98126064616112e-15
161.999999999998 1.12455481585219e-05 4.4265443968281e-15
164.999999999995 1.1446564577017e-05 4.1838034575124e-15
167.999999999992 1.22855011530753e-05 4.17733225425662e-15
170.999999999989 1.23536416698239e-05 3.91526807509463e-15
173.999999999987 1.27740899652602e-05 3.78046689581775e-15
176.999999999984 1.28609260137169e-05 3.55934004200288e-15
179.999999999981 1.29941196173305e-05 3.36722096002491e-15
182.999999999979 1.29914646112913e-05 3.15440342303077e-15
185.999999999976 1.28751286501065e-05 2.93030924005671e-15
188.999999999973 1.30328091762476e-05 2.78126700622613e-15
191.99999999997 1.34089748554664e-05 2.68493898831209e-15
194.999999999968 1.40624914038814e-05 2.64566787459008e-15
197.999999999965 1.36863298750217e-05 2.4233101743058e-15
200.999999999962 1.4037967067943e-05 2.34264110177475e-15
203.999999999959 1.44824607421479e-05 2.2804138783298e-15
206.999999999957 1.42380578828336e-05 2.1169005885278e-15
209.999999999954 1.43951545631301e-05 2.02138367895692e-15
212.999999999951 1.42405183058888e-05 1.88896924977616e-15
215.999999999949 1.47359560505676e-05 1.84754918550338e-15
218.999999999946 1.49846011498685e-05 1.77739006337176e-15
221.999999999943 1.48599678624358e-05 1.66960563817369e-15
224.99999999994 1.50260021578824e-05 1.60095001902116e-15
227.999999999938 1.53778537914164e-05 1.55518483489745e-15
230.999999999935 1.54375407711412e-05 1.48286802711363e-15
233.999999999932 1.53550669507743e-05 1.40138393831205e-15
236.999999999929 1.56288351493337e-05 1.35550020549517e-15
239.999999999927 1.59185180704893e-05 1.31246117161712e-15
242.999999999924 1.5730566754503e-05 1.23380259810058e-15
245.999999999921 1.58190496385813e-05 1.18143791547259e-15
248.999999999919 1.61552326007788e-05 1.14991204899637e-15
251.999999999916 1.64385200588011e-05 1.11620792907631e-15
254.999999999913 1.6346357552742e-05 1.059263285854e-15
257.99999999991 1.60966166799697e-05 9.95645165905624e-16
260.999999999908 1.68084738316953e-05 9.92485690179928e-16
263.999999999905 1.71010380876162e-05 9.64328616175848e-16
266.999999999902 1.63432420594569e-05 8.80940306996498e-16
269.999999999899 1.67186070019001e-05 8.6210334925963e-16
272.999999999897 1.69446522389249e-05 8.36445461675551e-16
275.999999999894 1.69876741352858e-05 8.03117024379526e-16
278.999999999891 1.70106093528836e-05 7.70335256074136e-16
281.999999999889 1.71308997628363e-05 7.43121792935777e-16
284.999999999886 1.75034177043144e-05 7.27665182763811e-16
287.999999999883 1.74728131998099e-05 6.96626248670297e-16
290.99999999988 1.74372163745133e-05 6.67247090462885e-16
293.999999999878 1.71288103649558e-05 6.29416722326594e-16
296.999999999875 1.74281859528037e-05 6.15127519435147e-16
299.999999999872 1.78921037747017e-05 6.06668537932354e-16
302.999999999869 1.72559247515286e-05 5.621697713321e-16
305.999999999867 1.77562435979674e-05 5.56062696874385e-16
308.999999999864 1.76414180042256e-05 5.31398051433039e-16
311.999999999861 1.80245846751183e-05 5.22529534399198e-16
314.999999999859 1.78857008234033e-05 4.99253881514061e-16
317.999999999856 1.71260278598934e-05 4.60361657864081e-16
320.999999999853 1.77035873706386e-05 4.58304725404757e-16
323.99999999985 1.82212840820861e-05 4.54406940721443e-16
326.999999999848 1.77568784049691e-05 4.26813582505683e-16
329.999999999845 1.79168160883983e-05 4.15330833854301e-16
332.999999999842 1.83104141006062e-05 4.09522228961187e-16
335.999999999839 1.84304118752349e-05 3.97769475394414e-16
338.999999999837 1.77352205502743e-05 3.6937589531452e-16
341.999999999834 1.77966993834397e-05 3.57757467660627e-16
344.999999999831 1.82683238283353e-05 3.54653646068846e-16
347.999999999829 1.81244642812235e-05 3.39966344324544e-16
350.999999999826 1.81613516880652e-05 3.2926738026511e-16
353.999999999823 1.79267362653979e-05 3.14187294035094e-16
356.99999999982 1.86343616694775e-05 3.15771373725777e-16
359.999999999818 1.84567606868812e-05 3.02436306753387e-16
362.999999999815 1.78597750239604e-05 2.83093750213846e-16
365.999999999812 1.84579634811289e-05 2.83124136297068e-16
368.999999999809 1.82056550109005e-05 2.70351539646236e-16
371.999999999807 1.81939755744272e-05 2.61637512965545e-16
374.999999999804 1.82127414190791e-05 2.53641769950575e-16
377.999999999801 1.83174897673235e-05 2.47071775975808e-16
380.999999999798 1.85300772844078e-05 2.42153072422416e-16
383.999999999796 1.85260795685908e-05 2.34658045875121e-16
386.999999999793 1.82743853023088e-05 2.24442856327357e-16
389.99999999979 1.80000149968244e-05 2.14384031259266e-16
392.999999999788 1.8526042739035e-05 2.13972839898395e-16
395.999999999785 1.83353993257006e-05 2.05413194213101e-16
398.999999999782 1.79538340995338e-05 1.95164900298451e-16
401.999999999779 1.8315770212206e-05 1.93266129640936e-16
404.999999999777 1.8274047148462e-05 1.8722006249004e-16
407.999999999774 1.85690927675044e-05 1.84715465013938e-16
410.999999999771 1.8299063657151e-05 1.76756604309216e-16
413.999999999768 1.7953552624019e-05 1.6844827108256e-16
416.999999999766 1.85555422206453e-05 1.69155038110281e-16
419.999999999763 1.83227488820537e-05 1.6234032451241e-16
422.99999999976 1.77092272289947e-05 1.52527736207402e-16
425.999999999758 1.8059993769247e-05 1.51220566690178e-16
428.999999999755 1.85584771046051e-05 1.51090274695374e-16
431.999999999752 1.81333839275342e-05 1.4356619301626e-16
434.999999999749 1.78228217606368e-05 1.37263636834986e-16
437.999999999747 1.82601291149123e-05 1.36838220198956e-16
440.999999999744 1.86806526824817e-05 1.36241482680112e-16
443.999999999741 1.80534200819555e-05 1.28152928747253e-16
446.999999999738 1.77666061756369e-05 1.22761112123222e-16
449.999999999736 1.81532977037989e-05 1.22118452176287e-16
452.999999999733 1.87568446450918e-05 1.22876403435593e-16
455.99999999973 1.81869650772789e-05 1.16054014161356e-16
458.999999999728 1.78403232590947e-05 1.10910059742736e-16
461.999999999725 1.85480609117021e-05 1.12348766674348e-16
464.999999999722 1.82821404391241e-05 1.07909209262299e-16
467.999999999719 1.83766472076509e-05 1.05712000967194e-16
470.999999999717 1.82894747787228e-05 1.02557706600429e-16
473.999999999714 1.83109704189096e-05 1.00113763443007e-16
476.999999999711 1.85149651991481e-05 9.87199815073542e-17
479.999999999708 1.8690729145308e-05 9.71943746029331e-17
482.999999999706 1.83794012267825e-05 9.32214549319576e-17
485.999999999703 1.86635353302862e-05 9.2345295417356e-17
488.9999999997 1.86158116575704e-05 8.98751129253336e-17
491.999999999698 1.84865528460093e-05 8.71069167886812e-17
494.999999999695 1.79529291466507e-05 8.25667165679605e-17
497.999999999692 1.85722407562475e-05 8.33751474990912e-17
500.999999999689 1.84524375042777e-05 8.0868625087384e-17
503.999999999687 1.86556424452416e-05 7.98332055593591e-17
506.999999999684 1.83358749981311e-05 7.66332475869679e-17
509.999999999681 1.84875632639963e-05 7.54730217652176e-17
512.999999999678 1.92273478873528e-05 7.66732275907741e-17
515.999999999676 1.85800899378544e-05 7.23821445118908e-17
518.999999999673 1.79455727815248e-05 6.8309120165742e-17
521.99999999967 1.8738049185604e-05 6.97071619604475e-17
524.999999999668 1.897975938773e-05 6.90136941188446e-17
527.999999999665 1.85986070083031e-05 6.61058130174156e-17
530.999999999662 1.85351158164176e-05 6.44017139465991e-17
533.999999999659 1.9120518311072e-05 6.49557504389707e-17
536.999999999657 1.90740554222999e-05 6.33671534870786e-17
539.999999999654 1.86661838259814e-05 6.06518666226988e-17
542.999999999651 1.87285007685995e-05 5.95224887385464e-17
545.999999999648 1.89177796485068e-05 5.88120366159894e-17
548.999999999646 1.9056356206788e-05 5.79588927507171e-17
551.999999999643 1.8524314418037e-05 5.51290785170578e-17
554.99999999964 1.92257060505116e-05 5.59955577295189e-17
557.999999999638 1.96414768867682e-05 5.59887302425866e-17
560.999999999635 1.88196519647183e-05 5.25070297741736e-17
563.999999999632 1.89452259783325e-05 5.17409426967392e-17
566.999999999629 1.92536127950459e-05 5.14814864000396e-17
569.999999999627 1.90677519728407e-05 4.99243700034545e-17
572.999999999624 1.9097843274436e-05 4.89674375711492e-17
575.999999999621 1.89831448980983e-05 4.76671013266664e-17
578.999999999618 1.91383550570215e-05 4.70676712956562e-17
581.999999999616 1.94668248745176e-05 4.68968691354612e-17
584.999999999613 1.93867542268033e-05 4.5757379876408e-17
587.99999999961 1.88770183416861e-05 4.36551881751725e-17
590.999999999608 1.92462455315703e-05 4.36125640745697e-17
593.999999999605 1.93799061434482e-05 4.30345667832983e-17
596.999999999602 1.92852408221875e-05 4.19696519142419e-17
599.999999999599 1.92271491456777e-05 4.10149076238014e-17
602.999999999597 1.89394964453531e-05 3.96064746195485e-17
605.999999999594 1.93812687172268e-05 3.97356292629833e-17
608.999999999591 1.96228379518069e-05 3.94436245993073e-17
611.999999999588 1.87920134897882e-05 3.70377252505095e-17
614.999999999586 1.89173820063363e-05 3.65636899007749e-17
617.999999999583 1.95437586918696e-05 3.70490361362174e-17
620.99999999958 1.91513761354744e-05 3.56110284564787e-17
623.999999999578 1.88284181866612e-05 3.43421821213462e-17
626.999999999575 1.91960355094415e-05 3.43463919067588e-17
629.999999999572 1.94347948806165e-05 3.4116824308401e-17
632.999999999569 1.91329795958089e-05 3.29574846771742e-17
635.999999999567 1.89298579284396e-05 3.19983089729903e-17
638.999999999564 1.94333930442074e-05 3.22360893124201e-17
641.999999999561 1.96084180530475e-05 3.19223094503085e-17
644.999999999558 1.89929441244608e-05 3.03508870173358e-17
647.999999999556 1.88928950656714e-05 2.96379767325397e-17
650.999999999553 1.93818983508011e-05 2.984874454348e-17
653.99999999955 1.95301422283129e-05 2.95281826711119e-17
656.999999999548 1.86629341075171e-05 2.77056388026376e-17
659.999999999545 1.90782913643801e-05 2.781307031596e-17
662.999999999542 1.90904680131442e-05 2.73316773978167e-17
665.999999999539 1.91564981134828e-05 2.69344380719281e-17
668.999999999537 1.92449438011668e-05 2.65765120195925e-17
671.999999999534 1.8683203120381e-05 2.53447651228819e-17
674.999999999531 1.89702136510911e-05 2.52814648868115e-17
677.999999999528 1.91071356677688e-05 2.50161858406671e-17
680.999999999526 1.91088382102858e-05 2.4579560428858e-17
683.999999999523 1.88228091935183e-05 2.37904972520985e-17
686.99999999952 1.87026916020869e-05 2.32302432057615e-17
689.999999999518 1.91706886167295e-05 2.34010865649556e-17
692.999999999515 1.8815689717501e-05 2.25718648882217e-17
695.999999999512 1.87594698269767e-05 2.21187987517361e-17
698.999999999509 1.86120082992384e-05 2.15718939248552e-17
701.999999999507 1.8918652719919e-05 2.15557692911973e-17
704.999999999504 1.88399126333852e-05 2.11031611969202e-17
707.999999999501 1.82953067301581e-05 2.0147571861463e-17
710.999999999498 1.9120013266126e-05 2.07031199640882e-17
713.999999999496 1.93833737758515e-05 2.06389603083626e-17
716.999999999493 1.84261329621635e-05 1.92942040193116e-17
719.99999999949 1.8535401414788e-05 1.90868698729049e-17
722.999999999487 1.89014063148489e-05 1.91422348712044e-17
725.999999999485 1.89871787118728e-05 1.89140976144851e-17
728.999999999482 1.81711914536785e-05 1.7806218057898e-17
731.999999999479 1.8453535765911e-05 1.77886872187821e-17
734.999999999477 1.92551991277506e-05 1.82596156590704e-17
737.999999999474 1.89866979307314e-05 1.77141372753524e-17
740.999999999471 1.87563490057465e-05 1.72186515066287e-17
743.999999999468 1.87573001763301e-05 1.69440764572699e-17
746.999999999466 1.90969937143445e-05 1.69751287451509e-17
749.999999999463 1.88312478478418e-05 1.64724514142208e-17
752.99999999946 1.83948671438e-05 1.58367552187599e-17
755.999999999457 1.91670005541696e-05 1.62419234127977e-17
758.999999999455 1.88892386738297e-05 1.57548183230756e-17
761.999999999452 1.89296636747218e-05 1.55409703832525e-17
764.999999999449 1.90811244042005e-05 1.54215807585227e-17
767.999999999447 1.88434713556168e-05 1.4993855096309e-17
770.999999999444 1.90848378867564e-05 1.49510172758987e-17
773.999999999441 1.89138191870849e-05 1.4588212707465e-17
776.999999999438 1.88333149989708e-05 1.43033227226284e-17
779.999999999436 1.87449514162761e-05 1.40192539024754e-17
782.999999999433 1.93275547962416e-05 1.42351672548868e-17
785.99999999943 1.91745143962996e-05 1.39077426551938e-17
788.999999999427 1.89954824775737e-05 1.35693363151974e-17
791.999999999425 1.89944645129469e-05 1.33648696541744e-17
794.999999999422 1.91892106474093e-05 1.32998591180215e-17
797.999999999419 1.92985340764847e-05 1.31753728575128e-17
800.999999999417 1.89449210156943e-05 1.27410017873958e-17
803.999999999414 1.8763245185933e-05 1.24319143322245e-17
806.999999999411 1.97249146562379e-05 1.28766787657058e-17
809.999999999408 1.93138072210168e-05 1.24225900554076e-17
812.999999999406 1.87558589045737e-05 1.18862970807863e-17
815.999999999403 1.9309861710148e-05 1.20585311091083e-17
818.9999999994 1.96278479426095e-05 1.20790304380349e-17
821.999999999397 1.92421069604655e-05 1.16699821879202e-17
824.999999999395 1.91081745462884e-05 1.14210408820508e-17
827.999999999392 1.94203417002256e-05 1.14402108838582e-17
830.999999999389 1.99534084824945e-05 1.15855709033417e-17
833.999999999387 1.9173209952946e-05 1.09737131217743e-17
836.999999999384 1.91077803950235e-05 1.07805727841525e-17
839.999999999381 1.95368655594051e-05 1.08657863667644e-17
842.999999999378 1.96998512806017e-05 1.08013603426731e-17
845.999999999376 1.92766850713077e-05 1.04207051327099e-17
848.999999999373 1.93141531521838e-05 1.02944987674432e-17
851.99999999937 1.9797457940352e-05 1.04041178551805e-17
854.999999999367 1.93696434892058e-05 1.00369736053567e-17
857.999999999365 1.92103808111345e-05 9.8162663161916e-18
860.999999999362 1.96463584302347e-05 9.90026634288286e-18
863.999999999359 1.94521214620521e-05 9.66696910294003e-18
866.999999999357 1.99736420987694e-05 9.78926760316439e-18
869.999999999354 1.93002563433718e-05 9.32958432045497e-18
872.999999999351 1.94231971017648e-05 9.26106390972875e-18
875.999999999348 1.94280671699409e-05 9.13725963707018e-18
878.999999999346 1.96081477176001e-05 9.09651019226944e-18
881.999999999343 1.92689048756819e-05 8.81815505124119e-18
884.99999999934 1.91651322824709e-05 8.652642224886e-18
887.999999999337 1.95824671897281e-05 8.72235966097793e-18
890.999999999335 1.98085548148235e-05 8.70468742543032e-18
893.999999999332 1.94562169563266e-05 8.4355853406115e-18
896.999999999329 1.90875579120378e-05 8.16592081232491e-18
899.999999999327 1.91368355628184e-05 8.07857414295006e-18
902.999999999324 1.97205562014656e-05 8.21493637793751e-18
905.999999999321 1.89290267977541e-05 7.78119126887642e-18
908.999999999318 1.86924225649115e-05 7.58303462695241e-18
911.999999999316 1.96755879560093e-05 7.87773656805296e-18
914.999999999313 1.9650616373959e-05 7.76522235932911e-18
917.99999999931 1.90257996341561e-05 7.42032372332071e-18
920.999999999307 1.89956958858255e-05 7.31252615716233e-18
923.999999999305 1.95346022761793e-05 7.42301615928131e-18
926.999999999302 1.91956207057629e-05 7.20047914488145e-18
929.999999999299 1.84972064320457e-05 6.84936942270082e-18
932.999999999297 1.89062169077653e-05 6.9111186785571e-18
935.999999999294 1.95713653347379e-05 7.06305795574166e-18
938.999999999291 1.93467732085759e-05 6.89348543943417e-18
941.999999999288 1.89987909160319e-05 6.68370696201299e-18
944.999999999286 1.90723894697566e-05 6.62469321367964e-18
947.999999999283 1.94109103516374e-05 6.65730072125362e-18
950.99999999928 1.87837210374287e-05 6.3614917660887e-18
953.999999999277 1.89374333460905e-05 6.33341089168173e-18
956.999999999275 1.88798511747867e-05 6.23529059789028e-18
959.999999999272 1.91915876317424e-05 6.25931321139475e-18
962.999999999269 1.89608397060316e-05 6.10750791791635e-18
965.999999999266 1.89779290235102e-05 6.03762436998649e-18
968.999999999264 1.88784043376776e-05 5.93180854062777e-18
971.999999999261 1.90555800348752e-05 5.91387622269699e-18
974.999999999258 1.89178738566861e-05 5.79942203064009e-18
977.999999999256 1.87068661606963e-05 5.66482459234682e-18
980.999999999253 1.88656538197761e-05 5.64323065401767e-18
983.99999999925 1.91383553822786e-05 5.65526200586495e-18
986.999999999247 1.9013897137986e-05 5.55065866311623e-18
989.999999999245 1.88094295017329e-05 5.42484077398624e-18
992.999999999242 1.86308145610095e-05 5.30858433385217e-18
995.999999999239 1.9102340115809e-05 5.37760673896828e-18
998.999999999236 1.90507921989937e-05 5.29914465409506e-18
