0 0 0
2.99999999999998 4.07212472796973e-24 4.59168104064422e-27
5.99999999999992 4.67122255608554e-24 5.31169758782393e-28
8.99999999999985 4.66766492361313e-24 1.27638419121679e-28
11.9999999999998 4.79492854996311e-24 4.62771916084541e-29
14.9999999999997 4.84698790960447e-24 2.05601783331603e-29
18 4.93493634947562e-24 1.0612000764254e-29
21.0000000000005 5.09018794918847e-24 6.13574575794029e-30
24.000000000001 4.94460991755592e-24 3.60017277362921e-30
27.0000000000014 5.19914800563254e-24 2.42237107729139e-30
30.0000000000019 7.08563986034361e-24 2.21177347838413e-30
33.000000000002 1.71246255653717e-23 3.71762552142664e-30
36.0000000000014 9.09346063230582e-23 1.41617722248064e-29
39.0000000000008 6.76143836164154e-22 7.75369125292987e-29
42.0000000000002 5.56320616373439e-21 4.80339888896571e-28
44.9999999999996 5.0063859884944e-20 3.3177812251031e-27
47.999999999999 4.6680532370639e-19 2.41451723096884e-26
50.9999999999984 4.28198054687916e-18 1.75428479201013e-25
53.9999999999978 3.72538174533102e-17 1.22474566662221e-24
56.9999999999972 3.01054742397163e-16 8.03501815898333e-24
59.9999999999966 2.24004842532368e-15 4.90449360165137e-23
62.999999999996 1.52993938331316e-14 2.77392473262762e-22
65.9999999999969 9.56603406530404e-14 1.44859178757799e-21
68.9999999999984 5.43243888493102e-13 6.92445412366925e-21
71.9999999999999 2.73380732042425e-12 2.95415686101764e-20
75.0000000000015 1.13460373835961e-11 1.04624560922997e-19
78.000000000003 3.49338915999647e-11 2.76559273348198e-19
81.0000000000045 1.83128671045995e-10 1.25166003911448e-18
84.0000000000061 4.10996105475342e-09 2.43817852827782e-17
87.0000000000076 5.53369373394607e-09 2.86312907638205e-17
90.0000000000091 6.964356396707e-09 3.15702339272136e-17
93.0000000000107 2.99240313002372e-08 1.19358968209147e-16
96.0000000000122 6.01800382695675e-08 2.12054315170511e-16
99.0000000000137 8.10128975278032e-08 2.53101722933859e-16
102.000000000015 1.33239247490863e-07 3.70375997462165e-16
105.000000000017 3.25196172957869e-07 8.0678852052455e-16
108.000000000018 5.90799656077388e-07 1.31240973935312e-15
111.00000000002 7.90739339644868e-07 1.57696781404074e-15
114.000000000021 1.02015710629635e-06 1.83115700170006e-15
117.000000000023 1.49032237462985e-06 2.41272096535946e-15
120.000000000024 2.45291289921072e-06 3.58839465250279e-15
123.000000000026 2.80627193421867e-06 3.71725932845752e-15
126.000000000028 3.32581790933514e-06 3.99578885612735e-15
129.000000000028 4.21418868070913e-06 4.60201914451572e-15
132.000000000025 4.94949728562175e-06 4.92241290895134e-15
135.000000000022 5.11065164256599e-06 4.64267132072365e-15
138.000000000019 6.01632483632385e-06 5.00686426133558e-15
141.000000000017 6.90101434389003e-06 5.27712692171643e-15
144.000000000014 6.89847233264376e-06 4.85815459056516e-15
147.000000000011 7.32853053340624e-06 4.76331939140861e-15
150.000000000009 7.78106237839387e-06 4.67575688060969e-15
153.000000000006 8.25039026036001e-06 4.58972161909806e-15
156.000000000003 7.99826358428002e-06 4.12217218955641e-15
159 8.51837307348385e-06 4.06810121342212e-15
161.999999999998 8.95249499988642e-06 3.96215085427743e-15
164.999999999995 9.21527198672735e-06 3.78482734878914e-15
167.999999999992 9.23743271302921e-06 3.52980842184675e-15
170.999999999989 9.62385657738191e-06 3.43039771855031e-15
173.999999999987 9.85076443849445e-06 3.28142528802503e-15
176.999999999984 9.78216267114317e-06 3.04941069159145e-15
179.999999999981 9.96061781776151e-06 2.90700233102799e-15
182.999999999979 1.03377956769065e-05 2.82468819765209e-15
185.999999999976 1.0444501878375e-05 2.67141295093675e-15
188.999999999973 1.05725793080339e-05 2.53386059738751e-15
191.99999999997 1.11729885918721e-05 2.51426548644298e-15
194.999999999968 1.10797320169205e-05 2.34625070151928e-15
197.999999999965 1.09165998958732e-05 2.17859807151104e-15
200.999999999962 1.0882369537351e-05 2.04776827253164e-15
203.999999999959 1.16223530572678e-05 2.06182728480569e-15
206.999999999957 1.15602954250744e-05 1.93259084349406e-15
209.999999999954 1.12950494941468e-05 1.78116254838905e-15
212.999999999951 1.20639694380851e-05 1.79825865257487e-15
215.999999999949 1.23170619060538e-05 1.73749577122548e-15
218.999999999946 1.21334813027405e-05 1.62160551134575e-15
221.999999999943 1.2020955070195e-05 1.52296284172337e-15
224.99999999994 1.26186074395005e-05 1.51576469649556e-15
227.999999999938 1.29679623946737e-05 1.47695696459566e-15
230.999999999935 1.292482338187e-05 1.39625448657532e-15
233.999999999932 1.26646925390476e-05 1.2992508306942e-15
236.999999999929 1.35337495406019e-05 1.32017077481438e-15
239.999999999927 1.31341678112101e-05 1.21944314894335e-15
242.999999999924 1.27102213400948e-05 1.12372573696129e-15
245.999999999921 1.31937511295943e-05 1.11104064331456e-15
248.999999999919 1.33862157693253e-05 1.07364342033683e-15
251.999999999916 1.328189552744e-05 1.01507799752621e-15
254.999999999913 1.37324447313798e-05 1.0009679627141e-15
257.99999999991 1.41338288150245e-05 9.83620020908791e-16
260.999999999908 1.38264256881164e-05 9.19445768803706e-16
263.999999999905 1.35817107081874e-05 8.63344013668381e-16
266.999999999902 1.39526424479583e-05 8.47869582481768e-16
269.999999999899 1.39038145067632e-05 8.07876023255736e-16
272.999999999897 1.4083150577031e-05 7.8279426359216e-16
275.999999999894 1.4136148910313e-05 7.52113593188151e-16
278.999999999891 1.46148849361868e-05 7.44952338748569e-16
281.999999999889 1.43946562114728e-05 7.0341120391209e-16
284.999999999886 1.39301597794047e-05 6.52825104964096e-16
287.999999999883 1.45645290228475e-05 6.54618252860033e-16
290.99999999988 1.44979490933811e-05 6.25016905202968e-16
293.999999999878 1.39876146200104e-05 5.78732582955578e-16
296.999999999875 1.43900454394883e-05 5.7181890689384e-16
299.999999999872 1.53809693248803e-05 5.87416535132392e-16
302.999999999869 1.44945720795186e-05 5.3220071291642e-16
305.999999999867 1.43270228065569e-05 5.0577704776956e-16
308.999999999864 1.49669695359818e-05 5.08061129603568e-16
311.999999999861 1.50416266334409e-05 4.91187629403634e-16
314.999999999859 1.4510616279182e-05 4.56165271088158e-16
317.999999999856 1.46345302252408e-05 4.43155552021267e-16
320.999999999853 1.53202658872872e-05 4.4698276683734e-16
323.99999999985 1.50688297016019e-05 4.23578738204392e-16
326.999999999848 1.43667770186614e-05 3.89151432217301e-16
329.999999999845 1.48115137295111e-05 3.86834963848719e-16
332.999999999842 1.54945827903435e-05 3.90411644411667e-16
335.999999999839 1.46454826971924e-05 3.56158680079666e-16
338.999999999837 1.46790739172728e-05 3.44572822494548e-16
341.999999999834 1.55384866009245e-05 3.52051224727946e-16
344.999999999831 1.51869349525157e-05 3.3224112485412e-16
347.999999999829 1.49217534921785e-05 3.15425348325521e-16
350.999999999826 1.4918325881531e-05 3.04837883862429e-16
353.999999999823 1.55431994507704e-05 3.07013809787472e-16
356.99999999982 1.48195927455897e-05 2.82965474025779e-16
359.999999999818 1.54004953718478e-05 2.84348729414217e-16
362.999999999815 1.53896390040211e-05 2.74958415150086e-16
365.999999999812 1.54244872369872e-05 2.66760085729821e-16
368.999999999809 1.48986672111322e-05 2.49400393613227e-16
371.999999999807 1.5053670068393e-05 2.43908838615924e-16
374.999999999804 1.54336374667788e-05 2.42177151572777e-16
377.999999999801 1.48377782707454e-05 2.25608605438571e-16
380.999999999798 1.51434400738822e-05 2.23152175270865e-16
383.999999999796 1.58529425906391e-05 2.26377981984808e-16
386.999999999793 1.56297385793151e-05 2.1631724544249e-16
389.99999999979 1.49843412856552e-05 2.01097693902746e-16
392.999999999788 1.57478531995935e-05 2.05029883409833e-16
395.999999999785 1.57719877977458e-05 1.99238714210106e-16
398.999999999782 1.47933507652601e-05 1.81306572699218e-16
401.999999999779 1.5175610984304e-05 1.80479444523092e-16
404.999999999777 1.57716976914975e-05 1.82097157022932e-16
407.999999999774 1.56417668259271e-05 1.7540135403107e-16
410.999999999771 1.52696566653077e-05 1.66306641547059e-16
413.999999999768 1.56487200298992e-05 1.65531018470133e-16
416.999999999766 1.58082872978008e-05 1.62449121758148e-16
419.999999999763 1.51897639277907e-05 1.51708263406052e-16
422.99999999976 1.50380269932877e-05 1.46014475827713e-16
425.999999999758 1.58771477148138e-05 1.49884776991188e-16
428.999999999755 1.60006859324847e-05 1.4685929551326e-16
431.999999999752 1.53154419094919e-05 1.36700775266039e-16
434.999999999749 1.57473350560296e-05 1.36730688009671e-16
437.999999999747 1.61740753078953e-05 1.36659313606839e-16
440.999999999744 1.5494992159344e-05 1.27413161248285e-16
443.999999999741 1.51383991419266e-05 1.21145998063049e-16
446.999999999738 1.59554511612315e-05 1.24280233866619e-16
449.999999999736 1.59588236576357e-05 1.21042690818865e-16
452.999999999733 1.55854865686704e-05 1.15138425442604e-16
455.99999999973 1.59361126043568e-05 1.1466684440755e-16
458.999999999728 1.60762848987876e-05 1.12668373475919e-16
461.999999999725 1.59406164162802e-05 1.08847350836011e-16
464.999999999722 1.56191900919116e-05 1.039517813712e-16
467.999999999719 1.58350342798195e-05 1.02725979792819e-16
470.999999999717 1.58804611983977e-05 1.00411487212995e-16
473.999999999714 1.57120834990588e-05 9.68548526882133e-17
476.999999999711 1.60734716722237e-05 9.66243104759635e-17
479.999999999708 1.61416767915397e-05 9.46485632785656e-17
482.999999999706 1.56311661196792e-05 8.94078779680849e-17
485.999999999703 1.56822599206265e-05 8.75023756664882e-17
488.9999999997 1.63439577786973e-05 8.89747462400111e-17
491.999999999698 1.58395805637764e-05 8.41505693912497e-17
494.999999999695 1.55826663085525e-05 8.08090583920228e-17
497.999999999692 1.6178792665619e-05 8.19072179818202e-17
500.999999999689 1.64683158077322e-05 8.13923037303424e-17
503.999999999687 1.56778159891377e-05 7.5652972178059e-17
506.999999999684 1.57392733548285e-05 7.41748013781692e-17
509.999999999681 1.63985014122787e-05 7.54914334530952e-17
512.999999999678 1.6211365729739e-05 7.29048369455104e-17
515.999999999676 1.57165827865133e-05 6.90447349380616e-17
518.999999999673 1.58836211018359e-05 6.81797943539928e-17
521.99999999967 1.66243403259107e-05 6.97441156964081e-17
524.999999999668 1.59296228242027e-05 6.53230580176115e-17
527.999999999665 1.56104491786017e-05 6.2567759647529e-17
530.999999999662 1.62888713107987e-05 6.38229779023642e-17
533.999999999659 1.64575103852068e-05 6.30534180405297e-17
536.999999999657 1.5907884500337e-05 5.96057432778407e-17
539.999999999654 1.60460281283307e-05 5.87997992804932e-17
542.999999999651 1.64817941955479e-05 5.9068826787006e-17
545.999999999648 1.62167830155269e-05 5.68552639569786e-17
548.999999999646 1.59104679535892e-05 5.45804208974208e-17
551.999999999643 1.60771930666968e-05 5.3966695980875e-17
554.99999999964 1.59687331261204e-05 5.24506495908231e-17
557.999999999638 1.58977023306891e-05 5.11029886082907e-17
560.999999999635 1.61824028661145e-05 5.09195759137236e-17
563.999999999632 1.62850068481404e-05 5.01667358159707e-17
566.999999999629 1.60696177534044e-05 4.84633133022514e-17
569.999999999627 1.57915312754678e-05 4.66277155019139e-17
572.999999999624 1.63475686881825e-05 4.72706458901958e-17
575.999999999621 1.60652845496652e-05 4.55006612915915e-17
578.999999999618 1.56628991991856e-05 4.3448861341925e-17
581.999999999616 1.62582670215065e-05 4.41747558575469e-17
584.999999999613 1.67349460730367e-05 4.45468053934981e-17
587.99999999961 1.59165903616779e-05 4.1516026417461e-17
590.999999999608 1.58009568349156e-05 4.03861927095486e-17
593.999999999605 1.63197956904045e-05 4.08739625280611e-17
596.999999999602 1.58746387450374e-05 3.89655079776636e-17
599.999999999599 1.56611469442655e-05 3.76827636879601e-17
602.999999999597 1.60907126480348e-05 3.79553440385568e-17
605.999999999594 1.64795353739797e-05 3.81066099719842e-17
608.999999999591 1.59712127600208e-05 3.62081528067207e-17
611.999999999588 1.59192188309005e-05 3.53916118974864e-17
614.999999999586 1.65105868806851e-05 3.59987875815083e-17
617.999999999583 1.63798952565085e-05 3.50245970277087e-17
620.99999999958 1.55346614857742e-05 3.25788170354628e-17
623.999999999578 1.59086686459406e-05 3.27283637403896e-17
626.999999999575 1.66761840884716e-05 3.36593033746623e-17
629.999999999572 1.60555825363172e-05 3.17937580468371e-17
632.999999999569 1.5798669691346e-05 3.06947153680049e-17
635.999999999567 1.63124264055902e-05 3.11009143030231e-17
638.999999999564 1.62391360675305e-05 3.03872628565366e-17
641.999999999561 1.56618625211402e-05 2.87632208459184e-17
644.999999999558 1.59055871258192e-05 2.86702143959012e-17
647.999999999556 1.64997060386515e-05 2.91948038068463e-17
650.999999999553 1.61315347897356e-05 2.80239635683282e-17
653.99999999955 1.60293264773336e-05 2.73404127521839e-17
656.999999999548 1.63910554895788e-05 2.74488254616173e-17
659.999999999545 1.64182328408205e-05 2.69977489094031e-17
662.999999999542 1.59826043498995e-05 2.58115711658472e-17
665.999999999539 1.60893389318805e-05 2.55201388580569e-17
668.999999999537 1.64308558972442e-05 2.55968345893352e-17
671.999999999534 1.59179395985804e-05 2.4357793689983e-17
674.999999999531 1.6047251568907e-05 2.41244351086007e-17
677.999999999528 1.65131256078414e-05 2.43896141446013e-17
680.999999999526 1.63650313715164e-05 2.37467281847601e-17
683.999999999523 1.5670666365822e-05 2.23428618595903e-17
686.99999999952 1.65137689821377e-05 2.31387760185855e-17
689.999999999518 1.67245997160064e-05 2.3030279690119e-17
692.999999999515 1.61647158133574e-05 2.18752349474585e-17
695.999999999512 1.60016502788068e-05 2.12840107753917e-17
698.999999999509 1.68318769500581e-05 2.20082892303777e-17
701.999999999507 1.65463048278127e-05 2.12685173857772e-17
704.999999999504 1.55867473054898e-05 1.96957102267582e-17
707.999999999501 1.60242319221378e-05 1.99071069066511e-17
710.999999999498 1.66989942264023e-05 2.03992124019035e-17
713.999999999496 1.6477519789973e-05 1.97936424986901e-17
716.999999999493 1.59054719991102e-05 1.87880682950961e-17
719.99999999949 1.65091934955782e-05 1.91779263348046e-17
722.999999999487 1.68213310103092e-05 1.92196811945576e-17
725.999999999485 1.59641759774838e-05 1.79418153008286e-17
728.999999999482 1.60633960062074e-05 1.7757373354392e-17
731.999999999479 1.63413214378435e-05 1.77702009947681e-17
734.999999999477 1.66563668250834e-05 1.78199382165553e-17
737.999999999474 1.613669892286e-05 1.69861814962453e-17
740.999999999471 1.67715989149378e-05 1.73703151082744e-17
743.999999999468 1.66563293776984e-05 1.69738471889965e-17
746.999999999466 1.60499916967436e-05 1.60952039693984e-17
749.999999999463 1.62561186864939e-05 1.60437962375004e-17
752.99999999946 1.65731219330548e-05 1.60978142797608e-17
755.999999999457 1.64223454278065e-05 1.56990163264295e-17
758.999999999455 1.61803514881937e-05 1.52251906569185e-17
761.999999999452 1.68740647649042e-05 1.56305404442293e-17
764.999999999449 1.68662423531667e-05 1.53800619777317e-17
767.999999999447 1.63818177575361e-05 1.47056792173098e-17
770.999999999444 1.63226357643802e-05 1.44260186400838e-17
773.999999999441 1.6811111541547e-05 1.46295240541334e-17
776.999999999438 1.61928420585795e-05 1.38758730091063e-17
779.999999999436 1.58258366891632e-05 1.33534646437011e-17
782.999999999433 1.67336901908846e-05 1.39043257528609e-17
785.99999999943 1.68320497098646e-05 1.37743451938227e-17
788.999999999427 1.60506515133585e-05 1.29369741935984e-17
791.999999999425 1.63207490638448e-05 1.29565898454795e-17
794.999999999422 1.69740981188572e-05 1.32726373427219e-17
797.999999999419 1.62854397284656e-05 1.25440311741049e-17
800.999999999417 1.60369609306233e-05 1.21693306547225e-17
803.999999999414 1.66744167693755e-05 1.24655072504581e-17
806.999999999411 1.67139148413985e-05 1.23101528710148e-17
809.999999999408 1.62090427823667e-05 1.1762483979794e-17
812.999999999406 1.60513628157972e-05 1.14775223544505e-17
815.999999999403 1.68401810862151e-05 1.18660368843172e-17
818.9999999994 1.64203252851479e-05 1.14015067783981e-17
821.999999999397 1.58320410317815e-05 1.08332716723889e-17
824.999999999395 1.62624806287289e-05 1.09671274590284e-17
827.999999999392 1.69175595362026e-05 1.12450891122137e-17
830.999999999389 1.6196011273056e-05 1.06108095209638e-17
833.999999999387 1.58537837169875e-05 1.02377066903323e-17
836.999999999384 1.67203444717348e-05 1.06436883668209e-17
839.999999999381 1.63952134878475e-05 1.02889126990927e-17
842.999999999378 1.60085447553967e-05 9.90406902267183e-18
845.999999999376 1.62963510509327e-05 9.93961378079869e-18
848.999999999373 1.67836218261871e-05 1.00931810839242e-17
851.99999999937 1.63139300475855e-05 9.67387805496039e-18
854.999999999367 1.62376493502087e-05 9.49426086924886e-18
857.999999999365 1.62788719618018e-05 9.38566800928771e-18
860.999999999362 1.60990471079943e-05 9.1535699115764e-18
863.999999999359 1.60513399222273e-05 9.00082807302197e-18
866.999999999357 1.64094453511724e-05 9.07481037172687e-18
869.999999999354 1.66205514644526e-05 9.06526396258351e-18
872.999999999351 1.59867787889854e-05 8.60076176787184e-18
875.999999999348 1.6236724895141e-05 8.61650204865956e-18
878.999999999346 1.67464985709198e-05 8.76605794203521e-18
881.999999999343 1.60000179813444e-05 8.26200427844424e-18
884.99999999934 1.56100105527543e-05 7.95234781492902e-18
887.999999999337 1.6587396974303e-05 8.33670180015412e-18
890.999999999335 1.69065181371265e-05 8.38292459564524e-18
893.999999999332 1.59878576898501e-05 7.82176039644236e-18
896.999999999329 1.61846075461745e-05 7.81306095107767e-18
899.999999999327 1.65939782850159e-05 7.90430277371716e-18
902.999999999324 1.62978022332553e-05 7.66054554420693e-18
905.999999999321 1.56929660487132e-05 7.27923245069426e-18
908.999999999318 1.60022588043693e-05 7.32554793142399e-18
911.999999999316 1.65947550163634e-05 7.49720801498393e-18
914.999999999313 1.64312585759601e-05 7.32633885797392e-18
917.99999999931 1.6035856405479e-05 7.05729685518479e-18
920.999999999307 1.68481909072255e-05 7.31899028918424e-18
923.999999999305 1.65657219046116e-05 7.103106716299e-18
926.999999999302 1.59470455318286e-05 6.74975591881441e-18
929.999999999299 1.61760152497423e-05 6.75894445677527e-18
932.999999999297 1.6585207845611e-05 6.84144984418655e-18
935.999999999294 1.62359588401171e-05 6.61177066580655e-18
938.999999999291 1.62438075916491e-05 6.53080556950531e-18
941.999999999288 1.67412512228323e-05 6.6457727890037e-18
944.999999999286 1.64010766835123e-05 6.42856740279389e-18
947.999999999283 1.62417958048446e-05 6.28580015187852e-18
950.99999999928 1.6368525380022e-05 6.255340361179e-18
953.999999999277 1.64341601403712e-05 6.2021513326835e-18
956.999999999275 1.62998353854582e-05 6.0746610471492e-18
959.999999999272 1.63550705259679e-05 6.01925996048616e-18
962.999999999269 1.68704231312348e-05 6.13213981602624e-18
965.999999999266 1.67421688713565e-05 6.0105152173753e-18
968.999999999264 1.6124882681107e-05 5.71739122894469e-18
971.999999999261 1.6643102279756e-05 5.82860692674516e-18
974.999999999258 1.67454856041763e-05 5.79289958424292e-18
977.999999999256 1.61678752341506e-05 5.52484058130147e-18
980.999999999253 1.65376277825797e-05 5.58226622317545e-18
983.99999999925 1.71520858373907e-05 5.71947579704955e-18
986.999999999247 1.64277505227362e-05 5.41192186230298e-18
989.999999999245 1.63672149313488e-05 5.3267416658147e-18
992.999999999242 1.67866895723775e-05 5.397493793971e-18
995.999999999239 1.68136526224879e-05 5.34162622826499e-18
998.999999999236 1.63585784741545e-05 5.13499031866611e-18
