0 0 0
2.99999999999998 1.27662147823134e-20 1.84043767675202e-22
5.99999999999992 2.11416961391927e-20 4.65515548319844e-23
8.99999999999985 2.88453493689449e-20 2.32071971731514e-23
11.9999999999998 2.98787955314588e-20 1.44303820908588e-23
14.9999999999997 2.14054990638811e-20 9.78329837801203e-24
18 1.78930100670402e-20 6.76830638026284e-24
21.0000000000005 1.88744436048059e-20 4.79910533030242e-24
24.000000000001 2.12134865321965e-20 3.62912031978019e-24
27.0000000000014 2.39271995489123e-20 2.92407529287944e-24
30.0000000000019 2.59535171149478e-20 2.38802697615896e-24
33.000000000002 2.73864764556062e-20 2.0406394117981e-24
36.0000000000014 2.56995785242207e-20 1.74255832095316e-24
39.0000000000008 2.16364220178728e-20 1.45350868522296e-24
42.0000000000002 1.92000530607396e-20 1.24438426181651e-24
44.9999999999996 1.88138138571032e-20 1.08491803521748e-24
47.999999999999 1.93751343846104e-20 9.4311118108125e-25
50.9999999999984 2.12689780100845e-20 8.6450715802331e-25
53.9999999999978 2.16908304831102e-20 7.43335035411646e-25
56.9999999999972 2.29987472373906e-20 6.73254892071567e-25
59.9999999999966 2.44343988992985e-20 6.18621969273163e-25
62.999999999996 2.53341729181027e-20 5.64158609258331e-25
65.9999999999969 2.57920542796748e-20 5.20470933078238e-25
68.9999999999984 2.47948395672698e-20 4.7363935906844e-25
71.9999999999999 2.33590288245209e-20 4.39787298226996e-25
75.0000000000015 2.12006981673087e-20 3.98363604304856e-25
78.000000000003 2.07410862325245e-20 3.81212368644992e-25
81.0000000000045 1.99652130893068e-20 3.46875208738889e-25
84.0000000000061 2.04578673423721e-20 3.2671372728708e-25
87.0000000000076 1.99679242955323e-20 2.89003659868575e-25
90.0000000000091 2.11029070991584e-20 2.76002911613802e-25
93.0000000000107 2.13179599876959e-20 2.52657079644459e-25
96.0000000000122 2.33450917783135e-20 2.51822645869371e-25
99.0000000000137 2.31075910800753e-20 2.27838341171864e-25
102.000000000015 2.39979835129019e-20 2.17289815116248e-25
105.000000000017 2.32837187915605e-20 1.94965539846533e-25
108.000000000018 2.49861919317264e-20 1.95815737240942e-25
111.00000000002 2.42877299743805e-20 1.81416373479282e-25
114.000000000021 2.42796430039327e-20 1.76661912715561e-25
117.000000000023 2.25991473453619e-20 1.63145957296113e-25
120.000000000024 2.18346115499331e-20 1.57531751356406e-25
123.000000000026 2.15307574232624e-20 1.54274464512692e-25
126.000000000028 2.02727213143916e-20 1.42049954265118e-25
129.000000000028 2.04298136090584e-20 1.37576491130789e-25
132.000000000025 2.03541728363978e-20 1.29933879716781e-25
135.000000000022 2.07573035115436e-20 1.24599266231154e-25
138.000000000019 2.14734492886318e-20 1.20823314409349e-25
141.000000000017 2.15129706372962e-20 1.13462854280741e-25
144.000000000014 2.26345643213884e-20 1.12065719380824e-25
147.000000000011 2.24392557788085e-20 1.0448897500574e-25
150.000000000009 2.2497535038922e-20 9.87094665688618e-26
153.000000000006 2.3422373249867e-20 9.70223009497976e-26
156.000000000003 2.4240819450773e-20 9.50579187645216e-26
159 2.46616940991692e-20 9.19571799008872e-26
161.999999999998 2.45327412232637e-20 8.7597076672943e-26
164.999999999995 2.42687345742045e-20 8.38117957287607e-26
167.999999999992 2.402261397189e-20 8.12051457141766e-26
170.999999999989 2.35781118757635e-20 7.89138908964683e-26
173.999999999987 2.23506943257093e-20 7.46425019244262e-26
176.999999999984 2.16902345053092e-20 7.24029767442229e-26
179.999999999981 2.09665611245719e-20 6.96403868333973e-26
182.999999999979 2.07625470388608e-20 6.80221398266017e-26
185.999999999976 2.05661543442201e-20 6.57900589864913e-26
188.999999999973 2.01923666039228e-20 6.2505517874436e-26
191.99999999997 2.08495978196424e-20 6.2044956702072e-26
194.999999999968 2.10689067919968e-20 6.00408647710913e-26
197.999999999965 2.17776311662665e-20 5.93317418454308e-26
200.999999999962 2.18975228199327e-20 5.70239438147911e-26
203.999999999959 2.21245314085758e-20 5.51035077147594e-26
206.999999999957 2.26054871589527e-20 5.38951204717587e-26
209.999999999954 2.23724327890226e-20 5.11073689670936e-26
212.999999999951 2.32789658650455e-20 5.09999324337273e-26
215.999999999949 2.35932899375304e-20 4.96237751193198e-26
218.999999999946 2.33474051782212e-20 4.72156763208635e-26
221.999999999943 2.33305046077123e-20 4.5471644812936e-26
224.99999999994 2.3259309479307e-20 4.38492857310801e-26
227.999999999938 2.34113842609473e-20 4.29137830453458e-26
230.999999999935 2.33474986386324e-20 4.18884607174261e-26
233.999999999932 2.34766033934034e-20 4.15322364933238e-26
236.999999999929 2.38495114522832e-20 4.18924776047531e-26
239.999999999927 2.33085598930201e-20 4.0856027820873e-26
242.999999999924 2.21759097740594e-20 3.88647022278453e-26
245.999999999921 2.20083022099153e-20 3.85088487428596e-26
248.999999999919 2.18354052076276e-20 3.79805704281218e-26
251.999999999916 2.15075779935506e-20 3.69672553839668e-26
254.999999999913 2.1277191520166e-20 3.59099313659676e-26
257.99999999991 2.14658927728229e-20 3.53738579260739e-26
260.999999999908 2.19686014703446e-20 3.51961276877052e-26
263.999999999905 2.14813148916761e-20 3.33632512045802e-26
266.999999999902 2.08927878530933e-20 3.14074855802993e-26
269.999999999899 2.13755408338108e-20 3.10826656052147e-26
272.999999999897 2.20650461842567e-20 3.1036908328193e-26
275.999999999894 2.20096938937937e-20 2.99581921792019e-26
278.999999999891 2.19320245713027e-20 2.89016283918089e-26
281.999999999889 2.25138820863499e-20 2.87381791773136e-26
284.999999999886 2.27412462382029e-20 2.81325806034464e-26
287.999999999883 2.24777771422288e-20 2.69635680649903e-26
290.99999999988 2.27829118710498e-20 2.65203495864335e-26
293.999999999878 2.3634738231602e-20 2.67262807531313e-26
296.999999999875 2.42681456987641e-20 2.67031171873188e-26
299.999999999872 2.41120050511836e-20 2.58793461586127e-26
302.999999999869 2.39076350342351e-20 2.51130079859671e-26
305.999999999867 2.44693099903518e-20 2.5260683123373e-26
308.999999999864 2.45126611788571e-20 2.49886326974156e-26
311.999999999861 2.37409758185916e-20 2.40138018362048e-26
314.999999999859 2.32121884195328e-20 2.33924538274842e-26
317.999999999856 2.31000996487246e-20 2.32572067381851e-26
320.999999999853 2.26700097422098e-20 2.28221733008394e-26
323.99999999985 2.14412031438201e-20 2.15595737020184e-26
326.999999999848 2.07673948085842e-20 2.07997835908936e-26
329.999999999845 2.13330769738033e-20 2.12004646115812e-26
332.999999999842 2.12264837487522e-20 2.08420065976524e-26
335.999999999839 2.02602859229104e-20 1.95757465419379e-26
338.999999999837 2.03725223891471e-20 1.93036081946217e-26
341.999999999834 2.14753803803067e-20 1.99030814933379e-26
344.999999999831 2.17671082418358e-20 1.96967133447016e-26
347.999999999829 2.11844600700368e-20 1.86968917688682e-26
350.999999999826 2.17325753561817e-20 1.86988048378068e-26
353.999999999823 2.30831837485407e-20 1.93602402419059e-26
356.99999999982 2.30089186543937e-20 1.88142979249554e-26
359.999999999818 2.22507235411889e-20 1.77430343935701e-26
362.999999999815 2.25445395264141e-20 1.75367460014585e-26
365.999999999812 2.31620088354369e-20 1.7580863921222e-26
368.999999999809 2.3344029358938e-20 1.72953624153406e-26
371.999999999807 2.38396957922116e-20 1.72462650038024e-26
374.999999999804 2.47249506851577e-20 1.74730330588929e-26
377.999999999801 2.49993696054795e-20 1.72698279522442e-26
380.999999999798 2.46094413301231e-20 1.6634658207343e-26
383.999999999796 2.46776477207471e-20 1.63450431422762e-26
386.999999999793 2.528474349612e-20 1.64421061863773e-26
389.99999999979 2.50875884387395e-20 1.60569745714532e-26
392.999999999788 2.40420605423747e-20 1.51910016921791e-26
395.999999999785 2.3626902150452e-20 1.47866230005954e-26
398.999999999782 2.40584654857698e-20 1.49628789148687e-26
401.999999999779 2.38977552644551e-20 1.48135141866725e-26
404.999999999777 2.28544079303818e-20 1.41499244668445e-26
407.999999999774 2.22618308246979e-20 1.37811900223113e-26
410.999999999771 2.262786655584e-20 1.40036133181468e-26
413.999999999768 2.2957559878126e-20 1.41847121953824e-26
416.999999999766 2.27059116624382e-20 1.39753671343109e-26
419.999999999763 2.2314732321061e-20 1.36436998501371e-26
422.99999999976 2.22784247366418e-20 1.34910556983558e-26
425.999999999758 2.24383893982443e-20 1.34195619074155e-26
428.999999999755 2.24929184009506e-20 1.32526315477401e-26
431.999999999752 2.24430060349361e-20 1.30012852094135e-26
434.999999999749 2.20788171250724e-20 1.25573370684764e-26
437.999999999747 2.15949177621228e-20 1.204671921359e-26
440.999999999744 2.19919587643498e-20 1.20263077130361e-26
443.999999999741 2.28888176758307e-20 1.22668581673446e-26
446.999999999738 2.26232305698449e-20 1.18820140918776e-26
449.999999999736 2.16409585458504e-20 1.11398407718189e-26
452.999999999733 2.19486942120047e-20 1.10751554292589e-26
455.99999999973 2.31638121043128e-20 1.14596836026413e-26
458.999999999728 2.334036925178e-20 1.13233732837255e-26
461.999999999725 2.28972505597673e-20 1.08953404575443e-26
464.999999999722 2.36909780152915e-20 1.10591065298261e-26
467.999999999719 2.56243010904576e-20 1.17375992242424e-26
470.999999999717 2.72369657693548e-20 1.22469508093033e-26
473.999999999714 2.80197579422751e-20 1.23735661384362e-26
476.999999999711 2.82839299393341e-20 1.22757390598112e-26
479.999999999708 2.81206187839323e-20 1.2007483278002e-26
482.999999999706 2.77423858840655e-20 1.16702558582034e-26
485.999999999703 2.78040792132834e-20 1.15425758925068e-26
488.9999999997 2.80731777745752e-20 1.15249377883543e-26
491.999999999698 2.72149859720531e-20 1.10742006884937e-26
494.999999999695 2.56378687527199e-20 1.03655225352099e-26
497.999999999692 2.53108729601588e-20 1.01911356186633e-26
500.999999999689 2.59140230562575e-20 1.04114082099685e-26
503.999999999687 2.5414033876764e-20 1.02027361036287e-26
506.999999999684 2.42483300296184e-20 9.73393206973917e-27
509.999999999681 2.4347971252262e-20 9.77198890817437e-27
512.999999999678 2.52725921308806e-20 1.01322200659043e-26
515.999999999676 2.52904786562129e-20 1.01133441585097e-26
518.999999999673 2.44187109203305e-20 9.72084131040822e-27
521.99999999967 2.39033802832307e-20 9.45262139822955e-27
524.999999999668 2.40067518995181e-20 9.41032883554845e-27
527.999999999665 2.41535141692818e-20 9.36629044430238e-27
530.999999999662 2.42514186281997e-20 9.28747298374531e-27
533.999999999659 2.44287199627685e-20 9.22647956209543e-27
536.999999999657 2.43270809621232e-20 9.0521265164638e-27
539.999999999654 2.37752412119393e-20 8.7096108751579e-27
542.999999999651 2.34906135190832e-20 8.46810752005971e-27
545.999999999648 2.40735109391007e-20 8.53782248218058e-27
548.999999999646 2.49047320475383e-20 8.68901453417824e-27
551.999999999643 2.51989536966647e-20 8.64893972642928e-27
554.99999999964 2.53725505079531e-20 8.56789312906253e-27
557.999999999638 2.59385784260071e-20 8.61860174653804e-27
560.999999999635 2.62726118017252e-20 8.59073176022328e-27
563.999999999632 2.61142095426635e-20 8.40418687102141e-27
566.999999999629 2.68971082528189e-20 8.52064144600182e-27
569.999999999627 3.01811165948894e-20 9.41262458455605e-27
572.999999999624 3.60782954904801e-20 1.10791004487122e-26
575.999999999621 4.37978096497659e-20 1.32462831941118e-26
578.999999999618 5.16150004079641e-20 1.53794948890768e-26
581.999999999616 5.61407609459188e-20 1.64880421728563e-26
584.999999999613 5.49460729668661e-20 1.59158264252818e-26
587.99999999961 5.01570443509896e-20 1.43415603362688e-26
590.999999999608 4.62535215642911e-20 1.30693987622897e-26
593.999999999605 4.51188504229584e-20 1.2615256726357e-26
596.999999999602 4.50423883117863e-20 1.24814207252295e-26
599.999999999599 4.3380658068522e-20 1.19341531561783e-26
602.999999999597 4.05336434141652e-20 1.10902722046402e-26
605.999999999594 3.87074299743259e-20 1.05512928236876e-26
608.999999999591 3.79164136597709e-20 1.03131306011652e-26
611.999999999588 3.72482225978716e-20 1.0121398172467e-26
614.999999999586 3.69202181352034e-20 1.00298255354608e-26
617.999999999583 3.75071478130201e-20 1.0189014444766e-26
620.99999999958 3.80837091592311e-20 1.03420856784139e-26
623.999999999578 3.84543453081567e-20 1.0430702099742e-26
626.999999999575 3.91126091127962e-20 1.05842572679279e-26
629.999999999572 3.95953741810579e-20 1.06738770126796e-26
632.999999999569 3.90332485903638e-20 1.04651859264533e-26
635.999999999567 3.83657178586025e-20 1.02138109005156e-26
638.999999999564 3.86747631133309e-20 1.02081103728808e-26
641.999999999561 3.96186057162254e-20 1.03539745464435e-26
644.999999999558 3.98501026802728e-20 1.03000552061277e-26
647.999999999556 3.85832470643924e-20 9.85427316881294e-27
650.999999999553 3.66564063498796e-20 9.24491970093294e-27
653.99999999955 3.53495374381574e-20 8.79962623883787e-27
656.999999999548 3.51761821002238e-20 8.64032907676702e-27
659.999999999545 3.58408006889298e-20 8.68545956546705e-27
662.999999999542 3.6719124460463e-20 8.77842860520202e-27
665.999999999539 3.74546499182373e-20 8.83375310595284e-27
668.999999999537 3.80961490343871e-20 8.86461452986824e-27
671.999999999534 3.86511515781341e-20 8.87389983411219e-27
674.999999999531 3.91484995778871e-20 8.86907658188113e-27
677.999999999528 4.08168952354804e-20 9.12542083150315e-27
680.999999999526 4.70914408496281e-20 1.03906542055991e-26
683.999999999523 6.32074127346169e-20 1.37656563343646e-26
686.99999999952 9.45196145081115e-20 2.03200499363041e-26
689.999999999518 1.43212219639443e-19 3.03959090258765e-26
692.999999999515 2.03190699709267e-19 4.25843822666532e-26
695.999999999512 2.57186509063251e-19 5.32373670889122e-26
698.999999999509 2.83334446764865e-19 5.79485423032056e-26
701.999999999507 2.71674934370989e-19 5.49255464779581e-26
704.999999999504 2.35685024524741e-19 4.71313482629057e-26
707.999999999501 2.0192956207944e-19 3.99736969506752e-26
710.999999999498 1.87121381509462e-19 3.67039517157107e-26
713.999999999496 1.87204320250883e-19 3.64258626647945e-26
716.999999999493 1.83384502719103e-19 3.54412929116343e-26
719.99999999949 1.64216279077544e-19 3.15647002557763e-26
722.999999999487 1.42947262531771e-19 2.73647967877155e-26
725.999999999485 1.35083118898495e-19 2.57875688513822e-26
728.999999999482 1.37100822154852e-19 2.61296610453188e-26
731.999999999479 1.37531779836054e-19 2.61917066977812e-26
734.999999999477 1.35578569506542e-19 2.58143674161147e-26
737.999999999474 1.38064476582662e-19 2.62872694534739e-26
740.999999999471 1.42337254328878e-19 2.70953318074099e-26
743.999999999468 1.45168617058654e-19 2.76138168800357e-26
746.999999999466 1.48633426198935e-19 2.82281948326149e-26
749.999999999463 1.54348102416696e-19 2.92360400998572e-26
752.99999999946 1.56150055404798e-19 2.94637524227193e-26
755.999999999457 1.50862577644842e-19 2.83212270859698e-26
758.999999999455 1.45317016243852e-19 2.71081059220711e-26
761.999999999452 1.45387571149118e-19 2.69195692031581e-26
764.999999999449 1.49854808890206e-19 2.75126765882346e-26
767.999999999447 1.50172703040634e-19 2.73152810454056e-26
770.999999999444 1.40114574403323e-19 2.5232087106619e-26
773.999999999441 1.24572826493385e-19 2.21983300633708e-26
776.999999999438 1.12881199959711e-19 1.98966798261443e-26
779.999999999436 1.09019361372096e-19 1.90026280919426e-26
782.999999999433 1.11530566910668e-19 1.92215429721066e-26
785.99999999943 1.18075652437719e-19 2.01190056286085e-26
788.999999999427 1.2702029829191e-19 2.13975290480648e-26
791.999999999425 1.36233788884892e-19 2.26897193455691e-26
794.999999999422 1.42745786677269e-19 2.35061326266645e-26
797.999999999419 1.44936911326871e-19 2.35991107082331e-26
800.999999999417 1.46213788625778e-19 2.35413224212351e-26
803.999999999414 1.58389944383793e-19 2.52187387346391e-26
806.999999999411 2.03667457807823e-19 3.20699253562498e-26
809.999999999408 3.13897136042794e-19 4.88846803852835e-26
812.999999999406 5.23794460709198e-19 8.06841051545775e-26
815.999999999403 8.53488423427172e-19 1.3004898948964e-25
818.9999999994 1.28070057452317e-18 1.93060421972843e-25
821.999999999397 1.71785957652651e-18 2.56238007972999e-25
824.999999999395 2.02626669630906e-18 2.99132688048155e-25
827.999999999392 2.08955553483704e-18 3.05399669158079e-25
830.999999999389 1.90826782321735e-18 2.76235595517814e-25
833.999999999387 1.61722466568277e-18 2.31986806217287e-25
836.999999999384 1.38412857056167e-18 1.96880117497007e-25
839.999999999381 1.28993909881867e-18 1.8207948253628e-25
842.999999999378 1.29224211310956e-18 1.81170167369815e-25
845.999999999376 1.26635652865434e-18 1.7651297419781e-25
848.999999999373 1.13175666347218e-18 1.57002457923948e-25
851.99999999937 9.62521189827081e-19 1.33033116934666e-25
854.999999999367 8.75837959102939e-19 1.20730503496899e-25
857.999999999365 8.78228509614416e-19 1.20850972557916e-25
860.999999999362 8.98370897084348e-19 1.23505079973857e-25
863.999999999359 8.92794822451124e-19 1.22691059908256e-25
866.999999999357 8.9802086631988e-19 1.234004248253e-25
869.999999999354 9.32991728332887e-19 1.28202403510566e-25
872.999999999351 9.64429840019765e-19 1.32488728440274e-25
875.999999999348 9.86326283494828e-19 1.35398094479778e-25
878.999999999346 1.02086369839668e-18 1.39941375332164e-25
881.999999999343 1.07174678793763e-18 1.46585609814849e-25
884.99999999934 1.08884448896481e-18 1.48448870170937e-25
887.999999999337 1.04744704871297e-18 1.42209339590199e-25
890.999999999335 9.96053594612599e-19 1.34537002788985e-25
893.999999999332 9.83741018758388e-19 1.32070139983137e-25
896.999999999329 1.01417586896079e-18 1.35220226808181e-25
899.999999999327 1.03975374950768e-18 1.37578326329169e-25
902.999999999324 1.00099075998153e-18 1.31364652767799e-25
905.999999999321 8.96752463215329e-19 1.16664629844615e-25
908.999999999318 7.84347977265239e-19 1.01118704554521e-25
911.999999999316 7.14854506800007e-19 9.13015409510344e-26
914.999999999313 6.98502236404995e-19 8.83659951363108e-26
917.99999999931 7.22097800577484e-19 9.04732841383101e-26
920.999999999307 7.72649727946816e-19 9.58712058647175e-26
923.999999999305 8.40263968111435e-19 1.03251113853604e-25
926.999999999302 9.107765713534e-19 1.10833028507448e-25
929.999999999299 9.65157650945809e-19 1.16317996019277e-25
932.999999999297 9.90228854432832e-19 1.18193348962269e-25
935.999999999294 9.96445839804722e-19 1.17798425717756e-25
938.999999999291 1.0378679019003e-18 1.21527957611465e-25
941.999999999288 1.22991451670819e-18 1.4265181772774e-25
944.999999999286 1.75690257717011e-18 2.01854570380226e-25
947.999999999283 2.8539622124123e-18 3.24825083157074e-25
950.99999999928 4.74160599568707e-18 5.34641912280771e-25
953.999999999277 7.49774272111391e-18 8.37600550931939e-25
956.999999999275 1.08902383745445e-17 1.20546923579295e-24
959.999999999272 1.42707042565099e-17 1.56543553394149e-24
962.999999999269 1.66969816718795e-17 1.81542275214586e-24
965.999999999266 1.73767959506622e-17 1.87311321496681e-24
968.999999999264 1.62238652022874e-17 1.73435625116405e-24
971.999999999261 1.4026711337721e-17 1.48764658875824e-24
974.999999999258 1.19506551848022e-17 1.25806857140318e-24
977.999999999256 1.07862678805111e-17 1.1277198347829e-24
980.999999999253 1.05668522352805e-17 1.09794547691913e-24
983.99999999925 1.06338302417862e-17 1.09888575377956e-24
986.999999999247 1.01242544355282e-17 1.04136587155834e-24
989.999999999245 8.86997718878656e-18 9.08878956960147e-25
992.999999999242 7.637223258268e-18 7.80242397659958e-25
995.999999999239 7.10854031271719e-18 7.2466401661459e-25
998.999999999236 7.18931855147475e-18 7.31853290978208e-25
