0 0 0
1 3.4650932279042e-26 1.11716565285805e-26
2 4.46278031909576e-26 1.43881771623343e-26
2.99999999999998 4.36389105637316e-26 1.40697165173959e-26
3.99999999999996 4.34923539733224e-26 1.40219967056183e-26
4.99999999999994 4.96498560349138e-26 1.60074711800624e-26
5.99999999999992 5.20102300984288e-26 1.67682033802025e-26
6.9999999999999 4.80726368148685e-26 1.54989470719402e-26
7.99999999999987 5.12673185060254e-26 1.65288895554995e-26
8.99999999999985 5.69599282957468e-26 1.8364078652422e-26
9.99999999999983 5.41454479933398e-26 1.74571842635951e-26
10.9999999999998 5.30227952685724e-26 1.7094635917106e-26
11.9999999999998 5.850671367944e-26 1.88629791828885e-26
12.9999999999998 6.02542535772943e-26 1.94261236006032e-26
13.9999999999997 5.61612986642326e-26 1.81067302226365e-26
14.9999999999997 5.92995691408172e-26 1.9118552007713e-26
15.9999999999997 6.43165231781908e-26 2.07358440270014e-26
16.9999999999999 6.1142903802257e-26 1.97132787095275e-26
18 6.01762861371565e-26 1.94009498792326e-26
19.0000000000002 6.56162601725938e-26 2.11551376149742e-26
20.0000000000003 6.70340129330936e-26 2.16119773418211e-26
21.0000000000005 6.29825933107453e-26 2.0305895529976e-26
22.0000000000006 6.62829879146843e-26 2.13700666953995e-26
23.0000000000008 7.10954402100029e-26 2.29213594546714e-26
24.000000000001 6.81478114057344e-26 2.19717681998557e-26
25.0000000000011 6.73983210045888e-26 2.17293699961782e-26
26.0000000000013 7.28177232902836e-26 2.34769260045325e-26
27.0000000000014 7.4150937203465e-26 2.39065516149308e-26
28.0000000000016 7.08928392544365e-26 2.28561360340682e-26
29.0000000000017 7.43109840501852e-26 2.39583612965461e-26
