0 0 0
9.99999999999983 8.04487046378695e-25 1.02263047515696e-29
20.0000000000003 9.19227568807234e-25 8.19616102099936e-31
30.0000000000019 9.37959233792462e-25 1.76527505344001e-31
40.0000000000006 9.22775718935137e-25 6.17665833114457e-32
49.9999999999986 2.38310321190434e-24 6.54010931422454e-32
59.9999999999966 4.17563996197623e-22 5.46814236143801e-30
69.9999999999989 3.98847562268293e-20 2.91939957729138e-28
80.000000000004 4.89367637358566e-18 2.14652936953913e-26
90.0000000000091 1.9280296282185e-15 5.21259253486374e-24
100.000000000014 2.47477784761124e-13 4.38894340753736e-22
110.000000000019 2.09082002015329e-12 2.60474883839912e-21
120.000000000024 3.24838970737003e-12 2.84328330562006e-21
130.000000000027 6.37275543944482e-12 4.01358460413389e-21
140.000000000018 1.011053970786e-11 4.79765341401349e-21
150.000000000009 6.13760850885211e-09 2.22820556780087e-18
159.999999999999 2.61292251959241e-08 7.27139535669666e-18
169.99999999999 8.52829885338205e-08 1.85466107812548e-17
179.999999999981 2.23650453300388e-07 3.90582757653366e-17
189.999999999972 5.40015617481273e-07 7.6394117222151e-17
199.999999999963 7.98436545172749e-07 9.19615914567069e-17
209.999999999954 1.41095787353877e-06 1.33242125806498e-16
219.999999999945 1.16518720183761e-06 9.09185303138347e-17
229.999999999936 1.03697938562484e-06 6.79813450520744e-17
239.999999999927 1.22509381155181e-06 6.82108392423016e-17
249.999999999918 1.08447797244769e-06 5.12424995005919e-17
259.999999999909 8.74085663745042e-07 3.51766169598797e-17
269.999999999899 8.58635212282483e-07 2.96049222346951e-17
279.99999999989 9.96749471476312e-07 2.9766844251019e-17
289.999999999881 1.00315773553894e-06 2.61852845749891e-17
299.999999999872 7.92583645238608e-07 1.80681030049109e-17
309.999999999863 9.08271726157479e-07 1.80882751795362e-17
319.999999999854 1.17302188415494e-06 2.04970042954073e-17
329.999999999845 1.24615994382709e-06 1.93149421936993e-17
339.999999999836 1.0838689823787e-06 1.49681984712933e-17
349.999999999827 1.11042411821662e-06 1.36451468334814e-17
359.999999999818 1.51307858468698e-06 1.6556564444032e-17
369.999999999808 1.60254732112826e-06 1.5680238329031e-17
379.999999999799 1.68995287561651e-06 1.48961202299812e-17
389.99999999979 1.86988995424843e-06 1.48951542099007e-17
399.999999999781 2.0698728019898e-06 1.48820476933969e-17
409.999999999772 1.92060172835219e-06 1.2456561587991e-17
419.999999999763 1.90613294506957e-06 1.12601141858955e-17
429.999999999754 2.19987283984638e-06 1.18376841560268e-17
439.999999999745 2.45216636291e-06 1.19891890405482e-17
449.999999999736 2.40017561492e-06 1.07669474770745e-17
459.999999999727 2.21973984226521e-06 9.08594051436705e-18
469.999999999718 2.18944371577661e-06 8.24743122748705e-18
479.999999999708 2.23374397135168e-06 7.70509707083258e-18
489.999999999699 2.08440216964426e-06 6.64379360191527e-18
499.99999999969 1.95622886272496e-06 5.73457318525831e-18
509.999999999681 2.14957882165821e-06 5.81771573625854e-18
519.999999999672 2.13403690646711e-06 5.35534933178356e-18
529.999999999663 1.63509668876542e-06 3.80271916901645e-18
539.999999999654 1.35884365184853e-06 2.92886520314503e-18
549.999999999645 1.56960718358964e-06 3.14004849181483e-18
559.999999999636 1.66234884136766e-06 3.09260698910744e-18
569.999999999627 1.61788446239647e-06 2.8047114476941e-18
579.999999999618 1.50750614512242e-06 2.43939741976867e-18
589.999999999608 1.3834618169775e-06 2.09155845725437e-18
599.999999999599 1.37683061031359e-06 1.94366203235592e-18
609.99999999959 1.32917639729084e-06 1.75298061161601e-18
619.999999999581 1.43172118487931e-06 1.77324937433283e-18
629.999999999572 1.87743397611441e-06 2.17646901018464e-18
639.999999999563 1.90981614816239e-06 2.08170940964573e-18
649.999999999554 1.65176159528694e-06 1.68810478249144e-18
659.999999999545 1.77762742629934e-06 1.7120531891956e-18
669.999999999536 2.06096834317862e-06 1.86881895080636e-18
679.999999999527 2.05286726770955e-06 1.75206060857379e-18
