0 0 0
2.99999999999998 3.22543626750794e-22 2.29898777639119e-24
5.99999999999992 5.25182630000394e-22 7.90763444534307e-25
8.99999999999985 6.35159794543648e-22 4.38580472561042e-25
11.9999999999998 4.53589676179279e-22 2.73291877636657e-25
14.9999999999997 3.44405283627795e-22 1.75121738471344e-25
18 3.6041394892784e-22 1.18197318317687e-25
21.0000000000005 4.1657399988427e-22 8.77660720147134e-26
24.000000000001 4.70164778220624e-22 6.84943899499785e-26
27.0000000000014 5.28200317887769e-22 5.67013793207424e-26
30.0000000000019 5.32965824575236e-22 4.61405281130929e-26
33.000000000002 4.8538498615054e-22 3.88029671373812e-26
36.0000000000014 4.12817877943794e-22 3.2787574787237e-26
39.0000000000008 3.82535910971993e-22 2.85576938603048e-26
42.0000000000002 3.69391774969893e-22 2.37496371398764e-26
44.9999999999996 3.89626503132588e-22 2.07032282168113e-26
47.999999999999 4.14336213303154e-22 1.8196669626191e-26
50.9999999999984 4.5003016495062e-22 1.65703696232293e-26
53.9999999999978 4.64925299531138e-22 1.45621092875919e-26
56.9999999999972 4.76115743805478e-22 1.2882182689098e-26
59.9999999999966 5.18253191923084e-22 1.24234972295717e-26
62.999999999996 5.13208976263627e-22 1.13711972678817e-26
65.9999999999969 4.57222601597029e-22 9.83419126819344e-27
68.9999999999984 4.29927430391206e-22 9.2237991537615e-27
71.9999999999999 4.11753839603063e-22 8.71203101645351e-27
75.0000000000015 3.97719577557486e-22 8.01094067457637e-27
78.000000000003 3.71811744946596e-22 6.8935200073614e-27
81.0000000000045 3.908621752525e-22 6.54604449043904e-27
84.0000000000061 4.17896450320497e-22 6.2905599172902e-27
87.0000000000076 4.20144693830055e-22 5.69875147926815e-27
90.0000000000091 4.5205549948506e-22 5.55173627223088e-27
93.0000000000107 4.47803806921506e-22 5.00345376512846e-27
96.0000000000122 4.76585754321601e-22 4.86934911326781e-27
99.0000000000137 4.84871193397158e-22 4.56414446483314e-27
102.000000000015 4.89572383228027e-22 4.30063342328561e-27
105.000000000017 4.96665346952722e-22 4.15234471911433e-27
108.000000000018 4.66156785239175e-22 3.79700973969155e-27
111.00000000002 4.44588684727274e-22 3.59600399605064e-27
114.000000000021 4.37933239803375e-22 3.53957466483755e-27
117.000000000023 4.01409259663675e-22 3.21482114872093e-27
120.000000000024 3.9920170802874e-22 3.11330802768524e-27
123.000000000026 4.03299946105963e-22 3.00760640147751e-27
126.000000000028 3.94332296809921e-22 2.77463057474286e-27
129.000000000028 4.11643014865975e-22 2.71337896061977e-27
132.000000000025 4.17205613816201e-22 2.57064640023366e-27
135.000000000022 4.21310546668712e-22 2.42833001235474e-27
138.000000000019 4.42721037716711e-22 2.39147217950958e-27
141.000000000017 4.46034641542312e-22 2.26272972206137e-27
144.000000000014 4.64742732605481e-22 2.21864081314848e-27
147.000000000011 4.70544960737139e-22 2.1189550500794e-27
150.000000000009 4.64064573813114e-22 1.97841343992068e-27
153.000000000006 4.88709030767063e-22 1.98422673462786e-27
156.000000000003 4.78882077511442e-22 1.8685871298354e-27
159 4.67325889975922e-22 1.77346236237221e-27
161.999999999998 4.51584001021415e-22 1.68810885657574e-27
164.999999999995 4.41335411110154e-22 1.64184932278629e-27
167.999999999992 4.37517000286229e-22 1.62705070843133e-27
170.999999999989 4.27758380985256e-22 1.5861591281689e-27
173.999999999987 4.02829555288468e-22 1.47737905906529e-27
176.999999999984 4.14586957405359e-22 1.48800062194386e-27
179.999999999981 4.06249945352069e-22 1.41263117813172e-27
182.999999999979 4.11371265517326e-22 1.37531889324472e-27
185.999999999976 4.27661364552024e-22 1.36827606605362e-27
188.999999999973 4.03897404514695e-22 1.23402948738781e-27
191.99999999997 4.29692149672039e-22 1.2532230402084e-27
194.999999999968 4.36203173508401e-22 1.21514704346039e-27
197.999999999965 4.38304269412444e-22 1.16735212474736e-27
200.999999999962 4.4959630304165e-22 1.14598156975545e-27
203.999999999959 4.40669199437755e-22 1.07605215737438e-27
206.999999999957 4.54058321400312e-22 1.06339243295324e-27
209.999999999954 4.69793462106415e-22 1.05693537766312e-27
212.999999999951 4.61276302781379e-22 9.99451828428247e-28
215.999999999949 4.79907448663841e-22 1.0053605753491e-27
218.999999999946 4.80967460772627e-22 9.79655297971813e-28
221.999999999943 4.64616365352704e-22 9.2667121641846e-28
224.99999999994 4.71613451482083e-22 9.28254010997124e-28
227.999999999938 4.49722352179375e-22 8.79696958314243e-28
230.999999999935 4.34107629010839e-22 8.47899620052388e-28
233.999999999932 4.40154071646278e-22 8.59531803863569e-28
236.999999999929 4.05441452727829e-22 7.89721262771038e-28
239.999999999927 4.23438106004992e-22 8.18439631840278e-28
242.999999999924 4.14443319934368e-22 7.89717955502042e-28
245.999999999921 4.0417875999088e-22 7.54336200445073e-28
248.999999999919 4.31038375690524e-22 7.83653694837006e-28
251.999999999916 4.10770019327267e-22 7.24632868862337e-28
254.999999999913 4.09927916652186e-22 6.9999788815424e-28
257.99999999991 4.19640483726151e-22 6.92852177806211e-28
260.999999999908 4.31069492563956e-22 6.87969574658514e-28
263.999999999905 4.4451268289394e-22 6.85921290415662e-28
266.999999999902 4.36425072147076e-22 6.51451125449862e-28
269.999999999899 4.47741635586931e-22 6.46881120411129e-28
272.999999999897 4.52196056992332e-22 6.32687988121207e-28
275.999999999894 4.40977137026325e-22 5.97852359624708e-28
278.999999999891 4.61990250321773e-22 6.07337463023137e-28
281.999999999889 4.60743510622306e-22 5.87913418007927e-28
284.999999999886 4.52421178484187e-22 5.61208119394331e-28
287.999999999883 4.73845590432585e-22 5.72728519242212e-28
290.99999999988 4.72358324730713e-22 5.58116920436119e-28
293.999999999878 4.73907723137375e-22 5.49677956186732e-28
296.999999999875 4.74737444814395e-22 5.43185696518064e-28
299.999999999872 4.66912575846024e-22 5.29658015817792e-28
302.999999999869 4.5322277198751e-22 5.11985022658958e-28
305.999999999867 4.35229473987258e-22 4.91092429658152e-28
308.999999999864 4.44524300374525e-22 5.01534943972784e-28
311.999999999861 4.27963280371505e-22 4.82298970043474e-28
314.999999999859 4.08534792556915e-22 4.58565659228182e-28
317.999999999856 4.23783272870779e-22 4.7187844878728e-28
320.999999999853 4.07131121108803e-22 4.47719480876777e-28
323.99999999985 4.07981666872531e-22 4.41242433540038e-28
326.999999999848 4.32775475807421e-22 4.58717501995978e-28
329.999999999845 4.16600253990021e-22 4.31636165886603e-28
332.999999999842 4.23970473405658e-22 4.28653619435438e-28
335.999999999839 4.29784367767144e-22 4.23624629375128e-28
338.999999999837 4.44002752440757e-22 4.26492268965913e-28
341.999999999834 4.42076244690455e-22 4.13825621379986e-28
344.999999999831 4.25132846179815e-22 3.87911745351839e-28
347.999999999829 4.44974633569905e-22 3.95882718248389e-28
350.999999999826 4.38796953066467e-22 3.80770266531946e-28
353.999999999823 4.41755185506176e-22 3.74018472969722e-28
356.99999999982 4.62509855095501e-22 3.82202964222958e-28
359.999999999818 4.53354960951212e-22 3.65807681315643e-28
362.999999999815 4.56268560154697e-22 3.59687530041943e-28
365.999999999812 4.65934579352764e-22 3.59161098652244e-28
368.999999999809 4.66263890053174e-22 3.5188512301932e-28
371.999999999807 4.71739288793448e-22 3.49178706432041e-28
374.999999999804 4.6132237888085e-22 3.35702353827428e-28
377.999999999801 4.65360339962158e-22 3.33900022760622e-28
380.999999999798 4.78059958580806e-22 3.393434101561e-28
383.999999999796 4.65810448093163e-22 3.28247831579652e-28
386.999999999793 4.67716953722065e-22 3.28242273786782e-28
389.99999999979 4.54995558010246e-22 3.18791836471436e-28
392.999999999788 4.33514366115074e-22 3.03660621019045e-28
395.999999999785 4.28520103346536e-22 3.00107973676893e-28
398.999999999782 4.30111168769276e-22 3.00812475580267e-28
401.999999999779 4.37119909291101e-22 3.04624932686101e-28
404.999999999777 4.36938151557786e-22 3.02546364226924e-28
407.999999999774 4.35355424805624e-22 2.98591552921102e-28
410.999999999771 4.33607190385377e-22 2.93699237546209e-28
413.999999999768 4.3478406514445e-22 2.90091381595149e-28
416.999999999766 4.37318082649062e-22 2.86831974362508e-28
419.999999999763 4.24329917216677e-22 2.73188601592335e-28
422.99999999976 4.15960222103331e-22 2.62618207032028e-28
425.999999999758 4.26037422749646e-22 2.63636564853652e-28
428.999999999755 4.31432310837636e-22 2.61616153138109e-28
431.999999999752 4.34308767681854e-22 2.5807546692684e-28
434.999999999749 4.37690304958448e-22 2.54899213115216e-28
437.999999999747 4.36548261572654e-22 2.49213104155428e-28
440.999999999744 4.48313867754085e-22 2.50928240151841e-28
443.999999999741 4.61532940329655e-22 2.5333222617167e-28
446.999999999738 4.60018615737443e-22 2.47671677517628e-28
449.999999999736 4.60484308226015e-22 2.43239032751674e-28
452.999999999733 4.73206054026829e-22 2.45312917611132e-28
455.99999999973 4.78940550015376e-22 2.43777210138628e-28
458.999999999728 4.69660952251706e-22 2.34862227346474e-28
461.999999999725 4.75741319808644e-22 2.33943656236513e-28
464.999999999722 4.78027531046405e-22 2.31444442690348e-28
467.999999999719 4.72228366926803e-22 2.25478997291102e-28
470.999999999717 4.81531321759028e-22 2.27200020530141e-28
473.999999999714 4.90028944883744e-22 2.29001415714781e-28
476.999999999711 4.97246554513031e-22 2.30725242383349e-28
479.999999999708 4.89622065919385e-22 2.26123533881609e-28
482.999999999706 4.65080750534097e-22 2.1423970711713e-28
485.999999999703 4.61249720269027e-22 2.12266799020582e-28
488.9999999997 4.71940498177725e-22 2.1715606370083e-28
491.999999999698 4.64636457097379e-22 2.1376432836002e-28
494.999999999695 4.47300516735467e-22 2.05589198153406e-28
497.999999999692 4.50539206301009e-22 2.06564261970131e-28
500.999999999689 4.51808760663391e-22 2.06221957116242e-28
503.999999999687 4.3376153201276e-22 1.96663745512277e-28
506.999999999684 4.34663382255178e-22 1.95323522709164e-28
509.999999999681 4.35792222395273e-22 1.93697670255109e-28
512.999999999678 4.2795002141963e-22 1.8781457185573e-28
515.999999999676 4.49667847246555e-22 1.94591928160568e-28
518.999999999673 4.65148080988963e-22 1.98283046715705e-28
521.99999999967 4.51685543832384e-22 1.89539963725691e-28
524.999999999668 4.5209698932829e-22 1.86678920092201e-28
527.999999999665 4.62185951270979e-22 1.87758806433617e-28
530.999999999662 4.52151504205918e-22 1.80706285159794e-28
533.999999999659 4.37439352311432e-22 1.72004571493928e-28
536.999999999657 4.44181029471839e-22 1.71856078338581e-28
539.999999999654 4.5894265858639e-22 1.7474531356236e-28
542.999999999651 4.65755127559851e-22 1.74545392242052e-28
545.999999999648 4.68026205079424e-22 1.7265755847359e-28
548.999999999646 4.72050985350339e-22 1.71448007032201e-28
551.999999999643 4.97739214329338e-22 1.78010992166475e-28
554.99999999964 5.38643324229927e-22 1.89732983637486e-28
557.999999999638 5.59983472724884e-22 1.94332821357097e-28
560.999999999635 5.81939987023257e-22 1.99052503277497e-28
563.999999999632 6.09624226774933e-22 2.05653182747499e-28
566.999999999629 5.96710470641721e-22 1.98692105024303e-28
569.999999999627 5.61711083215217e-22 1.84817027208429e-28
572.999999999624 5.56147170591267e-22 1.81055592702821e-28
575.999999999621 5.63524414748678e-22 1.81808148005599e-28
578.999999999618 5.51770677927593e-22 1.76726218224109e-28
581.999999999616 5.35163757730207e-22 1.70478118413872e-28
584.999999999613 5.25064029429161e-22 1.66650587109931e-28
587.99999999961 5.15276257795619e-22 1.632027666075e-28
590.999999999608 5.13372405357738e-22 1.6245501099197e-28
593.999999999605 5.11557643031821e-22 1.61850819234485e-28
596.999999999602 4.93876881712838e-22 1.56250068895105e-28
599.999999999599 4.84534220661982e-22 1.53222023272769e-28
602.999999999597 5.02423348980336e-22 1.58655379818899e-28
605.999999999594 5.15234931545288e-22 1.62255777312883e-28
608.999999999591 5.0731051863649e-22 1.590713537252e-28
611.999999999588 5.01414524787133e-22 1.56282099876887e-28
614.999999999586 5.07529694590078e-22 1.56984149039066e-28
617.999999999583 5.13390432831795e-22 1.57352938890708e-28
620.99999999958 5.15207092739325e-22 1.56273539192455e-28
623.999999999578 5.15345600715628e-22 1.54536130457137e-28
626.999999999575 5.1540814242946e-22 1.52675971731441e-28
629.999999999572 5.17591505211131e-22 1.51375297367435e-28
632.999999999569 5.21604055948426e-22 1.50557978730018e-28
635.999999999567 5.24867139022011e-22 1.49493575721869e-28
638.999999999564 5.2538746118237e-22 1.47648866392579e-28
641.999999999561 5.25029401812939e-22 1.45584096865299e-28
644.999999999558 5.24006848501468e-22 1.43374577733109e-28
647.999999999556 5.18331343658337e-22 1.39953743338427e-28
650.999999999553 5.10755436920411e-22 1.3610488738505e-28
653.99999999955 5.11771638758002e-22 1.34605634494422e-28
656.999999999548 5.32320547684432e-22 1.38206673461092e-28
659.999999999545 5.87574472386266e-22 1.50602322359919e-28
662.999999999542 6.98654729493544e-22 1.76805174338616e-28
665.999999999539 8.68730666764921e-22 2.17092851940727e-28
668.999999999537 1.06464642569713e-21 2.62773468603059e-28
671.999999999534 1.23101310020252e-21 3.00176788205535e-28
674.999999999531 1.31109338780627e-21 3.15977663598648e-28
677.999999999528 1.27602872348018e-21 3.0410355208566e-28
680.999999999526 1.16331091098835e-21 2.74344249741089e-28
683.999999999523 1.05722227440812e-21 2.46935707219176e-28
686.99999999952 1.00984995457886e-21 2.33856308428165e-28
689.999999999518 9.95633989546028e-22 2.28873067266543e-28
692.999999999515 9.45256985392769e-22 2.15987616114329e-28
695.999999999512 8.52237768535201e-22 1.93833887299757e-28
698.999999999509 7.83898808784499e-22 1.77710054898484e-28
701.999999999507 7.60626481015484e-22 1.72085095215636e-28
704.999999999504 7.4571259344883e-22 1.68538660675408e-28
707.999999999501 7.31724796277503e-22 1.65321726387802e-28
710.999999999498 7.37235714898852e-22 1.6656178322857e-28
713.999999999496 7.46293913626125e-22 1.68586517191563e-28
716.999999999493 7.57805005465059e-22 1.71081459675273e-28
719.99999999949 7.96035488132856e-22 1.79454286110202e-28
722.999999999487 8.47301484098875e-22 1.90532434925932e-28
725.999999999485 8.69246833007726e-22 1.94737404438847e-28
728.999999999482 8.63311952933397e-22 1.92437517764825e-28
731.999999999479 8.72641189948965e-22 1.93297645319557e-28
734.999999999477 9.24756133058328e-22 2.0332132016852e-28
737.999999999474 1.00244107372045e-21 2.1854397910692e-28
740.999999999471 1.03988154597293e-21 2.24606415444199e-28
743.999999999468 1.00780853839515e-21 2.15519181606446e-28
746.999999999466 9.53957097137153e-22 2.01879068720491e-28
749.999999999463 9.18687479007589e-22 1.92324801313296e-28
752.99999999946 8.96438930909245e-22 1.85608884287296e-28
755.999999999457 8.86540981010596e-22 1.81525049557261e-28
758.999999999455 9.01547453475186e-22 1.82544080624537e-28
761.999999999452 9.30436479082779e-22 1.86299498993963e-28
764.999999999449 9.47401122031931e-22 1.87595914398686e-28
767.999999999447 9.34319120748257e-22 1.82968299972893e-28
770.999999999444 8.90665884847891e-22 1.72510888723598e-28
773.999999999441 8.53187632880771e-22 1.63454901682491e-28
776.999999999438 8.9608306723189e-22 1.69818057251281e-28
779.999999999436 1.12241697584782e-21 2.10427921458686e-28
782.999999999433 1.66139644664845e-21 3.08156133519942e-28
785.99999999943 2.61035391086511e-21 4.79057896300121e-28
788.999999999427 3.92022125730092e-21 7.11945150599836e-28
791.999999999425 5.31250904479278e-21 9.54904525848902e-28
794.999999999422 6.32587085463935e-21 1.12566872865378e-27
797.999999999419 6.56970163776815e-21 1.15773415124691e-27
800.999999999417 6.05760566201089e-21 1.05760959014129e-27
803.999999999414 5.23277009803034e-21 9.0564430502318e-28
806.999999999411 4.59420818071711e-21 7.88742338786396e-28
809.999999999408 4.3441479570831e-21 7.4042510291582e-28
812.999999999406 4.27979107613779e-21 7.24863895953856e-28
815.999999999403 3.98152752898516e-21 6.70790515547061e-28
818.9999999994 3.35807741174781e-21 5.63378047322417e-28
821.999999999397 2.79555117226116e-21 4.67537513364245e-28
824.999999999395 2.53457689753995e-21 4.22992785375548e-28
827.999999999392 2.42095098379145e-21 4.03526201546301e-28
830.999999999389 2.27323755162565e-21 3.78688155245903e-28
833.999999999387 2.17682670440786e-21 3.62572922609144e-28
836.999999999384 2.23441324070777e-21 3.72159923738185e-28
839.999999999381 2.31493099486864e-21 3.85506561882713e-28
842.999999999378 2.39310147425531e-21 3.98286834752313e-28
845.999999999376 2.61356641441541e-21 4.34430821952513e-28
848.999999999373 3.00073967564338e-21 4.97738019604108e-28
851.99999999937 3.29667176107643e-21 5.45151268062488e-28
854.999999999367 3.35294554464292e-21 5.52203341554329e-28
857.999999999365 3.40146674343137e-21 5.57362191606439e-28
860.999999999362 3.6903531419307e-21 6.01079796233504e-28
863.999999999359 4.18326777914543e-21 6.76720433482285e-28
866.999999999357 4.58108871508446e-21 7.3549572209486e-28
869.999999999354 4.6088338448135e-21 7.33946933516058e-28
872.999999999351 4.29118069690984e-21 6.77504616416985e-28
875.999999999348 3.87846567029165e-21 6.06887637054821e-28
878.999999999346 3.60147466595665e-21 5.58390132744135e-28
881.999999999343 3.5394553615521e-21 5.43671675043752e-28
884.99999999934 3.64004946989952e-21 5.53878265201742e-28
887.999999999337 3.81412833281533e-21 5.74904382086695e-28
890.999999999335 3.98212454323029e-21 5.94580930442501e-28
893.999999999332 4.05373212702675e-21 5.99597747061344e-28
896.999999999329 3.94131182741639e-21 5.77528688309709e-28
899.999999999327 3.63014693215234e-21 5.26995139173183e-28
902.999999999324 3.26254394449646e-21 4.69257289555704e-28
905.999999999321 3.20408740736595e-21 4.56618841226548e-28
908.999999999318 4.05094212611514e-21 5.72035701622106e-28
911.999999999316 6.56412208601811e-21 9.18514076909845e-28
914.999999999313 1.14887098295576e-20 1.59312932355099e-27
917.99999999931 1.91341239144889e-20 2.62963227902998e-27
920.999999999307 2.87656199124219e-20 3.91845439823125e-27
923.999999999305 3.82557442160592e-20 5.16603429349794e-27
926.999999999302 4.46368992508216e-20 5.9767049703922e-27
929.999999999299 4.57444640681645e-20 6.0747666054183e-27
932.999999999297 4.19290999462376e-20 5.5243343670617e-27
935.999999999294 3.60478381755707e-20 4.71417585380976e-27
938.999999999291 3.13651242709251e-20 4.07348498147803e-27
941.999999999288 2.93345688809781e-20 3.78585464604522e-27
944.999999999286 2.89496063607357e-20 3.71538624432942e-27
947.999999999283 2.76494992023756e-20 3.53159061150988e-27
950.99999999928 2.38992158445151e-20 3.04057039790546e-27
953.999999999277 1.92683324314684e-20 2.44386556417502e-27
956.999999999275 1.6184760810154e-20 2.04815716182872e-27
959.999999999272 1.48934216097103e-20 1.88193948387077e-27
962.999999999269 1.4117725639545e-20 1.78241321610364e-27
965.999999999266 1.31046509372768e-20 1.6539010829566e-27
968.999999999264 1.25887139540886e-20 1.58865388159267e-27
971.999999999261 1.29486884035684e-20 1.63406104467982e-27
974.999999999258 1.33897342332912e-20 1.68945169754486e-27
977.999999999256 1.39183578749846e-20 1.75526100625391e-27
980.999999999253 1.5405480821611e-20 1.94080201560673e-27
983.99999999925 1.80769083423316e-20 2.27350205706858e-27
986.999999999247 2.04788785849341e-20 2.56930423738028e-27
989.999999999245 2.12711630277822e-20 2.66006204840044e-27
992.999999999242 2.14113863641083e-20 2.66678699788895e-27
995.999999999239 2.27603109404057e-20 2.82118449230454e-27
998.999999999236 2.59480996877013e-20 3.19862051445458e-27
