0    1    0.715333616419762    0.715333616419762
0.099    1.06965810510768    0.692723649830348    0.647612210408681
0.198    1.13728061356982    0.67383275277321    0.59249471478997
0.297    1.20314006064486    0.656876769161615    0.545968662043838
0.396    1.26736933271569    0.640756617722221    0.505580024055987
0.495    1.33001446947813    0.624784558625666    0.469757715395997
0.594    1.39106741172886    0.608537456477144    0.437460795462697
0.693000000000001    1.45048769431583    0.591773223514839    0.407982243375024
0.792000000000001    1.5082176823746    0.574380533637573    0.380833974001183
0.891000000000001    1.56419382074696    0.556346798693292    0.355676381861434
0.990000000000001    1.61835527029614    0.537736436113341    0.332273417328781
1.089    1.67065070972856    0.518674990396494    0.310462855805907
1.18799999999999    1.72104374425171    0.49933654267392    0.290135880823312
1.28699999999999    1.76951716455357    0.479932880586237    0.271222506455493
1.38599999999999    1.81607618108323    0.460703510609305    0.253680718577846
1.48499999999998    1.8607506877541    0.441905971304878    0.237488006433711
1.58399999999998    1.9035965687137    0.423806156150028    0.222634440046508
1.68299999999998    1.9446960423647    0.406668535394098    0.209116759912567
1.78199999999997    1.98415703310635    0.390746307834049    0.196933156657619
1.88099999999997    2.02211157034076    0.376271631812516    0.186078571198279
1.97999999999997    2.05871323427691    0.363446187168357    0.176540462808076
2.07899999999997    2.09413369733718    0.352432405722863    0.168295083628616
2.17799999999997    2.12855844705502    0.343345775788197    0.161304368345269
2.27699999999998    2.16218181799889    0.336248654311237    0.155513588872205
2.37599999999998    2.19520150423382    0.331146028991681    0.150849946281928
2.47499999999998    2.22781276481693    0.327983614328404    0.147222252923646
2.57399999999999    2.26020256881853    0.326648570517589    0.144521811904823
2.67299999999999    2.29254394781613    0.326972984415447    0.142624521866602
2.77199999999999    2.32499082864888    0.328740065874764    0.141394134473126
2.871    2.3576736045039    0.331692808195587    0.14068648330369
2.97    2.39069566727439    0.335544656091829    0.140354400053931
3.06900000000001    2.42413107070027    0.339991566886492    0.140252963627201
3.16800000000001    2.45802342634177    0.344724727797545    0.140244687704459
3.26700000000001    2.49238605952878    0.349443164058453    0.140204268404759
3.36600000000002    2.52720337732889    0.3538655015535    0.140022565943037
3.46500000000002    2.56243333271406    0.357740255260631    0.139609585425476
3.56400000000002    2.59801081408677    0.360854170876013    0.138896331346818
3.66300000000003    2.63385175116011    0.363038321074288    0.13783551823461
3.76200000000003    2.66985770804618    0.36417184717764    0.13640121946579
3.86100000000004    2.7059207314392    0.364183391298461    0.134587605271335
3.96000000000004    2.74192823338372    0.363050401282867    0.132406967061584
4.05900000000004    2.77776771064306    0.360796575497417    0.129887237912306
4.15800000000005    2.81333113220651    0.357487769710241    0.127069211874061
4.25700000000005    2.84851885945503    0.353226705708346    0.124003639482986
4.35600000000005    2.88324299694341    0.348146813934686    0.120748342856903
4.45500000000006    2.91743010359511    0.342405518697781    0.11736545745375
4.55400000000006    2.951023223043    0.336177241520788    0.113918873594675
4.65300000000007    2.98398321733018    0.329646361171077    0.110471921978843
4.75200000000007    3.01628941015816    0.32300033637686    0.107085326523731
4.85100000000007    3.04793956455363    0.316423164074476    0.10381543248244
4.95000000000008    3.07894923578108    0.310089322579492    0.10071271035452
5.04900000000008    3.10935055391491    0.304158326024559    0.0978205322142274
5.14800000000008    3.13919050212766    0.298769999166336    0.0951742173543905
5.24700000000009    3.16852876673705    0.294040565590644    0.09280034591368
5.34600000000009    3.19743524355318    0.290059627625172    0.0907163415459324
5.4450000000001    3.22598729179338    0.286888094378996    0.0889303237829898
5.5440000000001    3.25426683165574    0.284557101845703    0.087441232254739
5.6430000000001    3.28235738476758    0.283067936798189    0.0862392188345551
5.74200000000011    3.31034115654731    0.282392957335739    0.0853063004630842
5.84100000000011    3.3382962572628    0.282477464138094    0.0846172545422043
5.94000000000011    3.36629415269336    0.283242451866871    0.0841407313262419
6.03900000000012    3.39439742641136    0.284588133431863    0.0838405459589145
6.13800000000012    3.42265792372717    0.286398101172411    0.0836771034543038
6.23700000000013    3.45111533258168    0.288543964119835    0.0836089021412054
6.33600000000013    3.47979623974976    0.290890281871246    0.0835940560393744
6.43500000000013    3.50871368238327    0.293299605601858    0.0835917752635307
6.53400000000014    3.53786719605635    0.295637436118955    0.0835637461034437
6.63300000000014    3.56724334201337    0.297776917583587    0.0834753587108865
6.73200000000014    3.59681667915182    0.29960310276308    0.0832967397253425
6.83100000000015    3.62655113117112    0.301016649873485    0.0830035587492952
6.93000000000015    3.65640168687298    0.30193684018083    0.0825775902206882
7.02900000000016    3.68631636218609    0.302303837299155    0.0820070247904279
7.12800000000016    3.71623834626276    0.302080141366554    0.0812865357977753
7.22700000000016    3.74610825091702    0.301251222245572    0.0804171161289396
7.32600000000017    3.77586638253624    0.299825344519607    0.0794057082915671
7.42500000000017    3.80545495807525    0.297832621527083    0.0782646555558558
7.52400000000017    3.8348201915376    0.295323355727247    0.0770110046825519
7.62300000000018    3.86391418400664    0.292365743329295    0.0756656927163247
7.72200000000018    3.89269655844819    0.289043030288653    0.0742526487612688
7.82100000000019    3.92113579009567    0.28545022345971    0.0727978419366971
7.92000000000019    3.94921019359968    0.281690464871125    0.0713283039043222
8.01900000000019    3.97690853947161    0.277871188507037    0.0698711538747018
8.1180000000002    4.00423028429768    0.27410018176306    0.0684526518961523
8.2170000000002    4.03118541154107    0.270481678502374    0.0670973053553925
8.3160000000002    4.05779389241434    0.267112612027921    0.0658270526078869
8.41500000000021    4.08408478895318    0.264079154744865    0.0646605465829599
8.51400000000021    4.11009503377514    0.261453666709082    0.0636125599433977
8.61300000000021    4.13586793270321    0.25929216614403    0.0626935314093929
8.71200000000022    4.16145144690027    0.257632419411212    0.0619092695658178
8.81100000000022    4.18689631999108    0.25649273163338    0.0612608271212045
8.91000000000023    4.21225412257619    0.255871492968434    0.0607445528029881
9.00900000000023    4.23757529025525    0.255747504249522    0.0603523210166058
9.10800000000023    4.26290723260955    0.256081079435439    0.0600719334158906
9.20700000000024    4.28829258793991    0.256815879732843    0.0598876766140197
9.30600000000024    4.31376769305114    0.25788140644103    0.0597810139049535
9.40500000000024    4.33936132803967    0.259196045018475    0.0597313810545406
9.50400000000025    4.36509378419932    0.260670523720007    0.0597170499895276
9.60300000000025    4.39097628868733    0.262211634323298    0.0597160214685844
9.70200000000026    4.4170108035617    0.263726047193302    0.0597069056250991
9.80100000000026    4.44319020014399    0.265124050399946    0.0596697504399776
9.90000000000026    4.46949879314886    0.266323051718612    0.059586782331578
9.99900000000027    4.49591320361688    0.267250697104043    0.059443028590731
10.0980000000003    4.52240350629811    0.267847480683396    0.0592267983850577
10.1970000000003    4.54893460633039    0.268068752596835    0.0589300079679724
10.2960000000003    4.57546778215236    0.267886062761385    0.0585483442384482
10.3950000000003    4.60196232710103    0.267287808270695    0.0580812682226087
10.4940000000003    4.62837722080623    0.266279190438048    0.0575318686733282
10.5930000000003    4.65467276314895    0.264881509904724    0.0569065804156612
10.6920000000003    4.68081210814338    0.263130860454006    0.0562147880271092
10.7910000000003    4.7067626417119    0.261076296516583    0.0554683370270032
10.8900000000003    4.73249715594778    0.258777570869276    0.0546809775773549
10.9890000000003    4.75799478231535    0.256302544864496    0.0538677650125066
11.0880000000003    4.78324165679981    0.253724381836614    0.0530444414147301
11.1870000000003    4.80823130108729    0.251118635398441    0.0522268209812733
11.2860000000003    4.83296471479109    0.248560341547376    0.0514301999322832
11.3850000000003    4.85745018429323    0.24612121833745    0.0506688095604755
11.4840000000003    4.88170282365841    0.243867068664655    0.0499553285961594
11.5830000000003    4.90574387203161    0.241855471177208    0.0493004684887981
11.6820000000003    4.92959977975471    0.240133832134401    0.0487126425801547
11.7810000000003    4.95330112198246    0.238737857261759    0.0481977274109692
11.8800000000003    4.97688138363045    0.237690486165471    0.047758921268902
11.9790000000003    5.00037566287144    0.237001315852309    0.0473967021342177
12.0780000000003    5.02381934240087    0.23666652665354    0.0471088847992766
12.1770000000003    5.04724677787018    0.236669299152856    0.0468907722504356
12.2760000000004    5.07069005095705    0.23698069966654    0.0467353944502705
12.3750000000004    5.09417783191673    0.237560996238152    0.0466338247459192
12.4740000000004    5.11773439110238    0.238361343828089    0.0465755597325451
12.5730000000004    5.14137879332099    0.239325778415379    0.0465489488396148
12.6720000000004    5.16512430117318    0.240393433165441    0.0465416549822119
12.7710000000004    5.18897800577694    0.241500898552609    0.0465411297337825
12.8700000000004    5.21294069412369    0.242584630588865    0.0465350835205778
12.9690000000004    5.23700695387127    0.243583321071983    0.0465119338617496
13.0680000000004    5.26116550706696    0.244440141547356    0.0464612149568412
13.1670000000004    5.2853997565205    0.245104779334592    0.0463739339739082
13.2660000000004    5.30968852050296    0.245535198005963    0.0462428628455036
13.3650000000004    5.33400692547563    0.24569905813283    0.0460627557417205
13.4640000000004    5.35832742088653    0.245574758414656    0.0458304875990623
13.5630000000004    5.38262087676296    0.245152061221298    0.0455451102416726
13.6620000000004    5.40685772205477    0.2444322911063    0.0452078274797673
13.7610000000004    5.43100908147139    0.243428105394878    0.0448218925328933
13.8600000000004    5.45504786883849    0.242162850080362    0.0443924335593271
13.9590000000004    5.47894979750564    0.240669533838964    0.0439262162884814
14.0580000000004    5.50269427181803    0.238989458969794    0.0434313532906553
14.1570000000004    5.5262651282307    0.237170562895139    0.0429169714792659
14.2560000000004    5.54965120047413    0.235265533152887    0.0423928504070288
14.3550000000004    5.57284668971556    0.233329764989713    0.0418690443109286
14.4540000000004    5.59585132779446    0.23141923626745    0.0413555011938928
14.5530000000004    5.61867032918419    0.229588377508929    0.0408616921901279
14.6520000000004    5.64131413507863    0.227888015317285    0.0403962640371753
14.7510000000004    5.66379796066361    0.226363465298572    0.0399667267213129
14.8500000000005    5.68614116396423    0.225052846052123    0.0395791872840565
14.9490000000005    5.70836646141629    0.223985678716846    0.0392381393575201
15.0480000000005    5.73049902120995    0.223181826112313    0.038946316068856
15.1470000000005    5.75256547014204    0.222650811931477    0.0387046115489024
15.2460000000005    5.77459285310155    0.22239154855516    0.0385120742210791
15.3450000000005    5.79660758650809    0.222392487317318    0.0383659725103608
15.4440000000005    5.81863444712511    0.222632179269036    0.0382619292021403
15.5430000000005    5.84069563588233    0.223080226706127    0.0381941194359851
15.6420000000005    5.86280995396814    0.223698589777574    0.0381555246603495
15.7410000000005    5.88499212303888    0.224443181270225    0.038138229682851
15.8400000000005    5.90725227545268    0.225265696109419    0.038133752480066
15.9390000000005    5.92959563360387    0.226115584996863    0.0381333903639961
16.0380000000005    5.95202238849566    0.226942095894927    0.0381285689270207
16.1370000000005    5.97452778038299    0.227696295793174    0.0381111786844145
16.2360000000005    5.99710237467285    0.228332984048526    0.0380738846501652
16.3350000000005    6.01973251927355    0.228812429311098    0.0380103980664428
16.4340000000005    6.04240096154434    0.22910184782146    0.0379156976307155
16.5330000000005    6.06508759714888    0.229176582054062    0.0377861949037298
16.6320000000005    6.08777031847469    0.229020926006436    0.0376198368245631
16.7310000000005    6.11042592634002    0.22862857811214    0.0374161442865379
16.8300000000005    6.13303106783497    0.228002714337647    0.0371761877309608
16.9290000000005    6.1555631625032    0.227155682430917    0.036902502083748
17.0280000000005    6.17800128058651    0.226108344776604    0.0365989475410305
17.1270000000005    6.200326940229    0.224889104699146    0.0362705236138468
17.2260000000005    6.22252479440234    0.223532660924004    0.0359231450753061
17.3250000000005    6.24458318336248    0.222078546627254    0.035563389918312
17.4240000000005    6.26649453435728    0.220569515202787    0.0351982298864974
17.5230000000006    6.28825559661106    0.219049837784237    0.034834754156986
17.6220000000006    6.30986750613    0.217563578813107    0.0344798965432706
17.7210000000006    6.33133568139955    0.216152914794137    0.0341401760499226
17.8200000000006    6.35266955733606    0.214856557823638    0.0338214597634032
17.9190000000006    6.37388217069223    0.213708339939106    0.0335287559788537
18.0180000000006    6.39498961533059    0.212736007418357    0.0332660442338121
18.1170000000006    6.4160103902589    0.211960266159599    0.0330361475850175
18.2160000000006    6.43696466690276    0.211394108737514    0.0328406507844372
18.3150000000006    6.45787350445136    0.211042440095715    0.0326798658955219
18.4140000000006    6.47875804328692    0.21090201045859    0.0325528456302084
18.5130000000006    6.49963870726441    0.21096166107021    0.032457444262929
18.6120000000006    6.52053444518454    0.211202864067039    0.0323904222640851
18.7110000000006    6.54146203868092    0.211600520105912    0.0323475881774866
18.8100000000006    6.56243550134299    0.212124001878722    0.032323975121022
18.9090000000006    6.58346559157653    0.212738393957272    0.0323140435684009
19.0080000000006    6.60455945478065    0.213405860302127    0.0323118993421514
19.1070000000006    6.62572040669657    0.214087122771753    0.0323115238239418
19.2060000000006    6.64694786530524    0.214742965381715    0.0323070031138049
19.3050000000006    6.6682374302372    0.215335709989035    0.0322927478575662
19.4040000000006    6.6895811061037    0.215830634433911    0.0322636994769349
19.5030000000006    6.71096765938707    0.216197242113649    0.0322155094595396
19.6020000000006    6.73238309283459    0.216410366244864    0.0321446898164773
19.7010000000006    6.75381121955477    0.216451066962716    0.0320487292176617
19.8000000000006    6.77523431322025    0.216307269596967    0.0319261680994405
19.8990000000006    6.79663380879341    0.215974147069604    0.0317766343083217
19.9980000000006    6.81799102777394    0.215454228289327    0.0316008377558209
20.0970000000006    6.83928790000016    0.214757221583277    0.0314005236690316
20.1960000000007    6.86050765458723    0.213899571465479    0.0311783882818724
20.2950000000007    6.88163545461189    0.21290376858971    0.0309379608951863
20.3940000000007    6.90265895218811    0.211797436469728    0.0306834566124101
20.4930000000007    6.92356874349922    0.210612230441619    0.0304196055884287
20.5920000000007    6.94435870730125    0.209382592212522    0.0301514655330777
20.6910000000007    6.96502621491963    0.208144407413514    0.0298842245514673
20.7900000000007    6.98557220461427    0.20693361665514    0.0296230016087231
20.8890000000007    7.0060011182943    0.205784832463568    0.0293726519577932
20.9880000000007    7.02632070376425    0.204730014429839    0.0291375846707592
21.0870000000007    7.046541690777    0.203797252824746    0.0289215989584636
21.1860000000007    7.066677353972    0.203009707250361    0.0287277453153078
21.2850000000007    7.08674298016313    0.202384742184395    0.0285582167648666
21.3840000000007    7.10675526127422    0.201933294383313    0.0284142744416256
21.4830000000007    7.12673163712725    0.201659494915942    0.0282962099857082
21.5820000000007    7.14668961383781    0.20156055539479    0.028203345364897
21.6810000000007    7.16664608436533    0.201626927255495    0.0281340706492207
21.7800000000007    7.18661667867248    0.201842739244462    0.0280859197407126
21.8790000000007    7.20661516979939    0.202186480688431    0.0280556788345976
21.9780000000007    7.22665295779142    0.20263188751943    0.0280395210207184
22.0770000000007    7.2467386512374    0.203149027518223    0.0280331659930271
22.1760000000007    7.26687776439551    0.203705533542116    0.028032057253004
22.2750000000007    7.28707253969624    0.204267894361522    0.0280315439771973
22.3740000000007    7.30732190037425    0.204802793525143    0.0280270660465435
22.4730000000007    7.32762153629079    0.205278442079173    0.028014334673606
22.5720000000007    7.34796411686156    0.205665804614386    0.027989494959895
22.6710000000007    7.36833961966228    0.205939711794443    0.027949269771021
22.7700000000007    7.38873576233544    0.206079820242833    0.0278910799995499
22.8690000000008    7.40913851859885    0.206071344989651    0.0278131316444359
22.9680000000008    7.42953269523461    0.205905561799548    0.0277144701081427
23.0670000000008    7.44990254746727    0.205580076021677    0.0275950020435593
23.1660000000008    7.47023240821324    0.205098831205703    0.0274554819713782
23.2650000000008    7.490507305332    0.204471861695581    0.0272974650929225
23.3640000000008    7.51071354273554    0.203714813961361    0.0271232304097653
23.4630000000008    7.53083922359541    0.202848259305721    0.0269356778551536
23.5620000000008    7.55087469625574    0.201896825063987    0.0267382036102522
23.6610000000008    7.57081290664687    0.200888181381883    0.0265345589514584
23.7600000000008    7.59064964500438    0.199851926632689    0.0263286985935673
23.8590000000008    7.61038367908537    0.198818416625572    0.0261246245931015
23.9580000000008    7.63001677057778    0.197817583276316    0.0259262317796106
24.0570000000008    7.64955357589848    0.196877787732219    0.0257371604471827
24.1560000000008    7.66900143693425    0.196024750750474    0.0255606616275243
24.2550000000008    7.68837007134374    0.195280599381669    0.0253994796776918
24.3540000000008    7.70767117566372    0.194663063958114    0.0252557561838841
24.4530000000008    7.72691795753952    0.194184853414964    0.025130958356493
24.5520000000008    7.74612461584745    0.193853230207622    0.0250258341843644
24.6510000000008    7.76530578919551    0.193669798013721    0.0249403955583036
24.7500000000008    7.78447599413868    0.193630506158627    0.0248739293825842
24.8490000000008    7.80364907443268    0.193725867173087    0.0248250357397281
24.9480000000008    7.82283768205831    0.193941379216704    0.0247916915956864
25.0470000000008    7.84205280956293    0.194258136362732    0.0247713374393304
25.1460000000008    7.86130339091814    0.194653596830623    0.0247609826451297
25.2450000000008    7.88059598493064    0.195102477903451    0.0247573252424726
25.3440000000008    7.89993455240472    0.195577749685478    0.0247568822739101
25.4430000000009    7.91932033494518    0.196051686386674    0.0247561252853438
25.5420000000009    7.93875183868088    0.196496927871362    0.0247516148462971
25.6410000000009    7.95822492219857    0.196887518508173    0.02474012992005
25.7400000000009    7.97773298478351    0.19719988736956    0.0247187876237137
25.8390000000009    7.99726724692173    0.197413725127511    0.0246851479426924
25.9380000000009    8.01681711117249    0.197512727171077    0.0246372998700216
26.0370000000009    8.03637058913371    0.197485181899608    0.0245739267134638
26.1360000000009    8.05591477798491    0.197324380125488    0.0244943480118153
26.2350000000009    8.07543636795351    0.197028828768332    0.0243985364741674
26.3340000000009    8.09492216104213    0.196602264670606    0.0242871099634262
26.4330000000009    8.11435958130333    0.196053470720409    0.0241612993306514
26.5320000000009    8.13373715738929    0.195395901382588    0.0240228934869226
26.6310000000009    8.15304495916275    0.194647132213056    0.0238741639703952
26.7300000000009    8.17227497197767    0.193828155343343    0.0237177721023791
26.8290000000009    8.19142139470876    0.192962548576158    0.0235566624250099
26.9280000000009    8.21048085056899    0.192075550088176    0.0233939465402767
27.0270000000009    8.22945250309849    0.191193074136577    0.0232327817755301
27.1260000000009    8.24833807333471    0.190340705414695    0.0230762492665074
27.2250000000009    8.26714175795502    0.189542710566034    0.0229272360527321
27.3240000000009    8.28587005197796    0.188821104764775    0.0227883256170184
27.4230000000009    8.30453148327389    0.188194809265226    0.0226617009814784
27.5220000000009    8.32313626953935    0.187678932591788    0.0225490640203317
27.6210000000009    8.34169591141865    0.187284203691215    0.022451574077982
27.7200000000009    8.36022273798548    0.187016579508032    0.0223698082418671
27.8190000000009    8.37872942264477    0.186877041515505    0.0223037446477794
27.9180000000009    8.39722848852067    0.186861587186876    0.0222527691657221
28.0170000000009    8.41573182268229    0.186961416890121    0.0222157051613999
28.116000000001    8.43425021843004    0.187163312651753    0.0221908655546849
28.215000000001    8.45279296402166    0.18745019353189    0.0221761250192392
28.314000000001    8.47136749388625    0.187801816871955    0.0221690083693679
28.413000000001    8.48997911519793    0.188195595505658    0.0221667913374214
28.512000000001    8.5086308202028    0.188607508735911    0.022166610906197
28.611000000001    8.52732319191911    0.189013069178946    0.0221655805608569
28.710000000001    8.54605440609392    0.189388292301134    0.0221609041203958
28.809000000001    8.56482032771036    0.189710633068233    0.0221499839820865
28.908000000001    8.58361469762698    0.189959864905765    0.0221305209515382
29.007000000001    8.60242940173631    0.190118859912484    0.022100601008607
29.106000000001    8.62125481074403    0.190174230514646    0.0220587646101872
29.205000000001    8.64008017580496    0.190116814487261    0.0220040567470253
29.304000000001    8.65889406397712    0.189941992063019    0.0219360568058246
29.403000000001    8.67768481616077    0.189649820953374    0.0218548869855451
29.502000000001    8.69644100906879    0.189244982846826    0.0217611989375284
29.601000000001    8.71515190279063    0.188736547762009    0.0216561397744054
29.700000000001    8.73380785657124    0.18813757029582    0.0215412994406863
29.799000000001    8.75240069703623    0.187464536130783    0.0214186418812227
29.898000000001    8.77092402514309    0.186736681974455    0.0212904229291177
29.997000000001    8.78937345068335    0.185975217058937    0.0211590983250892
30.096000000001    8.80774674614039    0.185202477981454    0.0210272256139303
30.195000000001    8.82604391496459    0.184441050642229    0.0208973638041284
30.294000000001    8.84426717270621    0.183712893553099    0.0207719746549544
30.393000000001    8.8624208428119    0.183038496029909    0.020653329296404
30.492000000001    8.88051117212192    0.182436102848363    0.0205434236061855
30.591000000001    8.89854607409381    0.181921034010385    0.0204439053858482
30.690000000001    8.91653481043621    0.181505124551854    0.0203560159199305
30.7890000000011    8.93448762408709    0.181196304743135    0.0202805479582999
30.8880000000011    8.95241533820038    0.18099833496758    0.0202178214626897
30.9870000000011    8.97032893684881    0.180910701935791    0.0201676775968199
31.0860000000011    8.9882391434589    0.180928676358201    0.0201294907123015
31.1850000000011    9.00615601286611    0.181043530093914    0.0201021978561417
31.2840000000011    9.02408855262493    0.181242908706636    0.0200843451003056
31.3830000000011    9.04204438830435    0.181511343271886    0.0200741486634003
31.4820000000011    9.06002948508217    0.181830870301247    0.0200695671686987
31.5810000000011    9.07804793489101    0.182181733159843    0.0200683819325999
31.6800000000011    9.09610181651565    0.182543152327764    0.0200682837560507
31.7790000000011    9.11419113443454    0.182894139192806    0.0200669633207284
31.8780000000011    9.13231383840064    0.183214305016402    0.0200621998168745
31.9770000000011    9.15046592125212    0.18348462901978    0.0200519438680858
32.0760000000011    9.16864159023075    0.183688173603201    0.0200343935135301
32.1750000000011    9.18683350571268    0.183810725417361    0.0200080610259303
32.2740000000011    9.20503307818575    0.183841324983401    0.0199718266541673
32.3730000000011    9.22323081102686    0.183772660231108    0.0199249768325649
32.4720000000011    9.24141667524266    0.183601318395444    0.0198672265137989
32.5710000000011    9.25958050199985    0.183327892418633    0.0197987254799544
32.6700000000011    9.27771237819567    0.182956935043356    0.0197200481740885
32.7690000000011    9.29580302986217    0.182496759617306    0.0196321672297753
32.8680000000011    9.31384417858863    0.181959096337376    0.0195364119098833
32.9670000000011    9.33182885737121    0.18135861927503    0.0194344133445798
33.0660000000011    9.3497516740161    0.180712363277219    0.0193280388162005
33.1650000000011    9.36760901227215    0.180039053086207    0.0192193176348783
33.2640000000011    9.38539916324386    0.179358370258606    0.019110361438971
33.3630000000012    9.40312238230346    0.178690186034535    0.0190032819705535
33.4620000000012    9.42078086958784    0.178053789711488    0.0189001094682375
33.5610000000012    9.43837867510815    0.177467142190617    0.0188027147775551
33.6600000000012    9.45592153239245    0.176946183284572    0.0187127381163666
33.7590000000012    9.47341662732102    0.176504219430259    0.0186315271853691
33.8580000000012    9.49087231133817    0.176151416123684    0.0185600870336488
33.9570000000012    9.50829777050157    0.175894416601131    0.0184990437664693
34.0560000000012    9.52570266374173    0.175736103240859    0.0184486236285513
34.1550000000012    9.54309674490067    0.175675508627916    0.0184086479812529
34.2540000000012    9.56048948324399    0.175707872432563    0.0183785435610294
34.3530000000012    9.57788969657028    0.175824838806447    0.0183573672673854
34.4520000000012    9.59530521095882    0.176014798449097    0.0183438457223925
34.5510000000012    9.61274256167248    0.176263376010902    0.0183364294716153
34.6500000000012    9.63020674834622    0.17655403081849    0.0183333582997903
34.7490000000012    9.6477010529835    0.176868717130521    0.0183327319284863
34.8480000000012    9.66522692513887    0.177188581787369    0.018332583720979
34.9470000000012    9.68278393850872    0.177494710185396    0.0183309584632467
35.0460000000012    9.70036982304167    0.177768896478491    0.0183259916602591
35.1450000000012    9.71798057157798    0.177994366909897    0.0183159829965573
35.2440000000012    9.73561061367436    0.178156411619705    0.018299459447307
35.3430000000012    9.75325304764721    0.17824293158945    0.0182752288614564
35.4420000000012    9.77089992272453    0.178244900638716    0.0182424241419324
35.5410000000012    9.7885425613777    0.178156708162054    0.0182005346602875
35.6400000000012    9.80617190826346    0.177976351090009    0.0181494218901091
35.7390000000012    9.82377889050358    0.177705472537863    0.0180893192445167
35.8380000000012    9.84135477470018    0.177349259230049    0.0180208175896648
35.9370000000012    9.85889150720413    0.176916206869475    0.0179448375854626
36.0360000000013    9.87638202489823    0.176417760562161    0.0178625897740098
36.1350000000013    9.89382052467443    0.175867842625202    0.0177755238420387
36.2340000000013    9.91120268136825    0.17528228724667    0.0176852691728499
36.3330000000013    9.9285258060974    0.174678206133227    0.0175935692311896
36.4320000000013    9.94578893945994    0.17407331135315    0.017502212485378
36.5310000000013    9.96299287668305    0.173485222262501    0.0174129625916444
36.6300000000013    9.98014012447585    0.172930783278521    0.0173274905083162
36.7290000000013    9.99723479195119    0.172425418372956    0.0172473110776368
36.8280000000013    10.0142824204675    0.171982546509634    0.0171737264128013
36.9270000000013    10.0312897595321    0.171613080000897    0.0171077781735718
37.0260000000013    10.04826449795    0.171325024918823    0.0170502105068767
37.1250000000013    10.0652149611086    0.171123198644933    0.0170014450070011
37.2240000000013    10.0821497864944    0.171009073392455    0.0169615684168401
37.3230000000013    10.0990775900315    0.170980746897077    0.0169303330302014
37.4220000000013    10.1160066356772    0.171033036983473    0.0169071693152387
37.5210000000013    10.1329445204526    0.171157699080673    0.0168912105198251
37.6200000000013    10.1498978871624    0.171343767801949    0.0168813292219092
37.7190000000013    10.1668721766973    0.171578011182752    0.0168761845532014
37.8180000000013    10.1838714295618    0.171845464047768    0.0168742766674109
37.9170000000013    10.2008981425811    0.172130005224799    0.016874004898283
38.0160000000013    10.2179531844169    0.172414968955759    0.0168737286072815
38.1150000000013    10.2350357734274    0.172683791608099    0.0168718307811319
38.2140000000013    10.2521435203136    0.172920666006421    0.0168667816309629
38.3130000000013    10.2692725337658    0.173111151591828    0.01685719714056
38.4120000000013    10.28641758287    0.173242708896993    0.0168418895598302
38.5110000000013    10.3035723086194    0.173305158077001    0.0168199099192058
38.6100000000013    10.3207294770619    0.173291059380164    0.0167905824646705
38.7090000000014    10.337881265402    0.173195993812209    0.0167535290226101
38.8080000000014    10.3550195699254    0.173018720602926    0.0167086811796506
38.9070000000014    10.372136323051    0.17276120436238    0.0166562797654747
39.0060000000014    10.3892238068405    0.172428517799353    0.016596862384062
39.1050000000014    10.4062749510693    0.172028628445802    0.0165312399734475
39.2040000000014    10.4232836047691    0.171572077460251    0.0164604633209587
39.3030000000014    10.4402447710483    0.17107156107791    0.0163857806813405
39.4020000000014    10.4571547962643    0.170541429925465    0.0163085880670323
39.5010000000014    10.4740115063511    0.169997125664526    0.0162303741562099
39.6000000000014    10.4908142851811    0.169454577170209    0.0161526619920795
39.6990000000014    10.5075640921145    0.16892957982051    0.0160769497420705
39.7980000000014    10.524263418249    0.168437181786629    0.0160046527811685
39.8970000000014    10.5409161832245    0.167991100655572    0.0159370492787832
39.9960000000014    10.5575275766948    0.167603192552063    0.0158752313299221
40.0950000000014    10.5741038507084    0.167282994676175    0.0158200635285957
40.1940000000014    10.5906520712569    0.167037361101473    0.0157721507587633
40.2930000000014    10.6071798391308    0.166870209469279    0.0157318167505448
40.3920000000014    10.6236949916825    0.166782389527791    0.0156990943036644
40.4910000000014    10.6402052975978    0.166771671887054    0.0156737268899037
40.5900000000014    10.6567181560058    0.166832844640247    0.0156551803470776
40.6890000000014    10.6732403101324    0.166957910940807    0.0156426639042606
40.7880000000014    10.6897775859747    0.167136400403986    0.0156351616354745
40.8870000000014    10.7063346681407    0.167355808601142    0.0156314755505589
40.9860000000014    10.7229149246659    0.167602137790886    0.0156302776780735
41.0850000000014    10.7395202875487    0.167860469699387    0.0156301645888227
41.1840000000014    10.7561511893939    0.168115524187129    0.015629710035398
41.2830000000015    10.7728065552954    0.168352223672854    0.0156275175655224
41.3820000000015    10.789483852313    0.168556292830555    0.0156222758324459
41.4810000000015    10.8061791988633    0.168714857195166    0.0156128131960753
41.5800000000015    10.8228875300015    0.16881696159979    0.0155981443151675
41.6790000000015    10.8396028081138    0.168853968127606    0.0155775051094319
41.7780000000015    10.8563182676114    0.16881985006904    0.0155503777530818
41.8770000000015    10.8730266845579    0.168711402773602    0.015516507746018
41.9760000000015    10.8897206627648    0.168528361662372    0.0154759122737299
42.0750000000015    10.9063929259724    0.168273403808146    0.0154288778105015
42.1740000000015    10.9230366039341    0.16795202338246    0.015375946220117
42.2730000000015    10.9396455002552    0.167572290217322    0.0153178903478556
42.3720000000015    10.9562143312642    0.16714450912108    0.0152556808462686
42.4710000000015    10.9727389269835    0.166680797784787    0.0151904459674052
42.5700000000015    10.9892163869878    0.166194600379163    0.0151234259592842
42.6690000000015    11.0056451856677    0.165700155082843    0.0150559237816088
42.7680000000015    11.0220252233262    0.165211935785306    0.0149892540107479
42.8670000000015    11.0383578216122    0.164744089508851    0.0149246918945041
42.9660000000015    11.0546456639341    0.164309890970919    0.0148634244792649
43.0650000000015    11.0708926835547    0.163921234213197    0.0148065055726441
43.1640000000015    11.0871039039321    0.163588179071171    0.0147548160898135
43.2630000000015    11.1032852375535    0.163318568883152    0.0147090311911268
43.3620000000015    11.1194432511469    0.163117736573011    0.0146695956702856
43.4610000000015    11.1355849069336    0.162988317577451    0.0146367091571423
43.5600000000015    11.1517172912659    0.162930183251962    0.014610322248715
43.6590000000015    11.1678473425567    0.162940490279485    0.014590143049196
43.7580000000015    11.1839815887411    0.163013817771156    0.0145756514777583
43.8570000000015    11.2001259013244    0.163142362527445    0.0145661186280195
43.9560000000016    11.2162852718136    0.163316202041012    0.0145606319813766
44.0550000000016    11.2324636195608    0.163523674704011    0.0145581308110576
44.1540000000016    11.2486636441853    0.163751896060666    0.0145574533331621
44.2530000000016    11.2648867331139    0.163987336637924    0.0145573888600116
44.3520000000016    11.2811329245229    0.164216348481617    0.0145567248945932
44.4510000000016    11.2974009182219    0.164425613554274    0.0145542868438942
44.5500000000016    11.3136881300705    0.164602590523475    0.0145489771886127
44.6490000000016    11.3299907932669    0.164736015228073    0.0145398189843165
44.7480000000016    11.3463041099489    0.164816399643095    0.0145259987786311
44.8470000000016    11.3626224477481    0.164836426648362    0.0145068999173715
44.9460000000016    11.3789395681621    0.164791198601042    0.0144821226630048
45.0450000000016    11.3952488734487    0.164678371069528    0.0144514940303967
45.1440000000016    11.4115436628236    0.164498210982732    0.0144150709004104
45.2430000000016    11.4278173909762    0.164253583100588    0.0143731368362859
45.3420000000016    11.4440639209287    0.163949845956168    0.0143261910357158
45.4410000000016    11.4602777615303    0.163594644914941    0.0142749284370832
45.5400000000016    11.4764542795255    0.163197607650211    0.0142202115457701
45.6390000000016    11.4925898773199    0.16276995892427    0.0141630355439281
45.7380000000016    11.508682129436    0.162324074608583    0.0141044884881653
45.8370000000016    11.5247298726105    0.161872994244954    0.0140457083189133
45.9360000000016    11.5407332463543    0.16142991087217    0.013987838331084
46.0350000000016    11.5566936826587    0.161007657049535    0.0139319827513585
46.1340000000016    11.5726138454248    0.160618206357242    0.0138791640767261
46.2330000000016    11.5884975220994    0.160272209547536    0.0138302838001126
46.3320000000016    11.6043494718694    0.159978583728481    0.0137860880626089
46.4310000000016    11.6201752365094    0.159744171322002    0.0137471396145646
46.5300000000016    11.6359809215085    0.159573482645631    0.0137137972055856
46.6290000000017    11.6517729562565    0.159468531397233    0.0136862031208397
46.7280000000017    11.6675578427141    0.159428766667059    0.013664279090471
46.8270000000017    11.6833419021136    0.159451100886425    0.0136477304372629
46.9260000000017    11.6991310291406    0.159530033158718    0.0136360583329954
47.0250000000017    11.7149304631279    0.159657870049248    0.0136285802593333
47.1240000000017    11.7307445859461    0.159825043134958    0.0136244585298051
47.2230000000017    11.7465767555953    0.160020508727558    0.0136227355473018
47.3220000000017    11.76242918221    0.160232199114724    0.013622373119752
47.4210000000017    11.7783028499596    0.160447494604182    0.0136222931816304
47.5200000000017    11.7941974861124    0.160653703913954    0.0136214188462693
47.6190000000017    11.8101115781234    0.160838554038405    0.0136187158753298
47.7180000000017    11.8260424393971    0.160990680225819    0.0136132337636044
47.8170000000017    11.8419863223437    0.161100084967075    0.0136041438135348
47.9160000000017    11.8579385738026    0.16115852987807    0.0135907711846402
48.0150000000017    11.8738938250539    0.161159841169621    0.0135726193567247
48.1140000000017    11.8898462077071    0.161100127559577    0.0135493869933448
48.2130000000017    11.9057895869547    0.16097791318342    0.0135209775049112
48.3120000000017    11.9217178036641    0.160794182221535    0.0134875011193534
48.4110000000017    11.9376249162567    0.160552329117056    0.0134492690332744
48.5100000000017    11.9535054328816    0.16025801264259    0.0134067795879988
48.6090000000017    11.9693545245896    0.15991891948255    0.0133606970329115
48.7080000000017    11.9851682110771    0.159544448790823    0.013311823912773
48.8070000000017    12.000943511884    0.159145332284809    0.0132610683591014
48.9060000000017    12.016678557448    0.158733205969797    0.0132094076754191
49.0050000000017    12.0323726560674    0.158320150610658    0.0131578496723856
49.1040000000017    12.0480263145604    0.15791821884434    0.0131073932544031
49.2030000000018    12.0636412121975    0.157538967171126    0.0130589897693442
49.3020000000018    12.0792201292873    0.157193010767503    0.0130135065910731
49.4010000000018    12.0947668335216    0.156889618055785    0.0129716943050901
49.5000000000018    12.1102859287891    0.15663636029003    0.012934158715251
49.5990000000018    12.1257826725688    0.156438829183441    0.0129013386935707
49.6980000000018    12.1412627691754    0.156300432936699    0.0128734906663513
49.7970000000018    12.1567321470097    0.156222278023374    0.0128506802760971
49.8960000000018    12.1721967285309    0.156203140772056    0.01283278148191
49.9950000000018    12.1876622018938    0.156239529164709    0.0128194830621768
50.0940000000018    12.2031338030478    0.156325831523741    0.0128103021770275
50.1930000000018    12.2186161165907    0.156454545345547    0.0128046043719394
50.2920000000018    12.234112902867    0.156616576919811    0.0128016291956165
50.3910000000018    12.2496269577741    0.156801600446334    0.01280052045559
50.4900000000018    12.2651600105298    0.156998463385856    0.0128003599831613
50.5890000000018    12.2807126632196    0.15719562233964    0.0128002035916398
50.6880000000018    12.2962843742788    0.157381591651782    0.0127991177547089
50.7870000000018    12.3118734862602    0.157545386496199    0.0127962155127744
50.8860000000018    12.3274772964907    0.157676943587577    0.0127906902438557
50.9850000000018    12.3430921676463    0.157767504519231    0.0127818461027758
51.0840000000018    12.3587136738567    0.157809947990425    0.0127691240492327
51.1830000000018    12.3743367766428    0.157799058242964    0.0127521224847232
51.2820000000018    12.3899560238157    0.157731718965716    0.0127306116876063
51.3810000000018    12.4055657635555    0.157607025055173    0.0127045414984768
51.4800000000018    12.4211603653102    0.15742630830229    0.012674042011562
51.5790000000018    12.4367344389474    0.157193076609936    0.0126394173150198
51.6780000000018    12.4522830437111    0.156912869540487    0.0126011325786346
51.7770000000018    12.4678018789622    0.156593035985207    0.012559795022845
51.8760000000019    12.4832874494004    0.156242442616551    0.0125161295251641
51.9750000000019    12.4987371984517    0.155871124436753    0.0124709498217197
52.0740000000019    12.5141496047464    0.155489890999202    0.0124251264297038
52.1730000000019    12.5295242380442    0.155109903608957    0.0123795525402303
52.2720000000019    12.5448617725399    0.154742239915897    0.0123351092042019
52.3710000000019    12.5601639571343    0.154397462752143    0.0122926311534687
52.4700000000019    12.575433543918    0.154085209831901    0.0122528745664139
52.5690000000019    12.5906741777237    0.153813820093997    0.0122164880071422
52.6680000000019    12.6058902511043    0.153590011180098    0.0121839876534419
52.7670000000019    12.6210867304519    0.153418620974434    0.0121557377942953
52.8660000000019    12.6362689601657    0.153302424239722    0.0121319374194226
52.9650000000019    12.6514424527407    0.153242032666229    0.0121126135014773
53.0640000000019    12.66661267328    0.153235882359184    0.0120976212276888
53.1630000000019    12.6817848270482    0.153280307001455    0.0120866509794846
53.2620000000019    12.6969636582343    0.15336968971468    0.0120792414503931
53.3610000000019    12.7121532672905    0.153496685184302    0.0120747981838185
53.4600000000019    12.7273569534901    0.153652506396179    0.0120726170372745
53.5590000000019    12.7425770889282    0.153827272321419    0.0120719122394069
53.6580000000019    12.7578150296349    0.154010407588332    0.0120718482930332
53.7570000000019    12.7730710680274    0.154191073563295    0.0120715740750284
53.8560000000019    12.7883444284301    0.154358602586193    0.0120702569007318
53.9550000000019    12.8036333047165    0.154502911720647    0.0120671147043654
54.0540000000019    12.818934937381    0.154614884566053    0.012061445457156
54.1530000000019    12.8342457266467    0.154686716679236    0.0120526535001642
54.2520000000019    12.8495613776691    0.154712216555066    0.0120402721935657
54.3510000000019    12.8648770727324    0.154687047066678    0.012023981744415
54.4500000000019    12.8801876637175    0.154608891242421    0.0120036210091832
54.549000000002    12.8954878767995    0.15447753264618    0.0119791925766612
54.648000000002    12.9107725207875    0.154294848933898    0.011950861087938
54.747000000002    12.9260366906827    0.1540647225967    0.0119189451711638
54.846000000002    12.9412759585524    0.153792875134122    0.0118839035367672
54.945000000002    12.9564865444971    0.153486632067125    0.0118463158619429
55.044000000002    12.9716654612961    0.153154627862059    0.0118068592131852
55.143000000002    12.9868106273226    0.152806462074763    0.011766280918371
55.242000000002    13.0019209435505    0.152452320188567    0.0117253689551304
55.341000000002    13.0169963318911    0.152102574149378    0.0116849210271907
55.440000000002    13.0320377336232    0.151767378266818    0.0116457135383557
55.539000000002    13.0470470682299    0.151456275959165    0.0116084716462752
55.638000000002    13.0620271544451    0.151177831925633    0.0115738414978096
55.737000000002    13.0769815966992    0.15093930307044    0.0115423656410542
55.836000000002    13.091914641412    0.150746360416689    0.0115144625171823
55.935000000002    13.1068310087638    0.150602873764796    0.0114904108906338
56.034000000002    13.1217357067292    0.150510770506942    0.0114703400427244
56.133000000002    13.1366338352011    0.150469977758939    0.0114542263753853
56.232000000002    13.1515303886485    0.150478450123973    0.0114418965456564
56.331000000002    13.1664300654417    0.15053227416467    0.0114330363976016
56.430000000002    13.181337090587    0.150625831558992    0.0114272042755478
56.529000000002    13.1962550568387    0.150752005734229    0.0114238475298418
56.628000000002    13.2111867883816    0.150902433022531    0.011422322266705
56.727000000002    13.2261342322126    0.151067813888744    0.0114219174882419
56.826000000002    13.2410983837278    0.151238291851057    0.0114218841570512
56.925000000002    13.2560792523578    0.15140387682793    0.0114214673845588
57.024000000002    13.2710758693099    0.151554863589391    0.0114199379976321
57.1230000000021    13.286086334618    0.151682202704794    0.0114166202811413
57.2220000000021    13.301107898047    0.151777815045168    0.0114109152567249
57.3210000000021    13.3161370690316    0.15183486739001    0.0114023208534794
57.4200000000021    13.3311697526289    0.151848022892525    0.0113904500287817
57.5190000000021    13.3462014087245    0.151813656898082    0.0113750461460023
57.6180000000021    13.3612272298514    0.151730012601617    0.0113559937265811
57.7170000000021    13.3762423304876    0.151597274845489    0.011333322999088
57.8160000000021    13.3912419392799    0.151417555675263    0.011307207827462
57.9150000000021    13.4062215857063    0.151194798125003    0.0112779575630919
58.0140000000021    13.4211772736205    0.150934609315635    0.011246003702842
58.1130000000021    13.4361056352074    0.150644033177811    0.0112118821679304
58.2120000000021    13.4510040598209    0.150331271775387    0.0111762119100415
58.3110000000021    13.4658707930682    0.150005364579118    0.011139670570457
58.4100000000021    13.4807050025087    0.149675836771591    0.011102968037928
58.5090000000021    13.4955068075305    0.149352329523379    0.0110668188793059
58.6080000000021    13.5102772723073    0.149044226257428    0.0110319146863797
58.7070000000021    13.5250183621372    0.148760288884655    0.0109988973694191
58.8060000000021    13.5397328648035    0.14850831700308    0.0109683343449949
58.9050000000021    13.5544242798187    0.148294841736758    0.0109406964600891
59.0040000000021    13.5690966795302    0.14812486534412    0.010916339447089
59.1030000000021    13.5837545472123    0.14800165894506    0.0108954897875001
59.2020000000021    13.59840259861    0.147926633104409    0.0108782360304239
59.3010000000021    13.6130455948964    0.147899295828218    0.0108645265893817
59.4000000000021    13.6276881561128    0.147917304059419    0.0108541744105781
59.4990000000021    13.6423345839186    0.147976596375682    0.0108468675552141
59.5980000000021    13.6569887002662    0.148071576012289    0.0108421833877187
59.6970000000021    13.6716537053304    0.148195313137272    0.0108396040692204
59.7960000000022    13.6863320560966    0.148339762604595    0.0108385330705546
59.8950000000022    13.7010253684879    0.148496028907658    0.0108383150102908
59.9940000000022    13.715734349696    0.148654715407227    0.0108382614898431
60.0930000000022    13.7304587693254    0.148806353314285    0.0108376825431883
60.1920000000022    13.7451974746194    0.148941849921422    0.0108359192508107
60.2910000000022    13.7599484477466    0.149052879159709    0.010832371918088
60.3900000000022    13.7747088971045    0.149132177079311    0.0108265211405418
60.4890000000022    13.7894753737641    0.149173760696302    0.0108179431525089
60.5880000000022    13.8042439074866    0.149173110478265    0.0108063224235963
60.6870000000022    13.819010159924    0.149127334982804    0.0107914628657907
60.7860000000022    13.8337695926876    0.14903530182342    0.0107732965208701
60.8850000000022    13.8485176454348    0.148897704196794    0.0107518875311452
60.9840000000022    13.8632499164056    0.148717041921967    0.0107274299185776
61.0830000000022    13.8779623367017    0.148497515118258    0.0107002390924164
61.1820000000022    13.8926513301715    0.148244842306291    0.0106707379882441
61.2810000000022    13.9073139522035    0.147966018847096    0.0106394390286739
61.3800000000022    13.9219480022601    0.147669030187021    0.0106069229796756
61.4790000000022    13.9365521062965    0.14736253219829    0.0105738156090783
61.5780000000022    13.9511257663811    0.147055510159504    0.0105407629908887
61.6770000000022    13.9656693759896    0.146756928413227    0.0105084063256959
61.7760000000022    13.9801842006792    0.146475383482826    0.0104773571921685
61.8750000000022    13.9946723251296    0.146218773655502    0.0104481741521695
61.9740000000022    14.0091365688042    0.145993997418572    0.0104213415795856
62.0730000000022    14.0235803736434    0.145806691708091    0.0103972514738196
62.1720000000022    14.0380076681972    0.145661019023985    0.0103761888771422
62.2710000000022    14.0524227134061    0.145559510664542    0.0103583213822395
62.3700000000022    14.0668299358944    0.145502972203391    0.0103436931324598
62.4690000000023    14.0812337552208    0.145490456799901    0.0103322236764913
62.5680000000023    14.0956384120343    0.145519310686881    0.0103237119478492
62.6670000000023    14.1100478043452    0.145585291151304    0.0103178453517691
62.7660000000023    14.1244653388069    0.145682749868867    0.0103142134144082
62.8650000000023    14.1388938027885    0.145804866646025    0.0103123249017734
62.9640000000023    14.1533352613546    0.145943916227894    0.010311627155925
63.0630000000023    14.1677909817862    0.146091556778645    0.0103115268263385
63.1620000000023    14.1822613876218    0.146239138046754    0.0103114118439807
63.2610000000023    14.1967460442424    0.146378030236778    0.0103106746983153
63.3600000000023    14.2112436777996    0.146499966424288    0.0103087365008839
63.4590000000023    14.2257522279287    0.146597378472428    0.0103050704190265
63.5580000000023    14.2402689323215    0.146663700606918    0.0102992226694562
63.6570000000023    14.2547904388934    0.146693621031123    0.0102908297151025
63.7560000000023    14.2693129399344    0.146683274112453    0.0102796311728466
63.8550000000023    14.2838323223707    0.146630374103287    0.0102654785350316
63.9540000000023    14.2983443284588    0.146534292261511    0.0102483398703622
64.0530000000023    14.3128447212714    0.14639607606442    0.0102283004472793
64.1520000000023    14.3273294490849    0.146218407266615    0.0102055590880514
64.2510000000023    14.341794802502    0.146005497101204    0.0101804201713814
64.3500000000023    14.356237558161    0.145762920829502    0.0101532814735739
64.4490000000023    14.3706551033095    0.145497397952808    0.010124618321631
64.5480000000023    14.3850455363051    0.145216527426932    0.0100949647368466
64.6470000000023    14.3994077391288    0.144928489017169    0.0100648923652146
64.7460000000023    14.4137414191532    0.144641722862623    0.0100349880476155
64.8450000000023    14.4280471186211    0.144364599709985    0.0100058309016516
64.9440000000023    14.4423261915298    0.144105094264223    0.00997796977807758
65.0430000000024    14.456580748833    0.143870473752498    0.00995190192287424
65.1420000000024    14.4708135740417    0.143667013263889    0.00992805363214717
65.2410000000024    14.4850280124294    0.143499748991523    0.00990676365060446
65.3400000000024    14.4992278381374    0.143372280345319    0.00988827004760942
65.4390000000024    14.5134171045513    0.143286631623737    0.0098727012798938
65.5380000000024    14.5275999843162    0.143243182184144    0.0098600720242013
65.6370000000024    14.5417806060219    0.143240669059568    0.00985028401544239
65.7360000000024    14.5559628945855    0.143276257454945    0.0098431315394628
65.8350000000024    14.570150421453    0.14334566591946    0.00983831064011515
65.9340000000024    14.5843462692422    0.143443330705275    0.00983543095159437
66.0330000000024    14.5985529142384    0.143562601995441    0.00983402963559632
66.1320000000024    14.6127721301105    0.143695978401164    0.00983358784505167
66.2310000000024    14.6270049172671    0.143835392095211    0.0098335505394829
66.3300000000024    14.6412514630617    0.143972545098349    0.00983334966014188
66.4290000000024    14.6555111369526    0.144099273321337    0.00983242904152303
66.5280000000024    14.6697825214422    0.144207898334263    0.00983026831675801
66.6270000000024    14.6840634757242    0.14429153224117    0.00982640346656858
66.7260000000024    14.6983512265921    0.144344323545603    0.00982044321300858
66.8250000000024    14.7126424810596    0.144361652225027    0.00981208184803458
66.9240000000024    14.7269335563085    0.144340286090105    0.00980110934419709
67.0230000000024    14.7412205233285    0.144278500197677    0.00978741888904999
67.1220000000024    14.7554993601708    0.14417614941633    0.00977101119366388
67.2210000000024    14.769766109512    0.144034680979352    0.00975199471077551
67.3200000000024    14.784017034135    0.143857079311988    0.00973058127434743
67.4190000000024    14.7982487636002    0.143647743990493    0.00970707725523771
67.5180000000024    14.8124584258133    0.143412308323722    0.00968187077398311
67.6170000000024    14.8266437581297    0.143157409224139    0.00965541572047577
67.7160000000025    14.8408031937358    0.142890419823639    0.00962821337621082
67.8150000000025    14.8549359201868    0.142619156245259    0.00960079242425069
67.9140000000025    14.8690419081048    0.142351569921572    0.00957368812337391
68.0130000000025    14.8831219091743    0.142095436966774    0.00954742142367205
68.1120000000025    14.8971774237179    0.141858056152348    0.00952247879698974
68.2110000000025    14.9112106392647    0.141645966818098    0.00949929353456463
68.3100000000025    14.9252243426282    0.141464697516816    0.00947822922250993
68.4090000000025    14.9392218090359    0.141318555349442    0.00945956604406034
68.5080000000025    14.9532066727832    0.141210464717644    0.00944349047048653
68.6070000000025    14.967182784663    0.141141862329563    0.00943008877222988
68.7060000000025    14.9811540619618    0.141112652396822    0.00941934458541595
68.8050000000025    14.9951243370201    0.141121222082174    0.00941114050877005
68.9040000000025    15.0090972101578    0.141164513319753    0.0094052634441075
69.0030000000025    15.0230759122487    0.141238144870244    0.00940141324554507
69.1020000000025    15.0370631816315    0.141336579183394    0.00939921429312359
69.2010000000025    15.0510611596359    0.141453331372921    0.00939822979075205
69.3000000000025    15.0650713088291    0.141581218879857    0.00939797867381358
69.3990000000025    15.0790943578168    0.14171264683418    0.00939795477576002
69.4980000000025    15.0931302755666    0.141839916278239    0.00939764738583457
69.5970000000025    15.1071782765783    0.141955535495702    0.009396561879182
69.6960000000025    15.1212368561763    0.142052514256107    0.00939423908290183
69.7950000000025    15.1353038534875    0.142124627320506    0.00939027248453667
69.8940000000025    15.1493765387373    0.142166641849574    0.00938432294464732
69.9930000000025    15.163451721221    0.142174507525106    0.00937613085324999
70.0920000000025    15.1775258741634    0.142145506856705    0.00936552558270905
70.1910000000025    15.1915952722501    0.142078359653925    0.00935243186167908
70.2900000000025    15.2056561369204    0.141973274162828    0.00933687260085454
70.3890000000026    15.2197047838414    0.141831939401868    0.00931896783914296
70.4880000000026    15.2337377666422    0.141657457458024    0.00929892975893384
70.5870000000026    15.2477520110847    0.141454218778917    0.00927705399957212
70.6860000000026    15.2617449343087    0.14122772658427    0.00925370769804883
70.7850000000026    15.2757145444997    0.140984378371302    0.00922931480295736
70.8840000000026    15.2896595171725    0.140731213608529    0.00920433927586597
70.9830000000026    15.3035792452095    0.140475637532218    0.00917926684217953
71.0820000000026    15.3174738608045    0.140225131619541    0.00915458599073308
71.1810000000026    15.3313442285381    0.139986961748646    0.0091307689438002
71.2800000000026    15.3451919099043    0.139767895160959    0.00910825332010011
71.3790000000026    15.3590191007021    0.139573937065217    0.0090874251897269
71.4780000000026    15.3728285437469    0.13941009709573    0.00906860417385168
71.5770000000026    15.3866234203273    0.139280194925313    0.00905203117802374
71.6760000000026    15.4004072246962    0.139186713147477    0.00903785926675213
71.7750000000026    15.4141836266138    0.139130703945131    0.00902614807993539
71.8740000000026    15.4279563274997    0.139111753778603    0.00901686204093293
71.9730000000026    15.4417289160207    0.139128007177858    0.00900987240059064
72.0720000000026    15.4555047288677    0.139176247050742    0.00900496292371413
72.1710000000026    15.4692867220535    0.139252025784185    0.00900183882335466
72.2700000000026    15.4830773574135    0.139349840101452    0.00900013846631915
72.3690000000026    15.4968785083194    0.139463343451546    0.0089994474291501
72.4680000000026    15.5106913880762    0.139585591126681    0.00899931457820035
72.5670000000026    15.5245165039983    0.139709312791996    0.00899926981661647
72.6660000000026    15.5383536394731    0.139827203440536    0.00899884290735437
72.7650000000026    15.5522018651794    0.139932218711865    0.00899758245970088
72.8640000000026    15.5660595790612    0.140017857657806    0.00899507399073251
72.9630000000027    15.5799245730262    0.140078417682412    0.00899095608748535
73.0620000000027    15.593794123059    0.140109211382032    0.00898493402416083
73.1610000000027    15.607665098683    0.140106740002843    0.00897679051395493
73.2600000000027    15.6215340873284    0.140068820706509    0.00896639343636087
73.3590000000027    15.635397528903    0.139994664904839    0.00895370038696174
73.4580000000027    15.6492518555642    0.139884904493785    0.00893875987075045
73.5570000000027    15.663093631403    0.139741563564819    0.00892170900930138
73.6560000000027    15.6769196866076    0.139567975415326    0.00890276777615671
73.7550000000027    15.6907272408085    0.139368647671433    0.00888222996503072
73.8540000000027    15.7045140107238    0.139149081163776    0.00886045127335737
73.9530000000027    15.7182782978991    0.138915550361088    0.00883783501782475
74.0520000000027    15.7320190531847    0.138674854612498    0.00881481608582375
74.1510000000027    15.7457359155553    0.138434050319235    0.00879184377673168
74.2500000000027    15.7594292239056    0.138200174582652    0.0087693642085092
74.3490000000027    15.7731000015022    0.137979970922853    0.00874780296262066
74.4480000000027    15.786749913811    0.137779627370716    0.00872754861658891
74.5470000000027    15.800381201413    0.137604536686586    0.00870893777387345
74.6460000000027    15.8139965906549    0.13745908779028    0.00869224215411234
74.7450000000027    15.8275991855455    0.137346496816662    0.00867765826052085
74.8440000000027    15.8411923452076    0.137268685453825    0.00866530008994885
74.9430000000027    15.8547795518971    0.137226212916014    0.00865519526568215
75.0420000000027    15.8683642751112    0.137218265306345    0.00864728480688872
75.1410000000027    15.8819498374831    0.13724270179933    0.0086414264749422
75.2400000000027    15.8955392878412    0.13729615179472    0.00863740130539266
75.3390000000027    15.909135286013    0.137374153282923    0.00863492269147394
75.4380000000027    15.9227400029569    0.137471322757128    0.0086336473955864
75.5370000000027    15.9363550390373    0.137581551524093    0.00863318815294191
75.6360000000028    15.9499813630432    0.137698228777102    0.00863312787914314
75.7350000000028    15.9636192746873    0.137814492834727    0.00863303555812383
75.8340000000028    15.9772683932166    0.137923505754382    0.00863248349842701
75.9330000000028    15.990927673789    0.138018736401599    0.00863106501493517
76.0320000000028    16.0045954514064    0.138094230287704    0.00862841117771386
76.1310000000028    16.0182695100506    0.13814484614833    0.00862420538383694
76.2300000000028    16.0319471730813    0.138166447833791    0.00861819505404689
76.3290000000028    16.0456254103013    0.13815604934874    0.00861020033909328
76.4280000000028    16.0593009571571    0.13811191543375    0.00860012000536038
76.5270000000028    16.0729704417747    0.138033619276116    0.00858793461831781
76.6260000000028    16.0866305155393    0.137922055970314    0.00857370695728261
76.7250000000028    16.1002779826943    0.13777940874568    0.00855757949606676
76.8240000000028    16.1139099241709    0.137609066097729    0.00853976885469092
76.9230000000028    16.1275238108173    0.137415490995645    0.00852055731602618
77.0220000000028    16.1411176014832    0.137204046747912    0.00850028171130505
77.1210000000028    16.154689822012    0.136980786807541    0.00847932014274233
77.2200000000028    16.1682396220024    0.136752217470567    0.00845807711091001
77.3190000000028    16.1817668071375    0.13652504322004    0.0084369676591694
77.4180000000028    16.1952718458523    0.136305904648451    0.00841640115373297
77.5170000000028    16.2087558500912    0.136101118651493    0.00839676529835122
77.6160000000028    16.2222205308381    0.135916430106479    0.00837841094861854
77.7150000000028    16.2356681299941    0.135756783804991    0.00836163825954232
77.8140000000028    16.2491013310381    0.135626125378369    0.00834668469445159
77.9130000000028    16.2625231517959    0.135527240574692    0.00833371545790702
78.0120000000028    16.275936823616    0.135461643121412    0.00832281696527971
78.1110000000028    16.289345662266    0.135429521080402    0.0083139939374067
78.2100000000029    16.3027529366965    0.135429747883952    0.00830717047665662
78.3090000000029    16.3161617420539    0.135459955861142    0.00830219496488577
78.4080000000029    16.3295748825625    0.135516659021132    0.00829884794893483
78.5070000000029    16.3429947681473    0.135595404183651    0.00829685171581456
78.6060000000029    16.3564233266201    0.135690932095927    0.00829588042485363
78.7050000000029    16.3698619320585    0.135797344269425    0.00829557053278997
78.8040000000029    16.3833113504688    0.135908288595498    0.00829553230651437
78.9030000000029    16.3967717055907    0.136017183494151    0.00829536362013104
79.0020000000029    16.4102424692104    0.136117488268562    0.00829466648795416
79.1010000000029    16.4237224799326    0.136203002753478    0.00829306528528463
79.2000000000029    16.4372099915856    0.136268159404867    0.00829022440393619
79.2990000000029    16.450702748548    0.136308269699849    0.00828586302867091
79.3980000000029    16.4641980822351    0.1363197035853    0.00827976576231727
79.4970000000029    16.4776930219856    0.136300002537994    0.00827178916102721
79.5960000000029    16.4911844143971    0.136247939795359    0.00826186502871269
79.6950000000029    16.5046690465897    0.136163541174538    0.0082500013050957
79.7940000000029    16.5181437698443    0.136048071976561    0.00823628089646077
79.8930000000029    16.5316056201987    0.135903987928284    0.00822085833950897
79.9920000000029    16.5450519322182    0.135734845644001    0.00820395404016136
80.0910000000029    16.5584804417924    0.135545170534632    0.00818584597850694
80.1900000000029    16.5718893738365    0.135340284721307    0.00816685905078394
80.2890000000029    16.5852775112403    0.135126101706994    0.0081473524706123
80.3880000000029    16.5986442422203    0.134908897045378    0.00812770579793644
80.4870000000029    16.6119895841897    0.134695064901447    0.00810830419913351
80.5860000000029    16.6253141832112    0.134490869639939    0.00808952349157725
80.6850000000029    16.6386192889309    0.134302199997653    0.00807171542695254
80.7840000000029    16.6519067055532    0.134134331821027    0.00805519356989285
80.883000000003    16.6651787199802    0.133991705046145    0.00804022010790077
80.982000000003    16.6784380088944    0.133877723087292    0.0080269940755781
81.081000000003    16.6916875276413    0.133794588805518    0.0080156418327359
81.180000000003    16.7049303855561    0.133743198822331    0.00800621108472094
81.279000000003    16.7181697147613    0.133723121261498    0.00799866992278629
81.378000000003    16.7314085416364    0.133732673000602    0.007992911814197
81.477000000003    16.7446496706179    0.133769087186572    0.0079887659531808
81.576000000003    16.7578955873992    0.133828727811883    0.0079860103623341
81.675000000003    16.7711483830303    0.133907286217496    0.00798438384535368
81.774000000003    16.7844096942321    0.13399990656611    0.00798359364477136
81.873000000003    16.7976806522265    0.13410123731631    0.00798331865527726
81.972000000003    16.8109618352183    0.134205467494352    0.00798321171684521
82.071000000003    16.8242532274171    0.134306436913473    0.00798290628998647
82.170000000003    16.8375541953859    0.134397880624757    0.00798203106372701
82.269000000003    16.8508634950038    0.134473793770813    0.0079802316249659
82.368000000003    16.8641793172257    0.134528832887169    0.00797719416738865
82.467000000003    16.8774993710165    0.13455865004365    0.00797266509010959
82.566000000003    16.89082099309    0.134560094531967    0.00796646264779047
82.665000000003    16.9041412707314    0.134531280022104    0.0079584805798469
82.764000000003    16.9174571663173    0.134471560827987    0.00794868634842594
82.863000000003    16.930765637185    0.134381469243462    0.0079371170875061
82.962000000003    16.9440637488043    0.134262645878789    0.00792387516178133
83.061000000003    16.9573487810212    0.134117768500712    0.00790912366270473
83.160000000003    16.970618326764    0.133950468465471    0.0078930811998889
83.259000000003    16.9838703812871    0.133765221273265    0.00787601519973023
83.358000000003    16.997103418969    0.133567204100557    0.00785823330059249
83.457000000003    17.0103164543886    0.133362121444922    0.00784007292295348
83.5560000000031    17.023509084826    0.133156005552485    0.00782188941709877
83.6550000000031    17.0366815120836    0.132954999383373    0.00780404325156116
83.7540000000031    17.0498345421747    0.13276512689868    0.0077868865278587
83.8530000000031    17.0629695616468    0.132592050269689    0.00777074880141157
83.9520000000031    17.0760884890487    0.132440809706166    0.00775592196017861
84.0510000000031    17.0891936996728    0.132315544284693    0.00774264407145354
84.1500000000031    17.1022879221633    0.132219206914188    0.00773108297064991
84.2490000000031    17.1153741081607    0.132153314197707    0.00772132197418316
84.3480000000031    17.1284552817412    0.13211780203919    0.00771335183856458
84.4470000000031    17.1415343831659    0.132111067096577    0.00770707359933421
84.5460000000031    17.1546141280168    0.132130237407549    0.00770231474876221
84.6450000000031    17.1676969031184    0.132171628725935    0.00769885614079814
84.7440000000031    17.1807847111962    0.132231241753285    0.00769646113236692
84.8430000000031    17.1938791586743    0.132305104514724    0.00769489556683176
84.9420000000031    17.2069814632671    0.132389316094168    0.007693930302464
85.0410000000031    17.2200924505728    0.132479796712541    0.00769332668177015
85.1400000000031    17.2332125180521    0.13257191930847    0.00769281520607943
85.2390000000031    17.2463415675028    0.132660285057846    0.00769208266800292
85.3380000000031    17.2594789314203    0.132738845583569    0.00769077943262369
85.4370000000031    17.2726233304487    0.132801395052941    0.0076885480863138
85.5360000000031    17.2857728915133    0.132842264223449    0.00768506361024042
85.6350000000031    17.2989252341181    0.132856961649504    0.00768007028479866
85.7340000000031    17.312077608829    0.132842564644065    0.00767340394640545
85.8330000000031    17.3252270592273    0.132797806184616    0.00766499658161123
85.9320000000031    17.338370580209    0.132722933960035    0.00765486775969206
86.0310000000031    17.3515052563435    0.132619469668699    0.00764311036474572
86.1300000000032    17.3646283759715    0.132489972374089    0.00762987663804103
86.2290000000032    17.3777375242231    0.132337852256717    0.00761536719450675
86.3280000000032    17.3908306601267    0.132167232367251    0.00759982285781674
86.4270000000032    17.4039061814205    0.131982833861165    0.00758351788876354
86.5260000000032    17.4169629781375    0.131789860777609    0.00756675322460278
86.6250000000032    17.4300004741647    0.131593871010512    0.00754984896331842
86.7240000000032    17.4430186551592    0.13140062952605    0.00753313587079062
86.8230000000032    17.4560180810023    0.131215942262767    0.00751694582658414
86.9220000000032    17.4689998806066    0.131045463885171    0.007501600823219
87.0210000000032    17.4819657257807    0.130894463632    0.00748739962571654
87.1200000000032    17.4949177790047    0.130767529481393    0.00747460097459418
87.2190000000032    17.5078586084572    0.130668203643941    0.00746340295327843
87.3180000000032    17.5207910646443    0.130598581305252    0.00745392036372091
87.4170000000032    17.5337181190219    0.130558964758221    0.00744616537530514
87.5160000000032    17.5466426769608    0.130547717149489    0.00744003964478637
87.6150000000032    17.5595673921209    0.130561455332231    0.00743534578140091
87.7140000000032    17.572494519067    0.130595623497395    0.00743182041432383
87.8130000000032    17.5854258369242    0.130645317594331    0.00742918134629495
87.9120000000032    17.5983626556022    0.130706072933278    0.00742717237342928
88.0110000000032    17.6113058845873    0.130774293436228    0.00742558753412353
88.1100000000032    17.6242561180269    0.130847140803412    0.00742426460028435
88.2090000000032    17.6372136840474    0.130921957830812    0.00742305219952228
88.3080000000032    17.6501786260487    0.130995535631384    0.00742176826686934
88.4070000000032    17.6631506201063    0.131063617118437    0.00742017208239421
88.5060000000032    17.6761288671439    0.131120910593918    0.0074179653010815
88.6050000000032    17.6891120136868    0.131161633810827    0.00741482295489686
88.7040000000032    17.7020981441652    0.131180363224031    0.00741044152821339
88.8030000000033    17.7150848586607    0.131172856360226    0.00740458526768486
88.9020000000033    17.7280694192389    0.131136584082259    0.00739711589463578
89.0010000000033    17.7410489301369    0.131070882782086    0.00738800074889789
89.1000000000033    17.7540205167344    0.130976799244099    0.0073773035871308
89.1990000000033    17.766981480031    0.130856776818803    0.0073651665008982
89.2980000000033    17.7799294179559    0.130714317139353    0.00735179055364217
89.3970000000033    17.7928623152953    0.130553691242518    0.00733741929370688
89.4960000000033    17.8057786082642    0.130379715010695    0.00732232596389701
89.5950000000033    17.8186772293285    0.130197570341254    0.00730680334267215
89.6940000000033    17.8315576354852    0.130012645758235    0.00729115472781284
89.7930000000033    17.844419820896    0.129830377479961    0.00727568499189468
89.8920000000033    17.8572643134463    0.129656083157235    0.00726069127282869
89.9910000000033    17.8700921544797    0.129494788714292    0.00724645332519058
90.0900000000033    17.882904861174    0.129351051208664    0.00723322369675526
90.1890000000033    17.8957043712097    0.129228777896487    0.0072212177411909
90.2880000000033    17.9084929691907    0.129131037755643    0.00721060325834211
90.3870000000033    17.9212731939333    0.129059864107439    0.00720148968830677
90.4860000000033    17.9340477262804    0.129016063238393    0.00719391769262071
90.5850000000033    17.9468192599609    0.128999073357458    0.00718785159023991
90.6840000000033    17.9595903638361    0.129006944340948    0.00718317855404544
90.7830000000033    17.972363350954    0.129036503312017    0.00717971814792892
90.8820000000033    17.9851401739231    0.129083715084005    0.00717724264785912
90.9810000000033    17.9979223625942    0.129144154886432    0.00717550349893929
91.0800000000033    18.0107110077609    0.129213436132202    0.00717425514609188
91.1790000000033    18.0235067782639    0.129287436593054    0.00717326756571993
91.2780000000033    18.0363099473187    0.129362259336045    0.00717232403489916
91.3770000000033    18.0491204044348    0.129434004470484    0.00717120843399555
91.4760000000034    18.0619376426067    0.129498531838985    0.00716969211174269
91.5750000000034    18.0747607294656    0.12955139964425    0.00716753054623035
91.6740000000034    18.0875882852902    0.129588067668597    0.0071644746455217
91.7730000000034    18.1004184927301    0.129604315998704    0.00716029389324666
91.8720000000034    18.1132491527345    0.129596731091701    0.00715480309462516
91.9710000000034    18.1260777851272    0.129563098423147    0.00714788383670384
92.0700000000034    18.1389017590532    0.12950260469785    0.00713949534641561
92.1690000000034    18.1517184333639    0.129415841745649    0.00712967437329655
92.2680000000034    18.1645252897333    0.129304667997047    0.00711852723561851
92.3670000000034    18.1773200480872    0.129172001286019    0.007106218130302
92.4660000000034    18.1901007605666    0.129021599399163    0.00709295682841199
92.5650000000034    18.2028658843967    0.128857855667625    0.00707898725870857
92.6640000000034    18.2156143355012    0.128685613757712    0.00706457720214857
92.7630000000034    18.2283455244478    0.128509994333751    0.00705000868901645
92.8620000000034    18.2410593754097    0.12833622364598    0.00703556854921413
92.9610000000034    18.2537563278919    0.128169455595994    0.0070215386517541
93.0600000000034    18.2664373202802    0.128014581825848    0.0070081855361976
93.1590000000034    18.2791037539274    0.127876028747198    0.00699574937965561
93.2580000000034    18.2917574366895    0.127757546928039    0.00698443259868425
93.3570000000034    18.3044005057728    0.127662006872981    0.00697438885434789
93.4560000000034    18.3170353316035    0.127591224451245    0.00696571372721567
93.5550000000034    18.3296644071086    0.127545846054227    0.00695843869376914
93.6540000000034    18.3422902298646    0.127525323992968    0.00695253004912843
93.7530000000034    18.3549151871938    0.127528002529909    0.00694789385999917
93.8520000000034    18.3675414552732    0.127551311912845    0.00694438677181948
93.9510000000034    18.3801709214749    0.127592034809687    0.00694183070194477
94.0500000000035    18.3928051340064    0.127646578451797    0.00694002777291383
94.1490000000035    18.4054452755565    0.127711175531379    0.00693877130486958
94.2480000000035    18.4180921509846    0.127781962620932    0.00693785010811237
94.3470000000035    18.4307461767168    0.127854943123715    0.00693704649273679
94.4460000000035    18.443407363466    0.127925905396158    0.00693613185866957
94.5450000000035    18.4560752928595    0.127990398524261    0.0069348654301264
94.6440000000035    18.4687490980605    0.128043845987696    0.00693300045974108
94.7430000000035    18.4814274633643    0.128081811011707    0.00693029860737779
94.8420000000035    18.4941086553575    0.128100354106673    0.00692654923218287
94.9410000000035    18.5067905899694    0.128096383377243    0.0069215882005317
95.0400000000035    18.5194709300191    0.128067908721925    0.00691531141498939
95.1390000000035    18.5321472012045    0.128014157772132    0.00690768081983568
95.2380000000035    18.5448169129446    0.127935563077098    0.00689872343726381
95.3370000000035    18.5574776732052    0.127833661258624    0.00688852566656733
95.4360000000035    18.5701272908761    0.127710949078546    0.00687722529189625
95.5350000000035    18.5827638631328    0.12757072768155    0.00686500289306496
95.6340000000035    18.5953858474041    0.127416948251408    0.00685207337438473
95.7330000000035    18.60799211817    0.12725405925858    0.00683867762037157
95.8320000000035    18.6205820085076    0.127086850119805    0.00682507399939166
95.9310000000035    18.6331553357733    0.126920286481799    0.00681152945889567
96.0300000000035    18.6457124104589    0.126759334797173    0.00679831008902992
96.1290000000035    18.658254027121    0.126608775554512    0.00678567112284342
96.2280000000035    18.6707814362523    0.126473005075258    0.00677384637097678
96.3270000000035    18.6832962960088    0.126355827277693    0.00676303716837618
96.4260000000035    18.6958006030683    0.126260242204642    0.00675340119876548
96.5250000000035    18.7082966030592    0.126188248842069    0.00674504213395004
96.6240000000035    18.7207866834104    0.126140693427194    0.00673800174962596
96.7230000000036    18.7332732551044    0.126117203992712    0.00673225667908024
96.8220000000036    18.7457586337896    0.126116247505007    0.00672772171928427
96.9210000000036    18.7582449332286    0.126135320504705    0.00672426023616242
97.0200000000036    18.7707339830861    0.126171240679521    0.00672169989693589
97.1190000000036    18.7832272775533    0.126220462772769    0.00671984962475576
97.2180000000036    18.7957259525059    0.126279323981687    0.00671851272468948
97.3170000000036    18.8082307804139    0.12634415041013    0.0067174925640374
97.4160000000036    18.8207421684804    0.126411221926145    0.00671659070585691
97.5150000000036    18.833260148962    0.126476666084327    0.00671560128644522
97.6140000000036    18.8457843600109    0.126536391468705    0.00671430751044801
97.7130000000036    18.8583140259009    0.126586152839875    0.00671248514930952
97.8120000000036    18.8708479516488    0.1266217744411    0.00670991440159616
97.9110000000036    18.8833845457653    0.126639481318855    0.00670639741577761
98.0100000000036    18.8959218772552    0.126636242738445    0.00670177637063982
98.1090000000036    18.9084577632945    0.126610035927245    0.0066959472587459
98.2080000000036    18.9209898768213    0.126559980960228    0.0066888667973586
98.3070000000036    18.9335158610127    0.126486348953242    0.00668055261800048
98.4060000000036    18.9460334397188    0.126390479607468    0.0066710786724624
98.5050000000036    18.9585405170679    0.126274651573275    0.00666056817293466
98.6040000000036    18.971035263285    0.126141937386515    0.00664918575269533
98.7030000000036    18.9835161860409    0.125996057293219    0.00663712960541354
98.8020000000036    18.9959821873571    0.125841233113196    0.00662462366367927
98.9010000000036    19.0084326058616    0.125682037531525    0.00661190957389977
99.0000000000036    19.0208672436912    0.125523233968412    0.00659923821349658
99.0990000000036    19.0332863769462    0.125369604121681    0.00658686059983487
99.1980000000036    19.0456907484127    0.125225762141708    0.00657501813905828
99.2970000000036    19.0580815412366    0.125095955857184    0.00656393223979597
99.3960000000037    19.0704603323773    0.124983857840612    0.00655379344086507
99.4950000000037    19.0828290251757    0.124892354458183    0.00654475048188163
99.5940000000037    19.0951897616239    0.124823350716291    0.0065369002494624
99.6930000000037    19.1075448172941    0.124777621190679    0.00653028017904967
99.7920000000037    19.1198964854105    0.124754746605626    0.00652486516863836
99.8910000000037    19.1322469604367    0.124753172191443    0.00652057086914142
99.9900000000037    19.1445982341271    0.124770400046344    0.00651726395719961
