0.75 1.514407608401694e-19 3.030541997140432e-06 18
1.5 1.344528189060576e-18 5.393701719637421e-05 62
2.25 4.379520154060814e-18 0.0001400249486175151 98
3 1.020686558224004e-17 0.000388601591026695 210
3.75 2.036412288449313e-17 0.0008647335163473657 350
4.5 3.497631974536253e-17 0.001366226599103076 450
5.25 5.219752909183539e-17 0.002099470630050394 602
6 7.537227106166294e-17 0.003416855422359341 762
6.75 1.342930890152857e-16 0.005541681135520163 1142
7.5 1.652900199436112e-16 0.006301767221048037 1250
8.25 2.148375272564948e-16 0.008497249484810393 1458
9 2.729796793784081e-16 0.01173860061207036 1814
9.75 3.451068075532369e-16 0.0152993368616226 2178
10.5 4.331677344628374e-16 0.01913195624341529 2498
11.25 4.974802593352948e-16 0.02141637570719268 2622
12 6.657603620015828e-16 0.03036708654402667 3338
12.75 8.052049602390003e-16 0.03614159207674183 3722
13.5 9.623515366234322e-16 0.04121985846629874 4170
14.25 1.067374992250424e-15 0.0467068371606001 4358
15 1.259409058750516e-15 0.05467669487383535 5034
15.75 1.588041928455661e-15 0.06729776383633002 5714
16.5 1.642594300426507e-15 0.07335688069295464 5982
17.25 1.901303923888256e-15 0.08157379231665984 6602
18 2.172951648124671e-15 0.09587582544523762 7130
18.75 2.499749993327228e-15 0.1119334066186877 8034
19.5 2.802354601597058e-15 0.1216291630880171 8606
20.25 3.064418369209151e-15 0.1373906556503728 9066
21 3.515123589336595e-15 0.1614957288716093 9962
21.75 3.903078344287015e-15 0.1716598881091477 10550
22.5 4.264258765482183e-15 0.1914478758866613 11226
23.25 4.784691132972802e-15 0.2106644163810182 12146
24 5.036890132479419e-15 0.2224204875569406 12606
24.75 5.789411649130033e-15 0.2566471953761892 13802
25.5 6.307269601109402e-15 0.2801068470458338 14754
26.25 6.770376983912701e-15 0.2963866821387941 15194
27 7.482881947752297e-15 0.3312511573317768 16454
27.75 8.125721514414098e-15 0.357811044589312 17154
28.5 8.813652771048891e-15 0.3877554154177567 18266
29.25 9.268655559070908e-15 0.4103863539010071 18750
30 1.036429562054648e-14 0.4523019667090854 20234
30.75 1.104388128946922e-14 0.5041105976804313 21450
31.5 1.189100212823991e-14 0.5174958917953063 21962
32.25 1.275382918274372e-14 0.5562571899377154 23462
33 1.350655270167338e-14 0.5972443825573298 24042
33.75 1.478033311745641e-14 0.6620656251661299 25946
34.5 1.537989870713622e-14 0.6730463571692873 26118
35.25 1.667277522711675e-14 0.7265195635680515 27506
36 1.758020869251022e-14 0.7861102312832009 29066
36.75 1.882458906393423e-14 0.8378157480820194 30450
37.5 2.001577105916617e-14 0.9097228607387823 31742
38.25 2.113237090070411e-14 0.9326316378321191 32250
39 2.284427194868722e-14 1.005128304899398 34250
39.75 2.403381925314976e-14 1.069209979914322 35454
40.5 2.462078834172768e-14 1.104554638110052 36434
41.25 2.613045843857375e-14 1.161811552867256 37682
42 2.838467547694304e-14 1.234458179476996 39294
42.75 3.029241271550447e-14 1.327447117976751 41426
43.5 3.111074442487497e-14 1.362414464477335 42066
44.25 3.281065500262676e-14 1.445855532171959 43490
45 3.446675600956298e-14 1.55008414924578 45702
45.75 3.625652673378723e-14 1.593787816756064 46634
46.5 3.848677211823985e-14 1.710702025150566 48554
47.25 3.891284609677207e-14 1.736062664458928 48870
48 4.210838678913634e-14 1.870147462071114 51554
48.75 4.447808529930743e-14 1.981769684903744 54090
49.5 4.57174065520692e-14 2.021306046918139 54314
50.25 4.858988094143764e-14 2.173528932070085 56910
51 4.939524944456757e-14 2.208819619252897 57482
51.75 5.308523650279313e-14 2.356061888555371 60626
52.5 5.412000834632732e-14 2.420420873404973 61206
53.25 5.619895434334674e-14 2.485373650309157 62570
54 6.022967440659098e-14 2.674144895968428 65730
54.75 6.195625661622334e-14 2.7467265213797 66686
55.5 6.618811267036129e-14 2.899333823856277 69698
56.25 6.626536022580538e-14 2.971698088506936 70026
57 7.081859823093914e-14 3.100925498437571 72746
57.75 7.380588799602093e-14 3.21531848293459 74910
58.5 7.48761798763087e-14 3.324963414808797 75722
59.25 7.926728861266875e-14 3.495652373775559 78378
60 8.087194087780051e-14 3.611267674520792 80030
60.75 8.62680076350653e-14 3.805212604613045 83186
61.5 8.796927745331597e-14 3.922263147899931 84666
62.25 9.172143551778573e-14 4.061225617152258 86546
63 9.428426100666206e-14 4.223563735838325 88134
63.75 9.862470393627186e-14 4.427312419533539 91538
64.5 1.011545427092149e-13 4.538449563546643 93138
65.25 1.031976461533937e-13 4.66260637573343 94478
66 1.092592238053414e-13 4.845998073503941 97274
66.75 1.133108218423635e-13 5.008023942034486 99690
67.5 1.179651046797766e-13 5.209808485654238 102590
68.25 1.20004987019582e-13 5.344107874517449 103770
69 1.242706002063201e-13 5.558335958728111 106346
69.75 1.275021339781323e-13 5.727531384700236 108546
70.5 1.331431759014519e-13 5.85369308407967 110726
71.25 1.351246800993017e-13 6.059979283372685 112322
72 1.411318501955747e-13 6.259891145016791 115890
72.75 1.465335622695287e-13 6.478444444281072 118766
73.5 1.539380226585931e-13 6.780272509025377 122298
74.25 1.5395581564443e-13 6.845781639274451 122090
75 1.607686258509507e-13 7.076196651946345 125810
75.75 1.643190906216018e-13 7.287125305918533 128190
76.5 1.695862595600723e-13 7.519233367569088 130994
77.25 1.756728450667866e-13 7.783767374508686 133722
78 1.773936409500268e-13 7.8477102092079 133886
78.75 1.876130263216444e-13 8.327998928947645 140538
79.5 1.900640310966716e-13 8.407590436506357 140594
80.25 1.955802063351538e-13 8.727134558010389 143594
81 2.010998378659526e-13 8.974834343034553 146310
81.75 2.08703313230324e-13 9.266523051758094 150650
82.5 2.118629441043639e-13 9.482127405264446 151914
83.25 2.165315052223043e-13 9.6348638657721 153398
84 2.250563704306975e-13 9.969586469856322 157866
84.75 2.310876509788567e-13 10.24470816897665 160658
85.5 2.378707093181638e-13 10.59356020038551 164102
86.25 2.416653353745019e-13 10.6933640343487 164994
87 2.50423249697201e-13 11.14161749878938 169850
87.75 2.594177454936048e-13 11.45577921146842 172986
88.5 2.616692304253011e-13 11.59586730540875 173894
89.25 2.682478725620896e-13 11.93815606469053 176778
90 2.76829462919053e-13 12.35972664619503 181802
90.75 2.851595736505401e-13 12.68375086394443 184430
91.5 2.905049287941496e-13 12.91721090172201 187242
92.25 2.978117065774222e-13 13.25445540655406 190250
93 3.038852977524326e-13 13.56858686265169 192570
93.75 3.141615806652054e-13 13.94993980659486 198254
94.5 3.184638463118748e-13 14.14678141600031 198074
95.25 3.270971043052054e-13 14.57320477178041 202050
96 3.321494246345824e-13 14.71034186023785 204287
96.75 3.374200748135465e-13 15.02831875775072 205824
97.5 3.338993128752344e-13 14.85806220620188 202532
98.25 3.319577297715841e-13 14.68987004085236 199068
99 3.379693391991211e-13 14.98499024938052 201056
99.75 2.724757169732773e-13 12.18484469160187 196616
100.5 3.719697411104093e-44 1.664973159079417e-30 195816
101.25 3.634298048689298e-44 1.617203082680799e-30 191756
102 3.574476213620656e-44 1.611302737005291e-30 191952
102.75 3.573762739906276e-44 1.597448901924111e-30 191024
103.5 3.477339888469509e-44 1.546633596402162e-30 186648
104.25 3.41418587767766e-44 1.514243331193301e-30 183896
105 3.380565433949667e-44 1.511023235294392e-30 183272
105.75 3.342862180770458e-44 1.483127467721059e-30 180840
106.5 3.310874410346434e-44 1.476928519862734e-30 178880
107.25 3.217438852532314e-44 1.432999046530695e-30 174984
108 3.18665793259901e-44 1.437821985635279e-30 173720
108.75 3.152159078323303e-44 1.397020852798672e-30 171380
109.5 3.110403264128821e-44 1.381152361165508e-30 169164
110.25 3.041469165145318e-44 1.362564270166922e-30 166616
111 2.977182490889824e-44 1.333564838736866e-30 163644
111.75 2.959668410257127e-44 1.316303956897326e-30 161852
112.5 2.886857272666078e-44 1.286765484474506e-30 158256
113.25 2.793923624312502e-44 1.249483657042368e-30 154724
114 2.775001533248221e-44 1.229094574877339e-30 153056
114.75 2.692654899077642e-44 1.196269011677064e-30 149592
115.5 2.658468014944716e-44 1.180926939821382e-30 147980
116.25 2.568175565637876e-44 1.130875723201113e-30 142884
117 2.511121658741276e-44 1.117578927419915e-30 141752
117.75 2.426574648525552e-44 1.089771961404845e-30 138348
118.5 2.353757887121459e-44 1.046139429567611e-30 134084
119.25 2.311658435490513e-44 1.02835594365116e-30 131756
120 2.245416133915036e-44 9.940758586319398e-31 128460
120.75 2.184780642103311e-44 9.804137064378863e-31 126800
121.5 2.094875475303207e-44 9.323100380071519e-31 121716
122.25 2.040082063792302e-44 9.193549380478512e-31 118844
123 1.963132137941885e-44 8.609190595990911e-31 114900
123.75 1.897222756276745e-44 8.433448713788471e-31 112556
124.5 1.787436625299892e-44 8.014705063012973e-31 107972
125.25 1.731059078323044e-44 7.684224494234345e-31 104784
126 1.65899148950947e-44 7.377914860098483e-31 101564
126.75 1.568404143694049e-44 7.042377247922689e-31 97932
127.5 1.484732386331901e-44 6.612278875115236e-31 94076
128.25 1.418892175982831e-44 6.276350148252496e-31 89960
129 1.328900075763301e-44 5.950630480833554e-31 85968
129.75 1.271546456139136e-44 5.672147011331347e-31 83600
130.5 1.186705427109514e-44 5.29140044654147e-31 78468
131.25 1.097628089616479e-44 4.936531930284876e-31 74168
132 1.04663381585884e-44 4.626891518624582e-31 70944
132.75 9.445835417132789e-45 4.248448505574345e-31 66788
133.5 8.923058737088774e-45 3.936699070572856e-31 62648
134.25 8.068134380168036e-45 3.545502250194601e-31 58224
135 7.389246734513449e-45 3.264347542407679e-31 54536
135.75 6.65210158013757e-45 2.952688720359425e-31 50301
136.5 5.88128005573529e-45 2.624760558661721e-31 46208
137.25 5.415867403861926e-45 2.401402025773496e-31 42990
138 4.956916410407488e-45 2.208223112835551e-31 40370
138.75 4.524094553025237e-45 2.048223460235501e-31 37634
139.5 4.227442198733627e-45 1.852511934438307e-31 34500
140.25 3.94833187569185e-45 1.756572664066494e-31 32756
141 3.633650871624835e-45 1.616529856612563e-31 29916
141.75 3.407420650613804e-45 1.544644927363713e-31 28268
142.5 3.130331672162414e-45 1.379977952648952e-31 25710
143.25 2.911413002043713e-45 1.295157779476603e-31 24350
144 2.625423091383959e-45 1.200483618561818e-31 22406
144.75 2.449070531730668e-45 1.092410047857863e-31 20622
145.5 2.279289439110474e-45 1.050216882452323e-31 19166
146.25 2.073620325036316e-45 9.273767532774629e-32 17544
147 1.951416987176988e-45 8.538852402830383e-32 16334
147.75 1.739249361987521e-45 7.685661749653953e-32 14576
148.5 1.567482943655843e-45 7.133353804414719e-32 13398
149.25 1.476007099117346e-45 6.516697322791441e-32 12536
150 1.30150101402121e-45 5.745061469072049e-32 11022
150.75 1.1520471967159e-45 5.138962647242924e-32 9800
151.5 1.094284320415052e-45 4.909223685689087e-32 9372
152.25 9.04779702048485e-46 4.21490447845648e-32 8000
153 8.045805657481014e-46 3.57241919847794e-32 7070
153.75 7.236442544219279e-46 3.161658407237238e-32 6216
154.5 6.920989412627172e-46 2.989135126779881e-32 5984
155.25 5.656205292586624e-46 2.387259338061665e-32 4872
156 4.451841739547107e-46 1.952614967153486e-32 3848
156.75 4.155526393459579e-46 1.788940066228281e-32 3624
157.5 3.720131567810692e-46 1.63907071628763e-32 3296
158.25 2.94460497659668e-46 1.233929484570492e-32 2624
159 1.735225272464907e-46 8.036868670222819e-33 1644
159.75 1.932388222581516e-46 7.779108437424553e-33 1712
160.5 1.630694689436272e-46 6.98322068923553e-33 1464
161.25 1.037168632328621e-46 4.499083583816427e-33 1058
162 4.307694770366243e-47 1.748627394383847e-33 408
162.75 5.921704072391339e-47 2.496797717593956e-33 584
163.5 3.890583158165053e-47 1.443103988778066e-33 344
164.25 1.659454215972333e-47 7.250873626594893e-34 168
165 5.405288650021063e-48 1.350837119512295e-34 38
165.75 1.729097493491513e-48 5.599514351338614e-35 25


0.75 -nan -nan 18
1.5 -nan -nan 62
2.25 -nan -nan 98
3 -nan -nan 210
3.75 -nan -nan 350
4.5 -nan -nan 450
5.25 -nan -nan 602
6 -nan -nan 762
6.75 -nan -nan 1142
7.5 -nan -nan 1250
8.25 -nan -nan 1458
9 -nan -nan 1814
9.75 -nan -nan 2178
10.5 -nan -nan 2498
11.25 -nan -nan 2622
12 nan -nan 3338
12.75 nan -nan 3722
13.5 nan -nan 4170
14.25 nan -nan 4358
15 nan -nan 5034
15.75 nan -nan 5714
16.5 nan -nan 5982
17.25 nan -nan 6602
18 nan -nan 7130
18.75 nan -nan 8034
19.5 nan -nan 8606
20.25 nan -nan 9066
21 nan -nan 9962
21.75 nan -nan 10550
22.5 nan -nan 11226
23.25 nan -nan 12146
24 -nan -nan 12606
24.75 -nan -nan 13802
25.5 -nan -nan 14754
26.25 -nan -nan 15194
27 -nan -nan 16454
27.75 -nan -nan 17154
28.5 -nan -nan 18266
29.25 -nan -nan 18750
30 -nan -nan 20234
30.75 -nan -nan 21450
31.5 -nan -nan 21962
32.25 -nan -nan 23462
33 -nan -nan 24042
33.75 -nan -nan 25946
34.5 -nan -nan 26118
35.25 -nan -nan 27506
36 -nan -nan 29066
36.75 nan -nan 30450
37.5 nan -nan 31742
38.25 nan -nan 32250
39 nan -nan 34250
39.75 nan -nan 35454
40.5 nan -nan 36434
41.25 nan -nan 37682
42 nan -nan 39294
42.75 nan -nan 41426
43.5 nan -nan 42066
44.25 nan -nan 43490
45 nan -nan 45702
45.75 nan -nan 46634
46.5 nan -nan 48554
47.25 nan -nan 48870
48 -nan -nan 51554
48.75 -nan -nan 54090
49.5 -nan -nan 54314
50.25 -nan -nan 56910
51 -nan -nan 57482
51.75 -nan -nan 60626
52.5 -nan -nan 61206
53.25 -nan -nan 62570
54 -nan -nan 65730
54.75 -nan -nan 66686
55.5 -nan -nan 69698
56.25 -nan -nan 70026
57 -nan -nan 72746
57.75 -nan -nan 74910
58.5 -nan -nan 75722
59.25 -nan -nan 78378
60 -nan -nan 80030
60.75 nan -nan 83186
61.5 nan -nan 84666
62.25 nan -nan 86546
63 nan -nan 88134
63.75 nan -nan 91538
64.5 nan -nan 93138
65.25 nan -nan 94478
66 nan -nan 97274
66.75 nan -nan 99690
67.5 nan -nan 102590
68.25 nan -nan 103770
69 nan -nan 106346
69.75 nan -nan 108546
70.5 nan -nan 110726
71.25 nan -nan 112322
72 -nan -nan 115890
72.75 -nan -nan 118766
73.5 -nan -nan 122298
74.25 -nan -nan 122090
75 -nan -nan 125810
75.75 -nan -nan 128190
76.5 -nan -nan 130994
77.25 -nan -nan 133722
78 -nan -nan 133886
78.75 -nan -nan 140538
79.5 -nan -nan 140594
80.25 -nan -nan 143594
81 -nan -nan 146310
81.75 -nan -nan 150650
82.5 -nan -nan 151914
83.25 -nan -nan 153398
84 -nan -nan 157866
84.75 nan -nan 160658
85.5 nan -nan 164102
86.25 nan -nan 164994
87 nan -nan 169850
87.75 nan -nan 172986
88.5 nan -nan 173894
89.25 nan -nan 176778
90 nan -nan 181802
90.75 nan -nan 184430
91.5 nan -nan 187242
92.25 nan -nan 190250
93 nan -nan 192570
93.75 nan -nan 198254
94.5 nan -nan 198074
95.25 nan -nan 202050
96 nan -nan 204287
96.75 nan -nan 205824
97.5 nan -nan 202532
98.25 nan -nan 199068
99 nan -nan 201056
99.75 -nan -nan 196616
100.5 nan -nan 195816
101.25 nan -nan 191756
102 nan -nan 191952
102.75 nan -nan 191024
103.5 nan -nan 186648
104.25 nan -nan 183896
105 nan -nan 183272
105.75 nan -nan 180840
106.5 nan -nan 178880
107.25 nan -nan 174984
108 nan -nan 173720
108.75 nan -nan 171380
109.5 nan -nan 169164
110.25 nan -nan 166616
111 nan -nan 163644
111.75 nan -nan 161852
112.5 nan -nan 158256
113.25 nan -nan 154724
114 nan -nan 153056
114.75 nan -nan 149592
115.5 nan -nan 147980
116.25 nan -nan 142884
117 nan -nan 141752
117.75 nan -nan 138348
118.5 -nan -nan 134084
119.25 nan -nan 131756
120 nan -nan 128460
120.75 nan -nan 126800
121.5 nan -nan 121716
122.25 -nan -nan 118844
123 nan -nan 114900
123.75 nan -nan 112556
124.5 nan -nan 107972
125.25 nan -nan 104784
126 -nan -nan 101564
126.75 nan -nan 97932
127.5 nan -nan 94076
128.25 nan -nan 89960
129 nan -nan 85968
129.75 nan -nan 83600
130.5 nan -nan 78468
131.25 nan -nan 74168
132 nan -nan 70944
132.75 nan -nan 66788
133.5 nan -nan 62648
134.25 -nan -nan 58224
135 nan -nan 54536
135.75 nan -nan 50301
136.5 nan -nan 46208
137.25 nan -nan 42990
138 nan -nan 40370
138.75 nan -nan 37634
139.5 nan -nan 34500
140.25 nan -nan 32756
141 nan -nan 29916
141.75 nan -nan 28268
142.5 nan -nan 25710
143.25 -nan -nan 24350
144 nan -nan 22406
144.75 nan -nan 20622
145.5 nan -nan 19166
146.25 nan -nan 17544
147 nan -nan 16334
147.75 nan -nan 14576
148.5 nan -nan 13398
149.25 nan -nan 12536
150 -nan -nan 11022
150.75 nan -nan 9800
151.5 nan -nan 9372
152.25 nan -nan 8000
153 nan -nan 7070
153.75 nan -nan 6216
154.5 nan -nan 5984
155.25 nan -nan 4872
156 nan -nan 3848
156.75 nan -nan 3624
157.5 nan -nan 3296
158.25 nan -nan 2624
159 nan -nan 1644
159.75 nan -nan 1712
160.5 nan -nan 1464
161.25 nan -nan 1058
162 nan -nan 408
162.75 nan -nan 584
163.5 nan -nan 344
164.25 nan -nan 168
165 -nan -nan 38
165.75 nan -nan 25


0.75 -nan -nan 18
1.5 -nan -nan 62
2.25 -nan -nan 98
3 -nan -nan 210
3.75 -nan -nan 350
4.5 -nan -nan 450
5.25 -nan -nan 602
6 -nan -nan 762
6.75 -nan -nan 1142
7.5 -nan -nan 1250
8.25 -nan -nan 1458
9 -nan -nan 1814
9.75 -nan -nan 2178
10.5 -nan -nan 2498
11.25 -nan -nan 2622
12 nan -nan 3338
12.75 nan -nan 3722
13.5 nan -nan 4170
14.25 nan -nan 4358
15 nan -nan 5034
15.75 nan -nan 5714
16.5 nan -nan 5982
17.25 nan -nan 6602
18 nan -nan 7130
18.75 nan -nan 8034
19.5 nan -nan 8606
20.25 nan -nan 9066
21 nan -nan 9962
21.75 nan -nan 10550
22.5 nan -nan 11226
23.25 nan -nan 12146
24 -nan -nan 12606
24.75 -nan -nan 13802
25.5 -nan -nan 14754
26.25 -nan -nan 15194
27 -nan -nan 16454
27.75 -nan -nan 17154
28.5 -nan -nan 18266
29.25 -nan -nan 18750
30 -nan -nan 20234
30.75 -nan -nan 21450
31.5 -nan -nan 21962
32.25 -nan -nan 23462
33 -nan -nan 24042
33.75 -nan -nan 25946
34.5 -nan -nan 26118
35.25 -nan -nan 27506
36 -nan -nan 29066
36.75 nan -nan 30450
37.5 nan -nan 31742
38.25 nan -nan 32250
39 nan -nan 34250
39.75 nan -nan 35454
40.5 nan -nan 36434
41.25 nan -nan 37682
42 nan -nan 39294
42.75 nan -nan 41426
43.5 nan -nan 42066
44.25 nan -nan 43490
45 nan -nan 45702
45.75 nan -nan 46634
46.5 nan -nan 48554
47.25 nan -nan 48870
48 -nan -nan 51554
48.75 -nan -nan 54090
49.5 -nan -nan 54314
50.25 -nan -nan 56910
51 -nan -nan 57482
51.75 -nan -nan 60626
52.5 -nan -nan 61206
53.25 -nan -nan 62570
54 -nan -nan 65730
54.75 -nan -nan 66686
55.5 -nan -nan 69698
56.25 -nan -nan 70026
57 -nan -nan 72746
57.75 -nan -nan 74910
58.5 -nan -nan 75722
59.25 -nan -nan 78378
60 -nan -nan 80030
60.75 nan -nan 83186
61.5 nan -nan 84666
62.25 nan -nan 86546
63 nan -nan 88134
63.75 nan -nan 91538
64.5 nan -nan 93138
65.25 nan -nan 94478
66 nan -nan 97274
66.75 nan -nan 99690
67.5 nan -nan 102590
68.25 nan -nan 103770
69 nan -nan 106346
69.75 nan -nan 108546
70.5 nan -nan 110726
71.25 nan -nan 112322
72 -nan -nan 115890
72.75 -nan -nan 118766
73.5 -nan -nan 122298
74.25 -nan -nan 122090
75 -nan -nan 125810
75.75 -nan -nan 128190
76.5 -nan -nan 130994
77.25 -nan -nan 133722
78 -nan -nan 133886
78.75 -nan -nan 140538
79.5 -nan -nan 140594
80.25 -nan -nan 143594
81 -nan -nan 146310
81.75 -nan -nan 150650
82.5 -nan -nan 151914
83.25 -nan -nan 153398
84 -nan -nan 157866
84.75 nan -nan 160658
85.5 nan -nan 164102
86.25 nan -nan 164994
87 nan -nan 169850
87.75 nan -nan 172986
88.5 nan -nan 173894
89.25 nan -nan 176778
90 nan -nan 181802
90.75 nan -nan 184430
91.5 nan -nan 187242
92.25 nan -nan 190250
93 nan -nan 192570
93.75 nan -nan 198254
94.5 nan -nan 198074
95.25 nan -nan 202050
96 nan -nan 204287
96.75 nan -nan 205824
97.5 nan -nan 202532
98.25 nan -nan 199068
99 nan -nan 201056
99.75 -nan -nan 196616
100.5 nan -nan 195816
101.25 nan -nan 191756
102 nan -nan 191952
102.75 nan -nan 191024
103.5 nan -nan 186648
104.25 nan -nan 183896
105 nan -nan 183272
105.75 nan -nan 180840
106.5 nan -nan 178880
107.25 nan -nan 174984
108 nan -nan 173720
108.75 nan -nan 171380
109.5 nan -nan 169164
110.25 nan -nan 166616
111 nan -nan 163644
111.75 nan -nan 161852
112.5 nan -nan 158256
113.25 nan -nan 154724
114 nan -nan 153056
114.75 nan -nan 149592
115.5 nan -nan 147980
116.25 nan -nan 142884
117 nan -nan 141752
117.75 nan -nan 138348
118.5 -nan -nan 134084
119.25 nan -nan 131756
120 nan -nan 128460
120.75 nan -nan 126800
121.5 nan -nan 121716
122.25 -nan -nan 118844
123 nan -nan 114900
123.75 nan -nan 112556
124.5 nan -nan 107972
125.25 nan -nan 104784
126 -nan -nan 101564
126.75 nan -nan 97932
127.5 nan -nan 94076
128.25 nan -nan 89960
129 nan -nan 85968
129.75 nan -nan 83600
130.5 nan -nan 78468
131.25 nan -nan 74168
132 nan -nan 70944
132.75 nan -nan 66788
133.5 nan -nan 62648
134.25 -nan -nan 58224
135 nan -nan 54536
135.75 nan -nan 50301
136.5 nan -nan 46208
137.25 nan -nan 42990
138 nan -nan 40370
138.75 nan -nan 37634
139.5 nan -nan 34500
140.25 nan -nan 32756
141 nan -nan 29916
141.75 nan -nan 28268
142.5 nan -nan 25710
143.25 -nan -nan 24350
144 nan -nan 22406
144.75 nan -nan 20622
145.5 nan -nan 19166
146.25 nan -nan 17544
147 nan -nan 16334
147.75 nan -nan 14576
148.5 nan -nan 13398
149.25 nan -nan 12536
150 -nan -nan 11022
150.75 nan -nan 9800
151.5 nan -nan 9372
152.25 nan -nan 8000
153 nan -nan 7070
153.75 nan -nan 6216
154.5 nan -nan 5984
155.25 nan -nan 4872
156 nan -nan 3848
156.75 nan -nan 3624
157.5 nan -nan 3296
158.25 nan -nan 2624
159 nan -nan 1644
159.75 nan -nan 1712
160.5 nan -nan 1464
161.25 nan -nan 1058
162 nan -nan 408
162.75 nan -nan 584
163.5 nan -nan 344
164.25 nan -nan 168
165 -nan -nan 38
165.75 nan -nan 25


0.75 -nan -nan 18
1.5 -nan -nan 62
2.25 -nan -nan 98
3 -nan -nan 210
3.75 -nan -nan 350
4.5 -nan -nan 450
5.25 -nan -nan 602
6 -nan -nan 762
6.75 -nan -nan 1142
7.5 -nan -nan 1250
8.25 -nan -nan 1458
9 -nan -nan 1814
9.75 -nan -nan 2178
10.5 -nan -nan 2498
11.25 -nan -nan 2622
12 nan -nan 3338
12.75 nan -nan 3722
13.5 nan -nan 4170
14.25 nan -nan 4358
15 nan -nan 5034
15.75 nan -nan 5714
16.5 nan -nan 5982
17.25 nan -nan 6602
18 nan -nan 7130
18.75 nan -nan 8034
19.5 nan -nan 8606
20.25 nan -nan 9066
21 nan -nan 9962
21.75 nan -nan 10550
22.5 nan -nan 11226
23.25 nan -nan 12146
24 -nan -nan 12606
24.75 -nan -nan 13802
25.5 -nan -nan 14754
26.25 -nan -nan 15194
27 -nan -nan 16454
27.75 -nan -nan 17154
28.5 -nan -nan 18266
29.25 -nan -nan 18750
30 -nan -nan 20234
30.75 -nan -nan 21450
31.5 -nan -nan 21962
32.25 -nan -nan 23462
33 -nan -nan 24042
33.75 -nan -nan 25946
34.5 -nan -nan 26118
35.25 -nan -nan 27506
36 -nan -nan 29066
36.75 nan -nan 30450
37.5 nan -nan 31742
38.25 nan -nan 32250
39 nan -nan 34250
39.75 nan -nan 35454
40.5 nan -nan 36434
41.25 nan -nan 37682
42 nan -nan 39294
42.75 nan -nan 41426
43.5 nan -nan 42066
44.25 nan -nan 43490
45 nan -nan 45702
45.75 nan -nan 46634
46.5 nan -nan 48554
47.25 nan -nan 48870
48 -nan -nan 51554
48.75 -nan -nan 54090
49.5 -nan -nan 54314
50.25 -nan -nan 56910
51 -nan -nan 57482
51.75 -nan -nan 60626
52.5 -nan -nan 61206
53.25 -nan -nan 62570
54 -nan -nan 65730
54.75 -nan -nan 66686
55.5 -nan -nan 69698
56.25 -nan -nan 70026
57 -nan -nan 72746
57.75 -nan -nan 74910
58.5 -nan -nan 75722
59.25 -nan -nan 78378
60 -nan -nan 80030
60.75 nan -nan 83186
61.5 nan -nan 84666
62.25 nan -nan 86546
63 nan -nan 88134
63.75 nan -nan 91538
64.5 nan -nan 93138
65.25 nan -nan 94478
66 nan -nan 97274
66.75 nan -nan 99690
67.5 nan -nan 102590
68.25 nan -nan 103770
69 nan -nan 106346
69.75 nan -nan 108546
70.5 nan -nan 110726
71.25 nan -nan 112322
72 -nan -nan 115890
72.75 -nan -nan 118766
73.5 -nan -nan 122298
74.25 -nan -nan 122090
75 -nan -nan 125810
75.75 -nan -nan 128190
76.5 -nan -nan 130994
77.25 -nan -nan 133722
78 -nan -nan 133886
78.75 -nan -nan 140538
79.5 -nan -nan 140594
80.25 -nan -nan 143594
81 -nan -nan 146310
81.75 -nan -nan 150650
82.5 -nan -nan 151914
83.25 -nan -nan 153398
84 -nan -nan 157866
84.75 nan -nan 160658
85.5 nan -nan 164102
86.25 nan -nan 164994
87 nan -nan 169850
87.75 nan -nan 172986
88.5 nan -nan 173894
89.25 nan -nan 176778
90 nan -nan 181802
90.75 nan -nan 184430
91.5 nan -nan 187242
92.25 nan -nan 190250
93 nan -nan 192570
93.75 nan -nan 198254
94.5 nan -nan 198074
95.25 nan -nan 202050
96 nan -nan 204287
96.75 nan -nan 205824
97.5 nan -nan 202532
98.25 nan -nan 199068
99 nan -nan 201056
99.75 -nan -nan 196616
100.5 nan -nan 195816
101.25 nan -nan 191756
102 nan -nan 191952
102.75 nan -nan 191024
103.5 nan -nan 186648
104.25 nan -nan 183896
105 nan -nan 183272
105.75 nan -nan 180840
106.5 nan -nan 178880
107.25 nan -nan 174984
108 nan -nan 173720
108.75 nan -nan 171380
109.5 nan -nan 169164
110.25 nan -nan 166616
111 nan -nan 163644
111.75 nan -nan 161852
112.5 nan -nan 158256
113.25 nan -nan 154724
114 nan -nan 153056
114.75 nan -nan 149592
115.5 nan -nan 147980
116.25 nan -nan 142884
117 nan -nan 141752
117.75 nan -nan 138348
118.5 -nan -nan 134084
119.25 nan -nan 131756
120 nan -nan 128460
120.75 nan -nan 126800
121.5 nan -nan 121716
122.25 -nan -nan 118844
123 nan -nan 114900
123.75 nan -nan 112556
124.5 nan -nan 107972
125.25 nan -nan 104784
126 -nan -nan 101564
126.75 nan -nan 97932
127.5 nan -nan 94076
128.25 nan -nan 89960
129 nan -nan 85968
129.75 nan -nan 83600
130.5 nan -nan 78468
131.25 nan -nan 74168
132 nan -nan 70944
132.75 nan -nan 66788
133.5 nan -nan 62648
134.25 -nan -nan 58224
135 nan -nan 54536
135.75 nan -nan 50301
136.5 nan -nan 46208
137.25 nan -nan 42990
138 nan -nan 40370
138.75 nan -nan 37634
139.5 nan -nan 34500
140.25 nan -nan 32756
141 nan -nan 29916
141.75 nan -nan 28268
142.5 nan -nan 25710
143.25 -nan -nan 24350
144 nan -nan 22406
144.75 nan -nan 20622
145.5 nan -nan 19166
146.25 nan -nan 17544
147 nan -nan 16334
147.75 nan -nan 14576
148.5 nan -nan 13398
149.25 nan -nan 12536
150 -nan -nan 11022
150.75 nan -nan 9800
151.5 nan -nan 9372
152.25 nan -nan 8000
153 nan -nan 7070
153.75 nan -nan 6216
154.5 nan -nan 5984
155.25 nan -nan 4872
156 nan -nan 3848
156.75 nan -nan 3624
157.5 nan -nan 3296
158.25 nan -nan 2624
159 nan -nan 1644
159.75 nan -nan 1712
160.5 nan -nan 1464
161.25 nan -nan 1058
162 nan -nan 408
162.75 nan -nan 584
163.5 nan -nan 344
164.25 nan -nan 168
165 -nan -nan 38
165.75 nan -nan 25


0.75 -nan -nan 18
1.5 -nan -nan 62
2.25 -nan -nan 98
3 -nan -nan 210
3.75 -nan -nan 350
4.5 -nan -nan 450
5.25 -nan -nan 602
6 -nan -nan 762
6.75 -nan -nan 1142
7.5 -nan -nan 1250
8.25 -nan -nan 1458
9 -nan -nan 1814
9.75 -nan -nan 2178
10.5 -nan -nan 2498
11.25 -nan -nan 2622
12 nan -nan 3338
12.75 nan -nan 3722
13.5 nan -nan 4170
14.25 nan -nan 4358
15 nan -nan 5034
15.75 nan -nan 5714
16.5 nan -nan 5982
17.25 nan -nan 6602
18 nan -nan 7130
18.75 nan -nan 8034
19.5 nan -nan 8606
20.25 nan -nan 9066
21 nan -nan 9962
21.75 nan -nan 10550
22.5 nan -nan 11226
23.25 nan -nan 12146
24 -nan -nan 12606
24.75 -nan -nan 13802
25.5 -nan -nan 14754
26.25 -nan -nan 15194
27 -nan -nan 16454
27.75 -nan -nan 17154
28.5 -nan -nan 18266
29.25 -nan -nan 18750
30 -nan -nan 20234
30.75 -nan -nan 21450
31.5 -nan -nan 21962
32.25 -nan -nan 23462
33 -nan -nan 24042
33.75 -nan -nan 25946
34.5 -nan -nan 26118
35.25 -nan -nan 27506
36 -nan -nan 29066
36.75 nan -nan 30450
37.5 nan -nan 31742
38.25 nan -nan 32250
39 nan -nan 34250
39.75 nan -nan 35454
40.5 nan -nan 36434
41.25 nan -nan 37682
42 nan -nan 39294
42.75 nan -nan 41426
43.5 nan -nan 42066
44.25 nan -nan 43490
45 nan -nan 45702
45.75 nan -nan 46634
46.5 nan -nan 48554
47.25 nan -nan 48870
48 -nan -nan 51554
48.75 -nan -nan 54090
49.5 -nan -nan 54314
50.25 -nan -nan 56910
51 -nan -nan 57482
51.75 -nan -nan 60626
52.5 -nan -nan 61206
53.25 -nan -nan 62570
54 -nan -nan 65730
54.75 -nan -nan 66686
55.5 -nan -nan 69698
56.25 -nan -nan 70026
57 -nan -nan 72746
57.75 -nan -nan 74910
58.5 -nan -nan 75722
59.25 -nan -nan 78378
60 -nan -nan 80030
60.75 nan -nan 83186
61.5 nan -nan 84666
62.25 nan -nan 86546
63 nan -nan 88134
63.75 nan -nan 91538
64.5 nan -nan 93138
65.25 nan -nan 94478
66 nan -nan 97274
66.75 nan -nan 99690
67.5 nan -nan 102590
68.25 nan -nan 103770
69 nan -nan 106346
69.75 nan -nan 108546
70.5 nan -nan 110726
71.25 nan -nan 112322
72 -nan -nan 115890
72.75 -nan -nan 118766
73.5 -nan -nan 122298
74.25 -nan -nan 122090
75 -nan -nan 125810
75.75 -nan -nan 128190
76.5 -nan -nan 130994
77.25 -nan -nan 133722
78 -nan -nan 133886
78.75 -nan -nan 140538
79.5 -nan -nan 140594
80.25 -nan -nan 143594
81 -nan -nan 146310
81.75 -nan -nan 150650
82.5 -nan -nan 151914
83.25 -nan -nan 153398
84 -nan -nan 157866
84.75 nan -nan 160658
85.5 nan -nan 164102
86.25 nan -nan 164994
87 nan -nan 169850
87.75 nan -nan 172986
88.5 nan -nan 173894
89.25 nan -nan 176778
90 nan -nan 181802
90.75 nan -nan 184430
91.5 nan -nan 187242
92.25 nan -nan 190250
93 nan -nan 192570
93.75 nan -nan 198254
94.5 nan -nan 198074
95.25 nan -nan 202050
96 nan -nan 204287
96.75 nan -nan 205824
97.5 nan -nan 202532
98.25 nan -nan 199068
99 nan -nan 201056
99.75 -nan -nan 196616
100.5 nan -nan 195816
101.25 nan -nan 191756
102 nan -nan 191952
102.75 nan -nan 191024
103.5 nan -nan 186648
104.25 nan -nan 183896
105 nan -nan 183272
105.75 nan -nan 180840
106.5 nan -nan 178880
107.25 nan -nan 174984
108 nan -nan 173720
108.75 nan -nan 171380
109.5 nan -nan 169164
110.25 nan -nan 166616
111 nan -nan 163644
111.75 nan -nan 161852
112.5 nan -nan 158256
113.25 nan -nan 154724
114 nan -nan 153056
114.75 nan -nan 149592
115.5 nan -nan 147980
116.25 nan -nan 142884
117 nan -nan 141752
117.75 nan -nan 138348
118.5 -nan -nan 134084
119.25 nan -nan 131756
120 nan -nan 128460
120.75 nan -nan 126800
121.5 nan -nan 121716
122.25 -nan -nan 118844
123 nan -nan 114900
123.75 nan -nan 112556
124.5 nan -nan 107972
125.25 nan -nan 104784
126 -nan -nan 101564
126.75 nan -nan 97932
127.5 nan -nan 94076
128.25 nan -nan 89960
129 nan -nan 85968
129.75 nan -nan 83600
130.5 nan -nan 78468
131.25 nan -nan 74168
132 nan -nan 70944
132.75 nan -nan 66788
133.5 nan -nan 62648
134.25 -nan -nan 58224
135 nan -nan 54536
135.75 nan -nan 50301
136.5 nan -nan 46208
137.25 nan -nan 42990
138 nan -nan 40370
138.75 nan -nan 37634
139.5 nan -nan 34500
140.25 nan -nan 32756
141 nan -nan 29916
141.75 nan -nan 28268
142.5 nan -nan 25710
143.25 -nan -nan 24350
144 nan -nan 22406
144.75 nan -nan 20622
145.5 nan -nan 19166
146.25 nan -nan 17544
147 nan -nan 16334
147.75 nan -nan 14576
148.5 nan -nan 13398
149.25 nan -nan 12536
150 -nan -nan 11022
150.75 nan -nan 9800
151.5 nan -nan 9372
152.25 nan -nan 8000
153 nan -nan 7070
153.75 nan -nan 6216
154.5 nan -nan 5984
155.25 nan -nan 4872
156 nan -nan 3848
156.75 nan -nan 3624
157.5 nan -nan 3296
158.25 nan -nan 2624
159 nan -nan 1644
159.75 nan -nan 1712
160.5 nan -nan 1464
161.25 nan -nan 1058
162 nan -nan 408
162.75 nan -nan 584
163.5 nan -nan 344
164.25 nan -nan 168
165 -nan -nan 38
165.75 nan -nan 25


0.75 -nan -nan 18
1.5 -nan -nan 62
2.25 -nan -nan 98
3 -nan -nan 210
3.75 -nan -nan 350
4.5 -nan -nan 450
5.25 -nan -nan 602
6 -nan -nan 762
6.75 -nan -nan 1142
7.5 -nan -nan 1250
8.25 -nan -nan 1458
9 -nan -nan 1814
9.75 -nan -nan 2178
10.5 -nan -nan 2498
11.25 -nan -nan 2622
12 nan -nan 3338
12.75 nan -nan 3722
13.5 nan -nan 4170
14.25 nan -nan 4358
15 nan -nan 5034
15.75 nan -nan 5714
16.5 nan -nan 5982
17.25 nan -nan 6602
18 nan -nan 7130
18.75 nan -nan 8034
19.5 nan -nan 8606
20.25 nan -nan 9066
21 nan -nan 9962
21.75 nan -nan 10550
22.5 nan -nan 11226
23.25 nan -nan 12146
24 -nan -nan 12606
24.75 -nan -nan 13802
25.5 -nan -nan 14754
26.25 -nan -nan 15194
27 -nan -nan 16454
27.75 -nan -nan 17154
28.5 -nan -nan 18266
29.25 -nan -nan 18750
30 -nan -nan 20234
30.75 -nan -nan 21450
31.5 -nan -nan 21962
32.25 -nan -nan 23462
33 -nan -nan 24042
33.75 -nan -nan 25946
34.5 -nan -nan 26118
35.25 -nan -nan 27506
36 -nan -nan 29066
36.75 nan -nan 30450
37.5 nan -nan 31742
38.25 nan -nan 32250
39 nan -nan 34250
39.75 nan -nan 35454
40.5 nan -nan 36434
41.25 nan -nan 37682
42 nan -nan 39294
42.75 nan -nan 41426
43.5 nan -nan 42066
44.25 nan -nan 43490
45 nan -nan 45702
45.75 nan -nan 46634
46.5 nan -nan 48554
47.25 nan -nan 48870
48 -nan -nan 51554
48.75 -nan -nan 54090
49.5 -nan -nan 54314
50.25 -nan -nan 56910
51 -nan -nan 57482
51.75 -nan -nan 60626
52.5 -nan -nan 61206
53.25 -nan -nan 62570
54 -nan -nan 65730
54.75 -nan -nan 66686
55.5 -nan -nan 69698
56.25 -nan -nan 70026
57 -nan -nan 72746
57.75 -nan -nan 74910
58.5 -nan -nan 75722
59.25 -nan -nan 78378
60 -nan -nan 80030
60.75 nan -nan 83186
61.5 nan -nan 84666
62.25 nan -nan 86546
63 nan -nan 88134
63.75 nan -nan 91538
64.5 nan -nan 93138
65.25 nan -nan 94478
66 nan -nan 97274
66.75 nan -nan 99690
67.5 nan -nan 102590
68.25 nan -nan 103770
69 nan -nan 106346
69.75 nan -nan 108546
70.5 nan -nan 110726
71.25 nan -nan 112322
72 -nan -nan 115890
72.75 -nan -nan 118766
73.5 -nan -nan 122298
74.25 -nan -nan 122090
75 -nan -nan 125810
75.75 -nan -nan 128190
76.5 -nan -nan 130994
77.25 -nan -nan 133722
78 -nan -nan 133886
78.75 -nan -nan 140538
79.5 -nan -nan 140594
80.25 -nan -nan 143594
81 -nan -nan 146310
81.75 -nan -nan 150650
82.5 -nan -nan 151914
83.25 -nan -nan 153398
84 -nan -nan 157866
84.75 nan -nan 160658
85.5 nan -nan 164102
86.25 nan -nan 164994
87 nan -nan 169850
87.75 nan -nan 172986
88.5 nan -nan 173894
89.25 nan -nan 176778
90 nan -nan 181802
90.75 nan -nan 184430
91.5 nan -nan 187242
92.25 nan -nan 190250
93 nan -nan 192570
93.75 nan -nan 198254
94.5 nan -nan 198074
95.25 nan -nan 202050
96 nan -nan 204287
96.75 nan -nan 205824
97.5 nan -nan 202532
98.25 nan -nan 199068
99 nan -nan 201056
99.75 -nan -nan 196616
100.5 nan -nan 195816
101.25 nan -nan 191756
102 nan -nan 191952
102.75 nan -nan 191024
103.5 nan -nan 186648
104.25 nan -nan 183896
105 nan -nan 183272
105.75 nan -nan 180840
106.5 nan -nan 178880
107.25 nan -nan 174984
108 nan -nan 173720
108.75 nan -nan 171380
109.5 nan -nan 169164
110.25 nan -nan 166616
111 nan -nan 163644
111.75 nan -nan 161852
112.5 nan -nan 158256
113.25 nan -nan 154724
114 nan -nan 153056
114.75 nan -nan 149592
115.5 nan -nan 147980
116.25 nan -nan 142884
117 nan -nan 141752
117.75 nan -nan 138348
118.5 -nan -nan 134084
119.25 nan -nan 131756
120 nan -nan 128460
120.75 nan -nan 126800
121.5 nan -nan 121716
122.25 -nan -nan 118844
123 nan -nan 114900
123.75 nan -nan 112556
124.5 nan -nan 107972
125.25 nan -nan 104784
126 -nan -nan 101564
126.75 nan -nan 97932
127.5 nan -nan 94076
128.25 nan -nan 89960
129 nan -nan 85968
129.75 nan -nan 83600
130.5 nan -nan 78468
131.25 nan -nan 74168
132 nan -nan 70944
132.75 nan -nan 66788
133.5 nan -nan 62648
134.25 -nan -nan 58224
135 nan -nan 54536
135.75 nan -nan 50301
136.5 nan -nan 46208
137.25 nan -nan 42990
138 nan -nan 40370
138.75 nan -nan 37634
139.5 nan -nan 34500
140.25 nan -nan 32756
141 nan -nan 29916
141.75 nan -nan 28268
142.5 nan -nan 25710
143.25 -nan -nan 24350
144 nan -nan 22406
144.75 nan -nan 20622
145.5 nan -nan 19166
146.25 nan -nan 17544
147 nan -nan 16334
147.75 nan -nan 14576
148.5 nan -nan 13398
149.25 nan -nan 12536
150 -nan -nan 11022
150.75 nan -nan 9800
151.5 nan -nan 9372
152.25 nan -nan 8000
153 nan -nan 7070
153.75 nan -nan 6216
154.5 nan -nan 5984
155.25 nan -nan 4872
156 nan -nan 3848
156.75 nan -nan 3624
157.5 nan -nan 3296
158.25 nan -nan 2624
159 nan -nan 1644
159.75 nan -nan 1712
160.5 nan -nan 1464
161.25 nan -nan 1058
162 nan -nan 408
162.75 nan -nan 584
163.5 nan -nan 344
164.25 nan -nan 168
165 -nan -nan 38
165.75 nan -nan 25


0.75 -nan -nan 18
1.5 -nan -nan 62
2.25 -nan -nan 98
3 -nan -nan 210
3.75 -nan -nan 350
4.5 -nan -nan 450
5.25 -nan -nan 602
6 -nan -nan 762
6.75 -nan -nan 1142
7.5 -nan -nan 1250
8.25 -nan -nan 1458
9 -nan -nan 1814
9.75 -nan -nan 2178
10.5 -nan -nan 2498
11.25 -nan -nan 2622
12 nan -nan 3338
12.75 nan -nan 3722
13.5 nan -nan 4170
14.25 nan -nan 4358
15 nan -nan 5034
15.75 nan -nan 5714
16.5 nan -nan 5982
17.25 nan -nan 6602
18 nan -nan 7130
18.75 nan -nan 8034
19.5 nan -nan 8606
20.25 nan -nan 9066
21 nan -nan 9962
21.75 nan -nan 10550
22.5 nan -nan 11226
23.25 nan -nan 12146
24 -nan -nan 12606
24.75 -nan -nan 13802
25.5 -nan -nan 14754
26.25 -nan -nan 15194
27 -nan -nan 16454
27.75 -nan -nan 17154
28.5 -nan -nan 18266
29.25 -nan -nan 18750
30 -nan -nan 20234
30.75 -nan -nan 21450
31.5 -nan -nan 21962
32.25 -nan -nan 23462
33 -nan -nan 24042
33.75 -nan -nan 25946
34.5 -nan -nan 26118
35.25 -nan -nan 27506
36 -nan -nan 29066
36.75 nan -nan 30450
37.5 nan -nan 31742
38.25 nan -nan 32250
39 nan -nan 34250
39.75 nan -nan 35454
40.5 nan -nan 36434
41.25 nan -nan 37682
42 nan -nan 39294
42.75 nan -nan 41426
43.5 nan -nan 42066
44.25 nan -nan 43490
45 nan -nan 45702
45.75 nan -nan 46634
46.5 nan -nan 48554
47.25 nan -nan 48870
48 -nan -nan 51554
48.75 -nan -nan 54090
49.5 -nan -nan 54314
50.25 -nan -nan 56910
51 -nan -nan 57482
51.75 -nan -nan 60626
52.5 -nan -nan 61206
53.25 -nan -nan 62570
54 -nan -nan 65730
54.75 -nan -nan 66686
55.5 -nan -nan 69698
56.25 -nan -nan 70026
57 -nan -nan 72746
57.75 -nan -nan 74910
58.5 -nan -nan 75722
59.25 -nan -nan 78378
60 -nan -nan 80030
60.75 nan -nan 83186
61.5 nan -nan 84666
62.25 nan -nan 86546
63 nan -nan 88134
63.75 nan -nan 91538
64.5 nan -nan 93138
65.25 nan -nan 94478
66 nan -nan 97274
66.75 nan -nan 99690
67.5 nan -nan 102590
68.25 nan -nan 103770
69 nan -nan 106346
69.75 nan -nan 108546
70.5 nan -nan 110726
71.25 nan -nan 112322
72 -nan -nan 115890
72.75 -nan -nan 118766
73.5 -nan -nan 122298
74.25 -nan -nan 122090
75 -nan -nan 125810
75.75 -nan -nan 128190
76.5 -nan -nan 130994
77.25 -nan -nan 133722
78 -nan -nan 133886
78.75 -nan -nan 140538
79.5 -nan -nan 140594
80.25 -nan -nan 143594
81 -nan -nan 146310
81.75 -nan -nan 150650
82.5 -nan -nan 151914
83.25 -nan -nan 153398
84 -nan -nan 157866
84.75 nan -nan 160658
85.5 nan -nan 164102
86.25 nan -nan 164994
87 nan -nan 169850
87.75 nan -nan 172986
88.5 nan -nan 173894
89.25 nan -nan 176778
90 nan -nan 181802
90.75 nan -nan 184430
91.5 nan -nan 187242
92.25 nan -nan 190250
93 nan -nan 192570
93.75 nan -nan 198254
94.5 nan -nan 198074
95.25 nan -nan 202050
96 nan -nan 204287
96.75 nan -nan 205824
97.5 nan -nan 202532
98.25 nan -nan 199068
99 nan -nan 201056
99.75 -nan -nan 196616
100.5 nan -nan 195816
101.25 nan -nan 191756
102 nan -nan 191952
102.75 nan -nan 191024
103.5 nan -nan 186648
104.25 nan -nan 183896
105 nan -nan 183272
105.75 nan -nan 180840
106.5 nan -nan 178880
107.25 nan -nan 174984
108 nan -nan 173720
108.75 nan -nan 171380
109.5 nan -nan 169164
110.25 nan -nan 166616
111 nan -nan 163644
111.75 nan -nan 161852
112.5 nan -nan 158256
113.25 nan -nan 154724
114 nan -nan 153056
114.75 nan -nan 149592
115.5 nan -nan 147980
116.25 nan -nan 142884
117 nan -nan 141752
117.75 nan -nan 138348
118.5 -nan -nan 134084
119.25 nan -nan 131756
120 nan -nan 128460
120.75 nan -nan 126800
121.5 nan -nan 121716
122.25 -nan -nan 118844
123 nan -nan 114900
123.75 nan -nan 112556
124.5 nan -nan 107972
125.25 nan -nan 104784
126 -nan -nan 101564
126.75 nan -nan 97932
127.5 nan -nan 94076
128.25 nan -nan 89960
129 nan -nan 85968
129.75 nan -nan 83600
130.5 nan -nan 78468
131.25 nan -nan 74168
132 nan -nan 70944
132.75 nan -nan 66788
133.5 nan -nan 62648
134.25 -nan -nan 58224
135 nan -nan 54536
135.75 nan -nan 50301
136.5 nan -nan 46208
137.25 nan -nan 42990
138 nan -nan 40370
138.75 nan -nan 37634
139.5 nan -nan 34500
140.25 nan -nan 32756
141 nan -nan 29916
141.75 nan -nan 28268
142.5 nan -nan 25710
143.25 -nan -nan 24350
144 nan -nan 22406
144.75 nan -nan 20622
145.5 nan -nan 19166
146.25 nan -nan 17544
147 nan -nan 16334
147.75 nan -nan 14576
148.5 nan -nan 13398
149.25 nan -nan 12536
150 -nan -nan 11022
150.75 nan -nan 9800
151.5 nan -nan 9372
152.25 nan -nan 8000
153 nan -nan 7070
153.75 nan -nan 6216
154.5 nan -nan 5984
155.25 nan -nan 4872
156 nan -nan 3848
156.75 nan -nan 3624
157.5 nan -nan 3296
158.25 nan -nan 2624
159 nan -nan 1644
159.75 nan -nan 1712
160.5 nan -nan 1464
161.25 nan -nan 1058
162 nan -nan 408
162.75 nan -nan 584
163.5 nan -nan 344
164.25 nan -nan 168
165 -nan -nan 38
165.75 nan -nan 25


0.75 -nan -nan 18
1.5 -nan -nan 62
2.25 -nan -nan 98
3 -nan -nan 210
3.75 -nan -nan 350
4.5 -nan -nan 450
5.25 -nan -nan 602
6 -nan -nan 762
6.75 -nan -nan 1142
7.5 -nan -nan 1250
8.25 -nan -nan 1458
9 -nan -nan 1814
9.75 -nan -nan 2178
10.5 -nan -nan 2498
11.25 -nan -nan 2622
12 nan -nan 3338
12.75 nan -nan 3722
13.5 nan -nan 4170
14.25 nan -nan 4358
15 nan -nan 5034
15.75 nan -nan 5714
16.5 nan -nan 5982
17.25 nan -nan 6602
18 nan -nan 7130
18.75 nan -nan 8034
19.5 nan -nan 8606
20.25 nan -nan 9066
21 nan -nan 9962
21.75 nan -nan 10550
22.5 nan -nan 11226
23.25 nan -nan 12146
24 -nan -nan 12606
24.75 -nan -nan 13802
25.5 -nan -nan 14754
26.25 -nan -nan 15194
27 -nan -nan 16454
27.75 -nan -nan 17154
28.5 -nan -nan 18266
29.25 -nan -nan 18750
30 -nan -nan 20234
30.75 -nan -nan 21450
31.5 -nan -nan 21962
32.25 -nan -nan 23462
33 -nan -nan 24042
33.75 -nan -nan 25946
34.5 -nan -nan 26118
35.25 -nan -nan 27506
36 -nan -nan 29066
36.75 nan -nan 30450
37.5 nan -nan 31742
38.25 nan -nan 32250
39 nan -nan 34250
39.75 nan -nan 35454
40.5 nan -nan 36434
41.25 nan -nan 37682
42 nan -nan 39294
42.75 nan -nan 41426
43.5 nan -nan 42066
44.25 nan -nan 43490
45 nan -nan 45702
45.75 nan -nan 46634
46.5 nan -nan 48554
47.25 nan -nan 48870
48 -nan -nan 51554
48.75 -nan -nan 54090
49.5 -nan -nan 54314
50.25 -nan -nan 56910
51 -nan -nan 57482
51.75 -nan -nan 60626
52.5 -nan -nan 61206
53.25 -nan -nan 62570
54 -nan -nan 65730
54.75 -nan -nan 66686
55.5 -nan -nan 69698
56.25 -nan -nan 70026
57 -nan -nan 72746
57.75 -nan -nan 74910
58.5 -nan -nan 75722
59.25 -nan -nan 78378
60 -nan -nan 80030
60.75 nan -nan 83186
61.5 nan -nan 84666
62.25 nan -nan 86546
63 nan -nan 88134
63.75 nan -nan 91538
64.5 nan -nan 93138
65.25 nan -nan 94478
66 nan -nan 97274
66.75 nan -nan 99690
67.5 nan -nan 102590
68.25 nan -nan 103770
69 nan -nan 106346
69.75 nan -nan 108546
70.5 nan -nan 110726
71.25 nan -nan 112322
72 -nan -nan 115890
72.75 -nan -nan 118766
73.5 -nan -nan 122298
74.25 -nan -nan 122090
75 -nan -nan 125810
75.75 -nan -nan 128190
76.5 -nan -nan 130994
77.25 -nan -nan 133722
78 -nan -nan 133886
78.75 -nan -nan 140538
79.5 -nan -nan 140594
80.25 -nan -nan 143594
81 -nan -nan 146310
81.75 -nan -nan 150650
82.5 -nan -nan 151914
83.25 -nan -nan 153398
84 -nan -nan 157866
84.75 nan -nan 160658
85.5 nan -nan 164102
86.25 nan -nan 164994
87 nan -nan 169850
87.75 nan -nan 172986
88.5 nan -nan 173894
89.25 nan -nan 176778
90 nan -nan 181802
90.75 nan -nan 184430
91.5 nan -nan 187242
92.25 nan -nan 190250
93 nan -nan 192570
93.75 nan -nan 198254
94.5 nan -nan 198074
95.25 nan -nan 202050
96 nan -nan 204287
96.75 nan -nan 205824
97.5 nan -nan 202532
98.25 nan -nan 199068
99 nan -nan 201056
99.75 -nan -nan 196616
100.5 nan -nan 195816
101.25 nan -nan 191756
102 nan -nan 191952
102.75 nan -nan 191024
103.5 nan -nan 186648
104.25 nan -nan 183896
105 nan -nan 183272
105.75 nan -nan 180840
106.5 nan -nan 178880
107.25 nan -nan 174984
108 nan -nan 173720
108.75 nan -nan 171380
109.5 nan -nan 169164
110.25 nan -nan 166616
111 nan -nan 163644
111.75 nan -nan 161852
112.5 nan -nan 158256
113.25 nan -nan 154724
114 nan -nan 153056
114.75 nan -nan 149592
115.5 nan -nan 147980
116.25 nan -nan 142884
117 nan -nan 141752
117.75 nan -nan 138348
118.5 -nan -nan 134084
119.25 nan -nan 131756
120 nan -nan 128460
120.75 nan -nan 126800
121.5 nan -nan 121716
122.25 -nan -nan 118844
123 nan -nan 114900
123.75 nan -nan 112556
124.5 nan -nan 107972
125.25 nan -nan 104784
126 -nan -nan 101564
126.75 nan -nan 97932
127.5 nan -nan 94076
128.25 nan -nan 89960
129 nan -nan 85968
129.75 nan -nan 83600
130.5 nan -nan 78468
131.25 nan -nan 74168
132 nan -nan 70944
132.75 nan -nan 66788
133.5 nan -nan 62648
134.25 -nan -nan 58224
135 nan -nan 54536
135.75 nan -nan 50301
136.5 nan -nan 46208
137.25 nan -nan 42990
138 nan -nan 40370
138.75 nan -nan 37634
139.5 nan -nan 34500
140.25 nan -nan 32756
141 nan -nan 29916
141.75 nan -nan 28268
142.5 nan -nan 25710
143.25 -nan -nan 24350
144 nan -nan 22406
144.75 nan -nan 20622
145.5 nan -nan 19166
146.25 nan -nan 17544
147 nan -nan 16334
147.75 nan -nan 14576
148.5 nan -nan 13398
149.25 nan -nan 12536
150 -nan -nan 11022
150.75 nan -nan 9800
151.5 nan -nan 9372
152.25 nan -nan 8000
153 nan -nan 7070
153.75 nan -nan 6216
154.5 nan -nan 5984
155.25 nan -nan 4872
156 nan -nan 3848
156.75 nan -nan 3624
157.5 nan -nan 3296
158.25 nan -nan 2624
159 nan -nan 1644
159.75 nan -nan 1712
160.5 nan -nan 1464
161.25 nan -nan 1058
162 nan -nan 408
162.75 nan -nan 584
163.5 nan -nan 344
164.25 nan -nan 168
165 -nan -nan 38
165.75 nan -nan 25


0.75 -nan -nan 18
1.5 -nan -nan 62
2.25 -nan -nan 98
3 -nan -nan 210
3.75 -nan -nan 350
4.5 -nan -nan 450
5.25 -nan -nan 602
6 -nan -nan 762
6.75 -nan -nan 1142
7.5 -nan -nan 1250
8.25 -nan -nan 1458
9 -nan -nan 1814
9.75 -nan -nan 2178
10.5 -nan -nan 2498
11.25 -nan -nan 2622
12 nan -nan 3338
12.75 nan -nan 3722
13.5 nan -nan 4170
14.25 nan -nan 4358
15 nan -nan 5034
15.75 nan -nan 5714
16.5 nan -nan 5982
17.25 nan -nan 6602
18 nan -nan 7130
18.75 nan -nan 8034
19.5 nan -nan 8606
20.25 nan -nan 9066
21 nan -nan 9962
21.75 nan -nan 10550
22.5 nan -nan 11226
23.25 nan -nan 12146
24 -nan -nan 12606
24.75 -nan -nan 13802
25.5 -nan -nan 14754
26.25 -nan -nan 15194
27 -nan -nan 16454
27.75 -nan -nan 17154
28.5 -nan -nan 18266
29.25 -nan -nan 18750
30 -nan -nan 20234
30.75 -nan -nan 21450
31.5 -nan -nan 21962
32.25 -nan -nan 23462
33 -nan -nan 24042
33.75 -nan -nan 25946
34.5 -nan -nan 26118
35.25 -nan -nan 27506
36 -nan -nan 29066
36.75 nan -nan 30450
37.5 nan -nan 31742
38.25 nan -nan 32250
39 nan -nan 34250
39.75 nan -nan 35454
40.5 nan -nan 36434
41.25 nan -nan 37682
42 nan -nan 39294
42.75 nan -nan 41426
43.5 nan -nan 42066
44.25 nan -nan 43490
45 nan -nan 45702
45.75 nan -nan 46634
46.5 nan -nan 48554
47.25 nan -nan 48870
48 -nan -nan 51554
48.75 -nan -nan 54090
49.5 -nan -nan 54314
50.25 -nan -nan 56910
51 -nan -nan 57482
51.75 -nan -nan 60626
52.5 -nan -nan 61206
53.25 -nan -nan 62570
54 -nan -nan 65730
54.75 -nan -nan 66686
55.5 -nan -nan 69698
56.25 -nan -nan 70026
57 -nan -nan 72746
57.75 -nan -nan 74910
58.5 -nan -nan 75722
59.25 -nan -nan 78378
60 -nan -nan 80030
60.75 nan -nan 83186
61.5 nan -nan 84666
62.25 nan -nan 86546
63 nan -nan 88134
63.75 nan -nan 91538
64.5 nan -nan 93138
65.25 nan -nan 94478
66 nan -nan 97274
66.75 nan -nan 99690
67.5 nan -nan 102590
68.25 nan -nan 103770
69 nan -nan 106346
69.75 nan -nan 108546
70.5 nan -nan 110726
71.25 nan -nan 112322
72 -nan -nan 115890
72.75 -nan -nan 118766
73.5 -nan -nan 122298
74.25 -nan -nan 122090
75 -nan -nan 125810
75.75 -nan -nan 128190
76.5 -nan -nan 130994
77.25 -nan -nan 133722
78 -nan -nan 133886
78.75 -nan -nan 140538
79.5 -nan -nan 140594
80.25 -nan -nan 143594
81 -nan -nan 146310
81.75 -nan -nan 150650
82.5 -nan -nan 151914
83.25 -nan -nan 153398
84 -nan -nan 157866
84.75 nan -nan 160658
85.5 nan -nan 164102
86.25 nan -nan 164994
87 nan -nan 169850
87.75 nan -nan 172986
88.5 nan -nan 173894
89.25 nan -nan 176778
90 nan -nan 181802
90.75 nan -nan 184430
91.5 nan -nan 187242
92.25 nan -nan 190250
93 nan -nan 192570
93.75 nan -nan 198254
94.5 nan -nan 198074
95.25 nan -nan 202050
96 nan -nan 204287
96.75 nan -nan 205824
97.5 nan -nan 202532
98.25 nan -nan 199068
99 nan -nan 201056
99.75 -nan -nan 196616
100.5 nan -nan 195816
101.25 nan -nan 191756
102 nan -nan 191952
102.75 nan -nan 191024
103.5 nan -nan 186648
104.25 nan -nan 183896
105 nan -nan 183272
105.75 nan -nan 180840
106.5 nan -nan 178880
107.25 nan -nan 174984
108 nan -nan 173720
108.75 nan -nan 171380
109.5 nan -nan 169164
110.25 nan -nan 166616
111 nan -nan 163644
111.75 nan -nan 161852
112.5 nan -nan 158256
113.25 nan -nan 154724
114 nan -nan 153056
114.75 nan -nan 149592
115.5 nan -nan 147980
116.25 nan -nan 142884
117 nan -nan 141752
117.75 nan -nan 138348
118.5 -nan -nan 134084
119.25 nan -nan 131756
120 nan -nan 128460
120.75 nan -nan 126800
121.5 nan -nan 121716
122.25 -nan -nan 118844
123 nan -nan 114900
123.75 nan -nan 112556
124.5 nan -nan 107972
125.25 nan -nan 104784
126 -nan -nan 101564
126.75 nan -nan 97932
127.5 nan -nan 94076
128.25 nan -nan 89960
129 nan -nan 85968
129.75 nan -nan 83600
130.5 nan -nan 78468
131.25 nan -nan 74168
132 nan -nan 70944
132.75 nan -nan 66788
133.5 nan -nan 62648
134.25 -nan -nan 58224
135 nan -nan 54536
135.75 nan -nan 50301
136.5 nan -nan 46208
137.25 nan -nan 42990
138 nan -nan 40370
138.75 nan -nan 37634
139.5 nan -nan 34500
140.25 nan -nan 32756
141 nan -nan 29916
141.75 nan -nan 28268
142.5 nan -nan 25710
143.25 -nan -nan 24350
144 nan -nan 22406
144.75 nan -nan 20622
145.5 nan -nan 19166
146.25 nan -nan 17544
147 nan -nan 16334
147.75 nan -nan 14576
148.5 nan -nan 13398
149.25 nan -nan 12536
150 -nan -nan 11022
150.75 nan -nan 9800
151.5 nan -nan 9372
152.25 nan -nan 8000
153 nan -nan 7070
153.75 nan -nan 6216
154.5 nan -nan 5984
155.25 nan -nan 4872
156 nan -nan 3848
156.75 nan -nan 3624
157.5 nan -nan 3296
158.25 nan -nan 2624
159 nan -nan 1644
159.75 nan -nan 1712
160.5 nan -nan 1464
161.25 nan -nan 1058
162 nan -nan 408
162.75 nan -nan 584
163.5 nan -nan 344
164.25 nan -nan 168
165 -nan -nan 38
165.75 nan -nan 25


0.75 -nan -nan 18
1.5 -nan -nan 62
2.25 -nan -nan 98
3 -nan -nan 210
3.75 -nan -nan 350
4.5 -nan -nan 450
5.25 -nan -nan 602
6 -nan -nan 762
6.75 -nan -nan 1142
7.5 -nan -nan 1250
8.25 -nan -nan 1458
9 -nan -nan 1814
9.75 -nan -nan 2178
10.5 -nan -nan 2498
11.25 -nan -nan 2622
12 nan -nan 3338
12.75 nan -nan 3722
13.5 nan -nan 4170
14.25 nan -nan 4358
15 nan -nan 5034
15.75 nan -nan 5714
16.5 nan -nan 5982
17.25 nan -nan 6602
18 nan -nan 7130
18.75 nan -nan 8034
19.5 nan -nan 8606
20.25 nan -nan 9066
21 nan -nan 9962
21.75 nan -nan 10550
22.5 nan -nan 11226
23.25 nan -nan 12146
24 -nan -nan 12606
24.75 -nan -nan 13802
25.5 -nan -nan 14754
26.25 -nan -nan 15194
27 -nan -nan 16454
27.75 -nan -nan 17154
28.5 -nan -nan 18266
29.25 -nan -nan 18750
30 -nan -nan 20234
30.75 -nan -nan 21450
31.5 -nan -nan 21962
32.25 -nan -nan 23462
33 -nan -nan 24042
33.75 -nan -nan 25946
34.5 -nan -nan 26118
35.25 -nan -nan 27506
36 -nan -nan 29066
36.75 nan -nan 30450
37.5 nan -nan 31742
38.25 nan -nan 32250
39 nan -nan 34250
39.75 nan -nan 35454
40.5 nan -nan 36434
41.25 nan -nan 37682
42 nan -nan 39294
42.75 nan -nan 41426
43.5 nan -nan 42066
44.25 nan -nan 43490
45 nan -nan 45702
45.75 nan -nan 46634
46.5 nan -nan 48554
47.25 nan -nan 48870
48 -nan -nan 51554
48.75 -nan -nan 54090
49.5 -nan -nan 54314
50.25 -nan -nan 56910
51 -nan -nan 57482
51.75 -nan -nan 60626
52.5 -nan -nan 61206
53.25 -nan -nan 62570
54 -nan -nan 65730
54.75 -nan -nan 66686
55.5 -nan -nan 69698
56.25 -nan -nan 70026
57 -nan -nan 72746
57.75 -nan -nan 74910
58.5 -nan -nan 75722
59.25 -nan -nan 78378
60 -nan -nan 80030
60.75 nan -nan 83186
61.5 nan -nan 84666
62.25 nan -nan 86546
63 nan -nan 88134
63.75 nan -nan 91538
64.5 nan -nan 93138
65.25 nan -nan 94478
66 nan -nan 97274
66.75 nan -nan 99690
67.5 nan -nan 102590
68.25 nan -nan 103770
69 nan -nan 106346
69.75 nan -nan 108546
70.5 nan -nan 110726
71.25 nan -nan 112322
72 -nan -nan 115890
72.75 -nan -nan 118766
73.5 -nan -nan 122298
74.25 -nan -nan 122090
75 -nan -nan 125810
75.75 -nan -nan 128190
76.5 -nan -nan 130994
77.25 -nan -nan 133722
78 -nan -nan 133886
78.75 -nan -nan 140538
79.5 -nan -nan 140594
80.25 -nan -nan 143594
81 -nan -nan 146310
81.75 -nan -nan 150650
82.5 -nan -nan 151914
83.25 -nan -nan 153398
84 -nan -nan 157866
84.75 nan -nan 160658
85.5 nan -nan 164102
86.25 nan -nan 164994
87 nan -nan 169850
87.75 nan -nan 172986
88.5 nan -nan 173894
89.25 nan -nan 176778
90 nan -nan 181802
90.75 nan -nan 184430
91.5 nan -nan 187242
92.25 nan -nan 190250
93 nan -nan 192570
93.75 nan -nan 198254
94.5 nan -nan 198074
95.25 nan -nan 202050
96 nan -nan 204287
96.75 nan -nan 205824
97.5 nan -nan 202532
98.25 nan -nan 199068
99 nan -nan 201056
99.75 -nan -nan 196616
100.5 nan -nan 195816
101.25 nan -nan 191756
102 nan -nan 191952
102.75 nan -nan 191024
103.5 nan -nan 186648
104.25 nan -nan 183896
105 nan -nan 183272
105.75 nan -nan 180840
106.5 nan -nan 178880
107.25 nan -nan 174984
108 nan -nan 173720
108.75 nan -nan 171380
109.5 nan -nan 169164
110.25 nan -nan 166616
111 nan -nan 163644
111.75 nan -nan 161852
112.5 nan -nan 158256
113.25 nan -nan 154724
114 nan -nan 153056
114.75 nan -nan 149592
115.5 nan -nan 147980
116.25 nan -nan 142884
117 nan -nan 141752
117.75 nan -nan 138348
118.5 -nan -nan 134084
119.25 nan -nan 131756
120 nan -nan 128460
120.75 nan -nan 126800
121.5 nan -nan 121716
122.25 -nan -nan 118844
123 nan -nan 114900
123.75 nan -nan 112556
124.5 nan -nan 107972
125.25 nan -nan 104784
126 -nan -nan 101564
126.75 nan -nan 97932
127.5 nan -nan 94076
128.25 nan -nan 89960
129 nan -nan 85968
129.75 nan -nan 83600
130.5 nan -nan 78468
131.25 nan -nan 74168
132 nan -nan 70944
132.75 nan -nan 66788
133.5 nan -nan 62648
134.25 -nan -nan 58224
135 nan -nan 54536
135.75 nan -nan 50301
136.5 nan -nan 46208
137.25 nan -nan 42990
138 nan -nan 40370
138.75 nan -nan 37634
139.5 nan -nan 34500
140.25 nan -nan 32756
141 nan -nan 29916
141.75 nan -nan 28268
142.5 nan -nan 25710
143.25 -nan -nan 24350
144 nan -nan 22406
144.75 nan -nan 20622
145.5 nan -nan 19166
146.25 nan -nan 17544
147 nan -nan 16334
147.75 nan -nan 14576
148.5 nan -nan 13398
149.25 nan -nan 12536
150 -nan -nan 11022
150.75 nan -nan 9800
151.5 nan -nan 9372
152.25 nan -nan 8000
153 nan -nan 7070
153.75 nan -nan 6216
154.5 nan -nan 5984
155.25 nan -nan 4872
156 nan -nan 3848
156.75 nan -nan 3624
157.5 nan -nan 3296
158.25 nan -nan 2624
159 nan -nan 1644
159.75 nan -nan 1712
160.5 nan -nan 1464
161.25 nan -nan 1058
162 nan -nan 408
162.75 nan -nan 584
163.5 nan -nan 344
164.25 nan -nan 168
165 -nan -nan 38
165.75 nan -nan 25


