0    0.999999999999989    -0.577413188913634    1.00000000007202    0.333406002480765    8.48780396552231e-06    0.0001083944342626
0.099    0.941654000796544    -0.601806103508173    0.886712257279652    0.362170596218517    7.96955141868464e-06    9.99941308849857e-05
0.198    0.880746837096374    -0.62911064455175    0.775714991106938    0.395780212192581    7.18828525453684e-06    9.54162565339392e-05
0.297    0.81700547265947    -0.658994326393547    0.667497942401643    0.434273530073232    6.79116232233158e-06    8.86247554787917e-05
0.396    0.750198223299873    -0.690943411389754    0.562797374284251    0.477402804396446    6.47808167225539e-06    8.15692057936107e-05
0.495    0.680156154310342    -0.724190509483573    0.462612394282625    0.524451900022775    6.0324862454185e-06    7.74383469796713e-05
0.594    0.606802413372044    -0.757626885607521    0.368209168904437    0.573998502899054    5.50461782603782e-06    7.14402074311632e-05
0.693000000000001    0.530190880273304    -0.789702938371024    0.281102369550471    0.623630735607493    5.0487621255539e-06    6.88161614964085e-05
0.792000000000001    0.450554898148137    -0.818326289033504    0.202999716269787    0.669657919109654    4.95069916976411e-06    6.15329815857188e-05
0.891000000000001    0.368365509242597    -0.840775578416498    0.135693148419901    0.706903576914878    4.51034667213844e-06    6.04423840379931e-05
0.990000000000001    0.284396306944919    -0.853658784960904    0.0808812594227558    0.728733324174355    4.34136674967184e-06    5.50765614413486e-05
1.089    0.199788617197054    -0.852955664942806    0.0399154915772345    0.727533369211967    3.96528323530724e-06    5.34223046841907e-05
1.18799999999999    0.11610638716878    -0.834191389327842    0.0134806931560713    0.695875276576961    3.83207020902288e-06    5.04801419009635e-05
1.28699999999999    0.0353654190683979    -0.792788423472848    0.00125071287972939    0.62851348661866    3.7210203858276e-06    4.71815227101133e-05
1.38599999999999    -0.0399825864240308    -0.724631406249329    0.00159860722929389    0.525090677094088    3.48407862296198e-06    4.65962265021751e-05
1.48499999999998    -0.107132796108344    -0.626848441452519    0.0114774360130429    0.392938970447042    3.32429849651307e-06    4.35383753636753e-05
1.58399999999998    -0.163096043113936    -0.49875108347382    0.0266003192892449    0.248752645151248    3.13399608528707e-06    4.34158788761408e-05
1.68299999999998    -0.204962621661612    -0.342778093375245    0.042009676288379    0.117496822921122    3.1588045471494e-06    4.02883888689081e-05
1.78199999999997    -0.23024914814048    -0.165178514910851    0.0530146702284771    0.0272839433632439    3.01003801903609e-06    3.96873990335402e-05
1.88099999999997    -0.237287273666763    0.0238727200851515    0.0563052502524366    0.000569908224206769    2.8690322689431e-06    3.82091975179118e-05
1.97999999999997    -0.225587185658087    0.210909483259458    0.0508895783406507    0.0444828114590869    2.74123278691175e-06    3.64734901369834e-05
2.07899999999997    -0.196104056227423    0.380457057911354    0.0384568008757194    0.144747574182134    2.62131025327407e-06    3.5602956239801e-05
2.17799999999997    -0.151359682375463    0.516606951026648    0.0229097534552959    0.266882742965414    2.54846956842762e-06    3.34120454087651e-05
2.27699999999998    -0.0954084651979734    0.60455224590055    0.00910277523721123    0.365483419114422    2.40381771612368e-06    3.30306346841427e-05
2.37599999999998    -0.0336555045633112    0.632070628880123    0.0011326929929296    0.399513280856276    2.34915799907532e-06    3.10380698375104e-05
2.47499999999998    0.0274816804571013    0.591263773101935    0.000755242765682235    0.349592850324721    2.2217133856105e-06    3.06917658405339e-05
2.57399999999999    0.0811091794585035    0.48082881393008    0.00657869899723926    0.231196349150996    2.19260789349014e-06    2.90790133167307e-05
2.67299999999999    0.120636949214286    0.30861391889506    0.0145532735199469    0.0952425517610499    2.05346131576889e-06    2.87277482945806e-05
2.77199999999999    0.140785904969905    0.093408632087883    0.019820671042285    0.00872517331579175    2.02234804616278e-06    2.76994994421176e-05
2.871    0.138671370449816    -0.135545639269922    0.0192297489864296    0.0183726210292195    1.9998807302089e-06    2.65354064273647e-05
2.97    0.1146820099457    -0.342231985342494    0.0131519634087159    0.117122732458001    1.87890999949821e-06    2.58173570234605e-05
3.06900000000001    0.0728574038688295    -0.490072197063412    0.00530820130156665    0.240170758996526    1.74954789549689e-06    2.57286958033335e-05
3.16800000000001    0.0205944980792807    -0.548988770118475    0.000424133354381929    0.301388670273544    1.80123072396818e-06    2.36082306875388e-05
3.26700000000001    -0.0323338331305173    -0.502139531666616    0.0010454767677532    0.252144109846169    1.68554463601999e-06    2.41619640744738e-05
3.36600000000002    -0.0753965993013772    -0.351975691789816    0.00568464718894337    0.123886888122293    1.65255442783349e-06    2.26135765867774e-05
3.46500000000002    -0.0994483267656877    -0.124436318473206    0.00988996969897279    0.0154843978684404    1.57410211901322e-06    2.26555781417494e-05
3.56400000000002    -0.0990703597279174    0.131887844390036    0.00981493617901559    0.0173944039671841    1.54810633972214e-06    2.16641140064453e-05
3.66300000000003    -0.0744453087919502    0.35460092109652    0.00554210400335003    0.125741813685049    1.49037512096691e-06    2.10368413060675e-05
3.76200000000003    -0.0319817849447575    0.483297021297078    0.00102283457030196    0.233576011232878    1.43151853709424e-06    2.09344159175135e-05
3.86100000000004    0.016768518781918    0.477334734869175    0.00028118322416687    0.227848449494903    1.42384493863978e-06    1.9551905676893e-05
3.96000000000004    0.0578495386230252    0.330887093397145    0.00334656912066957    0.109486268976147    1.33142293501608e-06    1.99833978371137e-05
4.05900000000004    0.0788431143969094    0.0814465558606713    0.00621623668954661    0.0066335418177706    1.32002417103878e-06    1.8873397911094e-05
4.15800000000005    0.0730918909390884    -0.194169471957388    0.00534242452270312    0.0377017841840451    1.28511683153993e-06    1.85427736319066e-05
4.25700000000005    0.0426791548011201    -0.401134690446743    0.00182151025605664    0.160909040216632    1.23234301430048e-06    1.83528497513077e-05
4.35600000000005    -0.00140783542054084    -0.46042359495101    1.9820020212535e-06    0.21198988709106    1.20412793673519e-06    1.74197761059436e-05
4.45500000000006    -0.0425464997625606    -0.342006264060169    0.00181020464339633    0.116968284964396    1.1622254608038e-06    1.75499936313725e-05
4.55400000000006    -0.0644773667909955    -0.0849007789058951    0.00415733082958333    0.00720814254127361    1.13258857791448e-06    1.68061278912239e-05
4.65300000000007    -0.0581576274002664    0.207602236281441    0.00338230962607809    0.0430986887761776    1.11797565513919e-06    1.6343880243216e-05
4.75200000000007    -0.0265297386810743    0.405472437668364    0.000703827035564287    0.164407897983758    1.03836265027809e-06    1.65841054111527e-05
4.85100000000007    0.0156974988136886    0.411377573106619    0.000246411470152947    0.169231507887196    1.07106998065956e-06    1.52349771919813e-05
4.95000000000008    0.0480908470258458    0.213785358322668    0.00231272956864984    0.0457041796854499    9.93244937598241e-07    1.58838982614291e-05
