0    -6.25777590246533e-17    0.443537385298413    0.443537385298413
0.099    -3.52119250226194e-07    0.52235717906544    0.522357546929606
0.198    -7.27518817147445e-07    0.612793198146712    0.612794089784526
0.297    -1.12855012622372e-06    0.714351432794224    0.714353045158843
0.396    -1.54893185507131e-06    0.8250696579447    0.82507221390201
0.495    -1.97388223040434e-06    0.940907106578187    0.940910821065155
0.594    -2.37021467066584e-06    1.05522458642647    1.05522958865592
0.693000000000001    -2.6819188382895e-06    1.15865520058213    1.15866141543721
0.792000000000001    -2.82218152605118e-06    1.23979113414485    1.23979813199587
0.891000000000001    -2.66993871755675e-06    1.28709183380403    1.28709870673502
0.990000000000001    -2.07706237610572e-06    1.29207085683727    1.29207622427195
1.089    -9.00993468807525e-07    1.25305845676253    1.25306071475953
1.18799999999999    9.19082469068711e-07    1.17795037909779    1.1779482138327
1.28699999999999    3.23045509116868e-06    1.08411965115427    1.08411264677721
1.38599999999999    5.52432587558479e-06    0.994852346843709    0.994841355127307
1.48499999999998    6.95363353136293e-06    0.93388967295801    0.933876685195233
1.58399999999998    6.73470531509981e-06    0.920926488373373    0.92091408411988
1.68299999999998    4.77889513175502e-06    0.969358398842923    0.969349133962933
1.78199999999997    1.86038493607449e-06    1.08423933773999    1.08423530354244
1.88099999999997    -9.19052066418926e-07    1.25736058118652    1.25736289234833
1.97999999999997    -2.65886360561187e-06    1.46051797594836    1.46052574260519
2.07899999999997    -2.71127804491489e-06    1.64480272281049    1.64481164186969
2.17799999999997    -5.91798531180853e-07    1.75529544530351    1.75529752286727
2.27699999999998    3.8472452741548e-06    1.76019401936487    1.76018047562073
2.37599999999998    9.77287364874642e-06    1.67589291514661    1.67586015888731
2.47499999999998    1.45908521058022e-05    1.56465993484629    1.56461427606908
2.57399999999999    1.46795830296894e-05    1.50352434141561    1.50348019984278
2.67299999999999    9.03055533042392e-06    1.54882265547564    1.54879468227088
2.77199999999999    1.57755291807981e-06    1.71315030044314    1.71314489528116
2.871    -2.43147532994776e-06    1.94945117785629    1.94946065796423
2.97    -2.60370914277615e-07    2.15373021390691    2.15373133544461
3.06900000000001    8.09113379633837e-06    2.22211373216293    2.22207777361484
3.16800000000001    1.92219120569128e-05    2.14277154840374    2.14268917365462
3.26700000000001    2.49174165105804e-05    2.02229127760012    2.02219049956311
3.36600000000002    1.78319802290747e-05    2.00273772112345    2.00266629683819
3.46500000000002    3.94681088982142e-06    2.15446219114184    2.15444518469928
3.56400000000002    -2.19984534198607e-06    2.41615665741014    2.41616728777547
3.66300000000003    5.9829517617006e-06    2.61248715611836    2.61245589553613
3.76200000000003    2.37934096683613e-05    2.60737792871966    2.60725385484936
3.86100000000004    3.54769213250027e-05    2.47558784219527    2.47541219595643
3.96000000000004    2.44389074140467e-05    2.43616422334214    2.43604515186831
4.05900000000004    2.88277857225393e-06    2.61473254566191    2.61471747031546
4.15800000000005    3.3980967414055e-07    2.89737608539442    2.89737411628225
4.25700000000005    2.23081199576815e-05    3.02048309571661    3.02034833612438
4.35600000000005    4.55757628693909e-05    2.91216243591531    2.91189699996352
4.45500000000006    3.55730584939295e-05    2.82805491031603    2.82785371234776
4.55400000000006    4.08055060630336e-06    2.99815224494895    2.99812777682487
4.65300000000007    3.96837164520666e-06    3.29379285592849    3.29376671404388
4.75200000000007    3.95280001231509e-05    3.37161241310945    3.37134587745331
4.85100000000007    5.8698180867922e-05    3.23065439209334    3.23027514728266
4.95000000000008    2.27027914929664e-05    3.25150037295017    3.25135274003184
