0    0.166703001240383    5.7301726165098e-09    8.62890470442518e-08    4.79018100425373e-10    0.500000000036011    9.54524970782557e-08    0.666703189227128
0.099    0.158548441785245    4.55463783459161e-09    6.5917563525059e-08    3.68900304948215e-10    0.443356128639826    7.44110368135161e-08    0.601904715677209
0.198    0.151415375545936    3.31962965459566e-09    5.24668011874167e-08    2.69478381429289e-10    0.387857495553469    5.45182772995116e-08    0.539272981673592
0.297    0.144984941427544    2.56023905465438e-09    3.70696420185123e-08    2.21708391940998e-10    0.333748971200822    4.41047909783001e-08    0.478733996584746
0.396    0.138970764057103    1.99962133234612e-09    3.06334280488531e-08    1.53933034521143e-10    0.281398687142126    2.97780049786621e-08    0.420369513764216
0.495    0.13310567486486    1.47355523848969e-09    2.17477035603237e-08    1.26380543505938e-10    0.231306197141313    2.29133150156835e-08    0.364411918267127
0.594    0.12713074858955    1.15753973395212e-09    1.59458428444651e-08    1.00003053038825e-10    0.184104584452219    1.65290114112355e-08    0.311235366774166
0.693000000000001    0.120786766039493    8.21565815539111e-10    1.16341215777072e-08    7.95465784602372e-11    0.140551184775235    1.15614164834255e-08    0.261337974911379
0.792000000000001    0.113809261008309    7.02458574756603e-10    8.3306838690257e-09    6.6071922989781e-11    0.101499858134894    7.86348276255092e-09    0.215309136105899
0.891000000000001    0.105929917215278    4.93891362013953e-10    5.27847903082771e-09    6.28048601476984e-11    0.0678465742099506    5.69867372801411e-09    0.173776502959077
0.990000000000001    0.0968893719937734    4.20506730695361e-10    3.36542137635031e-09    6.09677089101294e-11    0.0404406297113779    3.71548476978539e-09    0.137330009267532
1.089    0.0864692275804415    3.16611854571287e-10    2.07137040423959e-09    6.30187529246912e-11    0.0199577457886172    2.12960732540768e-09    0.106426977949667
1.18799999999999    0.0745528559197922    2.60759847499103e-10    1.11218712750891e-09    7.72682809515525e-11    0.00674034657803566    9.80675827508965e-10    0.0812932049287189
1.28699999999999    0.061221807643352    2.23477165483992e-10    4.26419030032177e-10    1.42997259495103e-10    0.000625356439864697    1.87135032339759e-10    0.0618471650632452
1.38599999999999    0.0468807644774186    1.76884730486246e-10    2.05530512932078e-10    2.4683343609666e-10    0.000799303614646946    5.23662378856035e-10    0.0476800692449766
1.48499999999998    0.0323724193838873    1.59500173716386e-10    9.03873061627157e-10    5.93967079734976e-11    0.00573871800652143    1.0974827641723e-09    0.0381111396106615
1.58399999999998    0.0189984975006523    1.27112029015066e-10    1.94484822889253e-09    1.65619906957874e-11    0.0133001596446225    7.01685943121849e-10    0.032298659935483
1.68299999999998    0.00833674814635417    1.18614329012652e-10    2.22007118189718e-09    1.23027163056887e-11    0.0210048381441895    7.1676320727075e-10    0.0293415893582951
1.78199999999997    0.00179782345050922    9.78618624940549e-11    1.5505532848746e-09    1.23773911951113e-11    0.0265073351142385    1.42325373461404e-09    0.028305161648794
1.88099999999997    3.47993536809187e-05    8.42788489680775e-11    1.94070923368529e-09    8.02660369687061e-12    0.0281526251262183    7.6234843985388e-10    0.0281874272752624
1.97999999999997    0.00250976330249492    7.29029809001195e-11    9.49955100636951e-10    1.56778126735132e-11    0.0254447891703254    1.35221632621236e-09    0.0279545548635725
2.07899999999997    0.00752913596684039    5.98594326468076e-11    5.79143456808238e-10    1.51200177562131e-11    0.0192284004378597    1.19714214402088e-09    0.0267575382559651
2.17799999999997    0.0127921376073965    5.33037384059945e-11    7.98872044294116e-10    7.48356993165295e-12    0.0114548767276479    4.06929090969005e-10    0.0242470156016329
2.27699999999998    0.0161735012417723    4.27601173196765e-11    2.4622851884606e-10    1.64039781668998e-11    0.00455138761860562    4.25991992203228e-10    0.0207248895917625
2.37599999999998    0.0163876905391652    3.87373902937715e-11    1.58579630551023e-10    2.46741092678744e-11    0.000566346496464801    6.8300504000089e-11    0.0169540373259217
2.47499999999998    0.0133586270711785    3.19120314785482e-11    4.87793940691238e-11    7.24484891505715e-11    0.000377621382841117    1.87003807174034e-10    0.0137362487941633
2.57399999999999    0.0082659148650039    2.91833342421996e-11    4.8994623227186e-10    1.05335897267956e-11    0.00328934949861963    3.08015516776088e-10    0.0115552652013022
2.67299999999999    0.00319360612275593    2.47286304415264e-11    4.3365486539652e-10    1.21758027378135e-11    0.00727663675997343    5.84817231010993e-10    0.0104702439381059
2.77199999999999    0.000274359438530317    2.18268707175646e-11    2.73287730687502e-10    8.99260202414727e-12    0.00991033552114252    8.29144964919077e-10    0.010184696092925
2.871    0.000540800586113518    1.95215446619573e-11    4.7692696935201e-10    7.2005525510937e-12    0.00961487449321478    4.97766399692731e-10    0.0101556760807438
2.97    0.00322161893946874    1.69112549930567e-11    2.74659767816447e-10    5.99888825286445e-12    0.00657598170435795    4.52440157527779e-10    0.00979760139383676
3.06900000000001    0.00617348370350478    1.38628200572475e-11    1.81227976639681e-10    1.05506376607355e-11    0.00265410065078332    2.43527769166477e-10    0.00882758480345731
3.16800000000001    0.00725674775168698    1.34682189120744e-11    5.64677632560075e-11    1.50893372553831e-11    0.000212066677190965    4.43240830627177e-11    0.00746881455822735
3.26700000000001    0.00570781691318387    1.06851688017899e-11    6.14622326854557e-11    2.48815417835885e-11    0.000522738383876598    1.35206044418676e-10    0.00623055552929546
3.36600000000002    0.0026445549335224    1.03031092501538e-11    1.34242627545805e-10    8.88954042499025e-12    0.00284232359447169    2.58789456938957e-10    0.00548687894021882
3.46500000000002    0.000311932811301539    8.59594684050889e-12    3.55783154762992e-10    2.68624764309428e-12    0.00494498484948639    1.29439664853278e-10    0.00525691815729295
3.56400000000002    0.000330283889023455    7.89489356608596e-12    1.04360753084526e-10    5.97242952432437e-12    0.00490746808950779    3.41926192530635e-10    0.00523775243868552
3.66300000000003    0.00224759081264256    6.99285626546428e-12    1.01696772133714e-10    6.26648264713557e-12    0.00277105200167502    2.06447412205048e-10    0.0050186431357211
3.76200000000003    0.00393281982637242    5.86279870214426e-12    7.88261226408957e-11    9.0704558214306e-12    0.000511417285150982    5.31737001903152e-11    0.00444423725845648
3.86100000000004    0.00362338739958088    5.69986104443948e-12    1.7462715381185e-11    1.50909391219396e-11    0.000140591612083435    4.45255796179992e-11    0.00376397909444341
3.96000000000004    0.00164891727131107    4.60588498958976e-12    1.81064495271558e-10    2.27690887084833e-12    0.00167328456033478    6.91297820062505e-11    0.00332220208872292
4.05900000000004    9.46818832399269e-05    4.4434524322419e-12    4.64551407292878e-11    3.8544018434971e-12    0.0031081183447733    2.58217537022835e-10    0.00320280054098376
4.15800000000005    0.000509431763762773    3.86795220328194e-12    4.29818942472578e-11    3.62171098979028e-12    0.00267121226135156    2.17362808866993e-10    0.0031806442929487
4.25700000000005    0.0020570038602669    3.3606883748465e-12    8.78912114137466e-11    1.8504716433224e-12    0.000910755128028322    4.77501566837134e-11    0.00296775912914775
4.35600000000005    0.0025677903807325    3.18419286268118e-12    1.60080446277344e-11    5.78150064856915e-12    9.9100101062675e-07    2.12678396612949e-13    0.00256878140692955
4.45500000000006    0.00134582793480585    2.66594726046435e-12    5.48476904068891e-11    2.48063034414554e-12    0.000905102321698167    7.00527498309625e-11    0.00225093038655104
4.55400000000006    7.88578466593723e-05    2.52617131003103e-12    5.43506441375836e-11    2.12322573632064e-12    0.00207866541479166    1.3156454564401e-10    0.00215752345201562
4.65300000000007    0.000447918896425215    2.27018676049919e-12    2.69029814872808e-11    2.35781760288431e-12    0.00169115481303904    1.27763565027646e-10    0.00213907386875881
4.75200000000007    0.0016226537023007    1.89925872942897e-12    1.7284273064418e-11    4.19518727976266e-12    0.000351913517782144    4.94848967187374e-11    0.00197456729294646
4.85100000000007    0.00158889351850318    1.9261332382416e-12    9.34823162418624e-12    5.96490994501727e-12    0.000123205735076474    1.75888392939863e-11    0.00171209928840777
4.95000000000008    0.000408975316737357    1.5315470866345e-12    8.03771834492822e-11    3.66046473284292e-13    0.00115636478432492    1.67337681147392e-11    0.00156534020007082
