3 3.973962062406483e-12 7.790338115363974e-11 0.7663394633238884 18
6 2.60967792215095e-11 6.225741972407817e-10 0.6600866033650239 62
9 2.803441469942596e-11 2.598109963475792e-09 0.7644575326987146 98
12 6.48622250131904e-11 8.248084240974447e-09 0.6810907038309293 210
15 9.590923544512723e-11 2.440011779967035e-08 0.7545241512948053 350
18 6.17159752348799e-11 2.131229500742043e-08 0.3626775477144686 450
21 2.842706721210887e-33 2.342208947176355e-34 1.228705398063454e-24 602
24 3.681371615371391e-34 4.680542500093964e-33 1.246051749594194e-25 762
27 2.11533487215981e-33 1.167292655183737e-33 4.783226348670285e-25 1142
30 4.432912995722738e-33 8.015829185220007e-34 9.173067790569361e-25 1250
33 3.861251185747902e-33 4.258790347230045e-34 6.819294747469166e-25 1458
36 8.354879038934565e-33 1.007891628289749e-33 1.181489177970054e-24 1814
39 1.848251887116107e-33 1.300251610181436e-33 2.178346502894205e-25 2178
42 1.620513181462022e-33 2.098367746778177e-33 1.665317168336594e-25 2498
45 1.939624271468963e-33 2.575253713965048e-33 1.893072109314572e-25 2622
48 2.552680390081872e-33 6.404731909760153e-32 1.954807282868355e-25 3338
51 2.928109405421896e-33 1.51088253295899e-33 2.013647396511007e-25 3722
54 4.565309520547887e-33 8.463175145011027e-34 2.804559513861223e-25 4170
57 3.305535001751481e-33 1.446719106470988e-33 1.940875403976133e-25 4358
60 7.689766095357528e-33 8.892139966392033e-33 3.904131554418531e-25 5034
63 5.16863396020108e-33 4.88462587359971e-33 2.313061921833662e-25 5714
66 5.241641236819128e-33 4.989290733067708e-33 2.240634920919206e-25 5982
69 5.075747433420633e-33 2.138885208911486e-33 1.964456721632247e-25 6602
72 2.336223571501758e-32 2.434837018721915e-33 8.366264415492372e-25 7130
75 6.260955034266391e-33 2.099558234575195e-33 1.990254223783208e-25 8034
78 8.962449300150348e-33 2.059757408763368e-33 2.66078312911361e-25 8606
81 8.874958231976674e-33 2.856483750676887e-33 2.500878369868813e-25 9066
84 9.591057594375009e-33 5.28864114842148e-33 2.459281009063274e-25 9962
87 9.690290326427323e-33 3.778718243506012e-33 2.346243401639113e-25 10550
90 2.311220075455469e-32 5.664274685770888e-33 5.257540212713375e-25 11226
93 1.290630918988505e-32 3.138958847830434e-33 2.713076124219814e-25 12146
96 1.114486975583238e-32 1.031178070615879e-31 2.256656008199345e-25 12606
99 1.372543288249735e-32 6.140023708898951e-33 2.537858470513137e-25 13802
102 1.397860648153558e-32 5.732570683952335e-33 2.418501823186155e-25 14754
105 1.439095897636817e-32 6.155649979851175e-33 2.417759850108921e-25 15194
108 2.695976619571468e-32 1.187922591726918e-32 4.181889387050774e-25 16454
111 1.40519158452625e-32 6.396664319943771e-33 2.09090232998117e-25 17154
114 1.549628161549331e-32 8.14727329235649e-33 2.165445407662499e-25 18266
117 1.919197693242096e-32 9.624265860563591e-33 2.612002711376641e-25 18750
120 2.165543101837441e-32 7.190659265087564e-33 2.73070188335433e-25 20234
123 1.514219627191813e-32 1.01876911605685e-32 1.801500713027908e-25 21450
126 3.079805878108987e-32 6.392010756033404e-33 3.578915571014899e-25 21962
129 1.921099886524789e-32 9.021633223421324e-33 2.089588496228088e-25 23462
132 3.419430410908948e-32 2.706626658629363e-32 3.629297529680995e-25 24042
135 2.17815144544351e-32 9.159775556257206e-33 2.142370458652121e-25 25946
138 3.087992940252904e-32 1.733728613828336e-32 3.017120934090135e-25 26118
141 3.13323140958058e-32 1.524640660310736e-32 2.906000118853107e-25 27506
144 2.381428168212844e-32 4.334642474033196e-32 2.089980141846308e-25 29066
147 4.241492930592321e-32 1.255586282563578e-32 3.553666741043161e-25 30450
150 3.178739425011966e-32 1.246152696560232e-32 2.555286873132002e-25 31742
153 2.741632028384532e-32 1.927221479998507e-32 2.169085473317326e-25 32250
156 3.378885820531925e-32 1.627627529538613e-32 2.516990182008887e-25 34250
159 3.550014746481232e-32 1.190547392306739e-32 2.554830444261841e-25 35454
162 6.680055180390345e-32 1.49898241994658e-32 4.677949933752218e-25 36434
165 3.438096326961364e-32 1.518191251533312e-32 2.327591877799305e-25 37682
168 5.005716683188593e-32 4.498421124730089e-32 3.249400089522729e-25 39294
171 4.431396335690273e-32 1.749513972293425e-32 2.728837300977637e-25 41426
174 4.293083766476634e-32 2.288074069088428e-32 2.603603240649821e-25 42066
177 4.271881701878729e-32 1.735277883535897e-32 2.505687459701874e-25 43490
180 7.644161378055743e-32 2.107625955047684e-32 4.266691327790636e-25 45702
183 4.379627606028959e-32 1.558529656440951e-32 2.39583951905331e-25 46634
186 4.626113743909253e-32 1.819507446968179e-32 2.43064070433672e-25 48554
189 5.565832394020895e-32 2.094613510286144e-32 2.905017512448365e-25 48870
192 5.33649785360779e-32 2.371223520605088e-32 2.670483903281003e-25 50963
195 4.797136363435706e-32 2.130973063434582e-32 2.37226896018784e-25 51576
198 5.378804287411351e-32 1.893743648079766e-32 2.781993203718213e-25 49316
201 4.640019371816677e-32 1.893559775082731e-32 2.398547256857244e-25 49344
204 4.461059702016818e-32 1.770381462061634e-32 2.411128769879373e-25 47192
207 4.425649697332218e-32 1.678753436223676e-32 2.372732565978551e-25 47576
210 3.72918329536812e-32 1.644428454338701e-32 2.097636254513676e-25 45348
213 3.803167978734822e-32 1.873619195595026e-32 2.201498075116573e-25 44060
216 4.528989483031334e-32 1.675120873103941e-32 2.632792637669271e-25 43872
219 3.537189899797293e-32 1.576701120555219e-32 2.160446923699145e-25 41756
222 3.437854899931839e-32 1.374545341320998e-32 2.111360726837394e-25 41528
225 3.320650933450614e-32 1.272807605571914e-32 2.155079995682735e-25 39300
228 3.123504123267164e-32 1.184415458981114e-32 2.081337275787574e-25 38276
231 3.050706506479877e-32 1.231820371111098e-32 2.108657859110504e-25 36900
234 2.742225639453817e-32 1.2867996694466e-32 2.01407211811008e-25 34724
237 2.751464955442853e-32 1.563429113988949e-32 2.066175626408346e-25 33960
240 2.613079415398365e-32 1.165423389949496e-32 2.073162592973461e-25 32144
243 2.797183939892505e-32 1.267065475495286e-32 2.323407921372347e-25 30704
246 2.929300955792628e-32 9.359878750753756e-33 2.585404605017949e-25 28896
249 2.065696931917994e-32 7.879031831629072e-33 1.956717174432392e-25 26924
252 2.107180529824079e-32 1.057150634218185e-32 2.094691062976075e-25 25656
255 1.868339344932351e-32 6.610189840119075e-33 2.051421708787896e-25 23228
258 2.331610878434235e-32 7.333280506351374e-33 2.725736394083781e-25 21816
261 1.56027904296187e-32 7.145459949922157e-33 2.043581452101773e-25 19472
264 1.441523515846153e-32 6.369749659853252e-33 2.077444897346013e-25 17696
267 1.336768631610827e-32 4.683038834658272e-33 2.186853883653244e-25 15588
270 1.27869555501918e-32 4.854073877985684e-33 2.369849333211791e-25 13760
273 9.960627432125366e-33 3.67080252402516e-33 2.196568374518836e-25 11565
276 7.516044486545062e-33 3.064654392004035e-33 1.913745469804288e-25 10016
279 6.764613398334366e-33 2.635438593039325e-33 1.993787214505687e-25 8652
282 5.72038623838066e-33 2.47275484050642e-33 1.906390193091077e-25 7652
285 4.941449286550314e-33 2.013367047549492e-33 1.926386592707531e-25 6542
288 4.381235551782389e-33 1.713372908246652e-33 2.03952203272616e-25 5478
291 3.91719573551613e-33 1.633997435635717e-33 2.044333617066379e-25 4886
294 3.295268061783419e-33 1.36926817326142e-33 2.065937554867991e-25 4068
297 2.826566113682141e-33 1.164440956452164e-33 2.167438268977484e-25 3326
300 2.652858997222591e-33 9.968341646160198e-34 2.50886534001572e-25 2696
303 2.089834474524176e-33 8.277020966174761e-34 2.312240956821977e-25 2304
306 1.786629554036101e-33 6.997401788832801e-34 2.356089313356404e-25 1934
309 1.280658623127603e-33 5.085507448607296e-34 2.431137441908314e-25 1344
312 1.053861946410655e-33 3.77199316553463e-34 3.166281972011286e-25 848
315 1.245246374350232e-33 4.443344319840632e-34 3.571245083725426e-25 888
318 6.37218703975357e-34 2.698059541423327e-34 2.781901664926231e-25 584
321 6.72301009592518e-34 1.947155666364172e-34 4.988371345466041e-25 344
324 1.794362547042593e-34 1.076944916013608e-34 4.485780182895211e-25 102
327 2.18026008204243e-34 1.142000898574111e-34 5.334855642193723e-25 104
330 1.120901718016976e-34 2.947067054950909e-35 1.142234893837228e-24 25


3 1.48948284111301e-13 5.83283693635422e-12 0.5123363122270592 18
6 7.974745727908524e-13 6.589327253423186e-11 0.6590179928180537 62
9 1.258949804306876e-12 1.62266094922596e-10 0.5948257979668118 98
12 2.851123212536879e-12 5.417487572203087e-10 0.6105619591580089 210
15 5.483560630332125e-12 1.249252988351679e-09 0.6039512449294151 350
18 3.669954794010749e-12 1.03806391497756e-09 0.2913088206665156 450
21 5.54318487660144e-20 4.808133179591903e-17 7.041998845807071e-09 602
24 2.316835264411778e-20 3.203556615053087e-17 2.931515967855506e-09 762
27 8.570821224287545e-20 1.329974683241408e-17 1.019526545968636e-09 1142
30 7.340196972335477e-21 3.783582982962605e-18 1.593681522706358e-10 1250
33 4.917292191988737e-22 5.643493397156672e-19 1.571494129563026e-11 1458
36 8.811575142312539e-23 7.232365634258025e-20 1.479971898795679e-12 1814
39 2.065361106865608e-28 1.748665830366759e-25 2.614594174214587e-18 2178
42 1.085856491881037e-28 9.02615380284016e-26 1.04954949246291e-18 2498
45 2.416830470721587e-29 3.267960630794344e-26 2.968997115292243e-19 2622
48 2.654698605767839e-30 4.927982133233069e-27 3.0191512183941e-20 3338
51 2.244178651558884e-31 7.092927813075415e-28 3.314392929260886e-21 3722
54 5.860675797796978e-33 1.584308195870312e-29 6.071394755726627e-23 4170
57 4.13209044090226e-33 1.439685379978792e-29 4.67869383119488e-23 4358
60 5.793286487075132e-33 1.670063855108361e-29 4.373804677196615e-23 5034
63 5.542736189760649e-33 2.222931530358579e-29 4.553787823435323e-23 5714
66 5.772086990677852e-33 2.255454599413201e-29 4.080812535873759e-23 5982
69 6.180522796928151e-33 2.780229991835923e-29 4.151212718709874e-23 6602
72 7.688567778480268e-33 2.936138371845357e-29 3.847202413081657e-23 7130
75 7.11164040957455e-33 3.642025185021394e-29 3.806256100721315e-23 8034
78 7.869273191107314e-33 4.282771545155188e-29 3.87531948059454e-23 8606
81 8.155873929882251e-33 4.7619549461713e-29 3.795012533331964e-23 9066
84 8.525412268966374e-33 5.482744469970279e-29 3.688180123155796e-23 9962
87 8.973797663992223e-33 6.428888057989237e-29 3.793213173855944e-23 10550
90 9.749857655553328e-33 7.05372658052784e-29 3.683926573556374e-23 11226
93 1.080802702632776e-32 7.904477467182978e-29 3.593788318305113e-23 12146
96 1.088819690424442e-32 8.598201477044706e-29 3.543179874787694e-23 12606
99 1.214775070125126e-32 1.021170951016893e-28 3.607621884591902e-23 13802
102 1.334369682256711e-32 1.117626728319762e-28 3.509810690934611e-23 14754
105 1.325648677892486e-32 1.247551190175631e-28 3.562327308306434e-23 15194
108 1.412305824530841e-32 1.648996944779184e-28 4.048917419845461e-23 16454
111 1.487938218090845e-32 1.492687923285333e-28 3.399287435642963e-23 17154
114 1.568854026133423e-32 1.667909740322383e-28 3.381008668804389e-23 18266
117 1.740421267788823e-32 1.831121002065472e-28 3.460244834485852e-23 18750
120 1.821285167171341e-32 2.18665545046012e-28 3.610248942245908e-23 20234
123 1.936333828722018e-32 2.244699946113219e-28 3.358088976448587e-23 21450
126 1.978482018785331e-32 2.513929365672644e-28 3.483347563938108e-23 21962
129 2.097197397863875e-32 2.674052161239788e-28 3.326365729276349e-23 23462
132 2.164539468941387e-32 2.948604745409743e-28 3.415949018367794e-23 24042
135 2.325720888541876e-32 3.235287079804129e-28 3.325447726790322e-23 25946
138 2.601878994194824e-32 3.366658439285081e-28 3.342331797110846e-23 26118
141 2.574565271307562e-32 3.730760262307362e-28 3.337227606112499e-23 27506
144 2.803783438499592e-32 4.063986670005296e-28 3.315975222772248e-23 29066
147 2.866753174646494e-32 4.463970321001568e-28 3.324043910032344e-23 30450
150 2.99774809447155e-32 4.935151195024032e-28 3.38049419657562e-23 31742
153 3.074711623290639e-32 5.098854882639673e-28 3.31784630628048e-23 32250
156 3.326338278423033e-32 5.558537209409904e-28 3.291331194391092e-23 34250
159 3.528212163904054e-32 6.00242475390297e-28 3.31374064796362e-23 35454
162 3.66241688900418e-32 6.32253556954104e-28 3.284303807116449e-23 36434
165 3.772875396662136e-32 6.703425029116021e-28 3.249141744319126e-23 37682
168 3.958415743522512e-32 7.282187063822445e-28 3.266398888602516e-23 39294
171 4.275516851164226e-32 7.821682834953102e-28 3.231537305116399e-23 41426
174 4.354650553668805e-32 8.27108807006573e-28 3.248896520706884e-23 42066
177 4.485209564791419e-32 8.915009531036684e-28 3.268612725722799e-23 43490
180 5.029647736274649e-32 9.559412395872404e-28 3.264724148163133e-23 45702
183 4.976817719118816e-32 1.007912933390134e-27 3.247774388806136e-23 46634
186 5.251840020487774e-32 1.078937762395937e-27 3.24127078484627e-23 48554
189 5.26362578468707e-32 1.116945083607618e-27 3.228950129148916e-23 48870
192 5.670856179704671e-32 1.256828808729088e-27 3.378347323309745e-23 50963
195 5.712478593408063e-32 1.231433939685337e-27 3.193615233092379e-23 51576
198 5.541097047309453e-32 1.214365981247165e-27 3.202045809504319e-23 49316
201 5.506704104480929e-32 1.247538898031544e-27 3.188749427745546e-23 49344
204 5.286470037383955e-32 1.236672459556739e-27 3.207236529538729e-23 47192
207 5.441989522765937e-32 1.298758253838218e-27 3.249958574227951e-23 47576
210 5.163315221134923e-32 1.2717029776427e-27 3.242789686347002e-23 45348
213 5.056780475240505e-32 1.279895654301372e-27 3.265958191618231e-23 44060
216 5.105664789595916e-32 1.285070118385244e-27 3.220783868044846e-23 43872
219 4.831399926906883e-32 1.274022376420958e-27 3.25307542552797e-23 41756
222 4.84400528051408e-32 1.322278272594516e-27 3.29993358240568e-23 41528
225 4.667592065266174e-32 1.276971138365732e-27 3.291445178714934e-23 39300
228 4.542099651561999e-32 1.269155738331461e-27 3.274557062705133e-23 38276
231 4.435873869973917e-32 1.266530798416816e-27 3.304652763315992e-23 36900
234 4.22098239649458e-32 1.202342240713289e-27 3.265241269249098e-23 34724
237 4.214260384782009e-32 1.220581291789233e-27 3.309607871161787e-23 33960
240 4.009678694960573e-32 1.174998228596251e-27 3.290063336686426e-23 32144
243 3.848072534655695e-32 1.139999991368892e-27 3.268049892429379e-23 30704
246 3.580984562649405e-32 1.118386690447371e-27 3.307083683846507e-23 28896
249 3.398799933989767e-32 1.063809191294463e-27 3.308744401449674e-23 26924
252 3.288107260686235e-32 1.02509187480888e-27 3.283507609955454e-23 25656
255 3.004373269502212e-32 9.436593562702654e-28 3.270273162975835e-23 23228
258 2.884329588840475e-32 9.158353155805304e-28 3.308908866914749e-23 21816
261 2.528069103048742e-32 8.354617079908307e-28 3.294258825455981e-23 19472
264 2.379450596212671e-32 7.782969096757007e-28 3.321271238398368e-23 17696
267 2.055663448235239e-32 6.997915786673833e-28 3.303651369444626e-23 15588
270 1.866389496643192e-32 6.367298889998462e-28 3.34316790664042e-23 13760
273 1.608957453041455e-32 5.470664031968669e-28 3.359083496676052e-23 11565
276 1.38474373497899e-32 4.823885310770067e-28 3.344973210416183e-23 10016
279 1.170991188439123e-32 4.300088920707166e-28 3.357664589786601e-23 8652
282 1.048477029976344e-32 3.910715159628585e-28 3.383790474703135e-23 7652
285 9.10038554417177e-33 3.350499149913011e-28 3.341615589675409e-23 6542
288 7.910569175143394e-33 2.834255765560239e-28 3.338006602120406e-23 5478
291 6.934086771491612e-33 2.693605684058522e-28 3.442560335699481e-23 4886
294 5.625690885427548e-33 2.211441755942701e-28 3.330973515068762e-23 4068
297 4.874707337898498e-33 1.827023249223227e-28 3.344105816417261e-23 3326
300 3.934292844743175e-33 1.598201616942787e-28 3.494154278141528e-23 2696
303 3.522047262740867e-33 1.385378996055299e-28 3.511834223069924e-23 2304
306 3.017969779282983e-33 1.084346574733286e-28 3.286826047017766e-23 1934
309 1.896717589321248e-33 8.12788862903697e-29 3.362506003895922e-23 1344
312 1.28700925791409e-33 5.658732514336345e-29 3.637794839571806e-23 848
315 1.401648240566173e-33 5.6655873825132e-29 3.485869793797162e-23 888
318 9.138628901471221e-34 3.347549919649046e-29 3.154544885866412e-23 584
321 5.519962779371378e-34 2.198604507104607e-29 3.396481863448986e-23 344
324 1.783885433780123e-34 7.751005545361816e-30 3.911542954745965e-23 102
327 1.602873849215759e-34 7.877058425287728e-30 3.747142671428196e-23 104
330 3.318010017529475e-35 1.539141393697893e-30 3.034990462596464e-23 25