0 0 0
2.99999999999998 2.79796478705449e-19 8.2350088962803e-21
5.99999999999992 2.01034741848574e-19 2.20622935518216e-21
8.99999999999985 1.36759141396571e-19 7.89223619608473e-22
11.9999999999998 1.13693358791363e-19 4.06368017476028e-22
14.9999999999997 9.45260703309046e-20 2.30464636714756e-22
18 8.99923311448811e-20 1.59471288299418e-22
21.0000000000005 6.60324414800271e-20 8.89239482436412e-23
24.000000000001 6.87915762528101e-20 7.27485735340559e-23
27.0000000000014 6.25328304258618e-20 5.32448409310992e-23
30.0000000000019 6.71161940788778e-20 4.692351852335e-23
33.000000000002 5.77387874194734e-20 3.36731265986126e-23
36.0000000000014 7.11467023203459e-20 3.50665832972142e-23
39.0000000000008 6.31086688618371e-20 2.65804161816256e-23
42.0000000000002 5.5433349638304e-20 2.01449953415047e-23
44.9999999999996 7.66955145875657e-20 2.42565230738392e-23
47.999999999999 6.79462409269165e-20 1.88494767183155e-23
50.9999999999984 7.06253262017076e-20 1.7311782231773e-23
53.9999999999978 6.55080791071051e-20 1.42860238417668e-23
56.9999999999972 5.18852227135453e-20 1.01328383793298e-23
59.9999999999966 5.13097829163365e-20 9.02934194085392e-24
62.999999999996 5.82676007585955e-20 9.2941765942457e-24
65.9999999999969 6.06161620780678e-20 8.81275649593447e-24
68.9999999999984 6.18239172746862e-20 8.23509552044117e-24
71.9999999999999 4.37979797906743e-20 5.37063304877701e-24
75.0000000000015 3.94645282723366e-20 4.4741936671835e-24
78.000000000003 5.2733146719403e-20 5.54883232536214e-24
81.0000000000045 5.46634560917518e-20 5.35661993560664e-24
84.0000000000061 5.10974854974501e-20 4.67659662002985e-24
87.0000000000076 5.00952061252949e-20 4.29268567229979e-24
90.0000000000091 3.93313162699311e-20 3.16199959191539e-24
93.0000000000107 4.188092598521e-20 3.16418958716394e-24
96.0000000000122 4.05306816115232e-20 2.8817557270295e-24
99.0000000000137 3.79253683541641e-20 2.54059652324259e-24
102.000000000015 3.78562063631766e-20 2.39173731510839e-24
105.000000000017 4.08848851839684e-20 2.43842764960777e-24
108.000000000018 4.79497813025534e-20 2.70205809404242e-24
111.00000000002 4.24037755224142e-20 2.2598402047806e-24
114.000000000021 3.61107574353297e-20 1.82184722366426e-24
117.000000000023 3.00427774277315e-20 1.43648265378244e-24
120.000000000024 3.07439633648639e-20 1.39489114775507e-24
123.000000000026 3.35537863855759e-20 1.44653839932008e-24
126.000000000028 4.02352785042973e-20 1.6505851586528e-24
129.000000000028 3.7452231945584e-20 1.46427012176947e-24
132.000000000025 3.7554687966499e-20 1.40155638819635e-24
135.000000000022 3.80943575032557e-20 1.35926031516699e-24
138.000000000019 3.3800091197999e-20 1.15486524178718e-24
141.000000000017 2.6377163119165e-20 8.64278268883833e-25
144.000000000014 2.6945943281853e-20 8.4785163573953e-25
147.000000000011 2.8098073993898e-20 8.50017854210823e-25
150.000000000009 3.10867431372545e-20 9.05111666569127e-25
153.000000000006 3.46389122198706e-20 9.71492454558205e-25
156.000000000003 3.61802051983982e-20 9.78116728461086e-25
159 3.32829697559528e-20 8.67783976898599e-25
161.999999999998 2.91351449612611e-20 7.32894024622261e-25
164.999999999995 2.95857893996775e-20 7.18221630615407e-25
167.999999999992 3.15535428020215e-20 7.39365891336955e-25
170.999999999989 2.99893586565356e-20 6.78396029503192e-25
173.999999999987 2.96103877585921e-20 6.46747048873882e-25
176.999999999984 2.72802828526214e-20 5.75437820078438e-25
179.999999999981 2.3475063943564e-20 4.78331075152422e-25
182.999999999979 2.25263693867912e-20 4.43543330117614e-25
185.999999999976 2.55220513995511e-20 4.85822463272263e-25
188.999999999973 2.77874536719977e-20 5.11643003600995e-25
191.99999999997 2.58709857470207e-20 4.61072474915428e-25
194.999999999968 2.79511559441639e-20 4.82516198712909e-25
197.999999999965 3.08494421292321e-20 5.16250192661705e-25
200.999999999962 2.89517028860248e-20 4.70054102835363e-25
203.999999999959 2.463886461415e-20 3.88434086719099e-25
206.999999999957 2.22040368843286e-20 3.40174904051053e-25
209.999999999954 2.09342608520624e-20 3.1190949517101e-25
212.999999999951 2.10691069182754e-20 3.05499231229137e-25
215.999999999949 2.3801076375957e-20 3.36049594902671e-25
218.999999999946 2.54441926919628e-20 3.49977754387067e-25
221.999999999943 2.40098672468272e-20 3.21839788699537e-25
224.99999999994 2.2414838386493e-20 2.92880265935681e-25
227.999999999938 2.25500769274986e-20 2.87257739370349e-25
230.999999999935 2.50003315790385e-20 3.10505847691151e-25
233.999999999932 2.62324173525224e-20 3.1766560801853e-25
236.999999999929 2.41761430648705e-20 2.85444790756903e-25
239.999999999927 2.25638187729566e-20 2.59744119891287e-25
242.999999999924 2.37001873730125e-20 2.66004087122053e-25
245.999999999921 2.34678262789912e-20 2.56825764569938e-25
248.999999999919 2.16681652384574e-20 2.31244278125215e-25
251.999999999916 2.09991038619832e-20 2.1858482109576e-25
254.999999999913 2.13657166116408e-20 2.169850853492e-25
257.99999999991 2.11608081708191e-20 2.09746820306526e-25
260.999999999908 2.19015960620391e-20 2.11971833639322e-25
263.999999999905 2.21305994666753e-20 2.09241616126831e-25
266.999999999902 2.05292368661559e-20 1.89718550996991e-25
269.999999999899 2.03046689077812e-20 1.83506453080259e-25
272.999999999897 2.10443629628437e-20 1.86098350690542e-25
275.999999999894 2.21994992378547e-20 1.92185572986477e-25
278.999999999891 2.33920309548948e-20 1.9834161501236e-25
281.999999999889 2.41209082177293e-20 2.00390072325498e-25
284.999999999886 2.42970812233606e-20 1.97837100879587e-25
287.999999999883 2.32273370281481e-20 1.85405495049687e-25
290.99999999988 2.10407981935322e-20 1.64671320758222e-25
293.999999999878 1.82179499434423e-20 1.39803683277996e-25
296.999999999875 1.57229695774308e-20 1.1830987866873e-25
299.999999999872 1.53219679720055e-20 1.13045365506088e-25
302.999999999869 1.62726587229997e-20 1.17712322567761e-25
305.999999999867 1.70889352194129e-20 1.21192306055289e-25
308.999999999864 1.77557742587674e-20 1.23445317358062e-25
311.999999999861 1.9307312591689e-20 1.31590660193106e-25
314.999999999859 2.07750722815384e-20 1.38812588872108e-25
317.999999999856 2.07933009039818e-20 1.36217823517982e-25
320.999999999853 2.06128460342273e-20 1.32416618952456e-25
323.99999999985 2.01235500736242e-20 1.26794906219046e-25
326.999999999848 1.89907023307701e-20 1.17396732838035e-25
329.999999999845 1.73479106376463e-20 1.05251193972096e-25
332.999999999842 1.56711401402743e-20 9.33486755363209e-26
335.999999999839 1.54853786826579e-20 9.06000010195895e-26
338.999999999837 1.63054162538418e-20 9.37364062980449e-26
341.999999999834 1.68749837777872e-20 9.53571116750704e-26
344.999999999831 1.69398633306319e-20 9.41241044491492e-26
347.999999999829 1.66880966791253e-20 9.12022167884937e-26
350.999999999826 1.64489129223233e-20 8.84390113492179e-26
353.999999999823 1.66859791960472e-20 8.82751754497627e-26
356.99999999982 1.70590051702423e-20 8.88105165637912e-26
359.999999999818 1.76133734528088e-20 9.02389546125345e-26
362.999999999815 1.80258232202182e-20 9.08828201079524e-26
365.999999999812 1.77391744263461e-20 8.80100995015543e-26
368.999999999809 1.79537598485002e-20 8.76463381000469e-26
371.999999999807 1.92723522684098e-20 9.25669802092332e-26
374.999999999804 1.96211261669495e-20 9.27163542215294e-26
377.999999999801 1.82224770151603e-20 8.47090963146689e-26
380.999999999798 1.70246534283371e-20 7.78551352959085e-26
383.999999999796 1.70253670130303e-20 7.65965513172937e-26
386.999999999793 1.75377748317207e-20 7.76304656556664e-26
389.99999999979 1.76784466967988e-20 7.70038378407707e-26
392.999999999788 1.68400092176416e-20 7.21954306042668e-26
395.999999999785 1.52498006586258e-20 6.4363388187888e-26
398.999999999782 1.40173446522266e-20 5.82600527830281e-26
401.999999999779 1.35343376786879e-20 5.54120688084423e-26
404.999999999777 1.3534326618102e-20 5.46009494133567e-26
407.999999999774 1.39746056861084e-20 5.55684806368365e-26
410.999999999771 1.47073553541388e-20 5.76589966678866e-26
413.999999999768 1.57459347875643e-20 6.08759848318427e-26
416.999999999766 1.64511961223137e-20 6.27336969656146e-26
419.999999999763 1.61649089450017e-20 6.08079131436727e-26
422.99999999976 1.57194859243514e-20 5.83367625070506e-26
425.999999999758 1.57619968811029e-20 5.77089788447992e-26
428.999999999755 1.59123752551162e-20 5.74760022810076e-26
431.999999999752 1.60006877699204e-20 5.70145049729489e-26
434.999999999749 1.64605375198432e-20 5.78564352766826e-26
437.999999999747 1.75131244308315e-20 6.07147411574722e-26
440.999999999744 1.85793490178239e-20 6.35255112774074e-26
443.999999999741 1.88978420991055e-20 6.37220483335922e-26
446.999999999738 1.77465296910101e-20 5.90115499658685e-26
449.999999999736 1.54161435093094e-20 5.05532651794965e-26
452.999999999733 1.30101699834404e-20 4.20755953170598e-26
455.99999999973 1.14460813424949e-20 3.65109329922797e-26
458.999999999728 1.09963773270654e-20 3.46018824639458e-26
461.999999999725 1.14414946138365e-20 3.55221955036757e-26
464.999999999722 1.23551420117147e-20 3.78554661282509e-26
467.999999999719 1.32015490153061e-20 3.99278012448856e-26
470.999999999717 1.37047321838529e-20 4.09260515111879e-26
473.999999999714 1.41110188904431e-20 4.1617218049753e-26
476.999999999711 1.46933003284188e-20 4.28072971642236e-26
479.999999999708 1.5490986853847e-20 4.45909356950849e-26
482.999999999706 1.59514124288206e-20 4.53736754966301e-26
485.999999999703 1.58412753596385e-20 4.45329062510798e-26
488.9999999997 1.55443802952066e-20 4.31895502299998e-26
491.999999999698 1.49829132875169e-20 4.11456919165263e-26
494.999999999695 1.4131643331937e-20 3.83560956580706e-26
497.999999999692 1.34783477339278e-20 3.61550196026028e-26
500.999999999689 1.33939771928698e-20 3.5505747019825e-26
503.999999999687 1.38823329883227e-20 3.63639608312387e-26
506.999999999684 1.46428061964121e-20 3.78979851790007e-26
509.999999999681 1.49337172811659e-20 3.81867367107444e-26
512.999999999678 1.4452288024797e-20 3.65102452755606e-26
515.999999999676 1.37681551570501e-20 3.43623500211435e-26
518.999999999673 1.33875335323442e-20 3.3010291121141e-26
521.99999999967 1.34240742688108e-20 3.27043792469177e-26
524.999999999668 1.35414500435947e-20 3.25993275771031e-26
527.999999999665 1.32058710005166e-20 3.14193903330246e-26
530.999999999662 1.23721151186718e-20 2.90964703068344e-26
533.999999999659 1.15358365218393e-20 2.6822451679914e-26
536.999999999657 1.11375896953876e-20 2.56085567860731e-26
539.999999999654 1.09879414931616e-20 2.49887888925794e-26
542.999999999651 1.0998761373767e-20 2.47452623790109e-26
545.999999999648 1.15053033759593e-20 2.56117739230244e-26
548.999999999646 1.23795969641728e-20 2.72710019634963e-26
551.999999999643 1.30692044498493e-20 2.8493104157291e-26
554.99999999964 1.33443030354983e-20 2.8794378307398e-26
557.999999999638 1.35017318131401e-20 2.88356697341782e-26
560.999999999635 1.37030937509001e-20 2.89653976819157e-26
563.999999999632 1.3825228506423e-20 2.89222344738452e-26
566.999999999629 1.39474915769902e-20 2.88750846126117e-26
569.999999999627 1.43420022660096e-20 2.93811407269867e-26
572.999999999624 1.49719773658015e-20 3.03482540657342e-26
575.999999999621 1.51953263447497e-20 3.04739584805823e-26
578.999999999618 1.46569882299944e-20 2.90807373935729e-26
581.999999999616 1.38025498593729e-20 2.70926731416252e-26
584.999999999613 1.30349363148431e-20 2.53126902798039e-26
587.99999999961 1.2460887651347e-20 2.39406805279061e-26
590.999999999608 1.2206310433575e-20 2.32042494454937e-26
593.999999999605 1.21832173327354e-20 2.29188636098191e-26
596.999999999602 1.19382964995212e-20 2.22272715591431e-26
599.999999999599 1.13001090150657e-20 2.08263291445947e-26
602.999999999597 1.07559715829816e-20 1.96265654518166e-26
605.999999999594 1.0609374633767e-20 1.91702339514415e-26
608.999999999591 1.05889561317249e-20 1.89499364260359e-26
611.999999999588 1.06303271557587e-20 1.88444602154256e-26
614.999999999586 1.09004571017141e-20 1.91433419443971e-26
617.999999999583 1.12099558096158e-20 1.9505271252401e-26
620.99999999958 1.13330986843443e-20 1.95386758234223e-26
623.999999999578 1.13703639293533e-20 1.94234636566431e-26
626.999999999575 1.14069180713014e-20 1.93072012622197e-26
629.999999999572 1.15138678176839e-20 1.9308627457372e-26
632.999999999569 1.1958103959646e-20 1.98674896200192e-26
635.999999999567 1.26999064977986e-20 2.09024800407376e-26
638.999999999564 1.32267443928206e-20 2.15641345227559e-26
641.999999999561 1.32983699404665e-20 2.14747309941502e-26
644.999999999558 1.30937183226947e-20 2.09420082840321e-26
647.999999999556 1.2730894555929e-20 2.01663201822945e-26
650.999999999553 1.22912781362287e-20 1.92830921864674e-26
653.99999999955 1.1918662697687e-20 1.8519661188933e-26
656.999999999548 1.15913541954039e-20 1.78399758303616e-26
659.999999999545 1.11798354242849e-20 1.70448245282647e-26
662.999999999542 1.0752862250756e-20 1.62417348833953e-26
665.999999999539 1.04959628323894e-20 1.57088622574118e-26
668.999999999537 1.04278630526872e-20 1.54667779774196e-26
671.999999999534 1.04630452855086e-20 1.5382032320767e-26
674.999999999531 1.05301167896048e-20 1.53463749074181e-26
677.999999999528 1.05097701145964e-20 1.51859456085494e-26
680.999999999526 1.03628370455493e-20 1.48474589512506e-26
683.999999999523 1.0244608736661e-20 1.45555931186184e-26
686.99999999952 1.0302581872613e-20 1.45165651220116e-26
689.999999999518 1.05705874786266e-20 1.4770936646507e-26
692.999999999515 1.1037158139491e-20 1.52950756873815e-26
695.999999999512 1.15908317631659e-20 1.59285815821131e-26
698.999999999509 1.19677638419391e-20 1.63086283554234e-26
701.999999999507 1.19395450618601e-20 1.61325285480762e-26
704.999999999504 1.15800654533153e-20 1.55132421491281e-26
707.999999999501 1.11267993900697e-20 1.47777259118697e-26
710.999999999498 1.06116823288371e-20 1.39714731858756e-26
713.999999999496 1.00296859050987e-20 1.30903066792992e-26
716.999999999493 9.66234958897915e-21 1.25010126420113e-26
719.99999999949 9.78410181463649e-21 1.25484995712146e-26
722.999999999487 1.03448621050702e-20 1.31530294195746e-26
725.999999999485 1.11197453076618e-20 1.40171854661903e-26
728.999999999482 1.18582608199557e-20 1.48216870351688e-26
731.999999999479 1.23636014532779e-20 1.53245115721597e-26
734.999999999477 1.2643035717409e-20 1.55423869215203e-26
737.999999999474 1.28228198485656e-20 1.56363734333334e-26
740.999999999471 1.28555358587346e-20 1.55520713040049e-26
743.999999999468 1.25387937083652e-20 1.50505792300042e-26
746.999999999466 1.18511510675574e-20 1.41157043877285e-26
749.999999999463 1.10377914366188e-20 1.3046765502435e-26
752.99999999946 1.03374387970563e-20 1.21264530863048e-26
755.999999999457 9.7719289845925e-21 1.13765282044256e-26
758.999999999455 9.2064762798551e-21 1.06372014878902e-26
761.999999999452 8.58374497116574e-21 9.84237971138906e-27
764.999999999449 8.05850146600935e-21 9.16944710103865e-27
767.999999999447 7.83014520267631e-21 8.84086496128027e-27
770.999999999444 7.94003067576545e-21 8.8951137684809e-27
773.999999999441 8.29385860720754e-21 9.21849421576155e-27
776.999999999438 8.73356969870302e-21 9.63038400545455e-27
779.999999999436 9.09967865308149e-21 9.95424981342339e-27
782.999999999433 9.36194966097355e-21 1.01594880435389e-26
785.99999999943 9.62085639109049e-21 1.0357295885289e-26
788.999999999427 9.93330343353523e-21 1.06088883970547e-26
791.999999999425 1.02686891799231e-20 1.08808553550314e-26
794.999999999422 1.0623734404438e-20 1.11695581087391e-26
797.999999999419 1.10081920270749e-20 1.14850492142299e-26
800.999999999417 1.13404803279013e-20 1.1742465121522e-26
803.999999999414 1.15310741615802e-20 1.1851238869518e-26
806.999999999411 1.16337184536407e-20 1.18695089250746e-26
809.999999999408 1.17672031753746e-20 1.19194788868898e-26
812.999999999406 1.19471242979837e-20 1.20159855825065e-26
815.999999999403 1.2078788192379e-20 1.20632354919931e-26
818.9999999994 1.20387220862377e-20 1.19395058923077e-26
821.999999999397 1.17633831128793e-20 1.1585448579888e-26
824.999999999395 1.13187673488851e-20 1.10701072200019e-26
827.999999999392 1.08200402218119e-20 1.05084969974917e-26
830.999999999389 1.02960177262353e-20 9.92929789060079e-27
833.999999999387 9.75813069495557e-21 9.34385562037156e-27
836.999999999384 9.34285533284802e-21 8.8821754506146e-27
839.999999999381 9.21746187540397e-21 8.69965234824435e-27
842.999999999378 9.36073955612604e-21 8.77053153009522e-27
845.999999999376 9.56146524119234e-21 8.89296236201172e-27
848.999999999373 9.6330864347332e-21 8.89372613594093e-27
851.99999999937 9.52535892930765e-21 8.72964455787804e-27
854.999999999367 9.24283051991942e-21 8.40870403569713e-27
857.999999999365 8.81989080193425e-21 7.96561393182393e-27
860.999999999362 8.39674098671804e-21 7.52890761531197e-27
863.999999999359 8.14824691094884e-21 7.25424115244985e-27
866.999999999357 8.10975734701593e-21 7.16950908690661e-27
869.999999999354 8.19282388682205e-21 7.19314566855329e-27
872.999999999351 8.33459652292253e-21 7.26813568226552e-27
875.999999999348 8.52516798991482e-21 7.38483216436428e-27
878.999999999346 8.74642002198439e-21 7.52674073414991e-27
881.999999999343 8.96550590217716e-21 7.66516402001028e-27
884.99999999934 9.16359179345106e-21 7.7840078078316e-27
887.999999999337 9.35178895007741e-21 7.89283348637652e-27
890.999999999335 9.55984324314714e-21 8.0165709941585e-27
893.999999999332 9.79796212362985e-21 8.16323300417143e-27
896.999999999329 1.00531012925055e-20 8.3213874607848e-27
