0
2.99999999999978
6.00000000000034
9.00000000000045
11.9999999999988
14.9999999999971
17.999999999999
21.0000000000027
24.0000000000063
27.00000000001
30.0000000000137
33.0000000000138
36.0000000000068
38.9999999999998
41.9999999999928
44.9999999999858
47.9999999999788
50.9999999999718
53.9999999999648
56.9999999999579
59.9999999999509
62.9999999999439
65.9999999999511
68.9999999999654
71.9999999999797
74.9999999999941
78.0000000000084
81.0000000000227
84.000000000037
87.0000000000514
90.0000000000657
93.00000000008
96.0000000000943
99.0000000001087
102.000000000123
105.000000000137
108.000000000152
111.000000000166
114.00000000018
117.000000000195
120.000000000209
123.000000000223
126.000000000238
129.000000000252
132.000000000266
135.000000000281
138.000000000295
141.000000000309
144.000000000324
147.000000000338
150.000000000352
153.000000000366
156.000000000381
159.000000000395
162.000000000409
165.000000000424
168.000000000438
171.000000000452
174.000000000467
177.000000000481
180.000000000495
183.00000000051
186.000000000524
189.000000000538
