# f_0 [Hz]            h_c(f_0, t_0)
1.392140e+08 5.002938e-32
2.784281e+08 4.242647e-32
4.176421e+08 2.746328e-32
5.568561e+08 2.697704e-32
6.960702e+08 2.108518e-32
8.352842e+08 1.634048e-32
9.744983e+08 1.562540e-32
1.113712e+09 1.429677e-32
1.252926e+09 1.437114e-32
1.392140e+09 1.306816e-32
1.531354e+09 1.252998e-32
1.670568e+09 1.303448e-32
1.809782e+09 1.377368e-32
1.948997e+09 1.420448e-32
2.088211e+09 1.418931e-32
2.227425e+09 1.495586e-32
2.366639e+09 1.388876e-32
2.505853e+09 1.224805e-32
2.645067e+09 1.088972e-32
2.784281e+09 9.825505e-33
2.923495e+09 8.846811e-33
3.062709e+09 6.925073e-33
3.201923e+09 5.754716e-33
3.341137e+09 3.794263e-33
3.480351e+09 2.622364e-33
3.619565e+09 1.200803e-33
3.758779e+09 8.061962e-34
