# f_0 [Hz]            h_c(f_0, t_0)
3.946271e+05 1.837770e-29
7.892543e+05 1.541143e-29
1.183881e+06 1.879728e-29
1.578509e+06 2.201709e-29
1.973136e+06 1.178782e-29
2.367763e+06 9.295719e-30
2.762390e+06 1.063964e-29
3.157017e+06 9.633401e-30
3.551644e+06 9.187940e-30
3.946271e+06 8.280936e-30
4.340899e+06 7.994867e-30
4.735526e+06 8.580087e-30
5.130153e+06 8.658579e-30
5.524780e+06 8.494043e-30
5.919407e+06 8.271116e-30
6.314034e+06 8.692296e-30
6.708661e+06 7.889882e-30
7.103289e+06 7.098615e-30
7.497916e+06 6.192359e-30
7.892543e+06 5.645435e-30
8.287170e+06 5.054450e-30
8.681797e+06 3.931048e-30
9.076424e+06 3.157031e-30
9.471051e+06 2.227119e-30
9.865679e+06 1.608145e-30
1.026031e+07 6.812123e-31
1.065493e+07 5.626722e-31
