0 0 0
2.99999999999998 3.02349083337898e-20 1.8158681544587e-23
5.99999999999992 2.47928676728412e-20 1.8216058009695e-24
8.99999999999985 2.04790603739543e-20 4.08517326346735e-25
11.9999999999998 1.95839892847141e-20 1.42672678960705e-25
14.9999999999997 1.99139141086672e-20 6.12614874416021e-26
18 2.09645945373564e-20 3.09191782719031e-26
21.0000000000005 2.2469208178449e-20 1.77495820546689e-26
24.000000000001 2.49208514080489e-20 1.14814056095809e-26
27.0000000000014 3.80277900357992e-20 1.09640662641191e-26
30.0000000000019 1.01385361989771e-19 1.96685160116329e-26
33.000000000002 6.66047837260253e-19 9.25501820349721e-26
36.0000000000014 5.46110428084109e-18 5.54525701762826e-25
39.0000000000008 3.89780593003284e-17 2.88624847720765e-24
42.0000000000002 3.29277033603456e-16 1.79626757566459e-23
44.9999999999996 3.96945199747357e-15 1.62693803237944e-22
47.999999999999 3.83215549302373e-13 1.20310662753327e-20
50.9999999999984 3.34489696808145e-12 8.20698055659119e-20
53.9999999999978 2.17950614136047e-11 4.29602341464471e-19
56.9999999999972 1.97151863402785e-10 3.20689813157059e-18
59.9999999999966 1.6623133836858e-09 2.24174907791238e-17
62.999999999996 4.4069976276177e-09 4.89675282958973e-17
65.9999999999969 7.65588070011857e-09 7.02382241822738e-17
68.9999999999984 1.52560637949084e-08 1.16337207799921e-16
71.9999999999999 3.76356163582937e-08 2.40655186409691e-16
75.0000000000015 6.96611233100416e-08 3.77195834237017e-16
78.000000000003 1.39398953397348e-07 6.47738824862653e-16
81.0000000000045 2.89416825415124e-07 1.16898669966666e-15
84.0000000000061 4.35547213601946e-07 1.53846218900437e-15
87.0000000000076 6.05587562369644e-07 1.86814240990383e-15
90.0000000000091 1.03247286951631e-06 2.77778289809025e-15
93.0000000000107 1.86776676022047e-06 4.39247422107315e-15
96.0000000000122 3.15114116290619e-06 6.50832481352659e-15
99.0000000000137 4.45680912555776e-06 8.12442828187589e-15
102.000000000015 6.04200584624813e-06 9.77224081480355e-15
105.000000000017 6.53757909558446e-06 9.42000148069233e-15
108.000000000018 7.35350976669206e-06 9.47987392313697e-15
111.00000000002 9.27140076684655e-06 1.07339295940155e-14
114.000000000021 9.35624485081497e-06 9.75635206553028e-15
117.000000000023 9.51451131933973e-06 8.96058292199081e-15
120.000000000024 1.0898368394018e-05 9.29156366920834e-15
123.000000000026 1.1480998423593e-05 8.88046934327696e-15
126.000000000028 1.12239083149353e-05 7.89273656453749e-15
129.000000000028 1.14282187496777e-05 7.32135300373981e-15
132.000000000025 1.2893040871134e-05 7.53934097621583e-15
135.000000000022 1.28291922373881e-05 6.86138908568101e-15
138.000000000019 1.26632847797638e-05 6.20587889692884e-15
141.000000000017 1.32692696054235e-05 5.9696368449582e-15
144.000000000014 1.4054587099999e-05 5.81478349446224e-15
147.000000000011 1.35515785780935e-05 5.16494365480164e-15
150.000000000009 1.39222047137116e-05 4.89589776444224e-15
153.000000000006 1.51259053481825e-05 4.91550807254859e-15
156.000000000003 1.48531453695611e-05 4.46785930086323e-15
159 1.45222234775422e-05 4.04886746240043e-15
161.999999999998 1.56106141157884e-05 4.04024041921172e-15
164.999999999995 1.62660395815815e-05 3.91309328376264e-15
167.999999999992 1.51009085240532e-05 3.38129883108155e-15
170.999999999989 1.57322858378215e-05 3.28275120130434e-15
173.999999999987 1.67508610688764e-05 3.26101553396224e-15
176.999999999984 1.67680874625584e-05 3.04919850638601e-15
179.999999999981 1.60658157691941e-05 2.73203870469985e-15
182.999999999979 1.69028457497021e-05 2.69099955013651e-15
185.999999999976 1.77347522348544e-05 2.64609495591016e-15
188.999999999973 1.70608739653821e-05 2.38812723482461e-15
191.99999999997 1.69836116103296e-05 2.23260722911651e-15
194.999999999968 1.81135122541042e-05 2.23821462407817e-15
197.999999999965 1.80144607054016e-05 2.09430511367384e-15
200.999999999962 1.6964530885784e-05 1.85723180803816e-15
203.999999999959 1.78372989011058e-05 1.84062549408205e-15
206.999999999957 1.86744525338415e-05 1.81797168739019e-15
209.999999999954 1.7925251927693e-05 1.64763238114401e-15
212.999999999951 1.77213267060499e-05 1.53930078648604e-15
215.999999999949 1.90964365930404e-05 1.56877120348445e-15
218.999999999946 1.8946458639367e-05 1.47319669028731e-15
221.999999999943 1.84108292623857e-05 1.35589967935152e-15
224.99999999994 1.88956575128817e-05 1.31918345445522e-15
227.999999999938 1.93127051680006e-05 1.27898074402313e-15
230.999999999935 1.89642188015569e-05 1.19223033045507e-15
233.999999999932 1.89003877222289e-05 1.12874118221961e-15
236.999999999929 1.96835707468403e-05 1.11735750059549e-15
239.999999999927 1.95920513436444e-05 1.05788195275708e-15
242.999999999924 1.87028823849223e-05 9.61180922056687e-16
245.999999999921 1.99005292700769e-05 9.74007481434744e-16
248.999999999919 2.02439087759837e-05 9.44148517860634e-16
251.999999999916 1.93877495871545e-05 8.62136441047199e-16
254.999999999913 1.90011765698612e-05 8.06050634863856e-16
257.99999999991 2.06806965215344e-05 8.37355356966675e-16
260.999999999908 2.0318797697752e-05 7.85633563838816e-16
263.999999999905 1.95980823458907e-05 7.24028285910253e-16
266.999999999902 2.06238803587436e-05 7.28360059905897e-16
269.999999999899 2.08372424110504e-05 7.03859410816564e-16
272.999999999897 2.01831697194357e-05 6.52363068791426e-16
275.999999999894 1.99417540659972e-05 6.17054117503607e-16
278.999999999891 2.09012701174787e-05 6.19434358086865e-16
281.999999999889 2.09452721706876e-05 5.94763613927863e-16
284.999999999886 2.0006193002327e-05 5.44616008045717e-16
287.999999999883 2.06004172752942e-05 5.37811138440335e-16
290.99999999988 2.13208144073788e-05 5.34052579282325e-16
293.999999999878 2.0672717588925e-05 4.97019902332958e-16
296.999999999875 2.0188375039655e-05 4.6607885098327e-16
299.999999999872 2.13238503175724e-05 4.72902142343976e-16
302.999999999869 2.13682376340599e-05 4.55425574496542e-16
305.999999999867 2.04633330586472e-05 4.19313331748492e-16
308.999999999864 2.12038516768512e-05 4.1789766942224e-16
311.999999999861 2.17185189526962e-05 4.11862700170406e-16
314.999999999859 2.07971509518727e-05 3.79616990877014e-16
317.999999999856 2.08845075067996e-05 3.67068399165345e-16
320.999999999853 2.12782643509595e-05 3.60256762669137e-16
323.99999999985 2.1345049497436e-05 3.48234618191202e-16
326.999999999848 2.06282822887308e-05 3.24411421369204e-16
329.999999999845 2.13838120938969e-05 3.24275890361279e-16
332.999999999842 2.18939363115011e-05 3.2024948106126e-16
335.999999999839 2.1129648139194e-05 2.98213897045688e-16
338.999999999837 2.07515484203329e-05 2.82669812649915e-16
341.999999999834 2.1650199439134e-05 2.84711257194868e-16
344.999999999831 2.18949743079179e-05 2.78060284070525e-16
347.999999999829 2.07057371933785e-05 2.54013655581852e-16
350.999999999826 2.13426553220341e-05 2.52993814233204e-16
353.999999999823 2.19242325475523e-05 2.51201359650278e-16
356.99999999982 2.11948941198032e-05 2.34785480813867e-16
359.999999999818 2.0858241070311e-05 2.23458410902513e-16
362.999999999815 2.15246107860368e-05 2.23073969372965e-16
365.999999999812 2.12777635670353e-05 2.13387654173687e-16
368.999999999809 2.05060231086049e-05 1.99059053646681e-16
371.999999999807 2.17503657311221e-05 2.04429140831757e-16
374.999999999804 2.19580045820369e-05 1.99882771555061e-16
377.999999999801 2.11554386927392e-05 1.86559209847943e-16
380.999999999798 2.08553921526285e-05 1.78209127704981e-16
383.999999999796 2.18057985283584e-05 1.80588035895824e-16
386.999999999793 2.1945342910854e-05 1.76179489538318e-16
389.99999999979 2.04616277756495e-05 1.5927346884834e-16
392.999999999788 2.11405811954396e-05 1.5959235429101e-16
395.999999999785 2.21633596813394e-05 1.62300589944928e-16
398.999999999782 2.14330771428618e-05 1.52284688631666e-16
401.999999999779 2.06569208899533e-05 1.42442143861095e-16
404.999999999777 2.15924332428604e-05 1.44537556324281e-16
407.999999999774 2.18127356191372e-05 1.41776301959816e-16
410.999999999771 2.06342685140761e-05 1.30256221188129e-16
413.999999999768 2.14370168339939e-05 1.31460605566439e-16
416.999999999766 2.18460698496313e-05 1.30165974903124e-16
419.999999999763 2.14430425885482e-05 1.24162306742202e-16
422.99999999976 2.13321269493916e-05 1.20057446515555e-16
425.999999999758 2.13986679105323e-05 1.17078679930605e-16
428.999999999755 2.20246046530734e-05 1.17170120747888e-16
431.999999999752 2.07388649434558e-05 1.0729537926696e-16
434.999999999749 2.11742126120476e-05 1.0655558053724e-16
437.999999999747 2.20625547215275e-05 1.08017319340193e-16
440.999999999744 2.10803259067817e-05 1.00431159112108e-16
443.999999999741 2.11899325375621e-05 9.82575791114103e-17
446.999999999738 2.16675451554442e-05 9.7809308027253e-17
449.999999999736 2.17784195185273e-05 9.5722885905306e-17
452.999999999733 2.06761473600554e-05 8.85015709755852e-17
455.99999999973 2.14604620369308e-05 8.94715012577497e-17
458.999999999728 2.26141686998611e-05 9.18441560512315e-17
461.999999999725 2.14315564964624e-05 8.48034772985835e-17
464.999999999722 2.13006647511845e-05 8.21322026046534e-17
467.999999999719 2.19727124386708e-05 8.25724161727052e-17
470.999999999717 2.21814169880309e-05 8.125292677623e-17
473.999999999714 2.13151014262787e-05 7.61225286214257e-17
476.999999999711 2.09676784835629e-05 7.30172865276246e-17
479.999999999708 2.24530512387228e-05 7.62556585926317e-17
482.999999999706 2.16777084492365e-05 7.18151987442766e-17
485.999999999703 2.14778903736982e-05 6.94184550745954e-17
488.9999999997 2.21092406615459e-05 6.97263083018834e-17
491.999999999698 2.22799435871941e-05 6.857014117647e-17
494.999999999695 2.15361126453849e-05 6.46895159575912e-17
497.999999999692 2.18473194942403e-05 6.40569218247772e-17
500.999999999689 2.26952869527183e-05 6.49629471807433e-17
503.999999999687 2.1968261973994e-05 6.13984316678496e-17
506.999999999684 2.17347312071608e-05 5.93207629956301e-17
509.999999999681 2.26457759462806e-05 6.03679010210769e-17
512.999999999678 2.24965795373329e-05 5.85824757571174e-17
515.999999999676 2.15079767363347e-05 5.47202721549553e-17
518.999999999673 2.14593498879117e-05 5.33479862726313e-17
521.99999999967 2.26035787662175e-05 5.49150713717263e-17
524.999999999668 2.25305327514416e-05 5.34983453740532e-17
527.999999999665 2.15801265028957e-05 5.00878279095526e-17
530.999999999662 2.25888550700928e-05 5.12546029517586e-17
533.999999999659 2.27233734985814e-05 5.0410636952993e-17
536.999999999657 2.20515758966069e-05 4.78358492959416e-17
539.999999999654 2.20271769542833e-05 4.67302677516332e-17
542.999999999651 2.27167285271027e-05 4.71383904041227e-17
545.999999999648 2.19909530684876e-05 4.46399794896366e-17
548.999999999646 2.17915602030273e-05 4.32782197436136e-17
551.999999999643 2.27451622939402e-05 4.42001363011186e-17
554.99999999964 2.2606124694106e-05 4.29892280799437e-17
557.999999999638 2.18500625692901e-05 4.06664564073407e-17
560.999999999635 2.19615852739241e-05 4.00066517452048e-17
563.999999999632 2.28949199704016e-05 4.08261032421253e-17
566.999999999629 2.23003355290827e-05 3.89305875766221e-17
569.999999999627 2.19468425697292e-05 3.75134287299243e-17
572.999999999624 2.27677047848454e-05 3.81091458113489e-17
575.999999999621 2.30688598291677e-05 3.7816618280801e-17
578.999999999618 2.19655428558097e-05 3.52689912064474e-17
581.999999999616 2.18295086363533e-05 3.43350488739854e-17
584.999999999613 2.32026839530728e-05 3.57530987452746e-17
587.99999999961 2.21841151696604e-05 3.34917753899005e-17
590.999999999608 2.15645577150055e-05 3.18996650103449e-17
593.999999999605 2.24788350899764e-05 3.25850518168614e-17
596.999999999602 2.30202020661045e-05 3.27043993149772e-17
599.999999999599 2.21312792838263e-05 3.08180047406167e-17
602.999999999597 2.18922229817149e-05 2.98841745557275e-17
605.999999999594 2.2584684134308e-05 3.02249534702906e-17
608.999999999591 2.24435668978276e-05 2.944980480179e-17
611.999999999588 2.20937815624748e-05 2.84270237864396e-17
614.999999999586 2.25507083200199e-05 2.84526244405336e-17
617.999999999583 2.25367118129438e-05 2.78868536335829e-17
620.99999999958 2.21348296965765e-05 2.68637533814595e-17
623.999999999578 2.20307558934195e-05 2.62271917595585e-17
626.999999999575 2.27047543419493e-05 2.65166361764514e-17
629.999999999572 2.20244892848622e-05 2.52368687644145e-17
632.999999999569 2.14336983198881e-05 2.40988062779631e-17
635.999999999567 2.24426188290818e-05 2.47610329050122e-17
638.999999999564 2.27251902200174e-05 2.46053665887704e-17
641.999999999561 2.15964632626345e-05 2.29489476432522e-17
644.999999999558 2.17825341346788e-05 2.27187650700855e-17
647.999999999556 2.26832029865931e-05 2.3223097679766e-17
650.999999999553 2.24010806650953e-05 2.25146034658623e-17
653.99999999955 2.13817756278434e-05 2.10992930788625e-17
656.999999999548 2.22036312317478e-05 2.15138628842421e-17
659.999999999545 2.26424164509602e-05 2.15436027053601e-17
662.999999999542 2.17481212937443e-05 2.0320777330029e-17
665.999999999539 2.1806492212478e-05 2.00106463235641e-17
668.999999999537 2.22876678308453e-05 2.00877121521736e-17
671.999999999534 2.21503778823985e-05 1.96099019730836e-17
674.999999999531 2.10780255101715e-05 1.8330996389006e-17
677.999999999528 2.22303871340893e-05 1.89934046024726e-17
680.999999999526 2.25133840026465e-05 1.88991591442316e-17
683.999999999523 2.15965048658923e-05 1.78140541073812e-17
686.99999999952 2.18731333815078e-05 1.7729637398196e-17
689.999999999518 2.24331573250226e-05 1.78696361062195e-17
692.999999999515 2.23588321364813e-05 1.75041862191062e-17
695.999999999512 2.14026273250794e-05 1.64683828525379e-17
698.999999999509 2.21187968033218e-05 1.67289905469411e-17
701.999999999507 2.24321058939987e-05 1.66777236920594e-17
704.999999999504 2.15243214396423e-05 1.57324949809213e-17
707.999999999501 2.17356685665053e-05 1.56197731893233e-17
710.999999999498 2.23854610408034e-05 1.58176277144744e-17
713.999999999496 2.21877256710103e-05 1.541637610296e-17
716.999999999493 2.12274138443382e-05 1.45038435418059e-17
719.99999999949 2.21215645697264e-05 1.48641754135677e-17
722.999999999487 2.26135466960833e-05 1.49442832416108e-17
725.999999999485 2.23219167625693e-05 1.45091972639053e-17
728.999999999482 2.19852381111732e-05 1.40566291062426e-17
731.999999999479 2.25591154096965e-05 1.41889121697565e-17
734.999999999477 2.2270153616149e-05 1.37802851346666e-17
737.999999999474 2.15817616323154e-05 1.31388551710673e-17
740.999999999471 2.23247043884272e-05 1.33724144505522e-17
743.999999999468 2.23811735940979e-05 1.31912521722491e-17
746.999999999466 2.166006450668e-05 1.25622113370805e-17
749.999999999463 2.19828286030545e-05 1.25466407550659e-17
752.99999999946 2.30359594238259e-05 1.29394896140932e-17
755.999999999457 2.23551509258363e-05 1.23591648954523e-17
758.999999999455 2.14354713125123e-05 1.16648326337762e-17
761.999999999452 2.2450214146941e-05 1.20259423016598e-17
764.999999999449 2.28927109172279e-05 1.20719171874646e-17
767.999999999447 2.19981513161501e-05 1.14199744329678e-17
770.999999999444 2.18087122135353e-05 1.11464314887855e-17
773.999999999441 2.27759353330893e-05 1.1461262741092e-17
776.999999999438 2.28514713605085e-05 1.1322670485501e-17
779.999999999436 2.15772905344246e-05 1.05279945480066e-17
782.999999999433 2.24093493333439e-05 1.07677045854835e-17
785.99999999943 2.26211989210242e-05 1.07047476987897e-17
788.999999999427 2.22109341120197e-05 1.03517882596692e-17
791.999999999425 2.21356086970566e-05 1.01611178189559e-17
794.999999999422 2.29765584768037e-05 1.03887615793921e-17
797.999999999419 2.29344899309167e-05 1.0214548367525e-17
800.999999999417 2.20562845877683e-05 9.67714869792736e-18
803.999999999414 2.26563194201726e-05 9.79317070828826e-18
806.999999999411 2.29763303317736e-05 9.78492402083054e-18
809.999999999408 2.22745360425527e-05 9.34643652769697e-18
812.999999999406 2.2454845234613e-05 9.28369796293502e-18
815.999999999403 2.28939035922629e-05 9.32672115198334e-18
818.9999999994 2.30437553768586e-05 9.25093252599449e-18
821.999999999397 2.20616717843467e-05 8.72806532783283e-18
824.999999999395 2.26349420118911e-05 8.82545221579829e-18
827.999999999392 2.31299099411438e-05 8.8887878341299e-18
830.999999999389 2.18340381125135e-05 8.27044380121295e-18
833.999999999387 2.23231415033345e-05 8.33458675769081e-18
836.999999999384 2.29866414810326e-05 8.4598226550797e-18
839.999999999381 2.32120448584534e-05 8.42131562518933e-18
842.999999999378 2.2200010583207e-05 7.94011828297166e-18
845.999999999376 2.23855316890034e-05 7.89367086408485e-18
848.999999999373 2.3382499264152e-05 8.12952337867386e-18
851.99999999937 2.19204466605109e-05 7.51453958166474e-18
854.999999999367 2.22931668561824e-05 7.53563087079314e-18
857.999999999365 2.28418805679862e-05 7.61358221377938e-18
860.999999999362 2.29072393833267e-05 7.52941149412775e-18
863.999999999359 2.22287292733955e-05 7.20543118280212e-18
866.999999999357 2.25221700557348e-05 7.20017487445589e-18
869.999999999354 2.31783187952781e-05 7.30845503706513e-18
872.999999999351 2.21795188655066e-05 6.89797433770076e-18
875.999999999348 2.21024404891784e-05 6.78028053519464e-18
878.999999999346 2.31140483315856e-05 6.99420515168005e-18
881.999999999343 2.28913587015108e-05 6.83301897324713e-18
884.99999999934 2.21644706136548e-05 6.52681303196167e-18
887.999999999337 2.21971536695212e-05 6.4487036164656e-18
890.999999999335 2.33113006540873e-05 6.68179811111916e-18
893.999999999332 2.20454336440924e-05 6.2346279843588e-18
896.999999999329 2.17224574950694e-05 6.0613830053681e-18
899.999999999327 2.26792676042422e-05 6.24436259023779e-18
902.999999999324 2.2672717767655e-05 6.15999832761811e-18
905.999999999321 2.21296157474002e-05 5.93324120755724e-18
908.999999999318 2.22769283851124e-05 5.8944425864361e-18
911.999999999316 2.29074151556679e-05 5.98200983380029e-18
914.999999999313 2.21313334533352e-05 5.70395586097061e-18
917.99999999931 2.21143894669846e-05 5.62538019360574e-18
920.999999999307 2.26051004643055e-05 5.67553200533104e-18
923.999999999305 2.26984978079942e-05 5.62534654938721e-18
926.999999999302 2.17609466395671e-05 5.32359372031272e-18
929.999999999299 2.21189841696998e-05 5.3418823635914e-18
932.999999999297 2.28502618335192e-05 5.44788364847257e-18
935.999999999294 2.1869425464465e-05 5.14745515029367e-18
938.999999999291 2.15597548298384e-05 5.00994434374557e-18
941.999999999288 2.23682532737602e-05 5.13188307532154e-18
944.999999999286 2.25429778751636e-05 5.10665691063458e-18
947.999999999283 2.17507973106256e-05 4.86524976391145e-18
950.99999999928 2.2263144706719e-05 4.91740026286984e-18
953.999999999277 2.2992815381811e-05 5.01497214588445e-18
956.999999999275 2.17939588627367e-05 4.6941341247707e-18
959.999999999272 2.17091656329731e-05 4.61761907971402e-18
962.999999999269 2.24515491420269e-05 4.71628695976346e-18
965.999999999266 2.26872659279847e-05 4.70699392347554e-18
968.999999999264 2.17977211936945e-05 4.46675468054959e-18
971.999999999261 2.18368473502302e-05 4.4198510499246e-18
974.999999999258 2.28419247572727e-05 4.56655245769022e-18
977.999999999256 2.21983265247679e-05 4.38365377595273e-18
980.999999999253 2.15265319202025e-05 4.19915180002936e-18
983.99999999925 2.23007427799119e-05 4.29743039326442e-18
986.999999999247 2.26013015067556e-05 4.30275142395458e-18
989.999999999245 2.18690043862196e-05 4.1131900526929e-18
992.999999999242 2.21332344261e-05 4.11275185371488e-18
995.999999999239 2.30072586350701e-05 4.22384533403719e-18
998.999999999236 2.21286753424511e-05 4.01390098338205e-18
