0.75 0 18
1.5 0 62
2.25 0 98
3 0 210
3.75 0 350
4.5 0 450
5.25 0 602
6 0 762
6.75 0 1142
7.5 0 1250
8.25 0 1458
9 0 1814
9.75 0 2178
10.5 0 2498
11.25 0 2622
12 0 3338
12.75 0 3722
13.5 0 4170
14.25 0 4358
15 0 5034
15.75 0 5714
16.5 0 5982
17.25 0 6602
18 0 7130
18.75 0 8034
19.5 0 8606
20.25 0 9066
21 0 9962
21.75 0 10550
22.5 0 11226
23.25 0 12146
24 0 12303
24.75 0 12584
25.5 0 12120
26.25 0 11180
27 0 11096
27.75 0 10056
28.5 0 9716
29.25 0 8604
30 0 8060
30.75 0 7320
31.5 0 6356
32.25 0 5348
33 0 4308
33.75 0 3563
34.5 0 2448
35.25 0 1868
36 0 1358
36.75 0 1062
37.5 0 776
38.25 0 432
39 0 200
39.75 0 168
40.5 0 56
41.25 0 7

