0 0 0
2.99999999999998 1.31886512503039e-19 7.44667037327813e-23
5.99999999999992 9.59636704846453e-20 6.87395587467258e-24
8.99999999999985 8.24244546223643e-20 1.48053266260758e-24
11.9999999999998 9.03935773985144e-20 5.06431617577531e-25
14.9999999999997 9.68351005842392e-20 2.16321851397727e-25
18 1.02822856358753e-19 1.10537028043706e-25
21.0000000000005 1.00763214793597e-19 6.34683402163307e-26
24.000000000001 9.65597162657063e-20 3.80893649260761e-26
27.0000000000014 1.19265920935273e-19 2.88720697930759e-26
30.0000000000019 1.06127540618763e-18 1.64506470649786e-25
33.000000000002 1.61522704577519e-17 1.69180545019881e-24
36.0000000000014 9.538641918566e-17 7.35552880856869e-24
39.0000000000008 1.03206719076375e-15 5.98823032100637e-23
42.0000000000002 6.55618121677997e-15 2.79023317996752e-22
44.9999999999996 4.15381902551167e-13 1.31713058020066e-20
47.999999999999 6.50865389699939e-12 1.58004821208054e-19
50.9999999999984 4.01917578196651e-11 7.87962720946348e-19
53.9999999999978 4.48160563206848e-10 7.15110356214818e-18
56.9999999999972 1.8636093745001e-09 2.3701317882388e-17
59.9999999999966 5.16773902918085e-09 5.27858584571706e-17
62.999999999996 1.09227935401069e-08 9.11934392127322e-17
65.9999999999969 1.25406300934029e-08 8.86677515935473e-17
68.9999999999984 2.89782977702834e-08 1.74368797420305e-16
71.9999999999999 5.06213029872168e-08 2.55163932252417e-16
75.0000000000015 8.40806043587524e-08 3.5615479195158e-16
78.000000000003 1.28029977163976e-07 4.60962161195851e-16
81.0000000000045 2.2402368488892e-07 7.01782999891062e-16
84.0000000000061 7.0568373385328e-07 1.93558446198758e-15
87.0000000000076 1.95874648260164e-06 4.66055688723372e-15
90.0000000000091 3.12265431546511e-06 6.44915824944561e-15
93.0000000000107 4.51033217628665e-06 8.14059828699336e-15
96.0000000000122 5.37701871868182e-06 8.55271094737755e-15
99.0000000000137 6.19178512388182e-06 8.75947018505505e-15
102.000000000015 7.17811465890344e-06 9.06113519458152e-15
105.000000000017 8.51357165120613e-06 9.58093655532588e-15
108.000000000018 9.00830351385513e-06 9.04581021914399e-15
111.00000000002 9.42239058857383e-06 8.46231307196516e-15
114.000000000021 1.06430121555185e-05 8.58089556610201e-15
117.000000000023 1.11819861679232e-05 8.12311991853157e-15
120.000000000024 1.1568278171451e-05 7.60243969026939e-15
123.000000000026 1.15994304169411e-05 6.92067613604342e-15
126.000000000028 1.25341068239455e-05 6.80696182024625e-15
129.000000000028 1.28778067699549e-05 6.37576347972768e-15
132.000000000025 1.27163863983246e-05 5.74751281377116e-15
135.000000000022 1.415200314369e-05 5.84662938097475e-15
138.000000000019 1.45370928098273e-05 5.49893065970201e-15
141.000000000017 1.4072694728277e-05 4.88231296295475e-15
144.000000000014 1.44311611671929e-05 4.6009584291485e-15
147.000000000011 1.53294615189132e-05 4.4994272411965e-15
150.000000000009 1.57420022198706e-05 4.26180859035236e-15
153.000000000006 1.49038449094213e-05 3.72834354760542e-15
156.000000000003 1.57159493279296e-05 3.6390763475511e-15
159 1.62182170211601e-05 3.48217697616268e-15
161.999999999998 1.60638492389741e-05 3.20310529029846e-15
164.999999999995 1.58611245507639e-05 2.94133349021229e-15
167.999999999992 1.61597023193539e-05 2.79053847101279e-15
170.999999999989 1.71332466581865e-05 2.75805905373053e-15
173.999999999987 1.60907273531306e-05 2.41725088749265e-15
176.999999999984 1.70323801632333e-05 2.3902488003248e-15
179.999999999981 1.75720357517319e-05 2.30612566457047e-15
182.999999999979 1.74956852595851e-05 2.1494256477616e-15
185.999999999976 1.72201818675713e-05 1.98252886375327e-15
188.999999999973 1.74615447942873e-05 1.88569949783019e-15
191.99999999997 1.81392358656363e-05 1.83938067025721e-15
194.999999999968 1.7505056749432e-05 1.66829927346911e-15
197.999999999965 1.79097165677136e-05 1.60578253302689e-15
200.999999999962 1.84200833109702e-05 1.55512737578691e-15
203.999999999959 1.83171385171331e-05 1.45752633802265e-15
206.999999999957 1.8352165308562e-05 1.37761150374431e-15
209.999999999954 1.86107539311872e-05 1.31905694865077e-15
212.999999999951 1.88119265716826e-05 1.25993149559159e-15
215.999999999949 1.82835820320648e-05 1.15813519591772e-15
218.999999999946 1.84385268738352e-05 1.10552194559835e-15
221.999999999943 1.93944740583127e-05 1.10149922776909e-15
224.99999999994 1.89324585126557e-05 1.01931167071776e-15
227.999999999938 1.90064591918444e-05 9.70729125849871e-16
230.999999999935 1.94408609888172e-05 9.42589029889612e-16
233.999999999932 1.94798783313539e-05 8.97183902362194e-16
236.999999999929 1.87856676467114e-05 8.22371061670347e-16
239.999999999927 1.90464414431254e-05 7.93036455347233e-16
242.999999999924 1.97139325341979e-05 7.81174837770662e-16
245.999999999921 1.92239951045449e-05 7.25393430271764e-16
248.999999999919 1.93669223354374e-05 6.9629578037288e-16
251.999999999916 1.99199756440329e-05 6.82770618673222e-16
254.999999999913 2.00429432654891e-05 6.55300336504095e-16
257.99999999991 1.94855488336608e-05 6.08021029076192e-16
260.999999999908 1.97278569163393e-05 5.87837818494095e-16
263.999999999905 2.02245533369321e-05 5.75770455556516e-16
266.999999999902 1.99810573404481e-05 5.43759324201761e-16
269.999999999899 1.95127430992799e-05 5.07848242492458e-16
272.999999999897 2.02912705986817e-05 5.05317414543758e-16
275.999999999894 2.05999414391162e-05 4.91116088058006e-16
278.999999999891 1.97267853890275e-05 4.50423760253308e-16
281.999999999889 1.98343083417825e-05 4.33954758157894e-16
284.999999999886 2.06454330380457e-05 4.33020187133999e-16
287.999999999883 2.02925687710963e-05 4.08189721339806e-16
290.99999999988 2.01337142613501e-05 3.88566227788771e-16
293.999999999878 2.06335952416984e-05 3.82239523832792e-16
296.999999999875 2.06728892592181e-05 3.67751919532759e-16
299.999999999872 2.02132274452229e-05 3.45429033743559e-16
302.999999999869 2.04194675110673e-05 3.35354820903162e-16
305.999999999867 2.08415084738634e-05 3.29074742632822e-16
308.999999999864 2.04089587867454e-05 3.09933343320249e-16
311.999999999861 2.05576450685308e-05 3.00374871097768e-16
314.999999999859 2.06032818826356e-05 2.89750237898558e-16
317.999999999856 2.09697661404798e-05 2.83946495327399e-16
320.999999999853 2.03723691837232e-05 2.65707694037175e-16
323.99999999985 2.03783091763134e-05 2.5609286677685e-16
326.999999999848 2.11009025071105e-05 2.55584963106929e-16
329.999999999845 2.03749977484035e-05 2.37954613306616e-16
332.999999999842 2.06627729301798e-05 2.32749195086874e-16
335.999999999839 2.11263561226387e-05 2.29596341247865e-16
338.999999999837 2.13368890922765e-05 2.23796910308425e-16
341.999999999834 2.03046215612426e-05 2.05607262190222e-16
344.999999999831 2.05457746758416e-05 2.00916506120733e-16
347.999999999829 2.13321974631942e-05 2.01518609686109e-16
350.999999999826 2.06473519131501e-05 1.88478183716906e-16
353.999999999823 2.06301428525618e-05 1.82025882303361e-16
356.99999999982 2.11437247669147e-05 1.80374247070928e-16
359.999999999818 2.14661464406363e-05 1.77105436475367e-16
362.999999999815 2.10076713541343e-05 1.67670957568793e-16
365.999999999812 2.07084112040114e-05 1.59936191064066e-16
368.999999999809 2.13336370076094e-05 1.59478761605446e-16
371.999999999807 2.08822434988865e-05 1.51134776135145e-16
374.999999999804 2.08003085366687e-05 1.45785960621497e-16
377.999999999801 2.14379798844702e-05 1.45548464180764e-16
380.999999999798 2.16351579350168e-05 1.42320145578206e-16
383.999999999796 2.1136109474856e-05 1.34746681481329e-16
386.999999999793 2.07822597857904e-05 1.28435989867163e-16
389.99999999979 2.16026138687491e-05 1.29449631361869e-16
392.999999999788 2.10492438673646e-05 1.22332345233674e-16
395.999999999785 2.09223734167847e-05 1.17956798116514e-16
398.999999999782 2.13308278481708e-05 1.16687832394962e-16
401.999999999779 2.16379954322545e-05 1.14878134458697e-16
404.999999999777 2.1466407719652e-05 1.10630104316439e-16
407.999999999774 2.14008898315288e-05 1.07086734119876e-16
410.999999999771 2.15415831942122e-05 1.0468098739251e-16
413.999999999768 2.12896824183098e-05 1.00491816944802e-16
416.999999999766 2.08881995566559e-05 9.57922810487598e-17
419.999999999763 2.15160605172757e-05 9.58847458711477e-17
422.99999999976 2.15371226435973e-05 9.3287840370352e-17
425.999999999758 2.12366191090858e-05 8.94250794124745e-17
428.999999999755 2.12008405794895e-05 8.68055456699964e-17
431.999999999752 2.18336838235699e-05 8.69426735452154e-17
434.999999999749 2.14055838621614e-05 8.29123195273129e-17
437.999999999747 2.09155098338164e-05 7.88209269636512e-17
440.999999999744 2.16513491690369e-05 7.93984810836448e-17
443.999999999741 2.16947395974965e-05 7.74314814879374e-17
446.999999999738 2.1405531045807e-05 7.43711598825507e-17
449.999999999736 2.13957519085619e-05 7.23763501213755e-17
452.999999999733 2.16571032142758e-05 7.13411466215235e-17
455.99999999973 2.16556010835652e-05 6.94796173157226e-17
458.999999999728 2.10295837703932e-05 6.57258602197944e-17
461.999999999725 2.17277282923032e-05 6.61628016693822e-17
464.999999999722 2.19220554693483e-05 6.50498545057521e-17
467.999999999719 2.1435573047341e-05 6.1992602080688e-17
470.999999999717 2.11383449868437e-05 5.95919993236955e-17
473.999999999714 2.23072561844518e-05 6.13117674658958e-17
476.999999999711 2.16387200967429e-05 5.79933329923829e-17
479.999999999708 2.08132556856391e-05 5.44006562243933e-17
482.999999999706 2.16596743459878e-05 5.52210054962755e-17
485.999999999703 2.19678613700137e-05 5.46377408341064e-17
488.9999999997 2.16529805928748e-05 5.25459261120535e-17
491.999999999698 2.1787197471571e-05 5.15951950226108e-17
494.999999999695 2.20475527419912e-05 5.09586839855824e-17
497.999999999692 2.17088926773294e-05 4.89789520109784e-17
500.999999999689 2.14376945448796e-05 4.72200666608362e-17
503.999999999687 2.15104446158166e-05 4.6263154265559e-17
506.999999999684 2.17684025199296e-05 4.57210889199536e-17
509.999999999681 2.16923702437662e-05 4.44998051551164e-17
512.999999999678 2.15574477151346e-05 4.31982348138596e-17
515.999999999676 2.22201760770022e-05 4.35006938843056e-17
518.999999999673 2.21462908642831e-05 4.23630089364323e-17
521.99999999967 2.11127353780854e-05 3.94658572529563e-17
524.999999999668 2.19660230128335e-05 4.01314700200582e-17
527.999999999665 2.19302204089145e-05 3.91637800117086e-17
530.999999999662 2.15998309080122e-05 3.77095044528454e-17
533.999999999659 2.16779801337257e-05 3.70031401969515e-17
536.999999999657 2.25522439940041e-05 3.7642720594426e-17
539.999999999654 2.18268370201462e-05 3.56290650635845e-17
542.999999999651 2.13402332678186e-05 3.40715248876491e-17
545.999999999648 2.20690870217333e-05 3.44673990224941e-17
548.999999999646 2.19142693304139e-05 3.34836273537453e-17
551.999999999643 2.1589876163518e-05 3.22767775837452e-17
554.99999999964 2.14414686479055e-05 3.13676616477903e-17
557.999999999638 2.22579175077354e-05 3.1868061684285e-17
560.999999999635 2.24640037033007e-05 3.14810305750429e-17
563.999999999632 2.1488628658205e-05 2.94788709671661e-17
566.999999999629 2.19547649540517e-05 2.94862196549142e-17
569.999999999627 2.22626371397285e-05 2.92760574373733e-17
572.999999999624 2.15600216897623e-05 2.77627145570636e-17
575.999999999621 2.17332537533579e-05 2.74079104696885e-17
578.999999999618 2.22365789863121e-05 2.74664737352841e-17
581.999999999616 2.22530259069119e-05 2.69249676522654e-17
584.999999999613 2.17632036885745e-05 2.57967148375817e-17
587.99999999961 2.21798834017475e-05 2.57587180329751e-17
590.999999999608 2.22501493151274e-05 2.53201046290583e-17
593.999999999605 2.16294075682478e-05 2.4120684387905e-17
596.999999999602 2.20123678792756e-05 2.4058548229456e-17
599.999999999599 2.2002397095124e-05 2.35706946585676e-17
602.999999999597 2.24088812091511e-05 2.35323098152564e-17
605.999999999594 2.17069997663634e-05 2.23475277416979e-17
608.999999999591 2.18378188778e-05 2.20427104442038e-17
611.999999999588 2.2386367873459e-05 2.21567920526317e-17
614.999999999586 2.16885337753146e-05 2.10504757780731e-17
617.999999999583 2.16551536529587e-05 2.06129163810522e-17
620.99999999958 2.23733227770097e-05 2.08878272987504e-17
623.999999999578 2.21565717340139e-05 2.02905273451557e-17
626.999999999575 2.16170443253058e-05 1.94202855605134e-17
629.999999999572 2.21201477274866e-05 1.94966307054715e-17
632.999999999569 2.22838046085816e-05 1.92711201638201e-17
635.999999999567 2.17462237010332e-05 1.84539332910096e-17
638.999999999564 2.17739583627844e-05 1.81332146535867e-17
641.999999999561 2.22841251360631e-05 1.82137225497164e-17
644.999999999558 2.20245117905264e-05 1.76691660972652e-17
647.999999999556 2.18533735019062e-05 1.72095868566046e-17
650.999999999553 2.18924786675408e-05 1.69250272623759e-17
653.99999999955 2.24319611480619e-05 1.70264466466829e-17
656.999999999548 2.17573547355915e-05 1.62150234330338e-17
659.999999999545 2.13646783884757e-05 1.56351472182936e-17
662.999999999542 2.24512093670734e-05 1.61351090110342e-17
665.999999999539 2.26861166216866e-05 1.60123622704247e-17
668.999999999537 2.12746406263722e-05 1.47487154145633e-17
671.999999999534 2.21645432940054e-05 1.50931772199645e-17
674.999999999531 2.24206226076462e-05 1.49981098696403e-17
677.999999999528 2.15847229562338e-05 1.41850498293764e-17
680.999999999526 2.15055468825133e-05 1.38855602538072e-17
683.999999999523 2.20686887317882e-05 1.40008837365258e-17
686.99999999952 2.2323992274259e-05 1.39170228884632e-17
689.999999999518 2.1928975579956e-05 1.34346610929213e-17
692.999999999515 2.21855002653355e-05 1.33577940649373e-17
695.999999999512 2.21555186691183e-05 1.31112648527368e-17
698.999999999509 2.19189056555042e-05 1.27499530683267e-17
701.999999999507 2.14289024894724e-05 1.22533811315259e-17
704.999999999504 2.16227268872924e-05 1.21551878893103e-17
707.999999999501 2.2267457835254e-05 1.23070502743376e-17
710.999999999498 2.16489928781392e-05 1.1764678276552e-17
713.999999999496 2.20825517991185e-05 1.18001362047526e-17
716.999999999493 2.27606633377076e-05 1.19603667362177e-17
719.99999999949 2.15380508094866e-05 1.11305870556968e-17
722.999999999487 2.16794565301523e-05 1.1018879174956e-17
725.999999999485 2.23358417541069e-05 1.11660267214923e-17
728.999999999482 2.19659568112539e-05 1.08014854829152e-17
731.999999999479 2.16578604191085e-05 1.04763909436697e-17
734.999999999477 2.2039265333006e-05 1.04877778287929e-17
737.999999999474 2.27411908261105e-05 1.06469210974089e-17
740.999999999471 2.17513622037709e-05 1.00195398649693e-17
743.999999999468 2.14648201577547e-05 9.72899890076168e-18
746.999999999466 2.19604194759662e-05 9.79477776814696e-18
749.999999999463 2.23036339191708e-05 9.7897512427806e-18
752.99999999946 2.17635108597153e-05 9.40145309314034e-18
755.999999999457 2.16339219568968e-05 9.19819403203635e-18
758.999999999455 2.30630025808091e-05 9.65179909200447e-18
761.999999999452 2.21810994568337e-05 9.13754794325098e-18
764.999999999449 2.17070617174782e-05 8.80282316853433e-18
767.999999999447 2.21894059296134e-05 8.85867156380807e-18
770.999999999444 2.19678444489708e-05 8.63451339773494e-18
773.999999999441 2.17190938134025e-05 8.40510662395071e-18
776.999999999438 2.20472212213937e-05 8.40098534001178e-18
779.999999999436 2.22917825426416e-05 8.3642533795772e-18
782.999999999433 2.19791666741568e-05 8.12123463068001e-18
785.99999999943 2.17444842413641e-05 7.91252037201402e-18
788.999999999427 2.24177871940413e-05 8.03432367078261e-18
791.999999999425 2.22446433465876e-05 7.85223225434598e-18
794.999999999422 2.20145310763872e-05 7.65444940761529e-18
797.999999999419 2.17347257157359e-05 7.44416374775011e-18
800.999999999417 2.26581581638894e-05 7.64501059573528e-18
803.999999999414 2.24438902546913e-05 7.46036708526322e-18
806.999999999411 2.15930125782522e-05 7.07139427119463e-18
809.999999999408 2.23253339958579e-05 7.20349984784976e-18
812.999999999406 2.20860751385082e-05 7.02157500206491e-18
815.999999999403 2.16873949069551e-05 6.79401306633755e-18
818.9999999994 2.21401084456535e-05 6.83464980718666e-18
821.999999999397 2.28122230939537e-05 6.93995391771402e-18
824.999999999395 2.2047363420879e-05 6.61019612711714e-18
827.999999999392 2.19483069760336e-05 6.48567779449789e-18
830.999999999389 2.23028160317122e-05 6.49588098556051e-18
833.999999999387 2.22977942492691e-05 6.40155881216506e-18
836.999999999384 2.19098547532178e-05 6.20054108668172e-18
839.999999999381 2.18125688103945e-05 6.08534685527043e-18
842.999999999378 2.27094061856531e-05 6.24586782527461e-18
845.999999999376 2.23734383263952e-05 6.0667043225317e-18
848.999999999373 2.19209619140476e-05 5.86032323465621e-18
851.99999999937 2.2423487110076e-05 5.91059969336384e-18
854.999999999367 2.24375890241228e-05 5.83174568952833e-18
857.999999999365 2.13492801150969e-05 5.47169141309624e-18
860.999999999362 2.18674468358137e-05 5.52672586438823e-18
863.999999999359 2.30513132026244e-05 5.74549685935925e-18
866.999999999357 2.22248299657956e-05 5.46327687540104e-18
869.999999999354 2.19370885547766e-05 5.31853876998297e-18
872.999999999351 2.24799490599746e-05 5.37572533108038e-18
875.999999999348 2.23052446230997e-05 5.26127375188933e-18
878.999999999346 2.19966005296578e-05 5.11805134343042e-18
881.999999999343 2.17973250372221e-05 5.0029644338915e-18
884.99999999934 2.24100388891421e-05 5.07419287657955e-18
887.999999999337 2.23976654872769e-05 5.00320343549858e-18
890.999999999335 2.20824710524463e-05 4.8666896116817e-18
893.999999999332 2.24042663249654e-05 4.87163960328183e-18
896.999999999329 2.24001454306583e-05 4.80585663275637e-18
899.999999999327 2.19190307180923e-05 4.64026899393666e-18
902.999999999324 2.18282307671339e-05 4.55999853256244e-18
905.999999999321 2.26953731844654e-05 4.67871294847313e-18
908.999999999318 2.20376033273532e-05 4.48341889804584e-18
911.999999999316 2.17698711856686e-05 4.3710104196334e-18
914.999999999313 2.2675435354158e-05 4.49348659087144e-18
917.99999999931 2.2328037054979e-05 4.3670148736576e-18
920.999999999307 2.17840546191145e-05 4.20536076123017e-18
923.999999999305 2.18829784663868e-05 4.16981597823791e-18
926.999999999302 2.22867304471637e-05 4.19204874863522e-18
929.999999999299 2.22501298044674e-05 4.13139415567096e-18
932.999999999297 2.15356151255032e-05 3.94751512750092e-18
935.999999999294 2.23930948571025e-05 4.0523654170907e-18
938.999999999291 2.24661234116759e-05 4.01390268094189e-18
941.999999999288 2.178902576592e-05 3.84362729516966e-18
944.999999999286 2.18645680950035e-05 3.8082350481871e-18
947.999999999283 2.23848528887985e-05 3.84971219486331e-18
950.99999999928 2.25930747095014e-05 3.83674733942934e-18
953.999999999277 2.1340313232402e-05 3.57857289882495e-18
956.999999999275 2.26002717799735e-05 3.74251664218939e-18
959.999999999272 2.23676442006895e-05 3.65789699811367e-18
962.999999999269 2.17450857291759e-05 3.51197104598726e-18
965.999999999266 2.19286788554521e-05 3.4978299129046e-18
968.999999999264 2.22862877748193e-05 3.51103941196707e-18
971.999999999261 2.22474353241498e-05 3.46190484194652e-18
974.999999999258 2.17968650130421e-05 3.35029012901149e-18
977.999999999256 2.23867554702466e-05 3.39895042521359e-18
980.999999999253 2.2570812543383e-05 3.38516116150567e-18
983.99999999925 2.18010488734488e-05 3.23000740803373e-18
986.999999999247 2.18777044259208e-05 3.2020976235341e-18
989.999999999245 2.21852137488037e-05 3.2078984231203e-18
992.999999999242 2.22823863576515e-05 3.18315998245387e-18
995.999999999239 2.16914687409561e-05 3.06159147133075e-18
998.999999999236 2.23511573746954e-05 3.11697714067033e-18
