0    1    0.999866551010686    0.999866551010686
0.1    1.10691546240396    1.14157190014673    1.03130901945077
0.2    1.22893374206688    1.30201006401021    1.05946319109151
0.3    1.36793374343613    1.48106570609179    1.08270280866929
0.4    1.52570497924041    1.67695147050933    1.09913220008249
0.5    1.70374585187988    1.88551586184426    1.10668845342386
0.6    1.90299560846746    2.09964854749006    1.10333861946269
0.7    2.12352347069527    2.30907819906425    1.08738058746684
0.8    2.36423252478637    2.50093174256213    1.05781970104151
0.900000000000001    2.62267004459885    2.66132830199433    1.01474003848677
1    2.8950475525    2.77792059746947    0.95954230356963
1.1    3.17653811627057    2.84274210669325    0.894918304972452
1.2    3.46182999695554    2.85429365494185    0.824504281681082
1.3    3.74580892619147    2.81791354192442    0.752284379008493
1.4    4.02417815016767    2.74420727363757    0.681929867722986
1.5    4.29385000896891    2.64622745633702    0.616283160988304
1.6    4.55304118057493    2.53656613311965    0.557114691591554
1.7    4.80111450095959    2.42530811481089    0.505155233087266
1.8    5.03827599994571    2.31918592219747    0.460313393355676
1.9    5.26524070345756    2.22173601733404    0.421962858388426
2    5.48294635406164    2.13402490123215    0.389211340660175
2.1    5.69235142289912    2.05555464514372    0.361108176996005
2.2    5.89432226317582    1.98511466965074    0.336784210468528
2.29999999999999    6.08959874042265    1.92149446262473    0.315537122318073
2.39999999999999    6.27882401241929    1.86405740403811    0.296880020900581
2.49999999999999    6.46262562722903    1.81319520430639    0.28056633772299
2.59999999999999    6.64173580569078    1.77065014227423    0.266594485850687
2.69999999999999    6.81713444344846    1.73962783653789    0.255184616200395
2.79999999999998    6.99018713034721    1.72455611469063    0.246711008236623
2.89999999999998    7.16273438215259    1.73032603997893    0.2415733919005
2.99999999999998    7.33707544211483    1.7609476591936    0.240006753792629
3.09999999999998    7.51579480141201    1.81781081356692    0.241865412986714
3.19999999999998    7.70141646938002    1.89810224188521    0.246461446336769
3.29999999999997    7.89594071571281    1.99417634142055    0.252557157306433
3.39999999999997    8.1003941671187    2.09451688709701    0.258569749062227
3.49999999999997    8.31455816555895    2.18625972714527    0.262943584447015
3.59999999999997    8.53699370650029    2.2583918462882    0.264541819278677
3.69999999999997    8.76536488175614    2.3043013588438    0.262887100529024
3.79999999999996    8.99694066730582    2.32269448897979    0.258164922374145
3.89999999999996    9.22909856534359    2.31677845115431    0.251029765773019
3.99999999999996    9.45968636888901    2.29239802882698    0.242333407201132
4.09999999999996    9.68718437563721    2.25605390430181    0.232890571379613
4.19999999999995    9.91069257865742    2.21345641806663    0.223340235861345
4.29999999999995    10.1298101814697    2.16881835157695    0.21410256586489
4.39999999999995    10.3444769033873    2.12476002128369    0.205400431663001
4.49999999999995    10.5548251912685    2.08257977904473    0.197310684099965
4.59999999999995    10.7610684103271    2.04267304057181    0.189820653738388
4.69999999999994    10.9634325405811    2.00496844169679    0.182877801662518
4.79999999999994    11.1621298482646    1.96932683364243    0.176429306988272
4.89999999999994    11.3573700761808    1.93589261149488    0.170452543019174
4.99999999999994    11.5494043335734    1.90539489242482    0.164977763128957
5.09999999999994    11.7385957333066    1.87937389758446    0.160102105931803
5.19999999999993    11.9255063433706    1.86026532024259    0.155990468386
5.29999999999993    12.1109810127381    1.8512322174934    0.152855678292808
5.39999999999993    12.2961967493796    1.85562778360184    0.150910710150718
5.49999999999993    12.4826378145045    1.87605443727182    0.150293108327784
5.59999999999993    12.6719622673585    1.91318396371568    0.150977719421073
5.69999999999992    12.8657551961427    1.96476235513515    0.152712555554003
5.79999999999992    13.0652152232478    2.0253627721075    0.155019472507704
5.89999999999992    13.2708711865749    2.087262789101    0.157281519785417
5.99999999999992    13.4824390215997    2.142290225344    0.158894857370534
6.09999999999991    13.6988831998792    2.18391301541507    0.159422705015422
6.19999999999991    13.9186613704582    2.2086787198321    0.158684708324029
6.29999999999991    14.1400564282856    2.21648966311026    0.156752533085823
6.39999999999991    14.3614803515494    2.20983180748111    0.153872146421362
6.49999999999991    14.5816706988916    2.19250712292703    0.15036048805393
6.5999999999999    14.7997603065773    2.16844693033883    0.146519057431973
6.6999999999999    15.0152473310194    2.14093520243021    0.142584078385931
6.7999999999999    15.2279110245518    2.11228942944696    0.138711700248401
6.8999999999999    15.4377139052508    2.08388116075092    0.134986382928248
6.9999999999999    15.6447164569597    2.05634163311728    0.1314400065207
7.09999999999989    15.8490165201455    2.02983464793362    0.128073224313542
7.19999999999989    16.0507164886613    2.00433315724118    0.12487499599517
7.29999999999989    16.2499173005048    1.97987698798869    0.121839203940268
7.39999999999989    16.4467370503803    1.95680699330836    0.118978432458316
7.49999999999988    16.64135151062    1.93596586430084    0.116334653652702
7.59999999999988    16.8340518022527    1.91883175210006    0.113985140038793
7.69999999999988    17.0253093812867    1.90751650559201    0.112040049485894
7.79999999999988    17.2158302418638    1.90453561904271    0.11062699807596
7.89999999999988    17.4065713785315    1.91227667505705    0.109859468212997
7.99999999999987    17.5986894965587    1.93219427546677    0.109791940805854
8.09999999999987    17.7934033959905    1.96394185961496    0.110374716736738
8.19999999999987    17.9917820372146    2.00482813668584    0.111430214780226
8.29999999999987    18.1945116568989    2.04999479211308    0.112671053269834
8.39999999999987    18.4017236578445    2.09343792662039    0.113763143363365
8.49999999999986    18.6129548778849    2.12954066494556    0.114411745954201
8.59999999999986    18.8272599617903    2.15446439281343    0.114433241862379
8.69999999999986    19.0434305017232    2.16682447853753    0.113783305919669
8.79999999999986    19.2602373858452    2.16749407767909    0.112537246258036
8.89999999999985    19.4766201456023    2.15881206059011    0.11084120573546
8.99999999999985    19.6917860737485    2.14364486677364    0.108859849418706
9.09999999999985    19.9052235488794    2.12465022955933    0.10673832546226
9.19999999999985    20.1166582433058    2.1038764545528    0.104583794639595
9.29999999999985    20.3259849745788    2.0826607592569    0.102462968552896
9.39999999999984    20.5331999551985    2.06171948288244    0.100409068600165
9.49999999999984    20.7383472928473    2.04132834690091    0.0984325471106839
9.59999999999984    20.9414851447582    2.02152758407988    0.0965321976978256
9.69999999999984    21.1426722942673    2.00232261305328    0.0947052759076343
9.79999999999984    21.3419741914479    1.98387210191955    0.0929563537151364
9.89999999999983    21.5394870089971    1.96665880965324    0.0913048118941629
9.99999999999983    21.7353772938231    1.95162587504656    0.0897902920507934
10.0999999999998    21.929931894124    1.94023643727046    0.0884743485131538
10.1999999999998    22.1236072608399    1.93438834493621    0.0874354856389175
10.2999999999998    22.3170598343087    1.93611058421183    0.0867547337591213
10.3999999999998    22.5111336884017    1.94701555534007    0.086491226176815
10.4999999999998    22.7067844037821    1.96760074739456    0.0866525489653579
10.5999999999998    22.9049354199764    1.99665125083622    0.0871712237658115
10.6999999999998    23.1062938316063    2.03108180708117    0.0879016696439183
10.7999999999998    23.311182911269    2.06644537121644    0.0886460965572658
10.8999999999998    23.5194565537995    2.09801426616177    0.0892033479329197
10.9999999999998    23.7305334195256    2.122000536246    0.0894206842607257
11.0999999999998    23.9435376338126    2.13638829549989    0.0892260921578657
11.1999999999998    24.1574895602414    2.14108504172332    0.0886302790852548
11.2999999999998    24.3714795799351    2.13747202026198    0.0877038266491521
11.3999999999998    24.5847799333349    2.12767772389703    0.0865445096383425
11.4999999999998    24.7968842776776    2.11390471884308    0.0852488036469175
11.5999999999998    25.0074909200349    2.09799231938276    0.083894554879232
11.6999999999998    25.2164555731338    2.08123794754811    0.0825349122326896
11.7999999999998    25.4237365330349    2.06440929172367    0.0812000741527994
11.8999999999998    25.6293469785416    2.04786109571958    0.0799029759686884
11.9999999999998    25.8333213675762    2.03169198881035    0.0786461779305066
12.0999999999998    26.0356979816187    2.0159070596667    0.0774285775280517
12.1999999999998    26.2365174526832    2.00057404487173    0.0762515089313857
12.2999999999998    26.4358364446043    1.98596959377448    0.0751241443763668
12.3999999999998    26.6337551583592    1.97270686877307    0.074067920841193
12.4999999999998    26.8304556932071    1.96181878123103    0.0731191003113571
12.5999999999998    27.0262445880935    1.95474827135006    0.0723277799465794
12.6999999999998    27.2215871100271    1.95318222158963    0.0717512250000357
12.7999999999998    27.4171149913432    1.95868297172963    0.0714401559882605
12.8999999999998    27.6135878658064    1.97214509097207    0.0714193715266588
12.9999999999998    27.8117974172052    1.99323044766638    0.071668523172591
13.0999999999998    28.0124247313613    2.02004686377919    0.0721125316052217
13.1999999999998    28.2158887578102    2.04932313513227    0.072630111095296
13.2999999999998    28.4222404607249    2.07713065993483    0.0730811725699494
13.3999999999998    28.6311471119511    2.09989861632345    0.0733431534584557
13.4999999999998    28.8419746597221    2.11528417939392    0.0733404770079049
13.5999999999998    29.0539342121009    2.12254630923757    0.0730553836097534
13.6999999999998    29.2662371434385    2.12236081763992    0.0725190876858506
13.7999999999998    29.4782116136563    2.1162824022655    0.0717914108902421
13.8999999999997    29.6893599270759    2.10614571337774    0.0709394112419713
13.9999999999997    29.8993622205039    2.09361441947023    0.0700220427455977
14.0999999999997    30.1080458742947    2.07994774848067    0.0690827879419589
14.1999999999997    30.3153413618415    2.06595216137459    0.0681487348836205
14.2999999999997    30.52123963674    2.05204826418601    0.0672334508234014
14.3999999999997    30.7257592903097    2.03839062110753    0.0663414238798129
14.4999999999997    30.9289266462626    2.02500230650075    0.0654727637224829
14.5999999999997    31.1307693033081    2.01190790405258    0.0646276320527288
14.6999999999997    31.3313226936384    1.99926042064302    0.0638102783017505
14.7999999999997    31.5306488735347    1.98745764983085    0.063032564214022
14.8999999999997    31.7288658611819    1.9772327474497    0.0623165276723207
14.9999999999997    31.9261834305101    1.96968531644684    0.0616949821369668
15.0999999999997    32.1229369537662    1.96620171216937    0.0612086533369996
15.1999999999997    32.3196055371211    1.96821392506118    0.0608984513378592
15.2999999999997    32.5167972792805    1.9767880588134    0.0607928278371068
15.3999999999997    32.715187833978    1.99212606627183    0.0608930040805944
15.4999999999997    32.915412516986    2.01317549538671    0.0611620922067378
15.5999999999997    33.117934898485    2.03758642447357    0.0615251654645524
15.6999999999997    33.3229348241694    2.0621473911338    0.0618837266889861
15.7999999999997    33.5302605039614    2.08358906679608    0.0621405570812645
15.8999999999997    33.7394659950664    2.09942166839395    0.0622245079012496
15.9999999999997    33.949918660619    2.10844757575473    0.0621046429251234
16.0999999999997    34.1609337501828    2.11078695998346    0.0617894983614773
16.1999999999997    34.3718903327258    2.10751322939719    0.0613150225081047
16.2999999999997    34.5823010832996    2.1001380061172    0.0607286947464406
16.3999999999998    34.7918325055083    2.09016352499388    0.0600762700459357
16.4999999999998    35.0002886936742    2.07880885859343    0.0593940489116349
16.5999999999998    35.2075767709577    2.06691109542023    0.0587064287004609
16.6999999999998    35.4136691083928    2.05494927029485    0.0580270082720076
16.7999999999998    35.6185716014721    2.04313280531655    0.0573614469489873
16.8999999999998    35.8223022239924    2.03151351504924    0.0567108585692354
16.9999999999999    36.0248810408438    2.02010076561538    0.0560751543724756
17.0999999999999    36.2263315845675    2.00897310210808    0.0554561561779528
17.1999999999999    36.4266931133426    1.99838356897383    0.0548604168584781
17.2999999999999    36.6260427755307    1.98885006376341    0.0543015273572532
17.3999999999999    36.8245251945678    1.98120804981765    0.0538013196191843
17.4999999999999    37.0223838566215    1.97658591686287    0.0533889423360122
17.6    37.2199841573298    1.97625516234178    0.0530966148182142
17.7    37.4178138509918    1.9813274858727    0.0529514496427532
17.8    37.6164466626561    1.9923349097281    0.0529644633262503
17.9    37.8164631893221    2.00882640651288    0.0531204199730686
18    38.0183407715617    2.02918718991789    0.0533739018783207
18.1    38.2223440453068    2.0508507896758    0.0536558089489443
18.2    38.4284571161333    2.07089848224279    0.053889711886803
18.3000000000001    38.6363863223657    2.08681804426532    0.0540117294317793
18.4000000000001    38.8456330020393    2.09709170207611    0.0539852626926177
18.5000000000001    39.0556062618534    2.10138801844638    0.0538050287673771
18.6000000000001    39.2657342038973    2.10035813226923    0.0534908661420309
18.7000000000001    39.4755419787624    2.09521372114955    0.0530762496503976
18.8000000000001    39.684685710275    2.08729794725439    0.0525970638269148
18.9000000000002    39.8929491830032    2.07778342056378    0.0520839763195308
19.0000000000002    40.1002183915566    2.06752991723848    0.0515590687574365
19.1000000000002    40.3064486350323    2.05706911359953    0.0510357320791501
19.2000000000002    40.5116342644374    2.04666433824051    0.0505204091466917
19.3000000000002    40.7157863175404    2.03640287330961    0.0500150692762706
19.4000000000002    40.9189199304355    2.02629652965802    0.0495197950753059
19.5000000000002    41.1210517831253    2.01638098454258    0.0490352482999969
19.6000000000003    41.3222072982055    2.00681113829389    0.048564955008612
19.7000000000003    41.5224370108379    1.99794775534427    0.0481173047435241
19.8000000000003    41.721840617466    1.99042070673726    0.0477069246533676
19.9000000000003    41.9205950142457    1.98513918309534    0.0473547472887905
20.0000000000003    42.1189789932409    1.9832071975303    0.0470858326800505
20.1000000000003    42.3173831542039    1.98570845261349    0.0469241787796186
20.2000000000004    42.5162916875292    1.99336547580415    0.0468847445693114
20.3000000000004    42.7162268589636    2.00615653075295    0.0469647409958911
20.4000000000004    42.9176597081224    2.02305558321193    0.0471380685007169
20.5000000000004    43.1209085775004    2.04207397203721    0.0473569328523548
20.6000000000004    43.3260604980247    2.06067158146385    0.0475619421146724
20.7000000000004    43.5329476063349    2.07640756704016    0.047697380517785
20.8000000000005    43.7411892781057    2.08755244380959    0.0477250956881161
20.9000000000005    43.9502823345168    2.09340593817598    0.047631228446783
21.0000000000005    44.1597040918329    2.09424054173667    0.0474242430923352
21.1000000000005    44.3689950280746    2.09098009892504    0.047127055674846
21.2000000000005    44.5778039840106    2.08480390086633    0.0467677569225733
21.3000000000005    44.7858967139946    2.07682805352117    0.046372367327686
21.4000000000005    44.9931393745524    2.06792593250341    0.0459609167364082
21.5000000000006    45.1994707316869    2.05867614121644    0.0455464656530417
21.6000000000006    45.4048737724689    2.04939462582006    0.0451360053568236
21.7000000000006    45.6093529191888    2.04020848457523    0.0447322392008082
21.8000000000006    45.812919490801    2.03114380686985    0.0443356116450447
21.9000000000006    46.0155860733355    2.02221484239534    0.0439463020023805
22.0000000000006    46.217369698006    2.01351067688199    0.0435661027453248
22.1000000000007    46.4183034668459    2.00527672884809    0.043200129670408
22.2000000000007    46.6184557380801    1.9979820008761    0.0428581764291272
22.3000000000007    46.8179545005536    1.99235077351693    0.0425552716852114
22.4000000000007    47.0170117520467    1.98932434350998    0.0423107353993713
22.5000000000007    47.2159389594368    1.98991548018501    0.0421449943396138
22.6000000000007    47.4151418140323    1.99494136925463    0.0420739302453006
22.7000000000007    47.6150837327806    2.00467991372209    0.0421017828084164
22.8000000000008    47.8162159896719    2.0185729925521    0.0422152391353616
22.9000000000008    48.0188875197181    2.0351442500006    0.0423821615851659
23.0000000000008    48.2232624597551    2.05224406255817    0.0425571385650416
23.1000000000008    48.4292774461871    2.06757575011567    0.0426926821779054
23.2000000000008    48.636657220263    2.07929018298219    0.0427515027105094
23.3000000000008    48.844982142485    2.08639121241991    0.0427145455050782
23.4000000000009    49.053780132563    2.08881036831212    0.042582046942505
23.5000000000009    49.2626105411488    2.08719113597275    0.0423686668864073
23.6000000000009    49.4711182827452    2.08254013289868    0.0420960795952947
23.7000000000009    49.6790532687614    2.07590396353332    0.0417863028166574
23.8000000000009    49.886262786203    2.06815887188153    0.04145748260889
23.9000000000009    50.0926691737615    2.05992398069003    0.0411222642887038
24.000000000001    50.2982437457935    2.05156596056349    0.0407880237515264
24.100000000001    50.5029840404896    2.04325449883318    0.0404580944602214
24.200000000001    50.706897833288    2.03503824001052    0.0401333610804044
24.300000000001    50.909995050024    2.02692518691653    0.039813894794625
24.400000000001    51.1122876815106    2.01896189739955    0.0395005191311343
24.500000000001    51.3137974780991    2.01130947723769    0.0391962703227359
24.600000000001    51.5145708948707    2.00431106084018    0.0389076532333058
24.7000000000011    51.7146998006687    1.99853605920081    0.038645415460286
24.8000000000011    51.9143443717982    1.99477400467277    0.0384243320186551
24.9000000000011    52.1137513976289    1.99394308174037    0.038261361507571
25.0000000000011    52.3132580298539    1.99688869705092    0.0381717517175349
25.1000000000011    52.5132703123659    2.00408866110172    0.0381634708556667
25.2000000000011    52.7142107900082    2.0153503344554    0.038231632500081
25.3000000000012    52.9164413290647    2.02964453404274    0.0383556505892232
25.4000000000012    53.1201820613598    2.04521024445343    0.03850156692029
25.5000000000012    53.3254558901895    2.05995058553091    0.0386297791766256
25.6000000000012    53.5320818272082    2.07197716566071    0.0387053350988417
25.7000000000012    53.7397203795812    2.08006642063565    0.0387063126853556
25.8000000000012    53.9479520175138    2.08384587660274    0.0386269691187951
25.9000000000012    54.1563590240102    2.08368556359677    0.0384753628410095
26.0000000000013    54.3645861480626    2.08040897170817    0.0382677238826421
26.1000000000013    54.5723698505779    2.07497804834848    0.03802250212021
26.2000000000013    54.7795395196704    2.06825938024155    0.0377560563374009
26.3000000000013    54.986001028352    2.06090506212016    0.0374805409299999
26.4000000000013    55.1917134721844    2.05332977528452    0.0372035881132655
26.5000000000013    55.3966669052728    2.04574737782823    0.0369290697818773
26.6000000000014    55.6008653323122    2.03823502468922    0.0366583327886573
26.7000000000014    55.8043166367447    2.03080559255996    0.0363915502411647
26.8000000000014    56.0070297997901    2.02348038957859    0.0361290430292765
26.9000000000014    56.2090193012332    2.01635982569661    0.0358725316819817
27.0000000000014    56.410316380214    2.00968903468634    0.0356262677404737
27.1000000000014    56.6109862456397    2.00390874997871    0.0353978773887385
27.2000000000015    56.8111488317035    1.99967082299318    0.0351985633826377
27.3000000000015    57.0109980913535    1.99778784136562    0.035042148151211
27.4000000000015    57.2108116915866    1.99908789549644    0.0349424844078978
27.5000000000015    57.4109411261902    2.00417158616284    0.0349092271760122
27.6000000000015    57.6117745433117    2.01312410994504    0.0349429283493361
27.7000000000015    57.8136731618105    2.02529878347703    0.0350314842962593
27.8000000000015    58.0168954496867    2.03930932771215    0.0351502663475104
27.9000000000016    58.2215343334043    2.05329880524874    0.0352669992084127
28.0000000000016    58.4274926502595    2.06540971417587    0.0353499631849545
28.1000000000016    58.6345076874463    2.07425709219189    0.0353760468707064
28.2000000000016    58.8422144597077    2.07920348484001    0.0353352351527107
28.3000000000016    59.0502225322887    2.08035456406125    0.0352302578186511
28.4000000000016    59.2581806685607    2.07834051999667    0.035072634639614
28.5000000000017    59.4658146296004    2.07402216750572    0.03487755411112
28.6000000000017    59.6729370710468    2.06824216616722    0.0346596341270208
28.7000000000017    59.879437395868    2.06167661169186    0.0344304606281109
28.8000000000017    60.0852618482281    2.05478445820174    0.0341978114931413
28.9000000000017    60.2903922134337    2.04782428260834    0.0339660136122328
29.0000000000017    60.4948281854038    2.04090607738136    0.0337368687307684
29.1000000000017    60.6985756950649    2.03405596534001    0.0335107692733784
29.2000000000018    60.901641873111    2.02728314309503    0.0332878241167765
29.3000000000018    61.1040366613582    2.02064564571983    0.0330689387497974
29.4000000000018    61.305780873586    2.01431307001818    0.0328568210259281
29.5000000000018    61.5069201577906    2.00862021402869    0.0326568166456026
29.6000000000018    61.7075432933098    2.0040966566557    0.0324773366382417
29.7000000000018    61.9078012210804    2.00144680108724    0.0323294764409389
29.8000000000019    62.1079203660731    2.00145120797241    0.0322253779578444
29.9000000000019    62.3082014022562    2.00477409304483    0.0321751237867096
30.0000000000019    62.5089949277061    2.01170369134287    0.0321826273749798
30.1000000000019    62.7106511966229    2.02191252531918    0.0322419315816013
30.2000000000019    62.9134521429193    2.0343650768304    0.0323359314667548
30.3000000000019    63.1175459497518    2.04746994133132    0.0324389979128992
30.400000000002    63.3229090135866    2.05946040046301    0.0325231489289466
30.500000000002    63.5293515846871    2.06885387658106    0.0325653233501556
30.600000000002    63.7365648562531    2.0747902208702    0.0325525893268571
30.700000000002    63.944190071916    2.07712393701763    0.0324833880088489
30.800000000002    64.151884547665    2.07628369273222    0.0323651239144742
30.900000000002    64.3593665257178    2.07301228633334    0.0322099547935259
31.000000000002    64.5664334162293    2.06811265083003    0.0320307711206206
31.1000000000021    64.7729583069245    2.06227432461788    0.0318385075890136
31.2000000000021    64.9788739750629    2.05599556925611    0.0316409848844895
31.3000000000021    65.184153061205    2.04957922430066    0.0314429064127932
31.4000000000021    65.3887902090717    2.04317120375261    0.0312465056658771
31.5000000000021    65.59278913181    2.03681730794588    0.0310524576695901
31.6000000000021    65.7961556710994    2.03052482519027    0.0308608429243256
31.7000000000022    65.99889702272    2.02432386048605    0.0306720862287923
31.8000000000022    66.2010270135878    2.01832675418741    0.0304878465672918
31.9000000000022    66.4025770987086    2.01278202230456    0.0303118058100745
32.0000000000022    66.6036120924989    2.00811256474842    0.0301502050963776
32.1000000000022    66.8042481293938    2.00491765538888    0.0300118287613317
32.2000000000022    67.0046678724313    2.00391142176523    0.0299070420822089
32.3000000000021    67.2051254787561    2.00577720917481    0.0298455987528637
32.4000000000021    67.4059327924121    2.01094306351097    0.0298333244597921
32.5000000000021    67.6074214924788    2.01934021741618    0.0298686175694606
32.6000000000021    67.8098845287069    2.03025184366417    0.0299403524688892
32.7000000000021    68.0135118546381    2.04236406684874    0.0300287988541715
32.800000000002    68.2183431509406    2.05405011078383    0.0301099384111253
32.900000000002    68.4242570884919    2.06379036322429    0.0301616773208838
33.000000000002    68.6310019964248    2.07054759490765    0.030169275322769
33.100000000002    68.8382549869974    2.07394372016871    0.030127778813691
33.200000000002    69.045686712586    2.07420093488954    0.0300409921842583
33.3000000000019    69.2530115257115    2.07192783881698    0.0299182345023037
33.4000000000019    69.4600134791467    2.06787058422741    0.0297706620061084
33.5000000000019    69.6665497565384    2.06272003354944    0.0296084712212384
33.6000000000019    69.8725391522478    2.05700731881652    0.0294394241825738
33.7000000000019    70.0779442608452    2.0510780382083    0.029268524638419
33.8000000000018    70.2827538115576    2.04511608031507    0.0290984056458352
33.9000000000018    70.4869687888553    2.03919191076877    0.0289300553819699
34.0000000000018    70.6905938840131    2.03331897761949    0.0287636425994058
34.1000000000018    70.8936346641992    2.02751102545734    0.0285993380796601
34.2000000000018    71.0961004219947    2.02183816896687    0.0284381021879701
34.3000000000017    71.2980124914714    2.01647954011428    0.0282824088589494
34.4000000000017    71.4994174262256    2.01176627554965    0.0281368205220053
34.5000000000017    71.7004034145102    2.00819943957011    0.0280082027985314
34.6000000000017    71.9011161216124    2.00641615597425    0.0279052157212779
34.7000000000017    72.1017677788903    2.00708630728949    0.0278368529526833
34.8000000000016    72.3026317926703    2.01072536421208    0.0278098502690453
34.9000000000016    72.5040159166393    2.01746696714334    0.0278255892675366
35.0000000000016    72.7062138684289    2.02687462537004    0.0278775983169462
35.1000000000016    72.9094451300269    2.03791228073571    0.0279512795235418
35.2000000000016    73.113802367329    2.04913075680009    0.0280265926603723
35.3000000000015    73.3192272970751    2.0590289689959    0.0280830696790232
35.4000000000015    73.525525435997    2.0664413791052    0.0281050882241435
35.5000000000015    73.7324134917483    2.0707816449648    0.0280850923887978
35.6000000000015    73.9395803519221    2.07206472976359    0.0280237556110193
35.7000000000015    74.1467405192127    2.07075117415417    0.0279277438179174
35.8000000000014    74.3536670397275    2.06751197411283    0.0278064560421499
35.9000000000014    74.560201928016    2.0630261214735    0.0276692668223357
36.0000000000014    74.7662496649596    2.05784937562388    0.0275237742276155
36.1000000000014    74.9717619174929    2.0523673306477    0.0273752047191628
36.2000000000014    75.1767205612033    2.04680308245487    0.0272265545394271
36.3000000000013    75.3811231705715    2.04125560359975    0.0270791349046474
36.4000000000013    75.5849731168037    2.03575094637033    0.0269332760524294
36.5000000000013    75.7882749596873    2.03029594191925    0.0267890507205658
36.6000000000013    75.9910351851037    2.02493112453546    0.0266469738121478
36.7000000000013    76.1932681172319    2.01978084069364    0.0265086521500296
36.8000000000012    76.395006578361    2.01509761491335    0.0263773472268294
36.9000000000012    76.5963164810966    2.01129368613196    0.0262583604347127
37.0000000000012    76.7973126331515    2.00892618013436    0.026158808313133
37.1000000000012    76.998169976604    2.00862572403531    0.0260866683538794
37.2000000000012    77.1991249445893    2.01095614210991    0.0260489499531672
37.3000000000011    77.4004578609353    2.01619905713292    0.0260489293326327
37.4000000000011    77.6024550359772    2.02415802590466    0.0260836854319395
37.5000000000011    77.80535441871    2.03406565129247    0.0261430034795052
37.6000000000011    78.0092914576133    2.04467366340313    0.0262106426708684
37.7000000000011    78.2142647570566    2.05455059260429    0.0262682337932343
37.800000000001    78.420135959723    2.0624542426471    0.0263000595115824
37.900000000001    78.6266644422044    2.06761714363849    0.0262966406918904
38.000000000001    78.8335622455654    2.06985405929543    0.0262560006212565
38.100000000001    79.0405483381423    2.06946581437369    0.026182331194368
38.200000000001    79.2473877165924    2.06702928904732    0.0260832482761389
38.3000000000009    79.4539082578112    2.06319719852223    0.0259672210437728
38.4000000000009    79.6600001284847    2.05854071473505    0.0258415856316194
38.5000000000009    79.8656032371115    2.05347979851227    0.0257116920837088
38.6000000000009    80.0706915872432    2.04827781167305    0.0255808682436731
38.7000000000009    80.2752585519561    2.0430653167203    0.0254507472610378
38.8000000000008    80.4793057845736    2.03788595204319    0.0253218629581397
38.9000000000008    80.6828370765515    2.03274753470627    0.0251942991639921
39.0000000000008    80.8858573121994    2.0276724952103    0.025068319266049
39.1000000000008    81.0883763022692    2.02274410571729    0.0249449328986094
39.2000000000008    81.2904168596633    2.01814581188973    0.0248263680991301
39.3000000000008    81.4920270610475    2.01420834208413    0.0247166307518065
39.4000000000007    81.6932964226498    2.01142042163778    0.0246216092350034
39.5000000000007    81.8943674485874    2.010342635416    0.0245479963768946
39.6000000000007    82.0954413643207    2.01156844101493    0.0245028031713484
39.7000000000007    82.2967694224211    2.01546430523697    0.0244901995471024
39.8000000000007    82.4986238715861    2.02204933478888    0.0245100977434038
39.9000000000006    82.7012510519418    2.0307921833323    0.024555761339775
40.0000000000006    82.9048194720128    2.04066041279944    0.0246144967903625
40.1000000000006    83.1093774664693    2.0503478339245    0.0246704751789498
40.2000000000006    83.3148404744864    2.05857569296525    0.0247083914611305
40.3000000000006    83.5210132477422    2.06442815516282    0.0247174701896787
40.4000000000005    83.7276355737733    2.06754646151901    0.024693716087292
40.5000000000005    83.9344355905239    2.0680458264578    0.0246388244813703
40.6000000000005    84.1411740705628    2.06640673348733    0.0245588055587909
40.7000000000005    84.3476660268108    2.06322477728022    0.0244609587255728
40.8000000000005    84.5537877472748    2.05908884204297    0.0243524139710623
40.9000000000004    84.759466885344    2.05443629739395    0.0242384287311886
41.0000000000004    84.964668180251    2.04957183332121    0.0241226368232626
41.1000000000004    85.1693799017462    2.0446628525039    0.0240070181896673
41.2000000000004    85.3736014575081    2.03977361117647    0.0238923224082528
41.3000000000004    85.5773357697511    2.03491918139657    0.0237787162113996
41.4000000000003    85.7805869553113    2.03011676155838    0.0236663892567673
41.5000000000003    85.9833627865291    2.02542741315174    0.0235560386045876
41.6000000000003    86.1856800322049    2.02097107784334    0.0234490355832682
41.7000000000003    86.3875719990812    2.01697971204245    0.0233480310346481
41.8000000000003    86.5891067478643    2.01391945614108    0.023258346595552
41.9000000000002    86.7904018169825    2.01225343729513    0.0231852070640072
42.0000000000002    86.9916224405321    2.01255667984361    0.0231350631633455
42.1000000000002    87.1929926305808    2.01526184550787    0.0231126583078313
42.2000000000002    87.3947620024985    2.02056510676594    0.0231199795098495
42.3000000000002    87.5971776902628    2.02808813132679    0.0231524369255133
42.4000000000001    87.8004305757404    2.03710135350219    0.0232014961674351
42.5000000000001    88.0046090581759    2.04642484075225    0.0232536098126344
42.6000000000001    88.2096805567245    2.05475816299739    0.0232940211327037
42.7000000000001    88.4154973305021    2.06115823636476    0.0233121828027504
42.8000000000001    88.6218302056653    2.06507284955007    0.023302078559624
42.9    88.8284249530964    2.06640338587726    0.0232628619382632
43    89.0350407925223    2.06558430755177    0.023199678341982
43.1    89.2414845722779    2.06305378187887    0.0231176542139208
43.2    89.4476170518117    2.05946129127954    0.0230242163979239
43.3    89.6533560703058    2.05523877075938    0.0229242814864361
43.3999999999999    89.8586544289285    2.05069865201734    0.0228213817027417
43.4999999999999    90.0634930820863    2.04607071540244    0.0227180919302963
43.5999999999999    90.26786875089    2.04144594717996    0.0226154220259003
43.6999999999999    90.4717831108565    2.03684690308015    0.022513615107866
43.7999999999999    90.6752398899345    2.03230351662706    0.0224129929966985
43.8999999999998    90.8782484813326    2.02790229868789    0.0223144958510555
43.9999999999998    91.0808280396144    2.02372816952707    0.0222190356970281
44.0999999999998    91.2830015887082    2.01979676628222    0.0221267566921471
44.1999999999998    91.4848101162629    2.01657496327542    0.0220427299429563
44.2999999999998    91.6863621712034    2.01467125116792    0.0219735106013474
44.3999999999997    91.8877860867961    2.0141459461247    0.0219196264476561
44.4999999999997    92.0892748202964    2.0159812308246    0.0218915963314794
44.5999999999997    92.2910468848173    2.01994050371401    0.0218866355068544
44.6999999999997    92.4933433820597    2.02621898522607    0.0219066465881379
44.7999999999997    92.6963512746226    2.03421949569856    0.0219449791467193
44.8999999999996    92.9001957804758    2.04272534728977    0.0219883858169336
44.9999999999996    93.1048900730564    2.05088854131991    0.0220277209898496
45.0999999999996    93.3103278663679    2.05760773177518    0.0220512324715216
45.1999999999996    93.5163290474432    2.06202278242933    0.0220498687601735
45.2999999999996    93.7226639882765    2.06423803352403    0.0220249611532835
45.3999999999995    93.9290981151193    2.06415473369793    0.0219756686172809
45.4999999999995    94.1354427139325    2.06245081592412    0.021909397315862
45.5999999999995    94.3415427109029    2.05939820270273    0.0218291766651885
45.6999999999995    94.5473028519259    2.05572226379714    0.0217427911932791
45.7999999999995    94.7526725759542    2.05161229110926    0.0216522894324134
45.8999999999994    94.9576180128175    2.0472788252417    0.0215599218692002
45.9999999999994    95.1621271634874    2.04290421306383    0.0214676182001916
46.0999999999994    95.3661991907097    2.0385394989049    0.0213759121806701
46.1999999999994    95.5698366460963    2.03422771804166    0.021285248457362
46.2999999999994    95.7730519417059    2.03013866828827    0.0211973893191161
46.3999999999993    95.975879245282    2.02648058893133    0.0211144779799551
46.4999999999993    96.1783539854928    2.02299321489956    0.021033768317606
46.5999999999993    96.3804781616471    2.01961696169411    0.0209546269142476
46.6999999999993    96.5823361510095    2.01788290223541    0.0208928773381541
46.7999999999993    96.7840795879042    2.01700429773358    0.0208402487921749
46.8999999999992    96.9858039953533    2.01808725094373    0.0208080684781498
46.9999999999992    97.1877491663967    2.02087658623646    0.0207935321434031
47.0999999999992    97.3900714830568    2.02608146049503    0.020803778348674
47.1999999999992    97.5929783476148    2.03227172441587    0.0208239543338574
47.2999999999992    97.7965911819234    2.0398704423758    0.0208582980012175
47.3999999999991    98.0009373221    2.04718174311625    0.0208894098266404
47.4999999999991    98.2059839705376    2.05339928392061    0.0209091055442879
47.5999999999991    98.4115812247245    2.05822889290657    0.0209144987540294
47.6999999999991    98.6175479764473    2.0608012921785    0.020896902574283
47.7999999999991    98.8236863271844    2.0616108460678    0.0208615051986852
47.899999999999    99.0298086731035    2.06061066116757    0.02080798386645
47.999999999999    99.2357716858545    2.05846458989574    0.0207431710856456
48.099999999999    99.4414701921986    2.05538533941352    0.0206692975821949
48.199999999999    99.6468328786384    2.05181203984854    0.0205908404770624
48.299999999999    99.8518239514832    2.04797316303111    0.0205101227197031
48.3999999999989    100.05642183986    2.04396208641758    0.0204280949571526
48.4999999999989    100.260613260844    2.0398578263585    0.0203455550491346
48.5999999999989    100.464394219394    2.03578492401932    0.0202637455771004
48.6999999999989    100.667780894067    2.03203958938976    0.0201856003116636
48.7999999999989    100.870824325776    2.02893761503462    0.0201142166587427
48.8999999999988    101.07357699266    2.0260717115576    0.0200455130988856
48.9999999999988    101.276023603051    2.02285629752277    0.0199736939263266
49.0999999999988    101.478189259555    2.02085206765472    0.0199141518231657
49.1999999999988    101.680252842288    2.02049332199722    0.0198710493485015
49.2999999999988    101.88230596438    2.02092007879971    0.0198358297809461
49.3999999999987    102.084507138134    2.02321707625429    0.0198190414292405
49.4999999999987    102.286993656112    2.02702315441431    0.0198170176086036
49.5999999999987    102.489959166926    2.03230587586794    0.0198293168656445
49.6999999999987    102.693504765805    2.03873880661181    0.0198526558350618
49.7999999999987    102.897684190437    2.04490889488957    0.0198732256316379
49.8999999999986    103.102474482094    2.05055900298064    0.0198885527557029
49.9999999999986    103.307760503851    2.05499499528263    0.0198919711864823
50.0999999999986    103.513402199421    2.05753129319246    0.0198769555388449
50.1999999999986    103.719225200896    2.05861993646326    0.0198480072761427
50.2999999999986    103.925063582512    2.05794181604029    0.0198021703821847
50.3999999999985    104.130784241423    2.05629271879837    0.019747212448059
50.4999999999985    104.336286361069    2.0536116513811    0.0196826216746332
50.5999999999985    104.541491080138    2.05043605850777    0.0196136102261636
50.6999999999985    104.746365455247    2.04701098370185    0.0195425490402953
50.7999999999985    104.95088690269    2.04339722901256    0.0194700329774934
50.8999999999984    105.155043657598    2.03974531294333    0.0193975033626069
50.9999999999984    105.358839881943    2.0362116425808    0.0193264432757841
51.0999999999984    105.562294514942    2.03293451913921    0.0192581501612913
51.1999999999984    105.765437502814    2.02997266528039    0.0191931571712771
51.2999999999984    105.968294180128    2.02716719836769    0.0191299408379817
51.3999999999983    106.170875045946    2.02453093671003    0.0190686093133725
51.4999999999983    106.373235943148    2.02294389676472    0.0190174142849795
51.5999999999983    106.575504857615    2.02255610223342    0.018977682582274
51.6999999999983    106.777777224777    2.02318443040753    0.0189476170322271
51.7999999999983    106.980203580749    2.02554774027063    0.0189338557272584
51.8999999999982    107.182927281175    2.02924113466195    0.0189325033952339
51.9999999999982    107.38609519787    2.03421012095986    0.0189429564154617
52.0999999999982    107.589795971765    2.03988803445951    0.0189598652552037
52.1999999999982    107.794062125482    2.04539069568758    0.0189749848494119
52.2999999999982    107.998853470909    2.0502065854334    0.0189835958396138
52.3999999999981    108.204064639907    2.05380282967483    0.0189808288303189
52.4999999999981    108.409557141987    2.05578562430638    0.0189631401373023
52.5999999999981    108.615177792886    2.0563613996441    0.0189325418549265
52.6999999999981    108.820781577726    2.05554258450516    0.0188892466558602
52.7999999999981    109.026258144035    2.05383295042992    0.0188379660587507
52.899999999998    109.231520859724    2.05132301254489    0.0187795884960644
52.999999999998    109.436510893762    2.04843421707925    0.0187180146767272
53.099999999998    109.641199517587    2.04529752744583    0.0186544614291434
53.199999999998    109.845563910776    2.04196760212175    0.0185894407513842
53.299999999998    110.049591189283    2.03858275416576    0.0185242192373022
53.3999999999979    110.253284567871    2.03532362736793    0.0184604353089817
53.4999999999979    110.456666671373    2.03238596389791    0.0183998487836375
53.5999999999979    110.659774700902    2.02982964769731    0.018342976507802
53.6999999999979    110.862639618241    2.02749437384595    0.0182883465595596
53.7999999999979    111.065283597715    2.02549417234183    0.0182369693456894
53.8999999999978    111.267773125338    2.02451339354859    0.0181949664011704
53.9999999999978    111.470223639703    2.02466106035758    0.0181632457013968
54.0999999999978    111.672743607627    2.02598808216468    0.0181421895505961
54.1999999999978    111.875468162777    2.02870630932141    0.0181336117974467
54.2999999999978    112.078523472666    2.03259358187152    0.0181354421783334
54.3999999999977    112.282013787321    2.03730265864232    0.0181445147795557
54.4999999999977    112.485993990566    2.04228680297109    0.0181559208441753
54.5999999999977    112.690457524945    2.04687626814653    0.0181637053669201
54.6999999999977    112.895338691152    2.05055611765141    0.0181633373124565
54.7999999999977    113.100529502385    2.05303445670922    0.018152297480322
54.8999999999976    113.305900726235    2.05417510443124    0.018129462731111
54.9999999999976    113.511324390068    2.0540992042147    0.0180959848301659
55.0999999999976    113.716687467457    2.05302046827682    0.0180538187841986
55.1999999999976    113.921903588295    2.05118674980612    0.0180052008015855
55.2999999999976    114.126906851771    2.04880989787658    0.0179520321227806
55.3999999999975    114.331655238839    2.04611347783992    0.0178962989170898
55.4999999999975    114.536121989967    2.04318931346509    0.0178388204346928
55.5999999999975    114.740288806069    2.04013740222741    0.0177804799295528
55.6999999999975    114.944150721257    2.0371254872886    0.0177227416489308
55.7999999999975    115.147722321111    2.03436607700522    0.0176674452259855
55.8999999999974    115.351036777353    2.03198620909611    0.0176156735636298
55.9999999999974    115.554129077437    2.02989466596423    0.0175666129992112
56.0999999999974    115.757023177456    2.02805027651561    0.0175198896865773
56.1999999999974    115.959760393433    2.02684755255323    0.0174788870352652
56.2999999999974    116.162425731419    2.02662865401645    0.0174465076917578
56.3999999999973    116.365119183852    2.02742299202686    0.0174229443173914
56.4999999999973    116.567948121252    2.02935083400773    0.0174091666424189
56.5999999999973    116.771024793732    2.03234798316245    0.0174045572242981
56.6999999999973    116.974444806021    2.03616020171817    0.0174068806660697
56.7999999999973    117.178270398353    2.04037878044556    0.0174126036637099
56.8999999999972    117.382516429127    2.0444733053466    0.0174171875637119
56.9999999999972    117.587144420862    2.04794891704017    0.0174164355051455
57.0999999999972    117.792074687667    2.0504744281741    0.0174075754554037
57.1999999999972    117.997202448505    2.05189095225817    0.0173893186421401
57.2999999999972    118.20241700379    2.05222230265352    0.0173619318003262
57.3999999999971    118.40761528061    2.0516001960164    0.0173265899423308
57.4999999999971    118.612712857891    2.05024159369109    0.0172851757985459
57.5999999999971    118.817644943924    2.04831874368476    0.0172391797922898
57.6999999999971    119.022363660223    2.04600191732026    0.0171900628957517
57.7999999999971    119.226836880627    2.04342832921553    0.0171389964095203
57.899999999997    119.431044698588    2.0407161569393    0.0170869823846014
57.999999999997    119.634980799847    2.03802730749307    0.0170353795676429
58.099999999997    119.838658012462    2.03557387624488    0.016985953531232
58.199999999997    120.042107960143    2.0334865221312    0.0169397768556878
58.299999999997    120.245364748495    2.03168452308302    0.0168961566820682
58.399999999997    120.448451793939    2.0301088918558    0.0168545868512189
58.4999999999969    120.651403700839    2.02905506253411    0.0168175006696586
58.5999999999969    120.854291199065    2.02884617075493    0.0167875393635226
58.6999999999969    121.05720172604    2.02951527875416    0.0167649280655526
58.7999999999969    121.260225030222    2.03111097320775    0.0167500181753871
58.8999999999969    121.463452993056    2.03358405927882    0.0167423534336297
58.9999999999968    121.666964574603    2.0367390719337    0.0167402801496278
59.0999999999968    121.870811854125    2.04022709623373    0.0167409001810525
59.1999999999968    122.075006900884    2.04362056924943    0.0167406959141825
59.2999999999968    122.279518922063    2.04650478350098    0.0167362842243872
59.3999999999968    122.484282115238    2.04861116024245    0.0167255024470408
59.4999999999967    122.689210545121    2.04979746065684    0.0167072349031295
59.5999999999967    122.894211616466    2.05007640385482    0.0166816351794729
59.6999999999967    123.099199000621    2.0495457626063    0.016649545888564
59.7999999999967    123.304099471014    2.0483688163836    0.0166123334517773
59.8999999999967    123.508856598238    2.04670099976658    0.0165712893482959
59.9999999999966    123.713427665997    2.04466951394369    0.0165274663593019
60.0999999999966    123.917782728553    2.04240244031943    0.0164819156326691
60.1999999999966    124.121904752389    2.0400341324729    0.0164357301520837
60.2999999999966    124.325792053252    2.0377426597753    0.0163903452865395
60.3999999999966    124.529462380713    2.03572266788159    0.0163473175661672
60.4999999999965    124.732948418903    2.03405408435686    0.0163072717364598
60.5999999999965    124.936282177526    2.03266103393903    0.0162695815699939
60.6999999999965    125.139489845667    2.03155846791141    0.0162343515257807
60.7999999999965    125.342611852283    2.0309979272224    0.0162035711336217
60.8999999999965    125.545714366588    2.03118472479131    0.0161788455706289
60.9999999999964    125.748873974994    2.03213458136736    0.0161602606618288
61.0999999999964    125.952165560801    2.0338169315331    0.0161475344427588
61.1999999999964    126.155658127317    2.03612435622209    0.0161397783218507
61.2999999999964    126.359403801267    2.03883445959084    0.016135201641165
61.3999999999964    126.563428305901    2.04164118463468    0.0161313675835335
61.4999999999963    126.767723209538    2.04418408872584    0.0161254303301397
61.5999999999963    126.972247103405    2.04618473505318    0.0161152124321057
61.6999999999963    127.176936693959    2.04747867137551    0.0160994495118451
61.7999999999963    127.38171774029    2.04801518850177    0.0160777796439936
61.8999999999963    127.58651609569    2.04783738575119    0.0160505784499618
61.9999999999962    127.791264816518    2.04704262149415    0.0160186427799527
62.0999999999962    127.995908578087    2.04576144498097    0.0159830221739697
62.1999999999962    128.200405292986    2.04412164660422    0.0159447362271019
62.2999999999962    128.404724886059    2.04223952719858    0.0159047070036619
62.3999999999962    128.608849515644    2.04024706298377    0.0158639710305128
62.4999999999961    128.812776060465    2.03830839116919    0.0158238060967835
62.5999999999961    129.016518598939    2.03659123484763    0.0157855075998336
62.6999999999961    129.220104719004    2.03518522456691    0.0157497568121657
62.7999999999961    129.42356546359    2.03407743789152    0.0157164379655709
62.8999999999961    129.626930196506    2.03327871496185    0.0156856195844454
62.999999999996    129.830236289922    2.03293710203965    0.0156584256497841
63.099999999996    130.033537757631    2.03319935011449    0.0156359611925976
63.199999999996    130.236896684583    2.03408344157143    0.0156183346912643
63.299999999996    130.440373687315    2.03554637888201    0.0156051866561002
63.399999999996    130.644020925072    2.03746060258531    0.015595513580785
63.4999999999959    130.847874109435    2.03962485485771    0.0155877569180212
63.5999999999959    131.051945876134    2.04178667512586    0.015579979842922
63.6999999999959    131.256222392024    2.04367790225645    0.0155701410951214
63.7999999999959    131.460665647065    2.04509309881371    0.0155566921006183
63.8999999999959    131.665221750947    2.04592730635843    0.0155388589268352
63.9999999999958    131.869831087906    2.04615707665662    0.0155164912230199
64.0999999999959    132.074434252751    2.04581513551055    0.0154898648408781
64.1999999999959    132.278977946075    2.04498477915609    0.0154596354682279
64.299999999996    132.4834188421    2.04377924299741    0.0154266795109906
64.399999999996    132.687725202139    2.04231361566441    0.0153918805417238
64.4999999999961    132.891876968723    2.04070951318506    0.0153561644227913
64.5999999999961    133.09586719634    2.03910837325546    0.0153205987248831
64.6999999999962    133.299703507105    2.03765302798244    0.0152862532651757
64.7999999999962    133.503405949093    2.03644205621164    0.0152538584445416
64.8999999999963    133.7070012884    2.03551464705966    0.0152236952997633
64.9999999999963    133.910518956212    2.03489380968366    0.0151959220645621
65.0999999999964    134.113992036242    2.03463813227172    0.0151709609219737
65.1999999999965    134.317461821231    2.03484201674556    0.0151494972370295
65.2999999999965    134.520977026502    2.03554489912225    0.0151318028170523
65.3999999999966    134.724585518736    2.03669132457184    0.0151174436108293
65.4999999999966    134.928326051355    2.03816374786191    0.0151055290427761
65.5999999999967    135.132224272735    2.03981502682607    0.0150949563496353
65.6999999999967    135.336288199066    2.04144046819118    0.0150842061309412
65.7999999999968    135.540504709855    2.04283690308485    0.0150717817338651
65.8999999999968    135.744843153032    2.04385861599585    0.0150566207048595
65.9999999999969    135.94926113707    2.04441835447086    0.0150380983123518
66.0999999999969    136.153710658519    2.04449072842276    0.0150160485420074
66.199999999997    136.358144356331    2.04411238188795    0.0149907612158924
66.299999999997    136.562520717704    2.04335792966108    0.0149628017916059
66.3999999999971    136.766806493642    2.0423182619058    0.0149328504062186
66.4999999999971    136.970978762333    2.04110860775774    0.0149017596734809
66.5999999999972    137.175026596068    2.03984971538247    0.0148704160370903
66.6999999999972    137.378950874122    2.03865603067536    0.0148396535109906
66.7999999999973    137.582763195927    2.03762466506411    0.0148101740198544
66.8999999999973    137.786483446838    2.03682387110395    0.0147824650150812
66.9999999999974    137.990136973333    2.03629544907002    0.0147568188113585
67.0999999999974    138.193752475363    2.03606872793546    0.0147334354228383
67.1999999999975    138.397362097822    2.03618674736705    0.0147126124118452
67.2999999999975    138.60100210917    2.03667367484751    0.0146945090140352
67.3999999999976    138.804707649038    2.03748851280147    0.0146788141937749
67.4999999999976    139.008508441681    2.03856120213758    0.0146650102572162
67.5999999999977    139.212423896635    2.03975680480382    0.014652117589148
67.6999999999977    139.416459460083    2.04093960056582    0.01463915816303
67.7999999999978    139.620606168538    2.04195425648018    0.0146250207080128
67.8999999999978    139.824841038882    2.04268853073328    0.0146089100874804
67.9999999999979    140.029132238615    2.04307266262741    0.0145903400954163
68.0999999999979    140.233443363058    2.04308821711544    0.0145691938250848
68.199999999998    140.437738617225    2.04276299986362    0.0145456842297307
68.299999999998    140.641986447637    2.04215091364933    0.0145202081201381
68.3999999999981    140.84616210081    2.04133612501512    0.0144933741506854
68.4999999999981    141.050250156705    2.04041460814783    0.0144658701837179
68.5999999999982    141.25424465174    2.03948224250258    0.0144383784539068
68.6999999999982    141.458149514013    2.03863681659569    0.0144115897429702
68.7999999999983    141.66197722722    2.03794829492694    0.0143859935800427
68.8999999999983    141.865745824547    2.03746168346548    0.01436190020095
68.9999999999984    142.069477595897    2.03721685313276    0.0143395815034066
69.0999999999984    142.273197611696    2.03722734648262    0.0143191225099389
69.1999999999985    142.476931620671    2.03749653497237    0.0143005363169736
69.2999999999985    142.68070532595    2.03801901445989    0.0142837744585302
69.3999999999986    142.884542148446    2.03874364032803    0.0142684688607529
69.4999999999986    143.088457597723    2.0395748179204    0.0142539436944274
69.5999999999987    143.292457088348    2.04040665951951    0.0142394561512856
69.6999999999988    143.496535881452    2.04114513039594    0.0142243512559927
69.7999999999988    143.700679842953    2.041695082451    0.0142079709343221
69.8999999999989    143.904866519273    2.04199339379609    0.0141898842143925
69.9999999999989    144.109069675332    2.04202374338713    0.014169987690488
70.099999999999    144.313262843382    2.0418005481418    0.0141483915470589
70.199999999999    144.517422961933    2.0413701890052    0.0141254261746898
70.2999999999991    144.721531698778    2.04078444570904    0.0141014569273404
70.3999999999991    144.925577458087    2.04012575694761    0.0140770579819675
70.4999999999992    145.129557095991    2.03947431230398    0.0140527839615403
70.5999999999992    145.333474863536    2.03889917390736    0.0140291090942526
70.6999999999993    145.537341129311    2.03845045963696    0.0140063741979853
70.7999999999993    145.741170140424    2.03815899053376    0.013984785414924
70.8999999999994    145.944978975775    2.03804989110812    0.013964508442914
70.9999999999994    146.148786445707    2.038132458648    0.0139455996058178
71.0999999999995    146.352611647568    2.03840026869614    0.0139280074728343
71.1999999999995    146.556471224105    2.03881232623405    0.0139114452552315
71.2999999999996    146.76037765138    2.03932987165694    0.0138956433902156
71.3999999999996    146.964338400786    2.0398845116872    0.01388013264908
71.4999999999997    147.168353543931    2.04040790363524    0.0138644474474342
71.5999999999997    147.372416802812    2.04083542591123    0.0138481506253773
71.6999999999998    147.576515580565    2.04111171941037    0.0138308707952661
71.7999999999998    147.78063339928    2.04121404756479    0.0138124597290752
71.8999999999999    147.984752470913    2.04113775053616    0.0137928922842058
71.9999999999999    148.188855721334    2.04090434879494    0.0137723200497129
72.1    148.392929701438    2.04056029080372    0.0137510614212501
72.2    148.596965570633    2.04014954978312    0.0137294159537422
72.3000000000001    148.800959022426    2.03972084743841    0.0137077130472728
72.4000000000001    149.004910724892    2.0393220647564    0.013686274196168
72.5000000000002    149.208825961413    2.03899910822165    0.0136654054817706
72.6000000000002    149.412714055689    2.03878229962078    0.013645306642786
72.7000000000003    149.616586606819    2.03869162950043    0.0136261070763361
72.8000000000003    149.820456682605    2.03873078223418    0.0136078265103225
72.9000000000004    150.024336635647    2.03888734644584    0.0135903773492266
73.0000000000004    150.228237620871    2.03914772387596    0.0135736646862764
73.1000000000005    150.432168246913    2.03947122668334    0.0135574142847947
73.2000000000005    150.636132617152    2.03981724464256    0.0135413543165426
73.3000000000006    150.840131038175    2.04014285056391    0.0135251994049752
73.4000000000006    151.044158911847    2.04040103721374    0.0135086391417796
73.5000000000007    151.248208278211    2.04056880170435    0.0134915238000761
73.6000000000007    151.452269052403    2.04062812858202    0.0134737375765295
73.7000000000008    151.656330419279    2.04058149042091    0.0134553004466044
73.8000000000008    151.86038206241    2.04043641273944    0.013436265502749
73.9000000000009    152.06441535292    2.0402201772207    0.0134168153179404
74.000000000001    152.268424853288    2.03996638877914    0.0133971727279944
74.100000000001    152.472408540767    2.03970939474744    0.0133775639426728
74.2000000000011    152.676367598064    2.0394787793342    0.0133581824837708
74.3000000000011    152.88030591244    2.03929635522057    0.0133391697710792
74.4000000000012    153.084228809723    2.03917322873534    0.0133205964101628
74.5000000000012    153.288143066139    2.03912557291208    0.0133025655613315
74.6000000000013    153.492056590264    2.03915842345459    0.0132851071824386
74.7000000000013    153.695977293489    2.03926782459549    0.0132681925741064
74.8000000000014    153.89991216743    2.03943804904841    0.0132517167835006
74.9000000000014    154.103866062435    2.0396426049138    0.0132355057470618
75.0000000000015    154.307840666029    2.03984787511355    0.0132193404191847
75.1000000000015    154.511835004959    2.04003311691816    0.0132030864616466
75.2000000000016    154.715845838764    2.04017505827499    0.0131865940894066
75.3000000000016    154.919868101725    2.04025851323796    0.0131697666557414
75.4000000000017    155.123895118722    2.04026989849685    0.0131525184881114
75.5000000000017    155.327920006257    2.04021779921496    0.013134907099334
75.6000000000018    155.531936770081    2.04010862671362    0.0131169756455195
75.7000000000018    155.7359404762    2.03996192079448    0.0130988512642413
75.8000000000019    155.939928903732    2.03980682649893    0.0130807217935708
75.9000000000019    156.14390212869    2.03966058391185    0.0130626976532892
76.000000000002    156.347861820932    2.03953854360048    0.0130448764687067
76.100000000002    156.551811154066    2.03945586925163    0.0130273540383673
76.2000000000021    156.755754377282    2.03941492739396    0.0130101439369522
76.3000000000021    156.959695514132    2.03941634906068    0.0129932486322711
76.4000000000022    157.163639254042    2.03946521750144    0.0129766988546557
76.5000000000022    157.367589620995    2.03954674522263    0.0129603989622938
76.6000000000023    157.571549318099    2.03964938483637    0.0129442744814218
76.7000000000023    157.775519659798    2.03975809360978    0.0129282292842894
76.8000000000024    157.979501121639    2.03987079934972    0.0129122499113293
76.9000000000024    158.183493197858    2.03996537246732    0.0128961962542811
77.0000000000025    158.387492958118    2.04002271633658    0.0128799482726583
77.1000000000025    158.591496345419    2.04003827821216    0.0128634783404078
77.2000000000026    158.795499481534    2.04001933441328    0.0128468334497762
77.3000000000026    158.999499265151    2.03997202983058    0.0128300531716058
77.4000000000027    159.203493258438    2.03990535413293    0.012813194688018
77.5000000000027    159.407479938456    2.03982687036924    0.0127963058644222
77.6000000000028    159.611458609914    2.03974770914911    0.0127794566061463
77.7000000000028    159.815429801244    2.03967810564228    0.0127627107606502
77.8000000000029    160.019394711673    2.0396228584637    0.0127460978223218
77.9000000000029    160.223355027279    2.03958791788431    0.0127296542850264
78.000000000003    160.427313229595    2.03958044428474    0.0127134239377668
78.100000000003    160.631271851168    2.03959547822682    0.0126973748929573
78.2000000000031    160.835232919431    2.03962864845835    0.0126814791226751
78.3000000000032    161.039198226588    2.03968147661483    0.0126657453531589
78.4000000000032    161.243169748295    2.03974947054733    0.0126501449564123
78.5000000000033    161.447147940191    2.03981262142013    0.0126345534587938
78.6000000000033    161.651131882276    2.03986441511502    0.0126189306029764
78.7000000000034    161.855120443584    2.03990418064168    0.0126032724516288
78.8000000000034    162.059112041119    2.03992319480025    0.0125875254350565
78.9000000000035    162.263104065179    2.03991261834945    0.0125716356167453
79.0000000000035    162.467093953569    2.03988306582087    0.0125556690661547
79.1000000000036    162.671080357816    2.03984381744735    0.012539683224335
79.2000000000036    162.875062644847    2.03980257737345    0.0125237255123658
79.3000000000037    163.079041111469    2.03976802658594    0.0125078490324928
79.4000000000037    163.283016419073    2.03973832985939    0.0124920421890315
79.5000000000038    163.486988738246    2.03970844147194    0.0124762738442608
79.6000000000038    163.690958434425    2.03968774711862    0.0124606011634768
79.7000000000039    163.894926674569    2.03967897663642    0.0124450403561693
79.8000000000039    164.098894722232    2.03968502721076    0.0124296085641729
79.900000000004    164.30286416093    2.03970534214162    0.0124143017990471
80.000000000004    164.506836017214    2.0397327152616    0.0123990757140825
80.1000000000041    164.710810766735    2.03976170859599    0.0123838969591663
80.2000000000041    164.914788244385    2.03978797725407    0.0123687390255829
80.3000000000042    165.118768387582    2.03981403764928    0.0123536170816224
80.4000000000042    165.322750740943    2.03983164119687    0.0123384811349603
80.5000000000043    165.526734557656    2.03984393624357    0.0123233503137408
80.6000000000043    165.730719244829    2.0398475440982    0.012308204256839
80.7000000000044    165.9347036146    2.03983808574379    0.0122930167186818
80.8000000000044    166.138686639729    2.03982156386911    0.0122778240584775
80.9000000000045    166.342667803656    2.03980155520539    0.0122626478349685
81.0000000000045    166.546647012914    2.03978284721177    0.0122475167395811
81.1000000000046    166.75062430024    2.03976254366521    0.0122324132351826
81.2000000000046    166.95459966909    2.03974649209035    0.0122173722445096
81.3000000000047    167.158573896463    2.03973917408274    0.0122024202919208
81.4000000000047    167.362547636206    2.03973606050717    0.0121875299421285
81.5000000000048    167.566521214512    2.03973627930245    0.0121726957420764
81.6000000000048    167.77049513278    2.03974376275906    0.0121579408890981
81.7000000000049    167.974470300179    2.03976091180123    0.0121432793218878
81.8000000000049    168.17844737123    2.03977978367439    0.0121286634260088
81.900000000005    168.382426054943    2.03979292047079    0.0121140487654288
82.000000000005    168.586405801343    2.0398012099058    0.0120994406411953
82.1000000000051    168.790386153039    2.03980565053345    0.0120848449785759
82.2000000000051    168.994367028016    2.03981229314065    0.0120702975431275
82.3000000000052    169.198348511938    2.03981611176803    0.0120557684499155
82.4000000000052    169.402330045111    2.03981397582747    0.0120412391924259
82.5000000000053    169.606311196497    2.03980847301465    0.0120267250589008
82.6000000000054    169.81029172894    2.03980226859127    0.0120122417070416
82.7000000000054    170.014271514716    2.03979232316709    0.0119977711576439
82.8000000000055    170.218250149751    2.0397812268681    0.0119833286094387
82.9000000000055    170.422227969077    2.03977581401897    0.0119689540403678
83.0000000000056    170.626205273452    2.03976976907004    0.0119546101714038
83.1000000000056    170.830182020509    2.0397666101842    0.0119403174899113
83.2000000000057    171.034158798465    2.03976911840836    0.0119260920317788
83.3000000000057    171.238135851868    2.0397724708671    0.0119119053750482
83.4000000000058    171.442113421825    2.03977917774612    0.0118977720061543
83.5000000000058    171.646091717836    2.03978711855375    0.0118836793668853
83.6000000000059    171.850070802455    2.03979371135187    0.011869612283702
83.7000000000059    172.054050362946    2.03979761692704    0.0118555629037742
83.800000000006    172.25803038279    2.03980289544983    0.0118415547357473
83.900000000006    172.462010937605    2.03980852525536    0.0118275817043171
84.0000000000061    172.665992164361    2.03981533579077    0.0118136484794821
84.1000000000061    172.869973677608    2.03981365364754    0.0117996989890891
84.2000000000062    173.073954876193    2.03981065299687    0.0117857747831326
84.3000000000062    173.277935815082    2.03980797459702    0.011771885237448
84.4000000000063    173.481916422154    2.03980370980908    0.0117580192326524
84.5000000000063    173.685896429929    2.03979594800687    0.0117441657033436
84.6000000000064    173.889875636441    2.03978873250675    0.0117303478712666
84.7000000000064    174.093854268123    2.03978396969425    0.0117165765458485
84.8000000000065    174.297832346222    2.03977728641703    0.0117028264721345
84.9000000000065    174.501809846101    2.03977400551092    0.0116891280801606
85.0000000000066    174.705787387413    2.03977788586277    0.0116755026628828
85.1000000000066    174.909765640141    2.03978826814904    0.0116619461508267
85.2000000000067    175.113745197248    2.03980330343232    0.011648447705431
85.3000000000067    175.317726249347    2.03981665766675    0.0116349709827152
85.4000000000068    175.52170830693    2.0398238667058    0.0116214905061134
85.5000000000068    175.725690900689    2.0398266839659    0.0116080162980762
85.6000000000069    175.929673318279    2.03982059653702    0.0115945227320847
85.7000000000069    176.133655066017    2.03981556696309    0.0115810664702242
85.800000000007    176.337636618327    2.03981527799215    0.0115676682364028
85.900000000007    176.541617806001    2.03980635206726    0.0115542520648518
86.0000000000071    176.745597719307    2.03979293653711    0.0115408415420708
86.1000000000071    176.94957687483    2.03979280358835    0.0115275370510281
86.2000000000072    177.153556448817    2.03979770140285    0.0115142915688073
86.3000000000072    177.357536176809    2.03979632673254    0.0115010411776303
86.4000000000073    177.561515761788    2.03979616921312    0.0114878280941781
86.5000000000073    177.765495612792    2.03980187897744    0.0114746783223924
86.6000000000074    177.969476281085    2.03981168458097    0.0114615816554929
86.7000000000074    178.173457859067    2.03981898115014    0.0114485008354253
86.8000000000075    178.377439907746    2.03982136893768    0.0114354223829687
86.9000000000076    178.581422086409    2.03982223156953    0.0114223652591508
87.0000000000076    178.78540427084    2.03982028223614    0.0114093222014144
87.1000000000077    178.989385945701    2.03981333716566    0.0113962809939159
87.2000000000077    179.193367196405    2.03981314733895    0.0113833072018967
87.3000000000078    179.39734866292    2.03981557014089    0.0113703774629
87.4000000000078    179.601330068946    2.03981153584264    0.0113574411451162
87.5000000000079    179.805311023516    2.03980879444867    0.0113445413977894
87.6000000000079    180.009292062927    2.03981271631771    0.0113317078965271
87.700000000008    180.213273532305    2.03981587324527    0.011318899175757
87.800000000008    180.417255210765    2.03981859104642    0.0113061169712591
87.9000000000081    180.621237375959    2.03982405948646    0.0112933788358487
88.0000000000081    180.825219717481    2.03982149128547    0.0112806249840175
88.1000000000082    181.029201663728    2.03981819477202    0.0112678958755013
88.2000000000082    181.233183475015    2.03981831950098    0.0112552143067232
88.3000000000083    181.437165340029    2.03981877757138    0.011242563086502
88.4000000000083    181.641147209304    2.03981892640442    0.0112299385780357
88.5000000000084    181.845129182136    2.03982028031593    0.0112173490128121
88.6000000000084    182.049111127056    2.0398178992871    0.0112047671458471
88.7000000000085    182.253092768052    2.03981602651792    0.0111922162501458
88.8000000000085    182.457074625176    2.03982204184397    0.0111797366368742
88.9000000000086    182.661057144373    2.03982762611438    0.0111672824958093
89.0000000000086    182.865040088312    2.03983133581943    0.0111548458624695
89.1000000000087    183.0690233369    2.03983238252011    0.0111424223789419
89.2000000000087    183.273006313196    2.0398268228022    0.0111299905198059
89.3000000000088    183.476988855189    2.03982516293221    0.0111176075847972
89.4000000000088    183.68097146959    2.03982706384982    0.0111052715342783
89.5000000000089    183.88495419172    2.0398271639695    0.0110929530528243
89.6000000000089    184.088936963056    2.0398287992715    0.0110806702071448
89.700000000009    184.292919952888    2.03983037491182    0.0110684142148991
89.800000000009    184.496902894532    2.03982805707387    0.0110561642232007
89.9000000000091    184.700885619903    2.03982727776558    0.0110439496319652
90.0000000000091    184.904868520275    2.03983113464034    0.0110317870533337
90.1000000000092    185.108851740516    2.03983226155947    0.0110196365132171
90.2000000000092    185.312834879454    2.03983072747891    0.011007498367859
90.3000000000093    185.516817990233    2.03983201005407    0.0109954020996709
90.4000000000093    185.720801302299    2.03983388177314    0.0109833355632194
90.5000000000094    185.924784727145    2.03983490832727    0.0109712909514503
90.6000000000094    186.128768352182    2.03983756258293    0.0109592814729385
90.7000000000095    186.332752178419    2.03983847438302    0.0109472889255122
90.8000000000095    186.5367358918    2.03983498440989    0.0109352990158094
90.9000000000096    186.740719193749    2.03983209445099    0.0109233385372936
91.0000000000096    186.944702497741    2.03983429991398    0.0109114314161356
91.1000000000097    187.148686012022    2.03983573914239    0.0108995461448838
91.2000000000098    187.35266967897    2.03983790225343    0.0108876906090994
91.3000000000098    187.556653566009    2.03983949894778    0.0108758578283648
91.4000000000099    187.760637545101    2.03983986539969    0.0108640442004768
91.5000000000099    187.964621468064    2.03983823754283    0.0108522456067053
91.60000000001    188.168605203623    2.03983721837324    0.0108404758390267
91.70000000001    188.372589088379    2.03984090638802    0.0108287565418076
91.8000000000101    188.576573362228    2.03984430051769    0.0108170610174332
91.9000000000101    188.780557928185    2.03984693680962    0.0108053867368356
92.0000000000102    188.984542686667    2.03984769028618    0.0107937276842171
92.1000000000102    189.188527343375    2.03984482537074    0.0107820746533348
92.2000000000103    189.392511609886    2.03984086505257    0.0107704409625987
92.3000000000103    189.596495612881    2.03983938948123    0.0107588454253194
92.4000000000104    189.800479455084    2.03983719453849    0.0107472710311104
92.5000000000104    190.004463116519    2.03983734755135    0.0107357338564222
92.6000000000105    190.208447243101    2.03984622594463    0.0107242672736692
92.7000000000105    190.412432332985    2.03985429517084    0.010712820954903
92.8000000000106    190.616417763583    2.03985289624831    0.0107013494439828
92.9000000000106    190.820402810459    2.03984828364127    0.01068988563905
93.0000000000107    191.024387560571    2.03984753163713    0.0106784665439136
93.1000000000107    191.22837234248    2.03984751367855    0.0106670756472543
93.2000000000108    191.432357025642    2.03984715714593    0.0106557072630762
93.3000000000108    191.63634208009    2.03985470397831    0.0106444043015901
93.4000000000109    191.840327795741    2.03985782601001    0.0106331022754607
93.5000000000109    192.044313415017    2.03985448353737    0.0106217906027197
93.600000000011    192.248298839775    2.03985488900853    0.01061052244061
93.700000000011    192.452284458427    2.03985751614645    0.0105992896986738
93.8000000000111    192.656270337879    2.03985967362078    0.0105880782911622
93.9000000000111    192.860256227714    2.03985737319677    0.0105768674847568
94.0000000000112    193.064241767015    2.03985324342284    0.0105656709121956
94.1000000000112    193.268226766681    2.03984633250086    0.0105544836139228
94.2000000000113    193.472211185477    2.03984380767447    0.0105433426080964
94.3000000000113    193.676195820991    2.03984976582837    0.0105322688582428
94.4000000000114    193.880181232716    2.03985873333695    0.0105212338897522
94.5000000000114    194.08416752598    2.03986627008249    0.0105102146974942
94.6000000000115    194.28815424915    2.03986688170018    0.01049918297687
94.7000000000115    194.492140726272    2.03986249245855    0.0104881486976353
94.8000000000116    194.696126805922    2.03985929303947    0.0104771436725747
94.9000000000116    194.900112608238    2.03985744244311    0.0104661686191191
95.0000000000117    195.104098541803    2.03986229679146    0.0104552508739554
95.1000000000117    195.308085052825    2.03986677936343    0.0104443540000492
95.2000000000118    195.512071663468    2.03986480497528    0.0104334468333314
95.3000000000118    195.716058028472    2.039862958043    0.0104225630670849
95.4000000000119    195.920044322306    2.03986296226917    0.0104117114168952
95.500000000012    196.124030614327    2.03986309128855    0.0104008829764461
95.600000000012    196.328017016912    2.03986514850131    0.0103900868530934
95.7000000000121    196.532003615905    2.03986662791359    0.0103793101906203
95.8000000000121    196.735990298914    2.03986662603602    0.0103685483420533
95.9000000000122    196.939976856354    2.03986428554696    0.0103577969191842
96.0000000000122    197.143963174949    2.03986248893296    0.0103470705168017
96.1000000000123    197.347949476713    2.03986428385837    0.0103363844887533
96.2000000000123    197.55193610673    2.03986808560523    0.0103257306701523
96.3000000000124    197.755923022945    2.0398704224072    0.0103150914077578
96.4000000000124    197.959910347431    2.0398767914856    0.0103044944196302
96.5000000000125    198.163898339381    2.03988195476033    0.0102939131287515
96.6000000000125    198.367886515514    2.03988099514837    0.010283322724159
96.7000000000126    198.571874539065    2.03987938497791    0.0102727508098163
96.8000000000126    198.775862269173    2.03987448084259    0.0102621840376187
96.9000000000127    198.979849366493    2.03986732626282    0.0102516276535403
97.0000000000127    199.183835732639    2.03986038030791    0.0102410939763505
97.1000000000128    199.387821626011    2.03985876380989    0.0102306086057554
97.2000000000128    199.591807704    2.03986367406693    0.0102201773586424
97.3000000000129    199.79579452916    2.03987363102823    0.0102097926326999
97.4000000000129    199.999782484929    2.03988507925499    0.0101994364889307
97.500000000013    200.203771342875    2.03989056238347    0.0101890716078964
97.600000000013    200.407760310027    2.0398877621203    0.0101786864888098
97.7000000000131    200.611748829202    2.03988266800947    0.0101683110780625
97.8000000000131    200.815736832039    2.03987727334368    0.0101579552754365
97.9000000000132    201.019724311607    2.03987282035293    0.0101476252011512
98.0000000000132    201.223711548642    2.03987268874121    0.010137337558492
98.1000000000133    201.427698896784    2.03987418762265    0.0101270788416638
98.2000000000133    201.631686467073    2.03987815387426    0.0101168531078442
98.3000000000134    201.835674646039    2.03988526975827    0.0101066636179933
98.4000000000134    202.039663379059    2.03988852335792    0.0100964755595081
98.5000000000135    202.243652217562    2.03988769446173    0.0100862878616696
98.6000000000135    202.447640800122    2.03988341948083    0.0100761036849761
98.7000000000136    202.651628943513    2.03988059378636    0.0100659471844411
98.8000000000136    202.85561714583    2.0398838295475    0.0100558409880317
98.9000000000137    203.059605599516    2.03988423817818    0.0100457411613482
99.0000000000137    203.263593893317    2.03988202681313    0.0100356487246003
99.1000000000138    203.46758216911    2.03988418319016    0.0100255979917958
99.2000000000138    203.671570777105    2.03988768384658    0.010015573975609
99.3000000000139    203.875559570053    2.0398875277945    0.0100055520735117
99.4000000000139    204.079548275745    2.03988709794728    0.00999554886896878
99.500000000014    204.283537064406    2.03988873524291    0.00998557575689409
99.600000000014    204.487526033588    2.03989058275493    0.00997562356160477
99.7000000000141    204.691515082433    2.03988986628218    0.00996567867241922
99.8000000000142    204.895504024052    2.03988945796283    0.00995575509418386
99.9000000000142    205.099493049448    2.03989134918023    0.00994586246338711
