0 0 0
9.99999999999983 7.42697730645114e-24 1.0435666933872e-28
20.0000000000003 7.23786742340849e-24 8.45053639025111e-30
30.0000000000019 7.37728928825821e-24 1.8264440208568e-30
40.0000000000006 7.73657811963901e-24 6.18978740117741e-31
49.9999999999986 8.23746064506936e-24 2.72711142530204e-31
59.9999999999966 3.15268244411544e-23 5.0680505934917e-31
69.9999999999989 9.9016367761593e-22 8.6476752347681e-30
80.000000000004 3.75063291420994e-20 1.94388733813556e-28
90.0000000000091 1.39806622528405e-18 4.62248295196594e-27
100.000000000014 8.36686117097701e-17 1.85283461913545e-25
110.000000000019 4.80900325314886e-15 7.33552550953576e-24
120.000000000024 1.87061983659165e-13 2.01374182202004e-22
130.000000000027 1.01030356627594e-12 7.87592640491555e-22
140.000000000018 3.06864272879824e-09 1.77423058534755e-18
150.000000000009 7.10921986465977e-08 3.11429578626035e-17
159.999999999999 1.46629872376189e-07 4.96198125187804e-17
169.99999999999 1.91263717936525e-07 5.0950268270355e-17
179.999999999981 1.91916709463881e-07 4.08927124588592e-17
189.999999999972 2.18456604012655e-07 3.77112637540105e-17
199.999999999963 3.04874214526749e-07 4.30364784092251e-17
209.999999999954 4.48143584182152e-07 5.21411107526532e-17
219.999999999945 5.63938045076474e-07 5.45051838400935e-17
229.999999999936 3.80933472337905e-07 3.08047398656527e-17
239.999999999927 5.99216923031396e-07 4.08221055034387e-17
249.999999999918 7.9800800682971e-07 4.6107326267608e-17
259.999999999909 6.00837096978524e-07 2.96311825146059e-17
269.999999999899 6.04041900256509e-07 2.55764804228416e-17
279.99999999989 7.39940203340433e-07 2.70629449469152e-17
289.999999999881 1.02771414297753e-06 3.2656728029218e-17
299.999999999872 1.03270533585038e-06 2.86817550484288e-17
309.999999999863 7.26497373953853e-07 1.77265719508551e-17
319.999999999854 7.72250691783587e-07 1.66289152662636e-17
329.999999999845 1.21494297086923e-06 2.31799397164436e-17
339.999999999836 1.08322402136052e-06 1.83624175089164e-17
349.999999999827 8.49710684643634e-07 1.2831297645985e-17
359.999999999818 1.0921418376349e-06 1.47266352790894e-17
369.999999999808 1.25170577783315e-06 1.51086316738367e-17
379.999999999799 1.2709693351004e-06 1.37673233561398e-17
389.99999999979 1.25487960792861e-06 1.22265194047823e-17
399.999999999781 1.23654909379595e-06 1.08662133119228e-17
409.999999999772 1.39714771347577e-06 1.11118398763846e-17
419.999999999763 1.65540946660207e-06 1.19717384918079e-17
429.999999999754 1.34626153899657e-06 8.88684345676965e-18
439.999999999745 9.02250251285374e-07 5.44205253366858e-18
449.999999999736 1.19908139108847e-06 6.60621280467813e-18
459.999999999727 1.41143275547133e-06 7.10225374180941e-18
469.999999999718 1.29776729801824e-06 5.97321379545583e-18
479.999999999708 1.3662508674249e-06 5.79217170975944e-18
489.999999999699 1.38377978291027e-06 5.41924181428508e-18
499.99999999969 1.44619900701771e-06 5.21160224168853e-18
509.999999999681 1.54377424544704e-06 5.12149910398552e-18
519.999999999672 1.17953564743045e-06 3.63619954129842e-18
529.999999999663 1.08816886752731e-06 3.10413229972388e-18
539.999999999654 1.53906892543563e-06 4.06283181768057e-18
549.999999999645 1.54465703938544e-06 3.80358463066462e-18
559.999999999636 1.23452809084254e-06 2.81490992817874e-18
569.999999999627 1.25805053944122e-06 2.68417733470232e-18
579.999999999618 1.40405369428213e-06 2.78083195010418e-18
589.999999999608 1.50176858891673e-06 2.78913875200162e-18
599.999999999599 1.52829477135332e-06 2.64407845714436e-18
609.99999999959 1.27341202866038e-06 2.06434394633961e-18
619.999999999581 1.18680540177833e-06 1.80598646000643e-18
629.999999999572 1.50747277030172e-06 2.14425078502992e-18
639.999999999563 1.4604038833027e-06 1.9497460993127e-18
649.999999999554 1.16468232311972e-06 1.46430854517064e-18
659.999999999545 1.4420349918272e-06 1.70688396695563e-18
669.999999999536 1.66438013670277e-06 1.8541610800645e-18
679.999999999527 1.45556694885882e-06 1.52699705906161e-18
