0 0 0
2.99999999999998 2.85086298446809e-19 8.39069972369436e-21
5.99999999999992 2.09104331521978e-19 2.29478794350618e-21
8.99999999999985 1.47757501806894e-19 8.52694035827442e-22
11.9999999999998 1.42803271697299e-19 5.10413965241227e-22
14.9999999999997 1.45252047255206e-19 3.54139939449872e-22
18 1.4277524311358e-19 2.53005429734041e-22
21.0000000000005 2.32907478257386e-19 3.13649562654845e-22
24.000000000001 2.28567148795299e-18 2.41714505475203e-21
27.0000000000014 6.52196997954985e-18 5.55325678805628e-21
30.0000000000019 2.47006475878514e-17 1.72691319964305e-20
33.000000000002 7.36406358181566e-17 4.29469400998845e-20
36.0000000000014 8.23256102918205e-17 4.05763080452957e-20
39.0000000000008 2.01210312824073e-16 8.47463652380352e-20
42.0000000000002 1.49194856835988e-16 5.42186225484698e-20
44.9999999999996 4.49453963818677e-16 1.42148565571638e-19
47.999999999999 1.70015135974167e-15 4.71650783446421e-19
50.9999999999984 8.74912780918022e-15 2.14459203662211e-18
53.9999999999978 1.48683746054327e-13 3.24247737117451e-17
56.9999999999972 2.50564868273101e-12 4.89349520806981e-16
59.9999999999966 1.50362899203164e-11 2.64633929733503e-15
62.999999999996 2.47632614666532e-11 3.94935541528019e-15
65.9999999999969 2.74746537337528e-11 3.99286359129889e-15
68.9999999999984 2.0928725348352e-11 2.7857426863209e-15
71.9999999999999 1.59857338960183e-11 1.95810509127553e-15
75.0000000000015 1.30787284157846e-10 1.480447389639e-14
78.000000000003 2.47683978991738e-10 2.60108140891499e-14
81.0000000000045 5.69379358819246e-10 5.56620010438508e-14
84.0000000000061 1.90754932800036e-09 1.74087722687243e-13
87.0000000000076 1.03081782159107e-08 8.80294074822281e-13
90.0000000000091 1.33567231229859e-08 1.06912019218999e-12
93.0000000000107 5.35574186877665e-08 4.02201095704834e-12
96.0000000000122 1.36433497701926e-07 9.61220573439534e-12
99.0000000000137 4.08227171016389e-07 2.69538082167971e-11
102.000000000015 7.81783995138611e-07 4.83328100552847e-11
105.000000000017 1.30898700370766e-06 7.57743412537135e-11
108.000000000018 3.51273703491226e-06 1.90821133408279e-10
111.00000000002 6.17900842008924e-06 3.15405469930111e-10
114.000000000021 8.8155154739067e-06 4.23427813785868e-10
117.000000000023 1.02460135010242e-05 4.63780342953442e-10
120.000000000024 1.13619885120604e-05 4.85171193788199e-10
123.000000000026 1.10476327876365e-05 4.45602973021281e-10
126.000000000028 1.14026650560121e-05 4.35127096574255e-10
129.000000000028 1.27816730019602e-05 4.6201141028871e-10
132.000000000025 1.46429314405337e-05 5.02132601951614e-10
135.000000000022 1.72877780791799e-05 5.63234304126244e-10
138.000000000019 2.00325227523408e-05 6.20610813431005e-10
141.000000000017 2.07559063920057e-05 6.12077552939636e-10
144.000000000014 2.22908130430167e-05 6.26587977164723e-10
147.000000000011 2.17966206629723e-05 5.84391776318235e-10
150.000000000009 1.96604001916619e-05 5.03262705843037e-10
153.000000000006 1.80592608076013e-05 4.41872600509377e-10
156.000000000003 1.75659921457632e-05 4.11152107202789e-10
159 1.88352441307135e-05 4.22193378057778e-10
161.999999999998 2.00728961635698e-05 4.31184799923687e-10
164.999999999995 2.15815688918223e-05 4.44632364183134e-10
167.999999999992 2.29815863135832e-05 4.54559396146706e-10
170.999999999989 2.34347158647773e-05 4.45391073257783e-10
173.999999999987 2.39017661542168e-05 4.36811451179219e-10
176.999999999984 2.34234802472487e-05 4.11856038682899e-10
179.999999999981 2.31410463542942e-05 3.91804254089759e-10
182.999999999979 2.18931542410958e-05 3.57204103809659e-10
185.999999999976 2.15230452467462e-05 3.38587801493267e-10
188.999999999973 2.11692695278194e-05 3.21274643997052e-10
191.99999999997 2.1327787647888e-05 3.12549868768641e-10
194.999999999968 2.2361595984705e-05 3.16597968237357e-10
197.999999999965 2.32656802023439e-05 3.18296636752066e-10
200.999999999962 2.47328673090463e-05 3.2724421034059e-10
203.999999999959 2.60383959758098e-05 3.3346505477872e-10
206.999999999957 2.66245279721113e-05 3.30144060614909e-10
209.999999999954 2.66842847451651e-05 3.204792101304e-10
212.999999999951 2.61936607052312e-05 3.04786168593528e-10
215.999999999949 2.48511128678077e-05 2.80386418417751e-10
218.999999999946 2.3707275230161e-05 2.59607177124785e-10
221.999999999943 2.33038850038305e-05 2.47673579800266e-10
224.99999999994 2.31101831712189e-05 2.38394964307208e-10
227.999999999938 2.33121177355207e-05 2.33553374752393e-10
230.999999999935 2.35921598436902e-05 2.29706057387526e-10
233.999999999932 2.42101447404738e-05 2.29234575091176e-10
236.999999999929 2.5672764878806e-05 2.36456677840527e-10
239.999999999927 2.74099087616632e-05 2.45587144368723e-10
242.999999999924 2.84338663189763e-05 2.47882145976544e-10
245.999999999921 2.81664306698951e-05 2.39064227882632e-10
248.999999999919 2.79798936919428e-05 2.3138215236197e-10
251.999999999916 2.76374529113235e-05 2.22756961190099e-10
254.999999999913 2.67248922992136e-05 2.0996560057091e-10
257.99999999991 2.51819963669801e-05 1.92843012640879e-10
260.999999999908 2.38188798719342e-05 1.77852339971966e-10
263.999999999905 2.33379621620887e-05 1.70028107631841e-10
266.999999999902 2.38754495490242e-05 1.6982809664821e-10
269.999999999899 2.43348044639485e-05 1.69028224471832e-10
272.999999999897 2.54097935692797e-05 1.723490061447e-10
275.999999999894 2.65924752128851e-05 1.76137291514582e-10
278.999999999891 2.73971009835902e-05 1.7726036893819e-10
281.999999999889 2.78640917196558e-05 1.76203410835065e-10
284.999999999886 2.77064933484509e-05 1.71357227395617e-10
287.999999999883 2.79607323112711e-05 1.69155871091524e-10
290.99999999988 2.82869985652899e-05 1.67373612315128e-10
293.999999999878 2.80329902962683e-05 1.62234288608198e-10
296.999999999875 2.70969791806327e-05 1.53431483890335e-10
299.999999999872 2.57496928550929e-05 1.42728504548738e-10
302.999999999869 2.45206550972018e-05 1.3310354139384e-10
305.999999999867 2.33806436411563e-05 1.24320306507728e-10
308.999999999864 2.35495572634482e-05 1.22655185788904e-10
311.999999999861 2.43173956059619e-05 1.240652244189e-10
314.999999999859 2.49023494164349e-05 1.24490937982649e-10
317.999999999856 2.5778458040787e-05 1.26309460906679e-10
320.999999999853 2.68312411359219e-05 1.28894836584634e-10
323.99999999985 2.74926267873889e-05 1.29526884865546e-10
326.999999999848 2.82059444038962e-05 1.30343137512127e-10
329.999999999845 2.80140463754366e-05 1.26984777338989e-10
332.999999999842 2.79288051816641e-05 1.24202395573921e-10
335.999999999839 2.7984849855066e-05 1.22125034691432e-10
338.999999999837 2.76745150480636e-05 1.18531651506097e-10
341.999999999834 2.72087046324554e-05 1.1440897899146e-10
344.999999999831 2.64818277187068e-05 1.09339819833261e-10
347.999999999829 2.58440049670886e-05 1.04791788016094e-10
350.999999999826 2.50546791529295e-05 9.97843605353817e-11
353.999999999823 2.4938000424086e-05 9.75712884177337e-11
356.99999999982 2.46296018248705e-05 9.46720423224155e-11
359.999999999818 2.44312400433557e-05 9.22835216698099e-11
362.999999999815 2.46702723414158e-05 9.159338133786e-11
365.999999999812 2.49233458949602e-05 9.09605787864893e-11
368.999999999809 2.55670145665206e-05 9.17340762302093e-11
371.999999999807 2.63737391659238e-05 9.30439789818702e-11
374.999999999804 2.75043467816102e-05 9.54236530124077e-11
377.999999999801 2.83661933439729e-05 9.68026214045728e-11
380.999999999798 2.89297974976785e-05 9.71290272259302e-11
383.999999999796 2.86876181615745e-05 9.47663600023891e-11
386.999999999793 2.82008278317785e-05 9.16639803380585e-11
389.99999999979 2.79155746224844e-05 8.92828203111557e-11
392.999999999788 2.71338734831216e-05 8.54062281722197e-11
395.999999999785 2.62614760432359e-05 8.13681849219705e-11
398.999999999782 2.53600493640769e-05 7.73686903449146e-11
401.999999999779 2.45015424639791e-05 7.3616439557514e-11
404.999999999777 2.40692290524072e-05 7.12247831554292e-11
407.999999999774 2.41874057666964e-05 7.04904370979095e-11
410.999999999771 2.43617227565338e-05 6.99171480695678e-11
413.999999999768 2.48711345025985e-05 7.03010852304052e-11
416.999999999766 2.52293828128242e-05 7.02547350701656e-11
419.999999999763 2.56190252827834e-05 7.03026083705682e-11
422.99999999976 2.60805742385749e-05 7.05445924867416e-11
425.999999999758 2.70112292443719e-05 7.20236279916905e-11
428.999999999755 2.77296333612805e-05 7.28874989428184e-11
431.999999999752 2.79469861178726e-05 7.24047498245666e-11
434.999999999749 2.82746071188748e-05 7.22034746087464e-11
437.999999999747 2.81874818003866e-05 7.09565850612392e-11
440.999999999744 2.80693495231749e-05 6.96720263435234e-11
443.999999999741 2.77328568980036e-05 6.78938120327886e-11
446.999999999738 2.70220303039165e-05 6.52622264117171e-11
449.999999999736 2.62842705565941e-05 6.26307567850852e-11
452.999999999733 2.55453833805182e-05 6.00537165980142e-11
455.99999999973 2.49320652650119e-05 5.78233005495569e-11
458.999999999728 2.4107425063535e-05 5.51559018945838e-11
461.999999999725 2.43470421078681e-05 5.49535161829211e-11
464.999999999722 2.42215462940082e-05 5.39438564576722e-11
467.999999999719 2.44282913173865e-05 5.36958148197783e-11
470.999999999717 2.46637401061284e-05 5.35213953857497e-11
473.999999999714 2.50575707854952e-05 5.3690645140813e-11
476.999999999711 2.5614621382225e-05 5.41920219749152e-11
479.999999999708 2.6219524714511e-05 5.47684047731928e-11
482.999999999706 2.67389878313869e-05 5.51409403079288e-11
485.999999999703 2.69266840201203e-05 5.48209158790157e-11
488.9999999997 2.72107242044273e-05 5.46992596983873e-11
491.999999999698 2.72068631384615e-05 5.40132824353914e-11
494.999999999695 2.72107992368619e-05 5.33628257893911e-11
497.999999999692 2.71473106096524e-05 5.25979526174601e-11
500.999999999689 2.68781947744413e-05 5.14529852497106e-11
503.999999999687 2.70113086244282e-05 5.10908999880671e-11
506.999999999684 2.68249321374232e-05 5.01312648110757e-11
509.999999999681 2.62952273722412e-05 4.85501098299665e-11
512.999999999678 2.56417489409654e-05 4.67766737718888e-11
515.999999999676 2.49677057940286e-05 4.50064995747815e-11
518.999999999673 2.39654979229923e-05 4.2693408392381e-11
521.99999999967 2.34102050969095e-05 4.12233156388209e-11
524.999999999668 2.31565400981698e-05 4.03121371048595e-11
527.999999999665 2.31507428980766e-05 3.98457060023113e-11
530.999999999662 2.35902722292683e-05 4.01425992066609e-11
533.999999999659 2.43706465506796e-05 4.10000869472806e-11
536.999999999657 2.53084719299209e-05 4.20951773468168e-11
539.999999999654 2.63656005365348e-05 4.33574881663522e-11
542.999999999651 2.681104331189e-05 4.3595517744637e-11
545.999999999648 2.71830468818924e-05 4.37105723327548e-11
548.999999999646 2.74388648405829e-05 4.3638092426382e-11
551.999999999643 2.75107666281342e-05 4.32778052802552e-11
554.99999999964 2.72639995089433e-05 4.24271975641968e-11
557.999999999638 2.70282737918353e-05 4.16086441926359e-11
560.999999999635 2.68822020370299e-05 4.09401398472501e-11
563.999999999632 2.67819055486459e-05 4.03495852522776e-11
566.999999999629 2.6292706424035e-05 3.91883217828949e-11
569.999999999627 2.58091445759245e-05 3.80579868463703e-11
572.999999999624 2.49895421409909e-05 3.64612528945967e-11
575.999999999621 2.42514447377226e-05 3.5014665627257e-11
578.999999999618 2.38071955553457e-05 3.40175452341704e-11
581.999999999616 2.30963819879636e-05 3.26625756654205e-11
584.999999999613 2.29696942166136e-05 3.21516545675247e-11
587.99999999961 2.3136445048842e-05 3.20551507481708e-11
590.999999999608 2.34695288890988e-05 3.21861779273728e-11
593.999999999605 2.39698602833516e-05 3.25386617986364e-11
596.999999999602 2.43736080072795e-05 3.2751974775874e-11
599.999999999599 2.4731549658084e-05 3.28978397142082e-11
602.999999999597 2.46979882540553e-05 3.25245981158528e-11
605.999999999594 2.48966055703483e-05 3.24616399445401e-11
608.999999999591 2.5390824007977e-05 3.27812012109449e-11
611.999999999588 2.58309296573366e-05 3.30254590188861e-11
614.999999999586 2.68147317310262e-05 3.39508173132497e-11
617.999999999583 2.71044592645111e-05 3.39863707612098e-11
620.99999999958 2.73201515544656e-05 3.39269495724312e-11
623.999999999578 2.71137412685322e-05 3.33463779481797e-11
626.999999999575 2.67417171754717e-05 3.25712124126013e-11
629.999999999572 2.64595900693492e-05 3.19188474993216e-11
632.999999999569 2.59374525079758e-05 3.09915733195071e-11
635.999999999567 2.56420533221282e-05 3.03500524374433e-11
638.999999999564 2.49355745550821e-05 2.92384188155082e-11
641.999999999561 2.42054424562661e-05 2.81195956376483e-11
644.999999999558 2.34451794643732e-05 2.69861914172634e-11
647.999999999556 2.31375377726963e-05 2.63880175251253e-11
650.999999999553 2.2861595527997e-05 2.58350679000399e-11
653.99999999955 2.30278203956031e-05 2.57845469448565e-11
656.999999999548 2.32647519912083e-05 2.58111914640256e-11
659.999999999545 2.33065609640076e-05 2.56210816390912e-11
662.999999999542 2.33604266701669e-05 2.54465640070973e-11
665.999999999539 2.34718704598724e-05 2.53377420494897e-11
668.999999999537 2.36768155725708e-05 2.53310597418934e-11
671.999999999534 2.40487598307339e-05 2.55011187643777e-11
674.999999999531 2.45601650919443e-05 2.58147415464981e-11
677.999999999528 2.49403863561809e-05 2.59862889259683e-11
680.999999999526 2.5460842945036e-05 2.62983543635615e-11
683.999999999523 2.60207379715868e-05 2.66431798521792e-11
686.99999999952 2.63605256210327e-05 2.67563603742279e-11
689.999999999518 2.65382350264856e-05 2.67026478887906e-11
692.999999999515 2.65486069117797e-05 2.64809508953701e-11
695.999999999512 2.64999210340575e-05 2.62034667021361e-11
698.999999999509 2.62300552362985e-05 2.57138027077071e-11
701.999999999507 2.59765343300427e-05 2.52484422795796e-11
704.999999999504 2.5548386995657e-05 2.46232449223282e-11
707.999999999501 2.51378823787846e-05 2.40253771101904e-11
710.999999999498 2.45312931850143e-05 2.3251557680799e-11
713.999999999496 2.37193973675793e-05 2.22962851206648e-11
716.999999999493 2.28902812613406e-05 2.13394044899778e-11
719.99999999949 2.22262411964802e-05 2.05495392773788e-11
722.999999999487 2.18751834819052e-05 2.00579444822523e-11
725.999999999485 2.16139527076127e-05 1.96551164640081e-11
728.999999999482 2.17667172238986e-05 1.96309873312439e-11
731.999999999479 2.22778878111101e-05 1.99271534133861e-11
734.999999999477 2.27817559051676e-05 2.0211490584731e-11
737.999999999474 2.32988187354145e-05 2.05029402818087e-11
740.999999999471 2.36854216120544e-05 2.06762494923922e-11
743.999999999468 2.42147861665556e-05 2.09706779782266e-11
746.999999999466 2.43047876429265e-05 2.08828818495824e-11
749.999999999463 2.4802758880591e-05 2.11437186766543e-11
752.99999999946 2.51053432789898e-05 2.12346041622323e-11
755.999999999457 2.54292082232258e-05 2.13408230530239e-11
758.999999999455 2.55982429427184e-05 2.13147122717123e-11
761.999999999452 2.57007170507782e-05 2.1232338423833e-11
764.999999999449 2.5713355393817e-05 2.10764554397586e-11
767.999999999447 2.55259932810135e-05 2.0759028500876e-11
770.999999999444 2.51322481771186e-05 2.02796973062479e-11
773.999999999441 2.48864180137113e-05 1.9926138946141e-11
776.999999999438 2.45830510102786e-05 1.95327464453361e-11
779.999999999436 2.45961580946404e-05 1.93951114007378e-11
782.999999999433 2.42839557884375e-05 1.90049453813462e-11
785.99999999943 2.37949453890727e-05 1.84835918083721e-11
788.999999999427 2.33189463527794e-05 1.79797402077702e-11
791.999999999425 2.32747968383086e-05 1.78131229654647e-11
794.999999999422 2.27875628802651e-05 1.731136218932e-11
797.999999999419 2.25234089082992e-05 1.69836855403074e-11
800.999999999417 2.19577409400675e-05 1.64339642704954e-11
803.999999999414 2.17658170322908e-05 1.6168724352732e-11
806.999999999411 2.16500450296181e-05 1.5962549640275e-11
809.999999999408 2.17083114172022e-05 1.58866757438522e-11
812.999999999406 2.21277025795846e-05 1.60746695280776e-11
815.999999999403 2.24157108962353e-05 1.61657790101805e-11
818.9999999994 2.29366949845709e-05 1.64225349378166e-11
821.999999999397 2.32257788028783e-05 1.65110691958158e-11
824.999999999395 2.3645490856685e-05 1.66906916668201e-11
827.999999999392 2.38453480089263e-05 1.67135865495953e-11
830.999999999389 2.44327905304076e-05 1.700534387006e-11
833.999999999387 2.48193144054951e-05 1.71530505309821e-11
836.999999999384 2.51580942833546e-05 1.72643268292038e-11
839.999999999381 2.53993732492263e-05 1.73061858376043e-11
842.999999999378 2.54007929637293e-05 1.71838809572362e-11
845.999999999376 2.51517050953438e-05 1.68944269861336e-11
848.999999999373 2.49271164672663e-05 1.66252054834753e-11
851.99999999937 2.47148276762282e-05 1.63683390945352e-11
854.999999999367 2.44826402211402e-05 1.61024739483184e-11
857.999999999365 2.40397964267918e-05 1.57030339874485e-11
860.999999999362 2.39550619470885e-05 1.55414509164636e-11
863.999999999359 2.36146107959766e-05 1.52173698147064e-11
866.999999999357 2.34380194156536e-05 1.50022215596079e-11
869.999999999354 2.29564759081604e-05 1.45955535941025e-11
872.999999999351 2.25040723540261e-05 1.4211962573404e-11
875.999999999348 2.19686338051243e-05 1.37805389259053e-11
878.999999999346 2.14202838618018e-05 1.33460721739439e-11
881.999999999343 2.12936566137128e-05 1.31777535127513e-11
884.99999999934 2.10519681452644e-05 1.29404823854045e-11
887.999999999337 2.12329606174488e-05 1.29641192259781e-11
890.999999999335 2.15157184346358e-05 1.30488942055846e-11
893.999999999332 2.16943169781645e-05 1.30697061757056e-11
896.999999999329 2.22445330698719e-05 1.33129343278176e-11
