0    0
0.1    7.75374355410641e-06
0.2    1.41931658855787e-05
0.3    1.85035126353261e-05
0.4    2.04563522677725e-05
0.5    2.02988903986734e-05
0.6    1.85588641616885e-05
0.7    1.58514208115079e-05
0.8    1.27396638025523e-05
0.900000000000001    9.6625763906788e-06
1    6.91882967440716e-06
1.1    4.68538538256347e-06
1.2    3.05104512410281e-06
1.3    2.05100677774794e-06
1.4    1.69463458077335e-06
1.5    1.98304349352529e-06
1.6    2.9154212630722e-06
1.7    4.48391044660656e-06
1.8    6.65718576942087e-06
1.9    9.35365285315015e-06
2    1.24073348611864e-05
2.1    1.55336736037404e-05
2.2    1.83085006619788e-05
2.29999999999999    2.01795211665079e-05
2.39999999999999    2.05316713052239e-05
2.49999999999999    1.88195437581529e-05
2.59999999999999    1.47565766592805e-05
2.69999999999999    8.51356630271471e-06
2.79999999999998    8.42840994219607e-07
2.89999999999998    6.96421135870651e-06
2.99999999999998    1.3334869982895e-05
3.09999999999998    1.68423321742495e-05
3.19999999999998    1.66549630664647e-05
3.29999999999997    1.28179510332505e-05
3.39999999999997    6.23767852414581e-06
3.49999999999997    1.62382350932244e-06
3.59999999999997    9.20439386276062e-06
3.69999999999997    1.52575131646682e-05
3.79999999999996    1.90891959124251e-05
3.89999999999996    2.05808434107224e-05
3.99999999999996    2.00535139244229e-05
4.09999999999996    1.80670984314402e-05
4.19999999999995    1.52352567834857e-05
4.29999999999995    1.20996097147108e-05
4.39999999999995    9.07047393472471e-06
4.49999999999995    6.41952852786787e-06
4.59999999999995    4.30290288977453e-06
4.69999999999994    2.79584443740877e-06
4.79999999999994    1.92635276219377e-06
4.89999999999994    1.7010497036507e-06
4.99999999999994    2.12051774950428e-06
5.09999999999994    3.18329882853519e-06
5.19999999999993    4.87845359498085e-06
5.29999999999993    7.16691040747452e-06
5.39999999999993    9.95282572957557e-06
5.49999999999993    1.304869405927e-05
5.59999999999993    1.61425378504276e-05
5.69999999999992    1.87817605152851e-05
5.79999999999992    2.03939271834486e-05
5.89999999999992    2.03652082976236e-05
5.99999999999992    1.81862354488027e-05
6.09999999999991    1.36483610798654e-05
6.19999999999991    7.0347138824145e-06
6.29999999999991    7.82584312908341e-07
6.39999999999991    8.42718730353909e-06
6.49999999999991    1.43180301992452e-05
6.5999999999999    1.711566342677e-05
6.6999999999999    1.61523946733411e-05
6.7999999999999    1.16602736295324e-05
6.8999999999999    4.69094057065078e-06
6.9999999999999    3.23490847220498e-06
7.09999999999989    1.058999471093e-05
7.19999999999989    1.62280832167738e-05
7.29999999999989    1.9576693493728e-05
7.39999999999989    2.06211174086368e-05
7.49999999999988    1.97476886614201e-05
7.59999999999988    1.75406618955209e-05
7.69999999999988    1.46069938468107e-05
7.79999999999988    1.14644279314291e-05
7.89999999999988    8.49438737138275e-06
7.99999999999987    5.94257526220776e-06
8.09999999999987    3.94576452278361e-06
8.19999999999987    2.56705877155206e-06
8.29999999999987    1.82833596606979e-06
8.39999999999987    1.73411317383465e-06
8.49999999999986    2.2846048870484e-06
8.59999999999986    3.47739907258227e-06
8.69999999999986    5.29770083612657e-06
8.79999999999986    7.69749684947918e-06
8.89999999999985    1.05652255694144e-05
8.99999999999985    1.36904499463686e-05
9.09999999999985    1.67330356752871e-05
9.19999999999985    1.92127431437594e-05
9.29999999999985    2.05401998542021e-05
9.39999999999984    2.01088890108281e-05
9.49999999999984    1.74537763401039e-05
9.59999999999984    1.24523320302883e-05
9.69999999999984    5.50435189972109e-06
9.79999999999984    2.40161978215525e-06
9.89999999999983    9.81688259682478e-06
9.99999999999983    1.5171044971618e-05
10.0999999999998    1.72304511183441e-05
10.1999999999998    1.55011555427187e-05
10.2999999999998    1.03986206898554e-05
10.3999999999998    3.10468884801018e-06
10.4999999999998    4.82105413679434e-06
10.5999999999998    1.1902645410955e-05
10.6999999999998    1.71021312194153e-05
10.7999999999998    1.99676231456003e-05
10.8999999999998    2.05814937243032e-05
10.9999999999998    1.93867044159246e-05
11.0999999999998    1.69845192058427e-05
11.1999999999998    1.39705687373093e-05
11.2999999999998    1.0836835678929e-05
11.3999999999998    7.93594713166534e-06
11.4999999999998    5.48880047201994e-06
11.5999999999998    3.61430249884442e-06
11.6999999999998    2.36477375281652e-06
11.7999999999998    1.75696406368164e-06
11.8999999999998    1.79382394482897e-06
11.9999999999998    2.47527232155598e-06
12.0999999999998    3.7975376789845e-06
12.1999999999998    5.74110388185112e-06
12.2999999999998    8.24774915830773e-06
12.3999999999998    1.1188704254872e-05
12.4999999999998    1.43292713435939e-05
12.5999999999998    1.73006589379021e-05
12.6999999999998    1.95961939716272e-05
12.7999999999998    2.06133420909138e-05
12.8999999999998    1.97595286999253e-05
12.9999999999998    1.66225753559512e-05
13.0999999999998    1.11738245289761e-05
13.1999999999998    3.93277991717067e-06
13.2999999999998    4.00083708074206e-06
13.3999999999998    1.11202629780038e-05
13.4999999999998    1.58853453515739e-05
13.5999999999998    1.71855120327802e-05
13.6999999999998    1.47078644794352e-05
13.7999999999998    9.04512448274275e-06
13.8999999999997    1.49265512017216e-06
13.9999999999997    6.37076934806302e-06
14.0999999999997    1.31354868248001e-05
14.1999999999997    1.78779040321819e-05
14.2999999999997    2.02642988926804e-05
14.3999999999997    2.04666200808168e-05
14.4999999999997    1.89758718515121e-05
14.5999999999997    1.64034644480893e-05
14.6999999999997    1.33296724538212e-05
14.7999999999997    1.02193098341363e-05
14.8999999999997    7.3965980202928e-06
14.9999999999997    5.05890926350006e-06
15.0999999999997    3.30878196719286e-06
15.1999999999997    2.18905014437443e-06
15.2999999999997    1.71223933131959e-06
15.3999999999997    1.88018171398685e-06
15.4999999999997    2.69247010986629e-06
15.5999999999997    4.1434768608406e-06
15.6999999999997    6.20800885053896e-06
15.7999999999997    8.81630305649139e-06
15.8999999999997    1.18208847429413e-05
15.9999999999997    1.49615759310606e-05
16.0999999999997    1.78406963119437e-05
16.1999999999997    1.99268104196237e-05
16.2999999999997    2.06085846170545e-05
16.3999999999998    1.93145317841648e-05
16.4999999999998    1.56939654389898e-05
16.5999999999998    9.81923568588172e-06
16.6999999999998    2.33114651360111e-06
16.7999999999998    5.56656094463648e-06
16.8999999999998    1.23248838002077e-05
16.9999999999999    1.64536947686589e-05
17.0999999999999    1.69813097041782e-05
17.1999999999999    1.37805216788855e-05
17.2999999999999    7.61258218773264e-06
17.3999999999999    1.31604287245679e-07
17.4999999999999    7.87337227170504e-06
17.6    1.42827185186656e-05
17.7    1.85545948482302e-05
17.8    2.04696570454965e-05
17.9    2.02814028378295e-05
18    1.85204708963438e-05
18.1    1.58020966617434e-05
18.2    1.26877459152297e-05
18.3000000000001    9.61409830468885e-06
18.4000000000001    6.87760742312804e-06
18.5000000000001    4.65349421330252e-06
18.6000000000001    3.0294095586525e-06
18.7000000000001    2.03992694025601e-06
18.8000000000001    1.69416303152925e-06
18.9000000000002    1.99318010951632e-06
19.0000000000002    2.93612431290224e-06
19.1000000000002    4.51491458031139e-06
19.2000000000002    6.69764078331525e-06
19.3000000000002    9.40161054052702e-06
19.4000000000002    1.24591565775489e-05
19.5000000000002    1.55835347558364e-05
19.6000000000003    1.83482550809577e-05
19.7000000000003    2.01992872602696e-05
19.8000000000003    2.05214548315569e-05
19.9000000000003    1.87719664573871e-05
20.0000000000003    1.46702530274823e-05
20.1000000000003    8.39601380642208e-06
20.2000000000004    7.11355301219463e-07
20.3000000000004    7.08503165736118e-06
20.4000000000004    1.34190618252816e-05
20.5000000000004    1.68702956202527e-05
20.6000000000004    1.66199470486017e-05
20.7000000000004    1.27283913835541e-05
20.8000000000005    6.11428363583855e-06
20.9000000000005    1.75486547238091e-06
21.0000000000005    9.31907556767086e-06
21.1000000000005    1.5339601845521e-05
21.2000000000005    1.91322887589385e-05
21.3000000000005    2.05871800179613e-05
21.4000000000005    2.00309383053821e-05
21.5000000000006    1.80257108921555e-05
21.6000000000006    1.51848011586964e-05
21.7000000000006    1.20479791032579e-05
21.8000000000006    9.02322676599177e-06
21.9000000000006    6.38008096331966e-06
22.0000000000006    4.27304867034461e-06
22.1000000000007    2.77634293921469e-06
22.2000000000007    1.91742825839114e-06
22.3000000000007    1.70273472777094e-06
22.4000000000007    2.13280921790293e-06
22.5000000000007    3.20613025550642e-06
22.6000000000007    4.91147523840052e-06
22.7000000000007    7.20909494011934e-06
22.8000000000008    1.00019284533515e-05
22.9000000000008    1.31006659753741e-05
23.0000000000008    1.61910747163985e-05
23.1000000000008    1.88182865041853e-05
23.2000000000008    2.04083687672663e-05
23.3000000000008    2.03478502109888e-05
23.4000000000009    1.8130638732905e-05
23.5000000000009    1.35547566835204e-05
23.6000000000009    6.91263054319879e-06
23.7000000000009    9.1404367186243e-07
23.8000000000009    8.54257201043929e-06
23.9000000000009    1.43920366195704e-05
24.000000000001    1.71308774359336e-05
24.100000000001    1.61051339715446e-05
24.200000000001    1.15618657454686e-05
24.300000000001    4.563835221294e-06
24.400000000001    3.36437680381607e-06
24.500000000001    1.06990519882499e-05
24.600000000001    1.63024481983909e-05
24.7000000000011    1.96119002249251e-05
24.8000000000011    2.0620821684747e-05
24.9000000000011    1.97204511203086e-05
25.0000000000011    1.74966873619509e-05
25.1000000000011    1.45557345013758e-05
25.2000000000011    1.14133140411976e-05
25.3000000000012    8.44851048353856e-06
25.4000000000012    5.90497465624562e-06
25.5000000000012    3.91797707621766e-06
25.6000000000012    2.54969906743341e-06
25.7000000000012    1.82156823058666e-06
25.8000000000012    1.73795507463215e-06
25.9000000000012    2.29904922366408e-06
26.0000000000013    3.50234557056073e-06
26.1000000000013    5.33269917868395e-06
26.2000000000013    7.74131963876545e-06
26.3000000000013    1.06153082027882e-05
26.4000000000013    1.37423114670021e-05
26.5000000000013    1.67798914619821e-05
26.6000000000014    1.92456182954714e-05
26.7000000000014    2.05489055613572e-05
26.8000000000014    2.00841113109362e-05
26.9000000000014    1.73901601809856e-05
27.0000000000014    1.23518390403587e-05
27.1000000000014    5.37853831239499e-06
27.2000000000015    2.53197903954394e-06
27.3000000000015    9.9257590049362e-06
27.4000000000015    1.52341257833033e-05
27.5000000000015    1.72327589291754e-05
27.6000000000015    1.54421318627751e-05
27.7000000000015    1.02923179403636e-05
27.8000000000015    2.97498721169021e-06
27.9000000000016    4.94799094363785e-06
28.0000000000016    1.20054839698458e-05
28.1000000000016    1.71685939527322e-05
28.2000000000016    1.99951060781967e-05
28.3000000000016    2.05749302202296e-05
28.4000000000016    1.93552348708437e-05
28.5000000000017    1.69383524309952e-05
28.6000000000017    1.39188135740431e-05
28.7000000000017    1.07864472548291e-05
28.8000000000017    7.89156437375205e-06
28.9000000000017    5.45310833732771e-06
29.0000000000017    3.588605797189e-06
29.1000000000017    2.34956216504933e-06
29.2000000000018    1.75235290178488e-06
29.3000000000018    1.79982283998736e-06
29.4000000000018    2.49186613110464e-06
29.5000000000018    3.82458197267788e-06
29.6000000000018    5.7780307486377e-06
29.7000000000018    8.29310661587535e-06
29.8000000000019    1.12395824053424e-05
29.9000000000019    1.43807416299602e-05
