0 0 0
1 3.03701411374049e-26 9.79150525531121e-27
2 4.26605983031979e-26 1.37539426624058e-26
2.99999999999998 3.292391767026e-26 1.0615072243524e-26
3.99999999999996 3.5638617545937e-26 1.14899409245252e-26
4.99999999999994 5.02353460129826e-26 1.6196237365885e-26
5.99999999999992 5.28292506559958e-26 1.70322572645239e-26
6.9999999999999 4.30155384040387e-26 1.38685039383771e-26
7.99999999999987 5.44285801606669e-26 1.75480991858917e-26
8.99999999999985 6.79272952459246e-26 2.18999958368219e-26
9.99999999999983 5.78659608483237e-26 1.86567251460075e-26
10.9999999999998 6.01585156329171e-26 1.93952038335446e-26
11.9999999999998 7.56844992542789e-26 2.44012190074916e-26
12.9999999999998 7.97178943153699e-26 2.57012505542641e-26
13.9999999999997 6.94642123821802e-26 2.2395667188037e-26
14.9999999999997 8.19020646858286e-26 2.64057379492284e-26
15.9999999999997 9.79635119932047e-26 3.15837362570192e-26
16.9999999999999 8.92363770827201e-26 2.87709850704766e-26
18 9.19023665183738e-26 2.96294989448615e-26
19.0000000000002 1.09275792783133e-25 3.52312738981377e-26
20.0000000000003 1.26168977054576e-25 4.0677276415861e-26
21.0000000000005 1.10171995324797e-25 3.55199890921769e-26
22.0000000000006 1.26591357036044e-25 4.08138774070353e-26
23.0000000000008 1.64795282702514e-25 5.31304384655456e-26
24.000000000001 1.59902140849952e-25 5.15545943581132e-26
25.0000000000011 1.65048442160915e-25 5.32119882743637e-26
26.0000000000013 1.8983290374799e-25 6.12034108337904e-26
27.0000000000014 3.56289524883394e-25 1.14869133657908e-25
28.0000000000016 2.68787313993657e-25 8.66581093024392e-26
29.0000000000017 3.1248970991695e-25 1.00748785221125e-25
