0.75 1.224303240548337e-13 3.923894637893544e-12 18
1.5 5.285653360455516e-13 3.2420278284213e-11 62
2.25 1.24250891749104e-12 6.629508228698983e-11 98
3 3.146837304168296e-12 2.761162667042556e-10 210
3.75 7.734500664406647e-12 6.448596645047596e-10 350
4.5 1.111440260709654e-11 1.181169128146294e-09 450
5.25 1.680594272555962e-11 1.922636110821694e-09 602
6 2.290637855344711e-11 2.71588018541727e-09 762
6.75 3.830143527641952e-11 4.723750439532395e-09 1142
7.5 4.566506381109275e-11 6.407044218301292e-09 1250
8.25 5.548772669236935e-11 8.406953030389354e-09 1458
9 7.050875945566964e-11 1.259807693168584e-08 1814
9.75 8.922055977563295e-11 1.5069780358985e-08 2178
10.5 1.064110956085242e-10 1.996476994107719e-08 2498
11.25 1.148376362312468e-10 2.428589003937004e-08 2622
12 1.484831342052273e-10 3.279882232635185e-08 3338
12.75 1.738106734829583e-10 3.926678533427374e-08 3722
13.5 1.952482154512252e-10 5.045206165826715e-08 4170
14.25 2.096101712369614e-10 5.601355612454606e-08 4358
15 2.471392942513023e-10 7.578457851412956e-08 5034
15.75 2.768165066683315e-10 8.97496881749883e-08 5714
16.5 2.956795940619415e-10 1.044007793820846e-07 5982
17.25 3.2874239821709e-10 1.266843370701216e-07 6602
18 3.532508128294882e-10 1.453924278778836e-07 7130
18.75 4.02361858904915e-10 1.741912755584882e-07 8034
19.5 4.296325041545425e-10 1.99449752839841e-07 8606
20.25 4.698523982894586e-10 2.277167522614798e-07 9066
21 5.120916418982911e-10 2.753988957861508e-07 9962
21.75 5.524375608994995e-10 3.069347325923964e-07 10550
22.5 5.870074973057433e-10 3.39824447758713e-07 11226
23.25 6.416485677709052e-10 3.905179964528711e-07 12146
24 6.497413761893174e-10 4.219574677173546e-07 12303
24.75 6.735204104382867e-10 4.613223592603352e-07 12584
25.5 6.260612302451696e-10 4.62126109931909e-07 12120
26.25 5.893282570572545e-10 4.466322310875128e-07 11180
27 5.993679540366527e-10 4.753581772651554e-07 11096
27.75 5.427239811048775e-10 4.428296822250811e-07 10056
28.5 5.17925246824447e-10 4.453969922920295e-07 9716
29.25 4.63908918315416e-10 4.098156727936205e-07 8604
30 4.39135676457916e-10 4.143008683179319e-07 8060
30.75 3.942099220344153e-10 3.91419105077846e-07 7320
31.5 3.501962716605125e-10 3.565699825650567e-07 6356
32.25 2.882055596133052e-10 3.194396902242298e-07 5348
33 2.38530170304951e-10 2.552082156513983e-07 4308
33.75 1.939446978293276e-10 2.217013399841939e-07 3563
34.5 1.29459911477382e-10 1.511446196245586e-07 2448
35.25 1.054084435211366e-10 1.309152352700279e-07 1868
36 7.152626943267525e-11 9.571386680039099e-08 1358
36.75 5.501247142480073e-11 7.216526837979325e-08 1062
37.5 3.996786193742971e-11 6.017870760147881e-08 776
38.25 2.562368027011279e-11 3.104341340751518e-08 432
39 9.477775663538764e-12 1.317928617667071e-08 200
39.75 1.033044719614851e-11 1.028493987301426e-08 168
40.5 2.345279270614725e-12 3.055742045293909e-09 56
41.25 3.273067853733456e-13 1.817916833652344e-10 7


0.75 4.230635908689674e-13 1.225630995789345e-12 18
1.5 7.149083864301069e-12 8.065672710077783e-12 62
2.25 2.336290237046995e-12 1.401867835370035e-10 98
3 6.881763478202385e-12 2.14897489109079e-10 210
3.75 1.316280096825413e-11 4.346398288922082e-10 350
4.5 1.864261256054912e-11 7.269567626557445e-10 450
5.25 3.004420204316861e-11 1.067237209410474e-09 602
6 3.463954465819314e-11 1.812427120416145e-09 762
6.75 5.581990815165161e-11 3.255814260528746e-09 1142
7.5 6.535454118161712e-11 4.476183234405532e-09 1250
8.25 7.64616370705691e-11 6.097378099312642e-09 1458
9 1.013780769030699e-10 8.789833023540157e-09 1814
9.75 1.181663319038334e-10 1.138850215449887e-08 2178
10.5 1.371950925009568e-10 1.5493237101725e-08 2498
11.25 1.509315618042523e-10 1.846937341467216e-08 2622
12 1.885854484956086e-10 2.582850437315774e-08 3338
12.75 2.120016801658582e-10 3.222166611503635e-08 3722
13.5 2.432585230705935e-10 4.047029088357024e-08 4170
14.25 2.508628014672489e-10 4.688522439012581e-08 4358
15 3.091451992959905e-10 6.08370382428406e-08 5034
15.75 3.464124659280534e-10 7.190780935558321e-08 5714
16.5 3.672742815004455e-10 8.469788269545917e-08 5982
17.25 4.194849768798037e-10 1.006049682656864e-07 6602
18 4.554355286307817e-10 1.144429754885445e-07 7130
18.75 5.058941410235446e-10 1.405627669039285e-07 8034
19.5 5.664403108729838e-10 1.543554961188913e-07 8606
20.25 6.018117331947649e-10 1.813340144962799e-07 9066
21 6.996014602419757e-10 2.076324400939547e-07 9962
21.75 7.286854488006422e-10 2.409038853496972e-07 10550
22.5 7.898250510359992e-10 2.627924653458107e-07 11226
23.25 8.97831203534153e-10 2.909418971483846e-07 12146
24 8.886429642518404e-10 3.241047986182219e-07 12303
24.75 9.205710017866342e-10 3.534737851425195e-07 12584
25.5 8.872966054826329e-10 3.421660800800773e-07 12120
26.25 8.098265097201067e-10 3.411396203562993e-07 11180
27 8.377000684250829e-10 3.567757173695527e-07 11096
27.75 7.375109393454456e-10 3.412130703676272e-07 10056
28.5 7.12283811292488e-10 3.410555577926598e-07 9716
29.25 6.336477351024145e-10 3.15464548740966e-07 8604
30 6.186287932761729e-10 3.122986833318085e-07 8060
30.75 5.454500750387599e-10 3.011455743213501e-07 7320
31.5 4.977114457567874e-10 2.682742919315019e-07 6356
32.25 4.316572458388196e-10 2.304891306419555e-07 5348
33 3.410405326841638e-10 1.905976482311985e-07 4308
33.75 2.678076858272523e-10 1.720578306327303e-07 3563
34.5 1.838858568685721e-10 1.135644802805736e-07 2448
35.25 1.515504764931685e-10 9.822624531294118e-08 1868
36 1.063663064789332e-10 7.06282746023136e-08 1358
36.75 7.786804755712819e-11 5.523031094297989e-08 1062
37.5 6.406002764468035e-11 4.226241152883116e-08 776
38.25 3.493003429142926e-11 2.405064919374362e-08 432
39 1.464858751631452e-11 9.299843742443624e-09 200
39.75 1.420548749670714e-11 7.468861315076946e-09 168
40.5 2.335168735584857e-12 2.996363642532492e-09 56
41.25 4.284548403680506e-13 1.140240809127527e-10 7


0.75 5.332243633477576e-14 9.091541260692069e-12 18
1.5 4.209351296365042e-12 7.257935640454466e-11 62
2.25 5.384236071912149e-12 2.660212425750277e-09 98
3 3.170609900410845e-12 1.076458791985787e-09 210
3.75 4.921202403243119e-12 1.029615588944645e-09 350
4.5 9.231621003524341e-12 1.484513922041215e-09 450
5.25 1.200309137754369e-11 2.691562805780246e-09 602
6 1.781859905677759e-11 3.497937452261505e-09 762
6.75 3.005819376980585e-11 6.024805598295739e-09 1142
7.5 3.784206062816809e-11 7.711084144207342e-09 1250
8.25 4.706330537643177e-11 9.883488200186643e-09 1458
9 5.923568037026387e-11 1.500995194200619e-08 1814
9.75 7.218213980525994e-11 1.864352387232777e-08 2178
10.5 8.969697666793275e-11 2.366493119567227e-08 2498
11.25 9.885976605509013e-11 2.818627927245901e-08 2622
12 1.29684325141443e-10 3.754739820747943e-08 3338
12.75 1.469713212633016e-10 4.645232498699832e-08 3722
13.5 1.768659927332073e-10 5.571440940924228e-08 4170
14.25 1.840950710189863e-10 6.381083531410335e-08 4358
15 2.340653699142635e-10 8.024127473164649e-08 5034
15.75 2.561611755526171e-10 9.724141656991773e-08 5714
16.5 2.826679711638706e-10 1.098553352298264e-07 5982
17.25 3.356272549166555e-10 1.254044177464999e-07 6602
18 3.677877458497284e-10 1.413329503035536e-07 7130
18.75 4.103455202412223e-10 1.733613632860368e-07 8034
19.5 4.44774649592063e-10 1.959807255182059e-07 8606
20.25 4.899503731328626e-10 2.234055579746213e-07 9066
21 5.669442640943982e-10 2.56013928702849e-07 9962
21.75 6.029887253068934e-10 2.897441832537722e-07 10550
22.5 6.406425109421015e-10 3.216999403771418e-07 11226
23.25 7.370826139950126e-10 3.535856505099277e-07 12146
24 7.453392080855478e-10 3.853221741887154e-07 12303
24.75 7.913590483692358e-10 4.10516463965268e-07 12584
25.5 7.364035666143252e-10 4.125505218316977e-07 12120
26.25 6.783249367660331e-10 4.064035905089822e-07 11180
27 7.152577215395095e-10 4.18557471442069e-07 11096
27.75 6.435649565845242e-10 3.905647336756948e-07 10056
28.5 6.159651099422063e-10 3.938812181031641e-07 9716
29.25 5.586949111977838e-10 3.575775746540761e-07 8604
30 5.419590316566063e-10 3.564895215789133e-07 8060
30.75 4.995540123670927e-10 3.293527061443322e-07 7320
31.5 4.224769371094003e-10 3.15233850837243e-07 6356
32.25 3.775852787395646e-10 2.637043038629453e-07 5348
33 2.933811214178121e-10 2.213872652065285e-07 4308
33.75 2.447639255370817e-10 1.878833106145175e-07 3563
34.5 1.614518478458202e-10 1.292858747108532e-07 2448
35.25 1.390799401872068e-10 1.071065574752145e-07 1868
36 9.634807163991541e-11 7.792133016667486e-08 1358
36.75 6.797119929312677e-11 6.306174835096169e-08 1062
37.5 5.752290643198911e-11 4.703617949536258e-08 776
38.25 2.770976297807795e-11 2.978475864519319e-08 432
39 1.383066855087893e-11 9.804036614065495e-09 200
39.75 1.24219469168127e-11 8.624343822171013e-09 168
40.5 4.044467332942901e-12 1.669811457856808e-09 56
41.25 2.777953438887483e-13 2.20061376189186e-10 7


0.75 3.045993833339071e-13 2.157632174977229e-12 18
1.5 8.359900639718542e-12 3.16744791985237e-10 62
2.25 3.542475376130772e-10 8.60290654190464e-10 98
3 1.223817625903443e-11 4.420716691154638e-10 210
3.75 1.989839467600077e-11 2.749245199708389e-10 350
4.5 2.554769528934596e-11 5.395489639366805e-10 450
5.25 3.539556715405834e-11 9.235620827583875e-10 602
6 4.566479926476518e-11 1.360859866097369e-09 762
6.75 6.55101293895142e-11 2.766124097490911e-09 1142
7.5 7.488870448983117e-11 3.914515250226212e-09 1250
8.25 8.679277736840337e-11 5.374572867107463e-09 1458
9 1.111709948781417e-10 7.997593034473446e-09 1814
9.75 1.275830802068795e-10 1.053750274950573e-08 2178
10.5 1.41289602357222e-10 1.501958911096679e-08 2498
11.25 1.530058064233385e-10 1.821191515615896e-08 2622
12 1.97765596135653e-10 2.460526516899761e-08 3338
12.75 2.25060046800845e-10 3.031256788285839e-08 3722
13.5 2.477455213394898e-10 3.974337818997626e-08 4170
14.25 2.656250500004634e-10 4.419616896895279e-08 4358
15 3.148608952972672e-10 5.965741295110056e-08 5034
15.75 3.514455148329303e-10 7.091497527383015e-08 5714
16.5 3.749855131157961e-10 8.281393765542418e-08 5982
17.25 4.402062606755257e-10 9.563782990684487e-08 6602
18 4.724239639929675e-10 1.10171330475995e-07 7130
18.75 5.166567743521025e-10 1.376860112293937e-07 8034
19.5 5.749074949094431e-10 1.524919937199184e-07 8606
20.25 6.120074721144974e-10 1.791026176336705e-07 9066
21 7.147575373076758e-10 2.031270938901659e-07 9962
21.75 7.475105268005938e-10 2.340774658898957e-07 10550
22.5 7.950191952156258e-10 2.601683393706982e-07 11226
23.25 8.807354963496003e-10 2.96408235632725e-07 12146
24 9.105541731851446e-10 3.172728574241927e-07 12303
24.75 9.34007141381585e-10 3.480118636310747e-07 12584
25.5 8.757886821538742e-10 3.478575462517654e-07 12120
26.25 8.337763443781748e-10 3.311156736466405e-07 11180
27 8.35430208575918e-10 3.585754067930108e-07 11096
27.75 7.697638998425367e-10 3.274444115037738e-07 10056
28.5 7.215838646502881e-10 3.363578023727843e-07 9716
29.25 6.546207205166082e-10 3.051748167206301e-07 8604
30 6.407974795149298e-10 3.015079746042411e-07 8060
30.75 5.587205376211495e-10 2.948152065569059e-07 7320
31.5 4.911296426210692e-10 2.712452330535164e-07 6356
32.25 4.405921001809625e-10 2.257010514068681e-07 5348
33 3.332673697743629e-10 1.947733229593891e-07 4308
33.75 2.829373683867655e-10 1.632749726803143e-07 3563
34.5 1.841299867988751e-10 1.132916285005033e-07 2448
35.25 1.518762088020142e-10 9.834089266789063e-08 1868
36 1.141126757792477e-10 6.575245195409352e-08 1358
36.75 8.277118060049731e-11 5.205995501914831e-08 1062
37.5 6.828729027359267e-11 3.943270940546871e-08 776
38.25 3.200212909980392e-11 2.596831737724756e-08 432
39 1.370049050763362e-11 9.958646033434054e-09 200
39.75 1.250779896978433e-11 8.639276312212029e-09 168
40.5 4.442071340287542e-12 1.538745159444406e-09 56
41.25 4.054846407384209e-13 1.315478809214978e-10 7


0.75 1.726094861392773e-13 4.080090830880861e-12 18
1.5 2.764825155855971e-13 3.539084739298608e-09 62
2.25 5.624877486866765e-10 6.438618395091147e-08 98
3 4.792456397886756e-11 3.548050425714884e-10 210
3.75 1.07495621404979e-11 4.933028913966396e-10 350
4.5 1.594428838691723e-11 8.979353753710228e-10 450
5.25 2.360824302282e-11 1.36069991187094e-09 602
6 2.617251161039353e-11 2.372824827826223e-09 762
6.75 4.727490527754994e-11 3.832247990890753e-09 1142
7.5 6.032046186033618e-11 4.80262692532827e-09 1250
8.25 6.502024353128678e-11 7.173919556623371e-09 1458
9 8.751037480702945e-11 1.017348901300236e-08 1814
9.75 1.02750546006306e-10 1.312150500013787e-08 2178
10.5 1.230877802547035e-10 1.726239235707474e-08 2498
11.25 1.307271945295377e-10 2.13103902426775e-08 2622
12 1.744945903384255e-10 2.788534942456074e-08 3338
12.75 1.907594315912372e-10 3.57919876761001e-08 3722
13.5 2.31171607795655e-10 4.258317214249071e-08 4170
14.25 2.376299420973756e-10 4.952320746727866e-08 4358
15 2.81450197968169e-10 6.673886995564137e-08 5034
15.75 3.268545179446913e-10 7.626697655847621e-08 5714
16.5 3.553836821060902e-10 8.739533917522872e-08 5982
17.25 3.923048049775816e-10 1.074287462485508e-07 6602
18 4.270778374744882e-10 1.219371235227332e-07 7130
18.75 4.885309480921976e-10 1.457589053968695e-07 8034
19.5 5.219465567901604e-10 1.672202165796694e-07 8606
20.25 5.880867179471947e-10 1.856146170900887e-07 9066
21 6.56038610505512e-10 2.21813187606342e-07 9962
21.75 7.042317068771836e-10 2.486277492447477e-07 10550
22.5 7.498335234303559e-10 2.754574358196093e-07 11226
23.25 8.496188784562178e-10 3.083632150100225e-07 12146
24 8.639219717990117e-10 3.332018110836484e-07 12303
24.75 8.997746121397825e-10 3.600783924908183e-07 12584
25.5 8.317733022204158e-10 3.660211143364401e-07 12120
26.25 7.947645205665775e-10 3.481083911088064e-07 11180
27 8.086699022486183e-10 3.706067973870631e-07 11096
27.75 7.316001059560366e-10 3.439308705882882e-07 10056
28.5 6.769593771497674e-10 3.584494987380262e-07 9716
29.25 6.24910792339362e-10 3.201445668085791e-07 8604
30 5.93955052580454e-10 3.257935906105276e-07 8060
30.75 5.351505392714977e-10 3.073919078295711e-07 7320
31.5 4.882511848186813e-10 2.731084363222595e-07 6356
32.25 4.255893527278347e-10 2.340790551709111e-07 5348
33 3.298001701737957e-10 1.969937360412336e-07 4308
33.75 2.80304104910331e-10 1.642203281032372e-07 3563
34.5 1.758370380119278e-10 1.189399967860704e-07 2448
35.25 1.470121986748786e-10 1.014162148325589e-07 1868
36 9.935706744954229e-11 7.537039670052767e-08 1358
36.75 8.230306096965459e-11 5.227436118226636e-08 1062
37.5 6.028169661857124e-11 4.486476971691239e-08 776
38.25 3.504452646802493e-11 2.392792717195521e-08 432
39 1.354052689259045e-11 1.008010692536186e-08 200
39.75 1.222369803754311e-11 8.844443044798019e-09 168
40.5 2.725060176057125e-12 2.738322771797225e-09 56
41.25 1.366620039625215e-13 3.224296974632395e-10 7


0.75 9.601645107615247e-14 9.710382673607281e-12 18
1.5 5.665325112462025e-11 5.176734719792227e-09 62
2.25 4.797580303149371e-09 1.442366223344889e-08 98
3 6.765831906595981e-12 6.662253825593563e-09 210
3.75 5.518470360970933e-12 9.69955388026486e-10 350
4.5 1.031778880838338e-11 1.383940561717304e-09 450
5.25 1.355301036164141e-11 2.382504893063668e-09 602
6 1.984991867891451e-11 3.140308010168022e-09 762
6.75 3.207017196229198e-11 5.648931963316231e-09 1142
7.5 3.817185922694411e-11 7.65381493701764e-09 1250
8.25 5.006664011400008e-11 9.313035602429114e-09 1458
9 6.385353045695197e-11 1.392988994498061e-08 1814
9.75 7.951328372907231e-11 1.692183527264712e-08 2178
10.5 9.525568960183325e-11 2.229330216971768e-08 2498
11.25 1.057731267001522e-10 2.639114512886432e-08 2622
12 1.333567030063525e-10 3.649194203543528e-08 3338
12.75 1.566142603521033e-10 4.358620998970988e-08 3722
13.5 1.848846729158912e-10 5.329740704021346e-08 4170
14.25 1.915795679483348e-10 6.123492963012078e-08 4358
15 2.422058610595778e-10 7.751928356011823e-08 5034
15.75 2.729628079978295e-10 9.135111721765056e-08 5714
16.5 2.932830347399112e-10 1.058660804973537e-07 5982
17.25 3.289997272081855e-10 1.279375325300822e-07 6602
18 3.557706047722468e-10 1.459479332556197e-07 7130
18.75 4.274160992348732e-10 1.665349258922415e-07 8034
19.5 4.536968874657397e-10 1.918305274119156e-07 8606
20.25 5.185857467545443e-10 2.105554779735728e-07 9066
21 5.705243982886582e-10 2.54012165875428e-07 9962
21.75 6.165403172507002e-10 2.830480263389211e-07 10550
22.5 6.7053702995724e-10 3.072685108952535e-07 11226
23.25 7.502015611189285e-10 3.460394106143736e-07 12146
24 7.630960149829488e-10 3.766866452713029e-07 12303
24.75 8.229733097795848e-10 3.948506895351073e-07 12584
25.5 7.665581799191961e-10 3.967413834041012e-07 12120
26.25 7.127170275639722e-10 3.871644983467041e-07 11180
27 7.393668649213888e-10 4.049511477230593e-07 11096
27.75 6.515791421368329e-10 3.858074774217406e-07 10056
28.5 6.514890374691601e-10 3.722079063704835e-07 9716
29.25 5.798264340739401e-10 3.449477356910295e-07 8604
30 5.647910327357431e-10 3.422536537246617e-07 8060
30.75 5.111349535148123e-10 3.221524174718011e-07 7320
31.5 4.483233297011156e-10 2.972911035007816e-07 6356
32.25 3.849607510906505e-10 2.593966445747043e-07 5348
33 2.970570315356646e-10 2.184110026715282e-07 4308
33.75 2.750350199987937e-10 1.670687992534441e-07 3563
34.5 1.721173571369268e-10 1.213435682169873e-07 2448
35.25 1.412389969559222e-10 1.055665445204853e-07 1868
36 9.496474715965057e-11 7.894514077297874e-08 1358
36.75 7.933528301918044e-11 5.409335354984346e-08 1062
37.5 6.084901095934532e-11 4.438563478746796e-08 776
38.25 3.419403644431126e-11 2.446967500711377e-08 432
39 1.257560535518736e-11 1.085574178288087e-08 200
39.75 1.271944811925625e-11 8.414777647091132e-09 168
40.5 3.226775823697646e-12 2.369120515434134e-09 56
41.25 3.101365822854325e-13 1.937708865877835e-10 7


0.75 6.25631593760679e-13 1.160655798577965e-11 18
1.5 3.886157125331332e-10 1.62288124874636e-08 62
2.25 5.059775648867557e-09 2.94652457251004e-06 98
3 2.006693039990207e-11 7.092044548540207e-09 210
3.75 1.172169095818786e-11 5.004374619871302e-10 350
4.5 1.582349696859645e-11 9.010756284527334e-10 450
5.25 2.131931070596331e-11 1.513068549811008e-09 602
6 2.854112907545871e-11 2.180816783741933e-09 762
6.75 4.697779486921059e-11 3.858159048999689e-09 1142
7.5 5.677267807924232e-11 5.155028732262416e-09 1250
8.25 6.784032875774741e-11 6.880049893251828e-09 1458
9 8.916523997754099e-11 9.979222566611183e-09 1814
9.75 1.084262025132412e-10 1.239281662501228e-08 2178
10.5 1.258199539398886e-10 1.686818197283196e-08 2498
11.25 1.346721390088274e-10 2.069575823728033e-08 2622
12 1.766473683014924e-10 2.755360825335971e-08 3338
12.75 1.910338293599621e-10 3.572319689594679e-08 3722
13.5 2.298152620804873e-10 4.292623104639511e-08 4170
14.25 2.403619612954526e-10 4.896419871951409e-08 4358
15 2.947841357629504e-10 6.373323816603987e-08 5034
15.75 3.200003462329823e-10 7.803499260038231e-08 5714
16.5 3.517606390255113e-10 8.831380007253262e-08 5982
17.25 4.000735935324909e-10 1.050383608523445e-07 6602
18 4.315756432178631e-10 1.206457267561761e-07 7130
18.75 4.934498729366725e-10 1.443020364022697e-07 8034
19.5 5.347277920080966e-10 1.634002008901667e-07 8606
20.25 5.747074177129201e-10 1.899838329648798e-07 9066
21 6.660211067398848e-10 2.182869896823305e-07 9962
21.75 7.129614223162421e-10 2.454059121959918e-07 10550
22.5 7.471650944702191e-10 2.764093118876395e-07 11226
23.25 8.266557764101869e-10 3.151400631551351e-07 12146
24 8.551578608176302e-10 3.363197561098431e-07 12303
24.75 9.123755229919653e-10 3.561559248963667e-07 12584
25.5 8.458386152054527e-10 3.594886597482691e-07 12120
26.25 8.045123659573958e-10 3.435376376839511e-07 11180
27 8.133782464557978e-10 3.681361572605713e-07 11096
27.75 7.106446772154887e-10 3.543396407561707e-07 10056
28.5 6.970289418902721e-10 3.479696221747076e-07 9716
29.25 6.321541019267909e-10 3.164522959003229e-07 8604
30 5.972285045179848e-10 3.238674720267469e-07 8060
30.75 5.434129454821888e-10 3.024633080873269e-07 7320
31.5 4.869366889881842e-10 2.732668519096732e-07 6356
32.25 4.168481601055371e-10 2.396660204656017e-07 5348
33 3.267888244655725e-10 1.984581080094088e-07 4308
33.75 2.746606127013282e-10 1.677432961601915e-07 3563
34.5 1.844692311740344e-10 1.132109679093974e-07 2448
35.25 1.519657109116049e-10 9.835907408192956e-08 1868
36 1.018413478825557e-10 7.370364701963257e-08 1358
36.75 8.252689430613471e-11 5.211612334941006e-08 1062
37.5 6.060667158956664e-11 4.461779819329889e-08 776
38.25 3.235214432592137e-11 2.584312302256958e-08 432
39 1.555260798752931e-11 8.655203820310349e-09 200
39.75 1.177575034511481e-11 9.162747929872233e-09 168
40.5 3.038488452104792e-12 2.512079359392634e-09 56
41.25 1.657462461766819e-13 3.009432672879581e-10 7


0.75 5.086698653680171e-14 1.581388844743954e-11 18
1.5 6.840451876561144e-10 1.823191621297135e-08 62
2.25 1.040533137599899e-07 3.783810900779939e-05 98
3 5.945732477624847e-11 2.313801486366006e-08 210
3.75 6.446313834740002e-12 8.552614140248831e-10 350
4.5 1.022671742377928e-11 1.434432721871429e-09 450
5.25 1.280723006710606e-11 2.523210792878837e-09 602
6 1.849810915523618e-11 3.366420291513225e-09 762
6.75 3.064183382537926e-11 5.912619857423968e-09 1142
7.5 3.899438411073125e-11 7.497292855580712e-09 1250
8.25 4.811935215129909e-11 9.697282138640845e-09 1458
9 6.491276196775018e-11 1.370172002372489e-08 1814
9.75 7.754458367150596e-11 1.734529741139932e-08 2178
10.5 9.396704765296338e-11 2.260671859721541e-08 2498
11.25 1.036062827654291e-10 2.691357788366908e-08 2622
12 1.350339971651345e-10 3.606990848786026e-08 3338
12.75 1.570769636679657e-10 4.35006600292073e-08 3722
13.5 1.81474166876484e-10 5.428358272806182e-08 4170
14.25 1.886664650980002e-10 6.226493955287883e-08 4358
15 2.303535211873057e-10 8.142068086364926e-08 5034
15.75 2.702243538808601e-10 9.231140972603636e-08 5714
16.5 2.962288090483646e-10 1.048835777948941e-07 5982
17.25 3.231371994296128e-10 1.299287061168889e-07 6602
18 3.634337395780284e-10 1.432310398814291e-07 7130
18.75 4.211078202422698e-10 1.689614702458822e-07 8034
19.5 4.526303341284042e-10 1.930341844584691e-07 8606
20.25 5.025489627991063e-10 2.169343827122323e-07 9066
21 5.76158948206019e-10 2.519973160028841e-07 9962
21.75 6.125598541005971e-10 2.849936843727385e-07 10550
22.5 6.724255467494921e-10 3.07118879979413e-07 11226
23.25 7.343162863507227e-10 3.541295772772659e-07 12146
24 7.648009797180402e-10 3.759838198040671e-07 12303
24.75 8.139438850256931e-10 3.992060155885911e-07 12584
25.5 7.568709443167154e-10 4.011061180110478e-07 12120
26.25 7.146151182811802e-10 3.864491507268386e-07 11180
27 7.284890524379519e-10 4.110277897242908e-07 11096
27.75 6.485243554389324e-10 3.876706465696161e-07 10056
28.5 6.242974275817307e-10 3.890068595949123e-07 9716
29.25 5.551523813509596e-10 3.594737124393993e-07 8604
30 5.330144095457755e-10 3.621473257324992e-07 8060
30.75 4.905744236228221e-10 3.358353359729722e-07 7320
31.5 4.395803436847495e-10 3.03014058357638e-07 6356
32.25 3.699559046066124e-10 2.68980256715449e-07 5348
33 3.069350452285806e-10 2.117074712677985e-07 4308
33.75 2.461558422713583e-10 1.86979624098494e-07 3563
34.5 1.669953346378805e-10 1.247551905701244e-07 2448
35.25 1.304253418352937e-10 1.137796320373586e-07 1868
36 9.482478022579929e-11 7.910310495028345e-08 1358
36.75 7.518688977508011e-11 5.731789636802127e-08 1062
37.5 5.39288499494309e-11 4.996694427943331e-08 776
38.25 3.105123189454844e-11 2.699077603693863e-08 432
39 1.430815372721418e-11 9.437979416517837e-09 200
39.75 1.113449368281405e-11 9.700734214352649e-09 168
40.5 2.651996859716461e-12 2.843076682364053e-09 56
41.25 1.611169603734697e-13 3.16870556826078e-10 7


0.75 1.264024333162741e-13 7.004785924944672e-12 18
1.5 3.710339273536366e-09 1.051750705986977e-10 62
2.25 1.318545409456803e-06 5.232287225845473e-05 98
3 5.522451619779312e-10 7.640384039004998e-09 210
3.75 1.226110599727078e-11 4.702676203020272e-10 350
4.5 2.095032965579552e-11 7.090526660350461e-10 450
5.25 2.491778613790779e-11 1.302286249117582e-09 602
6 3.12234400860696e-11 1.986472308611929e-09 762
6.75 5.152937823141106e-11 3.513267169028353e-09 1142
7.5 5.833011066264692e-11 5.010090605394467e-09 1250
8.25 7.421287308638448e-11 6.291922883258611e-09 1458
9 9.535161719208642e-11 9.340360287665966e-09 1814
9.75 1.11744252920093e-10 1.20723851771064e-08 2178
10.5 1.330745755083614e-10 1.597560857077548e-08 2498
11.25 1.466090357525446e-10 1.899971189542172e-08 2622
12 1.763541372062374e-10 2.761930105416638e-08 3338
12.75 2.081374415392974e-10 3.284210665844155e-08 3722
13.5 2.28792803991858e-10 4.299531187710774e-08 4170
14.25 2.450693681016102e-10 4.79985713584757e-08 4358
15 3.029282838788857e-10 6.195370014070499e-08 5034
15.75 3.382201840291658e-10 7.370907005891358e-08 5714
16.5 3.65065295871647e-10 8.50120526325598e-08 5982
17.25 4.128619616451535e-10 1.01883575352933e-07 6602
18 4.409525038737347e-10 1.180096394876123e-07 7130
18.75 5.10336351985574e-10 1.393899893624664e-07 8034
19.5 5.472545109442561e-10 1.597172214550312e-07 8606
20.25 6.017336200221234e-10 1.818766270413029e-07 9066
21 6.59121665519964e-10 2.205744381680256e-07 9962
21.75 7.359827109076959e-10 2.37772648949392e-07 10550
22.5 7.737518065737453e-10 2.676262211167243e-07 11226
23.25 8.652725995276105e-10 3.017876992268745e-07 12146
24 9.025454949418506e-10 3.204446961077304e-07 12303
24.75 9.230870272972982e-10 3.525329208657229e-07 12584
25.5 8.689204744357817e-10 3.50281677451339e-07 12120
26.25 8.093367644634291e-10 3.422413964379048e-07 11180
27 8.138199486389348e-10 3.679155260769672e-07 11096
27.75 7.492710309679081e-10 3.350552828056328e-07 10056
28.5 7.186561975372408e-10 3.380194605706951e-07 9716
29.25 6.245990396489598e-10 3.194960180860712e-07 8604
30 6.013443764216361e-10 3.210048830233946e-07 8060
30.75 5.447858115320075e-10 3.016295626479578e-07 7320
31.5 4.993276029071986e-10 2.666914836314857e-07 6356
32.25 4.106081086088161e-10 2.429999151625558e-07 5348
33 3.300012915169805e-10 1.971897313925419e-07 4308
33.75 2.632003404046014e-10 1.75004223505466e-07 3563
34.5 1.807638965377848e-10 1.154683125209626e-07 2448
35.25 1.522093491679572e-10 9.791561546193088e-08 1868
36 1.214003684718356e-10 6.068602997306759e-08 1358
36.75 8.819708958555722e-11 4.834133451617206e-08 1062
37.5 7.175060166668895e-11 3.698193427816818e-08 776
38.25 3.854360128742527e-11 2.152281545850172e-08 432
39 1.643016366201724e-11 8.049578461180519e-09 200
39.75 1.191522135844597e-11 9.060561614375817e-09 168
40.5 3.554717551771233e-12 2.1426501869642e-09 56
41.25 4.111973332480353e-13 1.248014641950715e-10 7


0.75 3.911970196981986e-12 1.009859067780566e-11 18
1.5 8.527388874293806e-09 1.05293638227715e-07 62
2.25 8.414056069176281e-05 5.622489077938822e-05 98
3 2.657482762223519e-09 8.137301194854626e-09 210
3.75 2.210550912456758e-11 4.20731590090277e-10 350
4.5 2.865330690333236e-11 6.372762394926439e-10 450
5.25 3.19561830248618e-11 1.122763765934755e-09 602
6 3.734280304391113e-11 1.684601097848968e-09 762
6.75 5.953784640353121e-11 3.053034622049914e-09 1142
7.5 7.10222147474731e-11 4.144509356880836e-09 1250
8.25 7.99455463997871e-11 5.821815080769234e-09 1458
9 1.022884405778339e-10 8.715672424704465e-09 1814
9.75 1.247275876224167e-10 1.074170017336044e-08 2178
10.5 1.389793423886178e-10 1.52704080403581e-08 2498
11.25 1.557739341414426e-10 1.789821924882788e-08 2622
12 1.910205011747168e-10 2.552903221510431e-08 3338
12.75 2.167423301708127e-10 3.15229239423089e-08 3722
13.5 2.41848996588663e-10 4.079306614503968e-08 4170
14.25 2.594156143376671e-10 4.529575711990865e-08 4358
15 3.124921149957558e-10 6.022801649477843e-08 5034
15.75 3.432104317569836e-10 7.265640225327177e-08 5714
16.5 3.749494726130018e-10 8.302912472079397e-08 5982
17.25 4.265549904145701e-10 9.889236608952727e-08 6602
18 4.638573727900388e-10 1.122767025150094e-07 7130
18.75 5.180407294919045e-10 1.374702913826942e-07 8034
19.5 5.575339584216979e-10 1.569820981541004e-07 8606
20.25 6.184341116081775e-10 1.76878559040425e-07 9066
21 6.924169052950906e-10 2.098038144711661e-07 9962
21.75 7.424775741809661e-10 2.360318539889698e-07 10550
22.5 8.123718010343192e-10 2.554731683510747e-07 11226
23.25 8.743615993582781e-10 2.982597014861455e-07 12146
24 8.980041369338947e-10 3.201386831151319e-07 12303
24.75 9.251073287191837e-10 3.51432834352232e-07 12584
25.5 9.033745980433339e-10 3.374052901465615e-07 12120
26.25 8.382808145744664e-10 3.302496043221366e-07 11180
27 8.249787321335225e-10 3.628079533634642e-07 11096
27.75 7.439166465310348e-10 3.378112788157611e-07 10056
28.5 7.34766732911251e-10 3.304839407090756e-07 9716
29.25 6.364615218623799e-10 3.145477648318844e-07 8604
30 6.329932328388248e-10 3.059167857908083e-07 8060
30.75 5.677504732973427e-10 2.902098090851707e-07 7320
31.5 5.095795029923273e-10 2.615809978473072e-07 6356
32.25 4.193137859990615e-10 2.38393848926409e-07 5348
33 3.415892912291143e-10 1.899746572186677e-07 4308
33.75 2.782768273339865e-10 1.654426006355838e-07 3563
34.5 1.86006030868539e-10 1.122043533224643e-07 2448
35.25 1.613376871809576e-10 9.208924946441427e-08 1868
36 1.031936387401815e-10 7.272257407282207e-08 1358
36.75 7.930074278693249e-11 5.430016113621428e-08 1062
37.5 6.434192951684703e-11 4.206427790360074e-08 776
38.25 3.323288973779067e-11 2.515902200522397e-08 432
39 1.691467569036528e-11 7.777065345467339e-09 200
39.75 1.197068326061684e-11 9.012779664726751e-09 168
40.5 3.384503075025829e-12 2.264818396925686e-09 56
41.25 4.050088668428587e-13 1.31634460474252e-10 7


