0    0.0724078860152373    1.16596466782611e-11    2.16109864896744e-11    1.01120257802344e-11    0.250000000000408    5.57680919475015e-12    0.322407886064604
0.1    0.112586333719316    1.67505563706393e-11    1.60285990929934e-11    1.40771888326247e-11    0.209819052423763    6.68665255978695e-12    0.322405386196622
0.2    0.154314074874369    1.58220515435483e-11    1.89921118560144e-11    1.17553733639273e-11    0.168089235149798    5.33942618309738e-12    0.322403310076076
0.3    0.19404712841366    1.31215972187452e-11    1.80901088753822e-11    1.26053230406708e-11    0.128354791924041    4.75094954782954e-12    0.322401920386269
0.4    0.229211633282922    1.61658607428686e-11    1.62551866878933e-11    1.38562026231741e-11    0.0931896574416853    4.56919627682655e-12    0.322401290775453
0.5    0.258341819952647    1.48731401813304e-11    1.78738714109124e-11    1.25447584952645e-11    0.0640595215409158    3.51068088435188e-12    0.322401341542365
0.6    0.280988823466929    1.4964610149831e-11    1.6115385833232e-11    1.40587971393038e-11    0.0414130790253442    3.04946655097945e-12    0.322401902540462
0.7    0.297490265819382    1.5235097804943e-11    1.64094333147234e-11    1.37128799756304e-11    0.024912509574495    2.40519170715421e-12    0.322402775441639
0.8    0.308691620834677    1.49467096635798e-11    1.58432328884369e-11    1.42248028750105e-11    0.0137121578151113    1.83463499943523e-12    0.322403778696638
0.900000000000001    0.315686445006188    1.52849148369083e-11    1.56469862070507e-11    1.43888668369273e-11    0.0067183257210664    1.30964414818194e-12    0.322404770773885
1    0.319611296954754    1.52427187805544e-11    1.5498434112866e-11    1.45214751954386e-11    0.00279435837856379    8.58334999882528e-13    0.322405655379439
1.1    0.321504668672171    1.4967966325834e-11    1.51631259450912e-11    1.48362298996017e-11    0.000901706741858051    5.03147728748365e-13    0.322406375459499
1.2    0.322222392577511    1.52246908143647e-11    1.49582547689076e-11    1.50356538309375e-11    0.000184509760678727    2.3107639685342e-13    0.32240690238364
1.3    0.322394459357373    1.53791127453266e-11    1.51982046697502e-11    1.4795639622726e-11    1.27654011173944e-05    6.04591772109928e-14    0.322407224803924
1.4    0.322407339575919    1.49490696660385e-11    1.48457907903915e-11    1.51487967012053e-11    8.02250844415885e-11    1.5504034521385e-16    0.322407339701088
1.5    0.32239887636668    1.53247175349675e-11    1.49187289624709e-11    1.50756864067767e-11    8.37030375653699e-06    5.01736458670123e-14    0.322407246715806
1.6    0.322257510441045    1.51265731971489e-11    1.51718469371629e-11    1.48233702093532e-11    0.000149435623447316    2.08931351705897e-13    0.322406946109823
1.7    0.321622864888861    1.51851010864678e-11    1.50796939050639e-11    1.49178194547235e-11    0.000783575482096024    4.76472037155788e-13    0.322406440416617
1.8    0.319890096563097    1.52300284288217e-11    1.54650372809386e-11    1.4547101642517e-11    0.00251564312637707    8.33273952376429e-13    0.322405739735549
1.9    0.316225712351916    1.5026020133713e-11    1.5546302708982e-11    1.44868158018564e-11    0.00617915797500095    1.28022809006279e-12    0.322404870373256
2    0.309607341992011    1.51959620697558e-11    1.5920319679257e-11    1.41653445397372e-11    0.0127965438030586    1.77980494341564e-12    0.322403885842131
2.1    0.298903196361845    1.51522387399349e-11    1.62878942295298e-11    1.38672353723889e-11    0.0234996814762536    2.32954312658152e-12    0.322402877885735
2.2    0.283006627106094    1.5024848576775e-11    1.65297492975062e-11    1.36785946103537e-11    0.0393953561053907    2.95491242942207e-12    0.322401983259673
2.29999999999999    0.261034521293966    1.50529797502875e-11    1.69152052253801e-11    1.33745375856397e-11    0.0613668586850262    3.5968405851133e-12    0.322401380027931
2.39999999999999    0.2325824668096    1.51021369416225e-11    1.73389920331016e-11    1.3043015517744e-11    0.0898187996326446    4.24794083889889e-12    0.322401266491976
2.49999999999999    0.198004024589049    1.49451858056309e-11    1.75652967049474e-11    1.28919861820834e-11    0.124397793856011    4.91769702389594e-12    0.32240181849538
2.59999999999999    0.158650244780976    1.50385099524253e-11    1.80853694606137e-11    1.25388961267017e-11    0.163752883595969    5.462384569613e-12    0.32240312842807
2.69999999999999    0.116980084292448    1.49032950604761e-11    1.83226865686584e-11    1.24175577547803e-11    0.205425056879641    5.99393068761483e-12    0.322405141223727
2.79999999999998    0.0764499667339765    1.49627651643072e-11    1.86693759784052e-11    1.21743844978955e-11    0.245957647539856    6.44919430260318e-12    0.322407614326088
2.89999999999998    0.0411277077021783    1.49701428915824e-11    1.87854521702619e-11    1.2098283446893e-11    0.281282423626568    6.85464758625564e-12    0.322410131381455
2.99999999999998    0.0150553999306875    1.48237831175042e-11    1.90216403889254e-11    1.19534541952231e-11    0.307356785348331    7.07157742871462e-12    0.322412185331889
3.09999999999998    0.00148636453778781    1.49565541528346e-11    1.9079799007905e-11    1.19394276711704e-11    0.320926951574383    7.18104734532115e-12    0.322413316165328
3.19999999999998    0.00219895278236259    1.49127378849951e-11    1.90717167197818e-11    1.19420394436192e-11    0.320214302920614    7.17850513247402e-12    0.322413255756081
3.29999999999997    0.0170983647542035    1.4887161802187e-11    1.90104085369752e-11    1.19610009097959e-11    0.305313653866066    7.05175740474581e-12    0.32241201867318
3.39999999999997    0.0442382572185307    1.49309549501704e-11    1.87669514466933e-11    1.21087790669692e-11    0.27817163987026    6.82487220862041e-12    0.322409897141422
3.49999999999997    0.0802548379099118    1.49512543754664e-11    1.86414026068826e-11    1.21977717326377e-11    0.242152524569061    6.40359438402843e-12    0.322407362531167
3.59999999999997    0.121070455858181    1.494028788116e-11    1.83236350005872e-11    1.24048157277855e-11    0.201334462585694    5.94624368766982e-12    0.32240491849549
3.69999999999997    0.16265242711299    1.50286669646081e-11    1.79650019861953e-11    1.26270722169363e-11    0.159750539758143    5.42611776425068e-12    0.32240296692218
3.79999999999996    0.201629487976701    1.49628178776085e-11    1.76436771081307e-11    1.2832844394072e-11    0.120772243530407    4.82647042591411e-12    0.322401731557374
3.89999999999996    0.235650421798762    1.50559910995272e-11    1.72205242591859e-11    1.31422612713345e-11    0.0867508287900832    4.19614344341826e-12    0.32240125063846
3.99999999999996    0.263469518034275    1.50971285867421e-11    1.69209177020217e-11    1.33610637285244e-11    0.0589319025704531    3.53230742963958e-12    0.32240142065364
4.09999999999996    0.284819245955995    1.50363929036493e-11    1.64967385361033e-11    1.36993524078445e-11    0.0375828150855762    2.89872789447201e-12    0.322402061089702
4.19999999999995    0.300163199015915    1.51462521621382e-11    1.62092401285706e-11    1.39255540139837e-11    0.0222397750343078    2.28361036895918e-12    0.322402974097787
4.29999999999995    0.310416871123797    1.51215656080194e-11    1.58921825248452e-11    1.41883222595077e-11    0.0119871138843935    1.72390535271351e-12    0.322403985055116
4.39999999999995    0.316697086007591    1.51487351525006e-11    1.55535064838123e-11    1.44849751472506e-11    0.00570787561833696    1.22439556339399e-12    0.32240496167234
4.49999999999995    0.320129872420011    1.51691848348922e-11    1.54147911355021e-11    1.46049100504056e-11    0.00227594389210488    7.87954601360155e-13    0.322405816358093
4.59999999999995    0.321721853731885    1.51646725395464e-11    1.51745095829408e-11    1.48323637103468e-11    0.000684644997344544    4.41910789335938e-13    0.322406498774843
4.69999999999994    0.322285398499633    1.51818759883864e-11    1.50478488289498e-11    1.49537734366958e-11    0.000121586117405977    1.89436863645396e-13    0.322406984662412
4.79999999999994    0.322401853783844    1.5214470493155e-11    1.49884055994548e-11    1.50121964614066e-11    5.41116432427008e-06    4.03922484046522e-14    0.322407264993424
4.89999999999994    0.322407332243146    1.51546678216476e-11    1.49530469095878e-11    1.50475214123553e-11    5.34458499324081e-09    1.27877254150484e-15    0.322407337632888
4.99999999999994    0.322388985551274    1.51932999694945e-11    1.49869083540406e-11    1.5013620837629e-11    1.8216796534606e-05    7.47485417873795e-14    0.322407202393078
5.09999999999994    0.322184572051299    1.52045443856322e-11    1.50942664635855e-11    1.49068012248664e-11    0.000222287647260415    2.59805349660141e-13    0.322406859744025
5.19999999999993    0.321383437839722    1.51470493290729e-11    1.51858477772689e-11    1.48195447464789e-11    0.00102287532742004    5.51454799623253e-13    0.322406313212845
5.29999999999993    0.319332408152307    1.51788154697334e-11    1.54500002918109e-11    1.45730558403026e-11    0.00307316719776043    9.32876806423787e-13    0.322405575396202
5.39999999999993    0.315155324527491    1.51247819016542e-11    1.56896102952606e-11    1.43654901943516e-11    0.0072493526210977    1.39285942344922e-12    0.322404677195162
5.49999999999993    0.307799553682662    1.51428321880086e-11    1.59514623257012e-11    1.41574958331579e-11    0.0146041253328931    1.91345000267975e-12    0.322403679062721
5.59999999999993    0.296125503279317    1.5108909258525e-11    1.63702308533881e-11    1.38234045948533e-11    0.0262771782560674    2.46765107888315e-12    0.322402681583154
5.69999999999992    0.279053817357145    1.50646672698907e-11    1.6664430050777e-11    1.36056801445019e-11    0.0433480132713814    3.08169296188983e-12    0.322401830676943
5.79999999999992    0.255776580806474    1.50635953554853e-11    1.70438600405301e-11    1.32995287743527e-11    0.066624730046148    3.73757867313215e-12    0.322401310901766
5.89999999999992    0.226021012138345    1.50473311474604e-11    1.73603446389555e-11    1.304790109724e-11    0.0963803079726982    4.42321994984783e-12    0.322401320160922
5.99999999999992    0.190326835160706    1.49851474439185e-11    1.77325233003632e-11    1.27786458513162e-11    0.132075187467614    5.06635599008294e-12    0.322402022678883
6.09999999999991    0.150267323238518    1.49817740740676e-11    1.81239161065111e-11    1.25391997409463e-11    0.172136162435602    5.62069241116415e-12    0.322403485725385
6.19999999999991    0.108521701120157    1.4965028444409e-11    1.84570538322171e-11    1.23545143223751e-11    0.213883916845422    6.1075002602603e-12    0.322405618017463
6.29999999999991    0.0687110926359609    1.49199587549445e-11    1.8745555854611e-11    1.21634014117753e-11    0.253697045687702    6.54846492560017e-12    0.32240813837604
6.39999999999991    0.034956233660862    1.49424242747828e-11    1.88718986315847e-11    1.20539200264442e-11    0.287454369342682    6.95231955364861e-12    0.322410603056365
6.49999999999991    0.0112014366289969    1.48804951238984e-11    1.90224298425688e-11    1.19671488700902e-11    0.311211065628499    7.16881484658772e-12    0.322412502310535
6.5999999999999    0.000449215958124046    1.49227774287297e-11    1.91631978513037e-11    1.19158211686385e-11    0.321964188278168    7.20104215459075e-12    0.322413404289495
6.6999999999999    0.00411687306835785    1.49164212127609e-11    1.91029367433804e-11    1.19570834975716e-11    0.318296220602493    7.17912063676181e-12    0.322413093724006
6.7999999999999    0.0217169707966406    1.48865371233386e-11    1.89935578408999e-11    1.19854268965953e-11    0.300694674579279    7.05789681439773e-12    0.322411645428843
6.8999999999999    0.050968302310277    1.49381162182924e-11    1.87690006737669e-11    1.21188623606987e-11    0.27144109609794    6.79508481231875e-12    0.322409398460838
6.9999999999999    0.0882999035561759    1.49592292870882e-11    1.86017187407e-11    1.22426416540433e-11    0.234106939496376    6.3529623226398e-12    0.322406843104709
7.09999999999989    0.129583945589326    1.49546383227244e-11    1.82998159191606e-11    1.24534105267199e-11    0.192820526126014    5.85394199234336e-12    0.322404471766901
7.19999999999989    0.170879633469692    1.49936526822526e-11    1.79647313364627e-11    1.26507883743334e-11    0.151523020482027    5.32008104218169e-12    0.322402654002648
7.29999999999989    0.209003280001227    1.50178743058652e-11    1.75468130265142e-11    1.29150629718453e-11    0.113398294332791    4.74615850142086e-12    0.322401574384244
7.39999999999989    0.241829624809664    1.50376095979089e-11    1.7176926659058e-11    1.31777076754374e-11    0.0805716127946851    4.09921696411466e-12    0.322401237653841
7.49999999999988    0.268327429616122    1.50887242948464e-11    1.68513389157036e-11    1.34324972972774e-11    0.0540740895893031    3.42302488405909e-12    0.322401519254221
7.59999999999988    0.28839998953997    1.50701441505065e-11    1.64726958785545e-11    1.37393219252465e-11    0.0340022412290154    2.77922589606991e-12    0.322402230817046
7.69999999999988    0.302625127812592    1.51304352868657e-11    1.6152081205478e-11    1.39993454209313e-11    0.0197780487946376    2.1729698147902e-12    0.322403176654685
7.79999999999988    0.311977907959539    1.51386598205651e-11    1.58573353849439e-11    1.42424802170144e-11    0.0104262818363233    1.62219091948448e-12    0.322404189842723
7.89999999999988    0.317590468869667    1.51389665031269e-11    1.55570641373807e-11    1.45012641225843e-11    0.00481467849126752    1.13670697533691e-12    0.322405147407268
7.99999999999987    0.320573030515077    1.51753842259361e-11    1.53563876205028e-11    1.46772451523408e-11    0.00183293957050741    7.206231149359e-13    0.322405970131514
8.09999999999987    0.321897308721254    1.51764312001326e-11    1.51593606006574e-11    1.48608216989298e-11    0.000509305152309197    3.89600838966842e-13    0.322406613919149
8.19999999999987    0.322330741362111    1.51841189984983e-11    1.50495368102601e-11    1.49654298843957e-11    7.63170173099799e-05    1.53881236714546e-13    0.322407058424774
8.29999999999987    0.322405484883768    1.51865577681831e-11    1.49878029455254e-11    1.50259662201492e-11    1.81166578427358e-06    2.41005298410024e-14    0.322407296594777
8.39999999999987    0.322407163921699    1.51873756246716e-11    1.49553360354033e-11    1.50584162943006e-11    1.6300608660835e-07    7.32498485047223e-15    0.322407326972994
8.49999999999986    0.322372227048316    1.51830681829507e-11    1.5009746873967e-11    1.50036293445618e-11    3.49223964925413e-05    1.0787190745468e-13    0.322407149490113
8.59999999999986    0.322087779200694    1.5194623155401e-11    1.51121602287696e-11    1.49012965365658e-11    0.000318985677606199    3.25748722933538e-13    0.322406764923834
8.69999999999986    0.321093103884172    1.51534432356851e-11    1.52571881044839e-11    1.47605895642746e-11    0.00131307411422214    6.54913470168531e-13    0.32240617804422
8.79999999999986    0.318687457389615    1.5162516812631e-11    1.54708707906423e-11    1.4565889678142e-11    0.00371794689518263    1.07808834875865e-12    0.322405404331075
8.89999999999985    0.313953883330621    1.51491568091102e-11    1.57664495918262e-11    1.43182508611248e-11    0.00845059637513202    1.5670786307313e-12    0.322404479752554
8.99999999999985    0.305813133342343    1.5114371686812e-11    1.60818911511905e-11    1.40897737705464e-11    0.0165903387659887    2.09358651782915e-12    0.322403472155711
9.09999999999985    0.293123869831617    1.5106104490845e-11    1.65108365944121e-11    1.37879864040553e-11    0.0292786213224651    2.63424417699812e-12    0.322402491202122
9.19999999999985    0.274842791251919    1.50719953443958e-11    1.68753255762737e-11    1.3541087853473e-11    0.0475589004242659    3.22276946345506e-12    0.322401691724896
9.29999999999985    0.250248203865053    1.50562367560999e-11    1.72294520667974e-11    1.32546578676482e-11    0.0721530598277895    3.89210387613762e-12    0.322401263742275
9.39999999999984    0.219210654358018    1.50304346344341e-11    1.75112891100475e-11    1.298303195147e-11    0.103190748392078    4.64151858735996e-12    0.322401402800263
9.49999999999984    0.182465481164338    1.49934424488593e-11    1.78035473293699e-11    1.27417426141819e-11    0.139936777614363    5.35087006210434e-12    0.322402258829591
9.59999999999984    0.141811482187146    1.49660455395492e-11    1.82575654531045e-11    1.24975947422698e-11    0.180592389095956    5.85553589376689e-12    0.322403871334679
9.69999999999984    0.100141527628553    1.49670049781887e-11    1.87013672773508e-11    1.23076394742127e-11    0.222264583737452    6.22719965917186e-12    0.322406111418208
9.79999999999984    0.0612230238132569    1.49236357812952e-11    1.89325780576625e-11    1.2147819650377e-11    0.261185636499971    6.67347688082157e-12    0.322408660365905
9.89999999999983    0.0292011969607817    1.49154051790079e-11    1.89632758916931e-11    1.202981225521e-11    0.293209854091169    7.15990373948364e-12    0.322411051105019
9.99999999999983    0.00789021502916354    1.49090693230261e-11    1.90828695555319e-11    1.19526618187423e-11    0.314522562246826    7.37264535890031e-12    0.322412777329307
10.0999999999998    1.44873429953079e-05    1.49048522957527e-11    1.92986884713713e-11    1.19290837382156e-11    0.322398953901461    7.27094187050417e-12    0.32241344129786
10.1999999999998    0.00661668486865371    1.49142373093623e-11    1.92990429513894e-11    1.19504967368554e-11    0.315796198837473    7.17484989013764e-12    0.322412883759465
10.2999999999998    0.0268214512682378    1.49048598299614e-11    1.90165161414962e-11    1.2017980918688e-11    0.295589787340717    7.15353593812446e-12    0.322411238662048
10.3999999999998    0.0580341226915687    1.49351008643691e-11    1.87529185115656e-11    1.21404026614976e-11    0.2643747642965    6.90217388489261e-12    0.322408887040799
10.4999999999998    0.0965076122100127    1.4952016658732e-11    1.86490402126602e-11    1.22835688367489e-11    0.225898719456561    6.34258213296544e-12    0.322406331718801
10.5999999999998    0.138095292516543    1.49730194332398e-11    1.84126297379713e-11    1.2490406564864e-11    0.184308755989755    5.759616367632e-12    0.322404048557933
10.6999999999998    0.178972133195067    1.49935021432717e-11    1.79991503764247e-11    1.27101547925706e-11    0.143430238956687    5.26483778924561e-12    0.322402372202721
10.7999999999998    0.216154450983538    1.50245871651135e-11    1.75183550985922e-11    1.29632947240887e-11    0.106246997311705    4.74292200139624e-12    0.322401448345492
10.8999999999998    0.247744158952215    1.50484884375079e-11    1.71181217019021e-11    1.32344048699253e-11    0.0746570914271484    4.09321738801715e-12    0.322401250428857
10.9999999999998    0.272917571666916    1.50784751082781e-11    1.68156181128331e-11    1.34976952682872e-11    0.0494840639225557    3.36803328053773e-12    0.322401635638231
11.0999999999998    0.291737782597554    1.50944583332516e-11    1.64885746065144e-11    1.37971137999605e-11    0.0306646274761311    2.67688416571195e-12    0.322402410121743
11.1999999999998    0.304885205492777    1.51215667368699e-11    1.61990363227755e-11    1.40443701910592e-11    0.0175181763029604    2.06113859204786e-12    0.322403381843164
11.2999999999998    0.313384472540083    1.51427991815621e-11    1.58781850494016e-11    1.43052178582455e-11    0.00901991959658109    1.53067673682453e-12    0.322404392183521
11.3999999999998    0.318375640994189    1.5147569130143e-11    1.55835375901152e-11    1.4544097026734e-11    0.00402968641218525    1.06878827487668e-12    0.322405327452719
11.4999999999998    0.320948345934565    1.5179076155822e-11    1.53663188026154e-11    1.47233829371631e-11    0.00145777045166568    6.72003948408925e-13    0.322406116432172
11.5999999999998    0.322036732704583    1.51743612686693e-11    1.51873053147282e-11    1.4880573122833e-11    0.000369988034922647    3.53718407863918e-13    0.322406720785101
11.6999999999998    0.322362077958634    1.51797463172406e-11    1.50511281184999e-11    1.50073648228161e-11    4.50456390244168e-05    1.28610297731449e-13    0.322407123643026
11.7999999999998    0.322406919819686    1.51929753583138e-11    1.50130286037422e-11    1.50432603163727e-11    3.99740750704146e-07    1.25608935735057e-14    0.322407319605699
11.8999999999998    0.322406305962182    1.51919997177291e-11    1.49931869328592e-11    1.50629689624652e-11    1.00171418432059e-06    2.0565649261238e-14    0.322407307721635
11.9999999999998    0.322345977536255    1.5178515714352e-11    1.50477375510698e-11    1.5006073516119e-11    6.11104357154938e-05    1.6522745179444e-13    0.322407088017368
12.0999999999998    0.321962433792501    1.51843445587074e-11    1.51556812644974e-11    1.48922620086669e-11    0.000444227870361751    4.5429237646981e-13    0.32240666170855
12.1999999999998    0.320745185270055    1.51643072991637e-11    1.52974109143897e-11    1.47477647932603e-11    0.00166084977137307    8.82700818423988e-13    0.32240603508752
12.2999999999998    0.317946856090043    1.51521014795847e-11    1.55439178835228e-11    1.45264686683964e-11    0.00445837078854995    1.41569131381949e-12    0.322405226925231
12.3999999999998    0.312611864962679    1.51492798352895e-11    1.58683715823733e-11    1.42990372912378e-11    0.00979241372827243    1.98326085557944e-12    0.322404278738251
12.4999999999998    0.303638441161753    1.51071283310073e-11    1.6353236493384e-11    1.40323365798633e-11    0.0187648249850249    2.4921994024428e-12    0.322403266194763
12.5999999999998    0.289890103251976    1.51022317528458e-11    1.69620300597324e-11    1.37463708524236e-11    0.0325122048951948    2.91052716727057e-12    0.322402308195891
12.6999999999998    0.270368893499036    1.50731680585103e-11    1.75032916949838e-11    1.34761661319255e-11    0.0520326745487804    3.37237016269656e-12    0.322401568097241
12.7999999999998    0.244450671665453    1.50446828347324e-11    1.77724230260286e-11    1.3208943298338e-11    0.0779505684450215    4.11800917638307e-12    0.322401240160618
12.8999999999998    0.212160831647711    1.50208059174698e-11    1.77761550521183e-11    1.29375333775222e-11    0.110240683738189    5.18569818202288e-12    0.32240151543682
12.9999999999998    0.1744388613927    1.49953818390825e-11    1.79064312242653e-11    1.26942494823499e-11    0.147963665370869    6.13436835824223e-12    0.322402526815299
13.0999999999998    0.133310639609377    1.4970187650134e-11    1.86162526298272e-11    1.24657397534354e-11    0.189093643873773    6.42868051232834e-12    0.322404283535631
13.1999999999998    0.0918737165192499    1.49448953579946e-11    1.94892196906747e-11    1.22716762640954e-11    0.230532901533007    6.38152292969906e-12    0.322406618105344
13.2999999999998    0.0540210421213405    1.49259502466881e-11    1.9598255268845e-11    1.21194824743786e-11    0.268388133791161    6.92306967550452e-12    0.322409175966068
13.3999999999998    0.0238924816607034    1.4915072398659e-11    1.90978731180475e-11    1.20243381890699e-11    0.298518989610436    7.91239302535082e-12    0.322411471325089
13.4999999999998    0.00513995014619045    1.49136224087301e-11    1.92557086354357e-11    1.19406364745627e-11    0.317273057424891    8.08421702363502e-12    0.322413007625275
13.5999999999998    0.000184623634591004    1.48969360907273e-11    1.99771730769172e-11    1.19386997302682e-11    0.32222880312053    7.42519188628465e-12    0.322413426809359
13.6999999999998    0.00968449794226594    1.49119169403403e-11    2.00190724593406e-11    1.1958092801729e-11    0.312728129999759    7.25562413266844e-12    0.32241262799617
13.7999999999998    0.0323847457030722    1.49212300278209e-11    1.91849437583712e-11    1.20453804197016e-11    0.290026056527176    7.72100757668375e-12    0.32241080228412
13.8999999999997    0.0654013135598818    1.49300213333863e-11    1.87654084418969e-11    1.21757045272041e-11    0.257007053695259    7.54456041755797e-12    0.322408367308556
13.9999999999997    0.104842864703213    1.49546798777674e-11    1.90687413540768e-11    1.23229007550282e-11    0.217562967322333    6.50825935617859e-12    0.3224058320784
14.0999999999997    0.146574357625838    1.49819634796848e-11    1.90550734678184e-11    1.25320841123594e-11    0.175829293402103    5.67240565390979e-12    0.322403651080183
14.1999999999997    0.186908249053879    1.49988630610114e-11    1.83586560980984e-11    1.27718112219847e-11    0.135493872982059    5.41294571400291e-12    0.32240212208748
14.2999999999997    0.223070870201894    1.5031049737988e-11    1.75526126378518e-11    1.30164451870126e-11    0.099330482442281    5.15215638582062e-12    0.322401352694928
14.3999999999997    0.253390563709151    1.50506210243728e-11    1.70729279956621e-11    1.3302086909914e-11    0.0690107237059262    4.46655370016073e-12    0.322401287464969
14.4999999999997    0.277243116424354    1.50780247974023e-11    1.69282449151574e-11    1.3565038744696e-11    0.0451586516206265    3.50503990691737e-12    0.322401768094057
14.5999999999997    0.29484002033671    1.51136953833772e-11    1.67843914137755e-11    1.38448610439872e-11    0.0275625770732968    2.6208179623477e-12    0.322402597458371
14.6999999999997    0.306952835835325    1.51156669192457e-11    1.65271431419289e-11    1.41095290827758e-11    0.0154507525901325    1.95939817996821e-12    0.322403588473169
14.7999999999997    0.314646251012901    1.51484462890217e-11    1.61832426057036e-11    1.43567667412071e-11    0.00775834021855618    1.47203524845243e-12    0.322404591278618
14.8999999999997    0.31906139917993    1.51524415491455e-11    1.58284323368938e-11    1.45878923296671e-11    0.00334410211662065    1.06691915571338e-12    0.322405501343186
14.9999999999997    0.321263035062179    1.51746478904016e-11    1.55377988737285e-11    1.47806039889823e-11    0.00114321992417563    6.97726206864267e-13    0.322406255032545
15.0999999999997    0.322145417706368    1.5184776035181e-11    1.53273619665635e-11    1.49328134057877e-11    0.000261401535079458    3.72500202101868e-13    0.322406819287265
15.1999999999997    0.322382641915376    1.51743741785079e-11    1.51931238585794e-11    1.50419368832403e-11    2.45383368205889e-05    1.26702469827047e-13    0.322407180297733
15.2999999999997    0.322407299753981    1.52008595746328e-11    1.5133329670734e-11    1.50964392707875e-11    3.4225828999525e-08    5.22602617433899e-15    0.322407334025246
15.3999999999997    0.322403803644293    1.51862700736545e-11    1.51323544272264e-11    1.50959658689998e-11    3.47618957994394e-06    5.79017053124624e-14    0.322407279879346
15.4999999999997    0.322307188965798    1.51766576893659e-11    1.51617608098602e-11    1.50513387284742e-11    9.98289795847578e-05    3.38453536492639e-13    0.322407017991111
15.5999999999997    0.321803423622642    1.51847011873301e-11    1.52470531823385e-11    1.49259379877033e-11    0.000603126506183573    8.91492786639011e-13    0.322406550175075
15.6999999999997    0.32033262687061    1.51649192429884e-11    1.53602765781796e-11    1.47692136120168e-11    0.00207325763608587    1.71348764283534e-12    0.322405884553704
15.7999999999997    0.317101926163099    1.51462938540793e-11    1.56292848234555e-11    1.45538016326737e-11    0.00530311740794934    2.68102229409668e-12    0.322405043619059
15.8999999999997    0.311119622776292    1.51426512561176e-11    1.6246325154836e-11    1.42875466135615e-11    0.0112844520927571    3.50230887310168e-12    0.322404074918228
15.9999999999997    0.301265986519384    1.51091909479334e-11    1.73666466970952e-11    1.40091350216308e-11    0.0211370757649363    3.82397568298944e-12    0.322403062334629
16.0999999999997    0.286416545809698    1.5093434726285e-11    1.88874541986944e-11    1.37070838024421e-11    0.0359855882224805    3.5998880629917e-12    0.322402134083467
16.1999999999997    0.265628478225639    1.50730362087741e-11    2.00382261110812e-11    1.34185288326607e-11    0.0567729832261347    3.53500359205062e-12    0.322401461503839
16.2999999999997    0.23838676153769    1.5029997557164e-11    1.98293062909817e-11    1.31598302446555e-11    0.0840144801039787    4.78539776266746e-12    0.322401241694473
16.3999999999998    0.204882844799479    1.50225979080587e-11    1.84583292494304e-11    1.29176259331237e-11    0.117518814054079    7.40670805937793e-12    0.322401658907363
16.4999999999998    0.16626781412461    1.49942049468171e-11    1.80735443765702e-11    1.26716719200223e-11    0.156135012026809    9.24289426232009e-12    0.3224028262064
16.5999999999998    0.124794287384341    1.4954057405932e-11    2.03337863933751e-11    1.24373161988726e-11    0.19761043282535    8.2742712360953e-12    0.322404720265691
16.6999999999998    0.0837531287157053    1.49470523232488e-11    2.29256445115217e-11    1.22418383788446e-11    0.238654005712249    6.56479609818134e-12    0.322407134484634
16.7999999999998    0.0471398805195787    1.49259530181147e-11    2.20384791073935e-11    1.21031287585134e-11    0.275269800191065    8.08727856209653e-12    0.322409680767798
16.8999999999998    0.0190580638122413    1.49103592260744e-11    1.93513966534327e-11    1.20298082534884e-11    0.303353795834502    1.13212651812107e-11    0.322411859704356
16.9999999999999    0.00296588204616194    1.49101355319303e-11    2.01908671018234e-11    1.19562448939803e-11    0.319447308761505    1.08523098114299e-11    0.322413190865577
17.0999999999999    0.000958667680780788    1.48978110276404e-11    2.33325185472717e-11    1.19373509010627e-11    0.321454693234275    7.76010866334517e-12    0.322413360972984
17.1999999999999    0.0133033792296998    1.49208173142462e-11    2.29430110167819e-11    1.19830037823454e-11    0.30910894972602    7.95825021160232e-12    0.322412329013525
17.2999999999999    0.0383777729227727    1.49152037239592e-11    1.96902807258121e-11    1.20896255569098e-11    0.284032567441044    1.07072792838484e-11    0.322410340421219
17.3999999999999    0.0730347990118161    1.4934484092236e-11    1.9124039563072e-11    1.22248433748293e-11    0.249373044565888    1.04275473185179e-11    0.322407843634415
17.4999999999999    0.113271171045384    1.49702107599988e-11    2.13975748555665e-11    1.23704448340301e-11    0.209134176525986    7.23131108475561e-12    0.32240534762734
17.6    0.154992518777937    1.49712886280014e-11    2.20656752016981e-11    1.25829164499684e-11    0.167410762370381    5.66626673680032e-12    0.322403281203604
17.7    0.194668230468517    1.50141690590116e-11    1.99846370499008e-11    1.28307185771717e-11    0.127733673393939    6.68138569313167e-12    0.322401903916967
17.8    0.229742290694348    1.50348214026737e-11    1.77254654048887e-11    1.31139048017884e-11    0.0926589957381405    7.49901322663748e-12    0.322401286485862
17.9    0.2587669145117    1.50522915640148e-11    1.71704811480542e-11    1.33836488546085e-11    0.0636344326167139    6.44958204350552e-12    0.32240134718047
18    0.281308289909911    1.5091782405719e-11    1.77888459863647e-11    1.36411702376943e-11    0.0410936249578627    4.39081973716126e-12    0.322401914918686
18.1    0.297714672337937    1.51097727249283e-11    1.83193658475265e-11    1.3905183834297e-11    0.0246881189561025    2.71468661992524e-12    0.322402791344089
18.2    0.308837601597025    1.51208816322382e-11    1.82293919417812e-11    1.41655660130116e-11    0.0135661937888857    1.87998142841884e-12    0.322403795435306
18.3000000000001    0.315772826330131    1.51540622877328e-11    1.76776244446564e-11    1.44187035274624e-11    0.00663196002453377    1.57210877752932e-12    0.322404786403487
18.4000000000001    0.319656261527795    1.5158768514803e-11    1.69989039603963e-11    1.46667396981946e-11    0.00274940709388716    1.35805250225312e-12    0.322405668669865
18.5000000000001    0.321523942222342    1.51703829628418e-11    1.64472641191305e-11    1.48696601550187e-11    0.000882443471611475    1.02737696881656e-12    0.322406385741469
18.6000000000001    0.322228243539683    1.51895546702977e-11    1.6061116251289e-11    1.50492066003025e-11    0.000178665772559849    5.94858421996332e-13    0.322406909359137
18.7000000000001    0.322395242513586    1.51781836541615e-11    1.58497304989318e-11    1.51759005466301e-11    1.19858162386937e-05    1.91706972074797e-13    0.322407228376221
18.8000000000001    0.322407339789127    1.51927705907704e-11    1.57667002545924e-11    1.52449907836998e-11    1.79561119835285e-11    2.85130471047665e-16    0.322407339853288
18.9000000000002    0.322398276213675    1.51908849056388e-11    1.57169556348099e-11    1.52819370696855e-11    8.96718755390985e-06    2.40356275653717e-13    0.32240724344766
19.0000000000002    0.322252389547643    1.5179314892373e-11    1.56543535601056e-11    1.52487841494658e-11    0.000154549840142983    1.16376573499356e-12    0.322406939435033
19.1000000000002    0.321605227031676    1.51762166705723e-11    1.55233917013746e-11    1.51502907756035e-11    0.000801203340244459    2.9826808073345e-12    0.322406430420753
19.2000000000002    0.319848008946053    1.51650813910669e-11    1.54405509160597e-11    1.49945345694486e-11    0.00255771769503927    5.6576917226803e-12    0.32240572669235
19.3000000000002    0.316143726182813    1.51435116988424e-11    1.59615776591968e-11    1.47464310704604e-11    0.00626112867420051    8.55363901926836e-12    0.322404854911419
19.4000000000002    0.309467433441398    1.5138072601103e-11    1.80347488332057e-11    1.44322372879148e-11    0.0129364356351177    1.02599926209687e-11    0.322403869134381
19.5000000000002    0.298686497402443    1.51105275640075e-11    2.24650268164091e-11    1.40622771658069e-11    0.0237163643469784    9.23651560104218e-12    0.322402861810296
19.6000000000003    0.282696165719029    1.50800818277159e-11    2.82993178427356e-11    1.36729808385298e-11    0.0397058046607296    5.75686196331378e-12    0.322401970442568
19.7000000000003    0.260619010435563    1.50724238262373e-11    3.15960364501679e-11    1.33727282869387e-11    0.0617823631558916    3.7292087692651e-12    0.322401373655225
19.8000000000003    0.232060836384553    1.50289991560366e-11    2.81776744174829e-11    1.31511887546096e-11    0.0903404333365001    8.38005545990852e-12    0.322401269785791
19.9000000000003    0.19738990196064    1.50115491144936e-11    2.037623403088e-11    1.29757417611833e-11    0.125011931807164    1.85071258836715e-11    0.322401833834675
20.0000000000003    0.157975082436428    1.49877617362384e-11    1.90605767178098e-11    1.27402506349331e-11    0.164428073753217    2.30355674611223e-11    0.322403156259469
20.1000000000003    0.116293355027681    1.49538472910621e-11    2.98598162439447e-11    1.24369062599056e-11    0.206111824023971    1.4776555734489e-11    0.322405179123679
20.2000000000004    0.0758151025395666    1.49420432596655e-11    3.90273920406063e-11    1.22119282798274e-11    0.246592554105606    6.71440307169528e-12    0.322407656718069
20.3000000000004    0.0406134429458479    1.49249586358358e-11    3.12310509607301e-11    1.21347147644149e-11    0.281796727315473    1.5218226260858e-11    0.32241017033483
20.4000000000004    0.0147237578161329    1.49045304043352e-11    1.96165764115369e-11    1.2114931793775e-11    0.307688454585464    2.78289913579755e-11    0.322412212476062
20.5000000000004    0.00138012869776465    1.49086517400189e-11    2.64876152870042e-11    1.20111390250179e-11    0.321033196408196    2.16263205783028e-11    0.322413325180994
20.6000000000004    0.00233226964976769    1.49077176972566e-11    3.98909504857441e-11    1.19453534713191e-11    0.320080974741873    8.27475287063048e-12    0.32241324446666
20.7000000000004    0.0174535155570295    1.49088692142801e-11    3.47676890676271e-11    1.20388141344446e-11    0.304958474166557    1.30867877140302e-11    0.322411989798389
20.8000000000005    0.0447696919824818    1.49305717352941e-11    2.08383223843576e-11    1.22096430316193e-11    0.277640165301528    2.58966631537809e-11    0.322409857357885
20.9000000000005    0.0808991099652856    1.49339396931894e-11    2.214125673329e-11    1.23461053277338e-11    0.241508210244875    2.26550414903897e-11    0.322407320282237
21.0000000000005    0.121758871997625    1.49674771193395e-11    3.37844028176377e-11    1.24171728029617e-11    0.200646009452927    9.47841262335537e-12    0.3224048815212
21.1000000000005    0.163322795028777    1.49915701117052e-11    3.57210904499646e-11    1.2647354534084e-11    0.159080145357441    6.5352640874291e-12    0.322402940456114
21.2000000000005    0.20223427760804    1.50112148629875e-11    2.63354099605531e-11    1.29685936281527e-11    0.120167439987337    1.41883499482812e-11    0.322401717663881
21.3000000000005    0.236160297571075    1.50359708844832e-11    1.82804952143453e-11    1.33033726084166e-11    0.0862409509587563    1.90349478742315e-11    0.322401248595486
21.4000000000005    0.263872730412762    1.50673151845327e-11    1.82068121568345e-11    1.35663045304674e-11    0.0585286974572443    1.54010239674477e-11    0.322401427932248
21.5000000000006    0.285118270754416    1.50941846790936e-11    2.25753661391482e-11    1.37601739603694e-11    0.0372838036192987    8.1968318841277e-12    0.322402074433342
21.6000000000006    0.300370193744993    1.51051706220628e-11    2.58976937381833e-11    1.39694194979385e-11    0.0220327965618112    3.25912090618747e-12    0.322402990365036
21.7000000000006    0.310549197789922    1.51360955712898e-11    2.62449721252593e-11    1.4228804762273e-11    0.0118548038537433    1.93307979179382e-12    0.322404001701208
21.8000000000006    0.316773634567674    1.51516586976633e-11    2.45834155905498e-11    1.45343152938462e-11    0.00563134228085391    2.48847100594852e-12    0.322404976905286
21.9000000000006    0.320168442749913    1.51649581841311e-11    2.24398342596097e-11    1.48535831813313e-11    0.0022373862708945    3.01404158493363e-12    0.32240582907628
22.0000000000006    0.321737528114135    1.51692273692191e-11    2.07007587958714e-11    1.51635132860834e-11    0.000668980232210961    2.68310149830991e-12    0.322406508400063
22.1000000000007    0.322289673764359    1.51845517257227e-11    1.95954891016339e-11    1.54554545469173e-11    0.000117317133601071    1.62230510685138e-12    0.322406990949818
22.2000000000007    0.32240226391099    1.51930769495862e-11    1.90461962354667e-11    1.57010731558621e-11    5.0039092753943e-06    4.49764988212135e-13    0.322407267870655
22.3000000000007    0.322407328947524    1.51863562410463e-11    1.88083054333241e-11    1.59040394768707e-11    8.09214551385514e-09    2.32228886324275e-14    0.322407337089592
22.4000000000007    0.322387916980636    1.51875688713195e-11    1.85220961508328e-11    1.60815790521691e-11    1.92813982540086e-05    1.40862428519654e-12    0.32240719843009
22.5000000000007    0.322177685204211    1.51825449410043e-11    1.78299637389098e-11    1.61826251912244e-11    0.000229167123850615    5.82855093335691e-12    0.322406852383085
22.6000000000007    0.321361918789684    1.51742136679756e-11    1.65528622254558e-11    1.62043445253351e-11    0.00104438371457237    1.42262126793733e-11    0.322406302566414
22.7000000000007    0.319283562217432    1.51589278710449e-11    1.55855108940461e-11    1.60766121079561e-11    0.0031219995052588    2.61040431438677e-11    0.322405561795616
22.8000000000008    0.315063081492893    1.51479315691383e-11    1.78931890477396e-11    1.57269309074529e-11    0.00734157978454968    3.78392379208501e-11    0.322404661364049
22.9000000000008    0.307645547651003    1.51261505810119e-11    2.83867858286082e-11    1.51519563246223e-11    0.0147581145548759    4.22058586552596e-11    0.322403662306749
23.0000000000008    0.295890994568161    1.51061106879273e-11    5.01604052520108e-11    1.44000024541214e-11    0.0265116712541426    3.25304785051462e-11    0.322402665934501
23.1000000000008    0.278722651421732    1.50841932725734e-11    7.6311351073737e-11    1.36995929814955e-11    0.0436791673610533    1.28363539727317e-11    0.322401818900717
23.2000000000008    0.255339167225021    1.50615108349386e-11    8.62368811647071e-11    1.33380088871261e-11    0.0670621389013343    4.69301656956876e-12    0.322401306245685
23.3000000000008    0.225478927899699    1.50249064098958e-11    6.2626088913199e-11    1.33520306371747e-11    0.0969223977356634    3.09444079612161e-11    0.32240132575731
23.4000000000009    0.189697149868708    1.50038620344307e-11    2.50761818521566e-11    1.34311572814451e-11    0.132704890604695    7.68897318585681e-11    0.322402040603804
23.5000000000009    0.149585259927281    1.49883170818668e-11    2.80285355379521e-11    1.31399400426256e-11    0.172818255835201    8.56577826684647e-11    0.322403515904297
23.6000000000009    0.107840052437367    1.49432076862077e-11    8.41719511689965e-11    1.25251636839531e-11    0.214565604791889    3.71123604494351e-11    0.322405657378009
23.7000000000009    0.0680952079604459    1.49406191921789e-11    1.15037592697129e-10    1.21978598137135e-11    0.254312972648908    7.99323431203007e-12    0.322408180759523
23.8000000000009    0.0344745228149493    1.49237478779756e-11    6.4775079132354e-11    1.23958160872973e-11    0.287936117290426    5.97869492550881e-11    0.322410640257257
23.9000000000009    0.0109129784321716    1.49003071704135e-11    1.98346191703896e-11    1.25423581181556e-11    0.311499547583292    1.08095841721553e-10    0.322412526170836
24.000000000001    0.000391568122762136    1.49127182303574e-11    6.75919015471025e-11    1.22084280262089e-11    0.322021840914939    6.2225041296893e-11    0.322413409194639
24.100000000001    0.00429772975776287    1.49062885382517e-11    1.21507325062029e-10    1.19514979129418e-11    0.318115348572227    8.41553434701342e-12    0.322413078486771
24.200000000001    0.0221124021058812    1.49080803957728e-11    8.10228792815389e-11    1.22819516425242e-11    0.300299211439311    4.79434763067084e-11    0.322411613701349
24.300000000001    0.0515281733709684    1.49338707554906e-11    2.23142388429276e-11    1.26998028971817e-11    0.27088118395819    1.02089442691604e-10    0.322409357481196
24.400000000001    0.0889586557496988    1.49470523752618e-11    4.45700713809543e-11    1.26665728212546e-11    0.233448145468275    7.28755624594548e-11    0.322406801363033
24.500000000001    0.130273342900557    1.49670966021842e-11    9.85419770711015e-11    1.24995123282422e-11    0.192131093564237    1.50749012561951e-11    0.322404436605877
24.600000000001    0.171539949684448    1.49932041800673e-11    9.70496265942233e-11    1.27817498720852e-11    0.150862680202424    1.51669528618022e-11    0.322402630026863
24.7000000000011    0.20959054748225    1.50161625757595e-11    5.03361530955988e-11    1.34464843231346e-11    0.112811015416232    5.60737504774528e-11    0.322401563033355
24.8000000000011    0.242318245148851    1.50490278036554e-11    1.93462616451601e-11    1.39784167214165e-11    0.0800829924773089    7.46988188797428e-11    0.322401237749232
24.9000000000011    0.268708877658817    1.50706957041112e-11    2.58607019055813e-11    1.41173010648456e-11    0.0536926502671938    5.46788322707274e-11    0.322401528035739
25.0000000000011    0.288679090197579    1.50912484411298e-11    4.84520984578128e-11    1.40314784047779e-11    0.0337231546962749    2.32800138793191e-11    0.322402244994709
25.1000000000011    0.302815440484626    1.51186173239091e-11    6.32799486843973e-11    1.40603779662824e-11    0.0195877525990322    5.05354823390867e-12    0.322403193181171
25.2000000000011    0.312097369769464    1.51385314833707e-11    6.42072453315449e-11    1.43396168428884e-11    0.0103068364561836    2.91289910149804e-12    0.322404206322246
25.3000000000012    0.317657925518638    1.51483275373059e-11    5.67700428556135e-11    1.48901686018314e-11    0.00474723658515592    7.76602870129627e-12    0.322405162198368
25.4000000000012    0.320605832626078    1.51704995638355e-11    4.77684438048607e-11    1.56132979305713e-11    0.00180014953847277    1.12467590754213e-11    0.32240598225435
25.5000000000012    0.321909860186488    1.51780487904258e-11    4.08234962252799e-11    1.63973498637259e-11    0.000496762608821418    1.02631144204859e-11    0.322406622877972
25.6000000000012    0.322333752593446    1.51796467568711e-11    3.6693053601916e-11    1.72105506334439e-11    7.33113532335121e-05    5.86794230603366e-12    0.322407064021631
25.7000000000012    0.322405664654652    1.51919659350521e-11    3.476375604921e-11    1.80496547871179e-11    1.63405286246977e-06    1.19893961768712e-12    0.322407298776719
25.8000000000012    0.322407130161415    1.51908025295179e-11    3.3831738762566e-11    1.8890956129931e-11    1.9550445815698e-07    5.39934719959313e-13    0.322407325734326
25.9000000000012    0.322370493523916    1.5188598526154e-11    3.21337472803372e-11    1.9736126199483e-11    3.66512328489764e-05    9.27214379659957e-12    0.322407144833095
26.0000000000013    0.322078761598213    1.5175676403011e-11    2.77435922189931e-11    2.05216661775118e-11    0.000327995185820775    3.34201093783493e-11    0.322406756880894
26.1000000000013    0.321067177392198    1.51751432028751e-11    2.04722161367477e-11    2.10378583708397e-11    0.00133898923449733    7.69549475075762e-11    0.322406166760335
26.2000000000013    0.318631185466107    1.5159595468574e-11    1.60765093219234e-11    2.10151368595911e-11    0.00377420454839928    1.35382022869873e-10    0.32240539020214
26.3000000000013    0.313850618037866    1.51360253602997e-11    3.12543717272223e-11    2.01347196867816e-11    0.00855384531371801    1.87559805532675e-10    0.322404463605669
26.4000000000013    0.305644245439262    1.51314949087537e-11    9.08703547082411e-11    1.82666961167156e-11    0.0167592096756263    1.96049740275817e-10    0.322403455435207
26.5000000000013    0.292870870260441    1.51035000718069e-11    2.04524864010179e-10    1.58294010563221e-11    0.0295316054661448    1.33347415857386e-10    0.322402476095391
26.6000000000014    0.274490508648416    1.50710376922567e-11    3.2575836393428e-10    1.38539632495254e-11    0.0479111720880212    3.43845677552661e-11    0.322401681125505
26.7000000000014    0.249788937667203    1.50549565771951e-11    3.46324910555499e-10    1.34650589388136e-11    0.0726123228763625    1.69106446222159e-11    0.322401260935321
26.8000000000014    0.218648812084294    1.50307085260901e-11    2.02280382119624e-10    1.4675255817619e-11    0.103752598298393    1.74018737425392e-10    0.322401410788692
26.9000000000014    0.18182169009595    1.4992461091239e-11    3.28802718715567e-11    1.57368221378878e-11    0.140580588794797    3.85691495746229e-10    0.322402279340047
27.0000000000014    0.141124716039985    1.49764818162661e-11    1.03127806976334e-10    1.48651546590114e-11    0.181279187193849    3.67747653220861e-10    0.322403903734551
27.1000000000014    0.0994676921928051    1.49530261424643e-11    3.91378089066033e-10    1.28271468068431e-11    0.22293845926245    1.06927286759366e-10    0.322406151981341
27.2000000000015    0.0606289881254352    1.49299009433427e-11    4.69529644561207e-10    1.236202611304e-11    0.261779713739979    3.20600032938408e-11    0.322408702394296
27.3000000000015    0.0287545235146901    1.49188742142216e-11    1.78266227275833e-10    1.38849495127601e-11    0.293656562154807    3.31015771843073e-10    0.322411086207583
27.4000000000015    0.00764652172837722    1.4903922144723e-11    3.19035568745154e-11    1.44308589170648e-11    0.314766275385111    4.92344735281346e-10    0.322412797667071
27.5000000000015    5.7515855283752e-06    1.49083270349411e-11    3.24886184167365e-10    1.28200147007335e-11    0.322407689898048    2.055943546973e-10    0.322413442041786
27.6000000000015    0.00684407366608247    1.49066129463483e-11    5.17275914156218e-10    1.2024225059236e-11    0.315568790505607    1.33315912456791e-11    0.322412864729228
27.7000000000015    0.0272550539278748    1.4919138263355e-11    2.53323560192929e-10    1.3576729019743e-11    0.295156149907606    2.71691422835878e-10    0.322411204388992
27.8000000000015    0.058619676921051    1.49320355829519e-11    2.25828103105413e-11    1.47983773860877e-11    0.263789167772619    4.78257445994526e-10    0.322408845224241
27.9000000000016    0.0971779864455358    1.49471582912205e-11    1.97822286820114e-10    1.37801590525406e-11    0.225228303848796    2.72419450189985e-10    0.3224062907933
28.0000000000016    0.138783178345822    1.49805926849677e-11    4.34088346898881e-10    1.25748523304803e-11    0.183620836569851    2.43628689283512e-11    0.32240401540168
28.1000000000016    0.179620572239284    1.49938201888334e-11    3.69792451814869e-10    1.3477558418385e-11    0.142781778052761    8.41181889998488e-11    0.322402350774428
28.2000000000016    0.216723143198409    1.50216575978977e-11    1.37316057237769e-10    1.56361381440415e-11    0.105678295832543    2.85957502796998e-10    0.322401439484884
28.3000000000016    0.248211184360079    1.50541838214735e-11    2.08358243239268e-11    1.68132981451402e-11    0.0741900677897404    3.42453433232699e-10    0.322401252544977
28.4000000000016    0.273277470371538    1.50766110259405e-11    7.77728799134982e-11    1.62197356205156e-11    0.0491241750777821    2.25895438725703e-10    0.322401645784285
28.5000000000017    0.291997533995137    1.50974588183273e-11    1.88264263450706e-10    1.4875602895044e-11    0.0304048907116677    8.11691060614708e-11    0.322402425006211
28.6000000000017    0.305059588772183    1.51205928690082e-11    2.49907156011182e-10    1.41785681330636e-11    0.017343809468226    9.7881042238886e-12    0.322403398529403
28.7000000000017    0.31349185605975    1.51438085576529e-11    2.46615549618335e-10    1.47638331820558e-11    0.00891255208220535    1.05323500292382e-11    0.322404408429011
28.8000000000017    0.318434727316983    1.51526607138055e-11    2.09068772585832e-10    1.65712960004909e-11    0.00397061416766196    3.66527538819573e-11    0.32240534176209
28.9000000000017    0.320975977313848    1.5172241208095e-11    1.67932422546934e-10    1.91565385879877e-11    0.00143015037188655    5.16236962676678e-11    0.322406127939619
29.0000000000017    0.322046604695612    1.51751469413717e-11    1.37773229443836e-10    2.21698689816007e-11    0.000360124154655196    4.45677907634982e-11    0.322406729069953
29.1000000000017    0.32236410255659    1.51885748510654e-11    1.20769307900383e-10    2.5491231005082e-11    4.30258064866839e-05    2.2818744680514e-11    0.322407128547345
29.2000000000018    0.322406977373155    1.51954711579835e-11    1.13402745362518e-10    2.9054627783748e-11    3.43558757658686e-07    2.7873126234033e-12    0.322407321092353
29.3000000000018    0.322406180232815    1.51763231540185e-11    1.09108569446095e-10    3.29238969230665e-11    1.12539088992407e-06    6.56851495768205e-12    0.322407305787482
29.4000000000018    0.322343348025729    1.5193328061302e-11    9.87239148931211e-11    3.70103836577922e-11    6.37344286570805e-05    6.19349330767624e-11    0.322407082667248
29.5000000000018    0.321950886814134    1.51840096226366e-11    7.31475257535381e-11    4.0848549182537e-11    0.000455765847174151    1.98708019155367e-10    0.322406652989196
29.6000000000018    0.320714293859058    1.51644744584614e-11    3.46480944122397e-11    4.35374383561156e-11    0.00169172879744285    4.32127533545055e-10    0.322406023181978
29.7000000000018    0.31788246572997    1.51561006615538e-11    2.0583862510045e-11    4.36580599241368e-11    0.00452274576496372    7.27377210773322e-10    0.322405212301709
29.8000000000019    0.312496799897937    1.51389454517029e-11    1.25432639495682e-10    3.97280010998149e-11    0.00990746129566494    9.60942838675755e-10    0.322404262334845
29.9000000000019    0.30345389590378    1.51248502948911e-11    4.7243037602252e-10    3.14883760132237e-11    0.0189493522378452    9.39761615251896e-10    0.322403249600431
