0 0 0
1 2.05143497540938e-22 6.61394237715117e-23
2 2.14414611646695e-22 6.91281039762223e-23
2.99999999999998 1.84987398862884e-22 5.96421915262439e-23
3.99999999999996 1.97665922125087e-22 6.37277741079355e-23
4.99999999999994 2.31776574902178e-22 7.47264370944623e-23
5.99999999999992 2.00897320317321e-22 6.47697024210788e-23
6.9999999999999 1.94956558199139e-22 6.28553284715435e-23
7.99999999999987 2.2544842749289e-22 7.26859189804662e-23
8.99999999999985 2.28620434455466e-22 7.370802187419e-23
9.99999999999983 2.0215459865094e-22 6.51772256009414e-23
10.9999999999998 2.15062223801573e-22 6.93364127176232e-23
11.9999999999998 2.51900716311113e-22 8.12145764153539e-23
12.9999999999998 2.23864310076986e-22 7.21744192325799e-23
13.9999999999997 2.1947360032598e-22 7.07595687323354e-23
14.9999999999997 2.5077116069725e-22 8.08501907905588e-23
15.9999999999997 2.75284200242984e-22 8.87524691706765e-23
16.9999999999999 2.47583157516278e-22 7.98240758193993e-23
18 2.5904001564004e-22 8.35149970829128e-23
19.0000000000002 3.28322370428353e-22 1.05853410597863e-22
20.0000000000003 3.54524586131513e-22 1.14299845540385e-22
21.0000000000005 3.66028943921412e-22 1.18009518298309e-22
22.0000000000006 3.88442626578369e-22 1.25236430948873e-22
23.0000000000008 8.31309877230447e-22 2.68016520636778e-22
24.000000000001 7.2938708157943e-22 2.3516417559454e-22
25.0000000000011 6.88012770572046e-22 2.21816861817466e-22
26.0000000000013 1.46703247863658e-21 4.72981183676189e-22
27.0000000000014 2.69861137888834e-21 8.70042843216121e-22
28.0000000000016 2.9066247841163e-21 9.37107501665002e-22
29.0000000000017 2.77514744807327e-21 8.94726211420079e-22
