0    -2.24044291028511e-23    2.25197700335253e-25    2.74185411744569e-13    3.75699615918956e-11    5.23627168646327e-07    6.12943403520224e-06
0.1    -7.44961711335385e-18    -1.31986242847236e-16    3.63294923400845e-13    2.71419918243755e-11    6.02739515380272e-07    5.20979767595398e-06
0.2    -2.415446846383e-17    -2.00147812110031e-16    3.61728830211423e-13    2.90202751304776e-11    6.01438966322787e-07    5.38704697682112e-06
0.3    -4.87509920059404e-17    -3.02337839100122e-16    3.03323690144866e-13    3.45376555770272e-11    5.50748300174287e-07    5.87687464363732e-06
0.4    -8.57059029638541e-17    -4.32942347601617e-16    3.49350281298637e-13    2.83505025979331e-11    5.91058610713555e-07    5.32451900155621e-06
0.5    -1.33220571430976e-16    -5.06361523658422e-16    3.44396237049286e-13    3.09275083342068e-11    5.8685282401066e-07    5.56125060882953e-06
0.6    -1.86455111473024e-16    -5.63306601924875e-16    3.37859703981326e-13    3.07788586437824e-11    5.81257003382605e-07    5.5478697392587e-06
0.7    -2.46671881421479e-16    -6.38778548461025e-16    3.42229839697454e-13    3.02186249675837e-11    5.85004136478926e-07    5.49714698435322e-06
0.8    -3.12622636529058e-16    -6.70928436184919e-16    3.40534704443223e-13    3.07703843414244e-11    5.8355351463531e-07    5.54710594287007e-06
0.900000000000001    -3.79990857378614e-16    -6.7734495064839e-16    3.47532401181705e-13    3.01116930904942e-11    5.89518787810622e-07    5.48741223988997e-06
1    -4.48618859600016e-16    -6.96728575932853e-16    3.46583518330782e-13    3.0194008276751e-11    5.88713443307338e-07    5.49490748573176e-06
1.1    -5.190912279874e-16    -7.09863987620087e-16    3.40992624802308e-13    3.07353775435196e-11    5.83945737892065e-07    5.54394963392703e-06
1.2    -5.90259327868534e-16    -7.13773651068312e-16    3.47489415252483e-13    3.02045163214766e-11    5.89482328193546e-07    5.49586356467085e-06
1.3    -6.62045411858373e-16    -7.2230134085572e-16    3.50363690731784e-13    2.99192749366342e-11    5.91915273271254e-07    5.46985145471375e-06
1.4    -7.34556152022737e-16    -7.26552157169418e-16    3.43272531438022e-13    3.07778410419576e-11    5.85894641926364e-07    5.54777802745906e-06
1.5    -8.07102665187413e-16    -7.22834558618891e-16    3.4794550991152e-13    3.00074788673044e-11    5.89869061666672e-07    5.47790825656148e-06
1.6    -8.78750175627754e-16    -7.08348041911453e-16    3.4676637845908e-13    3.04234062184337e-11    5.88868727696657e-07    5.51574167437468e-06
1.7    -9.48492700073423e-16    -6.84356515617563e-16    3.47309976349314e-13    3.03061821779191e-11    5.89330108130675e-07    5.50510510144167e-06
1.8    -1.01479416318632e-15    -6.35919052925821e-16    3.47249794913378e-13    3.02010040150945e-11    5.89279046728609e-07    5.49554401448069e-06
1.9    -1.07469116777038e-15    -5.57636968135436e-16    3.43444327796907e-13    3.06288114025084e-11    5.86041233870883e-07    5.53433025780974e-06
2    -1.12505966840844e-15    -4.40209082233665e-16    3.46074832037466e-13    3.02879792392919e-11    5.88281252495323e-07    5.50345157508376e-06
2.1    -1.16109571915351e-15    -2.76979250957449e-16    3.45290778997523e-13    3.03728878182126e-11    5.87614481609774e-07    5.51116029690778e-06
2.2    -1.18034056621375e-15    -1.03796963632628e-16    3.4128115615806e-13    3.06506523972488e-11    5.8419273887824e-07    5.53630313451574e-06
2.29999999999999    -1.17943175723885e-15    1.37905947043223e-16    3.41353090948323e-13    3.05799196030072e-11    5.84254303320329e-07    5.52991135580013e-06
2.39999999999999    -1.15109073617484e-15    4.29790289763559e-16    3.41472696049562e-13    3.04903644580353e-11    5.843566514121e-07    5.52180807870351e-06
2.49999999999999    -1.09255783768907e-15    7.55392441063155e-16    3.38067598401662e-13    3.0832592356142e-11    5.81435807636288e-07    5.55271036126881e-06
2.59999999999999    -9.97026638779116e-16    1.15917757424554e-15    3.37807621021275e-13    3.06267614135703e-11    5.81212199649383e-07    5.53414504811451e-06
2.69999999999999    -8.62654163454194e-16    1.51657580591991e-15    3.3525094290082e-13    3.09128605806236e-11    5.79008586206474e-07    5.55993350505414e-06
2.79999999999998    -6.93455638246511e-16    1.87673311177614e-15    3.35546334136606e-13    3.08223727616307e-11    5.79263613682584e-07    5.5517900502118e-06
2.89999999999998    -4.88072173871778e-16    2.20681629829056e-15    3.35195145209545e-13    3.07752138065391e-11    5.78960400381188e-07    5.54754123973306e-06
2.99999999999998    -2.57535682157567e-16    2.38999913727627e-15    3.32225588452643e-13    3.10907029148903e-11    5.76390135630931e-07    5.57590377561255e-06
3.09999999999998    -9.1047114295501e-18    2.58707672965631e-15    3.34139462544543e-13    3.0846415206691e-11    5.78047975988622e-07    5.55395491579568e-06
3.19999999999998    2.57423303045821e-16    2.70809802581476e-15    3.34537664527949e-13    3.08927101944366e-11    5.78392310225464e-07    5.55812110289409e-06
3.29999999999997    5.25658696616793e-16    2.63928204251793e-15    3.33779778221314e-13    3.0960134792332e-11    5.77736772433012e-07    5.56418320981005e-06
3.39999999999997    7.85512528878346e-16    2.55989365088798e-15    3.34795501804047e-13    3.0888708493586e-11    5.78615158636591e-07    5.5577611044004e-06
3.49999999999997    1.03395415970078e-15    2.37290832506163e-15    3.36164342327403e-13    3.08121285296342e-11    5.79796811242873e-07    5.55086736732506e-06
3.59999999999997    1.25533520468054e-15    2.05660645841483e-15    3.36927845904287e-13    3.0824053211488e-11    5.80454861211694e-07    5.55194139121515e-06
3.69999999999997    1.44865593897417e-15    1.82158803698771e-15    3.38132979979633e-13    3.06784827917874e-11    5.81492029162596e-07    5.53881600992372e-06
3.79999999999996    1.61831117951574e-15    1.55705865713301e-15    3.38126522438793e-13    3.07769141928481e-11    5.81486476574299e-07    5.54769449346736e-06
3.89999999999996    1.75982792860837e-15    1.28591351110546e-15    3.4056786477497e-13    3.05749219836189e-11    5.8358192636079e-07    5.5294594657723e-06
3.99999999999996    1.87749080778919e-15    1.06765686307754e-15    3.41677748264625e-13    3.05133925292279e-11    5.84532076335102e-07    5.52389287814562e-06
4.09999999999996    1.97291838832378e-15    8.45363049890517e-16    3.4134763521037e-13    3.06099906563668e-11    5.84249634326261e-07    5.53262963303769e-06
4.19999999999995    2.04891079189709e-15    6.87167233096716e-16    3.43552235213462e-13    3.03989122538826e-11    5.8613329133693e-07    5.51352085820691e-06
4.29999999999995    2.11178298345166e-15    5.74709464376883e-16    3.44318432082641e-13    3.04221137643678e-11    5.86786530249836e-07    5.51562451263389e-06
4.39999999999995    2.1649820006088e-15    4.95739544025505e-16    3.44791815490979e-13    3.03779336581503e-11    5.87189761057683e-07    5.51161806170841e-06
4.49999999999995    2.21176220802474e-15    4.42582976047978e-16    3.45332324847252e-13    3.03528926987105e-11    5.87649831827809e-07    5.50934594109959e-06
4.59999999999995    2.25435208927881e-15    4.15510173974476e-16    3.45942878972624e-13    3.03287269304852e-11    5.88169090460068e-07    5.5071523431339e-06
4.69999999999994    2.29577848404884e-15    4.14293606039423e-16    3.46786147816275e-13    3.03087154339923e-11    5.8888551333538e-07    5.50533517907786e-06
4.79999999999994    2.33709308521645e-15    4.11744111309141e-16    3.47338677946838e-13    3.02413430863614e-11    5.89354458663747e-07    5.49921295153783e-06
4.89999999999994    2.37825417724429e-15    4.11667119728642e-16    3.4643943665265e-13    3.03571406751005e-11    5.88591060629237e-07    5.50973145217628e-06
4.99999999999994    2.4191380831502e-15    4.03355899071096e-16    3.47161647626515e-13    3.0284485844107e-11    5.89204249498012e-07    5.50313418372722e-06
5.09999999999994    2.45832977972121e-15    3.76484906012173e-16    3.47428459741471e-13    3.02596615920825e-11    5.89430623348898e-07    5.50087825643165e-06
5.19999999999993    2.49327215740582e-15    3.14908679942641e-16    3.4625753901551e-13    3.03889224826501e-11    5.88436520803654e-07    5.51261484983761e-06
5.29999999999993    2.52010338034151e-15    2.17712711623452e-16    3.46397347865463e-13    3.03124383184075e-11    5.88555305698167e-07    5.50567328474978e-06
5.39999999999993    2.53581797961753e-15    8.60910580820042e-17    3.45588274511113e-13    3.04145885918131e-11    5.87867565452554e-07    5.51494230176646e-06
5.49999999999993    2.53400491296371e-15    -1.4124622570366e-16    3.45080442257326e-13    3.0399152458198e-11    5.87435479229273e-07    5.51354264136934e-06
5.59999999999993    2.5051865661036e-15    -4.40300748080815e-16    3.437022191547e-13    3.04711663148087e-11    5.86261220920078e-07    5.52006941213684e-06
5.69999999999992    2.44471014192177e-15    -7.82006143065923e-16    3.42111840220158e-13    3.05635283129648e-11    5.84903274242979e-07    5.52842909993108e-06
5.79999999999992    2.34562601119675e-15    -1.21312220178636e-15    3.41549187828434e-13    3.05605445045574e-11    5.84422097313606e-07    5.5281592329235e-06
5.89999999999992    2.20048167677193e-15    -1.69747462913766e-15    3.40226527605276e-13    3.0609321398933e-11    5.83289402959865e-07    5.53256914994589e-06
5.99999999999992    2.00385464872464e-15    -2.24762449153753e-15    3.37998453180577e-13    3.07498638333507e-11    5.81376343843278e-07    5.54525597545782e-06
6.09999999999991    1.7497597624459e-15    -2.83378045166677e-15    3.37182526049976e-13    3.0748211835862e-11    5.806741995732e-07    5.54510701753014e-06
6.19999999999991    1.43747132467506e-15    -3.4096204871282e-15    3.36202550812856e-13    3.07843724411921e-11    5.79829760199367e-07    5.54836664624754e-06
6.29999999999991    1.06951115597793e-15    -3.93147390984291e-15    3.34678953296725e-13    3.09032284668087e-11    5.78514436549966e-07    5.55906722992345e-06
6.39999999999991    6.5557415784946e-16    -4.32667650276406e-15    3.34427050929152e-13    3.08585011215408e-11    5.78296680717737e-07    5.55504285505889e-06
6.49999999999991    2.07386073593637e-16    -4.61934521923714e-15    3.33699213805664e-13    3.09498197379076e-11    5.77667044070946e-07    5.56325621717242e-06
6.5999999999999    -2.63114719305993e-16    -4.75488301566981e-15    3.33926884514381e-13    3.0915990996332e-11    5.7786407096685e-07    5.56021501349831e-06
6.6999999999999    -7.36286269611505e-16    -4.67527211594506e-15    3.34146939488985e-13    3.09138126275094e-11    5.78054443360645e-07    5.56001912114603e-06
6.7999999999999    -1.19323351202684e-15    -4.44304988357198e-15    3.34253071380525e-13    3.09279336774986e-11    5.7814623702012e-07    5.56128885039238e-06
6.8999999999999    -1.62026326838994e-15    -4.06808497132332e-15    3.3519808382866e-13    3.08735842629714e-11    5.78962938216826e-07    5.55640029722224e-06
6.9999999999999    -2.00149980775296e-15    -3.5396878228735e-15    3.36245837086243e-13    3.08202925150416e-11    5.79867085706925e-07    5.55160269787398e-06
7.09999999999989    -2.32753137498834e-15    -2.98337240671202e-15    3.37025505085705e-13    3.08002227665431e-11    5.80538978093379e-07    5.54979484004076e-06
7.19999999999989    -2.59740436418417e-15    -2.4037139592738e-15    3.38268022214873e-13    3.0719170172708e-11    5.8160813458451e-07    5.54248772418198e-06
7.29999999999989    -2.80743553392105e-15    -1.80702156585767e-15    3.39303866826113e-13    3.06714143409704e-11    5.82497954353586e-07    5.53817788997161e-06
7.39999999999989    -2.96338407247815e-15    -1.34031679294096e-15    3.40429010454458e-13    3.06236636988147e-11    5.83462946942184e-07    5.53386516810942e-06
7.49999999999988    -3.07934004776309e-15    -9.85302487099651e-16    3.41659361384971e-13    3.05103963640482e-11    5.8451634826151e-07    5.52362167097351e-06
7.59999999999988    -3.1597240284107e-15    -6.16591658186554e-16    3.41858586956214e-13    3.05600576517042e-11    5.84686742586331e-07    5.52811519884528e-06
7.69999999999988    -3.2037317631552e-15    -2.84419510036838e-16    3.43513553948387e-13    3.04222454257097e-11    5.86100293421175e-07    5.51563644792781e-06
7.79999999999988    -3.22216266379933e-15    -1.1003073910758e-16    3.44384507719832e-13    3.03856757612044e-11    5.86842830509015e-07    5.51232036090106e-06
7.89999999999988    -3.22840731473802e-15    -1.80506647859026e-17    3.44489484232616e-13    3.04131365951353e-11    5.86932265455406e-07    5.51481065814006e-06
7.99999999999987    -3.22584892653203e-15    6.77570008866227e-17    3.45663574956311e-13    3.0323430819864e-11    5.87931607379898e-07    5.50667148283462e-06
8.09999999999987    -3.21557302112009e-15    1.32069187257121e-16    3.46334634987241e-13    3.03081947832438e-11    5.88502026323819e-07    5.50528789285754e-06
8.19999999999987    -3.20088137784811e-15    1.53742017069675e-16    3.46509903486527e-13    3.03124173936215e-11    5.88650918190507e-07    5.50567138445635e-06
8.29999999999987    -3.18585242562705e-15    1.45624840993286e-16    3.46854011083449e-13    3.02937432299768e-11    5.8894313060214e-07    5.50397522069066e-06
8.39999999999987    -3.17148781321252e-15    1.43715175508116e-16    3.47104870684055e-13    3.02937393253156e-11    5.8915606649177e-07    5.50397486597782e-06
8.49999999999986    -3.15667109724246e-15    1.56251046904075e-16    3.47267820255494e-13    3.02965360576942e-11    5.8929434093286e-07    5.50422892489894e-06
8.59999999999986    -3.13915058655421e-15    2.00638398792235e-16    3.47080788373775e-13    3.02909946499956e-11    5.89135628165345e-07    5.50372552458747e-06
8.69999999999986    -3.11543797354371e-15    2.78593271140058e-16    3.46314129049531e-13    3.03767083611354e-11    5.88484603918855e-07    5.51150690475258e-06
8.79999999999986    -3.08230453674226e-15    3.91794581061719e-16    3.46550590611117e-13    3.033368968618e-11    5.88685476813482e-07    5.50760289837421e-06
8.89999999999985    -3.03505334067568e-15    5.66463279697744e-16    3.45923247452721e-13    3.03761431001505e-11    5.88152401553135e-07    5.51145562443811e-06
8.99999999999985    -2.9660519182434e-15    8.29449995647096e-16    3.44504473873753e-13    3.04609289924395e-11    5.86945034797768e-07    5.51914205220698e-06
9.09999999999985    -2.86646647441885e-15    1.17296113667564e-15    3.43592187084907e-13    3.04773444164809e-11    5.86167371221656e-07    5.52062898739635e-06
9.19999999999985    -2.72979177843421e-15    1.56974947635387e-15    3.42494866712196e-13    3.05432099875028e-11    5.85230609855803e-07    5.5265911724591e-06
9.29999999999985    -2.54991185878507e-15    2.04483353010821e-15    3.41358340099972e-13    3.05800189440109e-11    5.84258795483621e-07    5.52992033794438e-06
9.39999999999984    -2.31810724014476e-15    2.59751465743783e-15    3.39735883381396e-13    3.06526439177004e-11    5.828686673526e-07    5.53648299172863e-06
9.49999999999984    -2.03049048138731e-15    3.1535579967022e-15    3.38086483956899e-13    3.07352060735096e-11    5.81452047856828e-07    5.54393416929797e-06
9.59999999999984    -1.68694821377545e-15    3.71897310547119e-15    3.37154629123306e-13    3.07605823209789e-11    5.80650177924115e-07    5.54622234687529e-06
9.69999999999984    -1.28798836614335e-15    4.24731287907139e-15    3.35974339021644e-13    3.08019424580499e-11    5.79632934728216e-07    5.54994977076819e-06
9.79999999999984    -8.39051556916317e-16    4.72920706763488e-15    3.34472421658498e-13    3.09099852804654e-11    5.78335907287882e-07    5.55967492579067e-06
9.89999999999983    -3.44934740450174e-16    5.11362944720534e-15    3.34324002680925e-13    3.0880884411315e-11    5.78207577502168e-07    5.55705717185949e-06
9.99999999999983    1.73158862820329e-16    5.20369652993715e-15    3.34011215199877e-13    3.09227796646016e-11    5.77937033940443e-07    5.56082544813283e-06
10.0999999999998    6.92490582382831e-16    5.1780475125782e-15    3.33886568254947e-13    3.09369226277213e-11    5.77829186053237e-07    5.56209696317147e-06
10.1999999999998    1.20329367625208e-15    4.98154526540122e-15    3.34186210628027e-13    3.09113865575132e-11    5.78088410736651e-07    5.55980094585347e-06
10.2999999999998    1.6783714000185e-15    4.49247481264357e-15    3.34534462849719e-13    3.09288283771731e-11    5.78389542479564e-07    5.56136928976786e-06
10.3999999999998    2.10102876386449e-15    3.95939193865267e-15    3.35742769431022e-13    3.08466550372974e-11    5.79433144919258e-07    5.55397650672898e-06
10.4999999999998    2.46709341452244e-15    3.33749693205555e-15    3.36536118231228e-13    3.08238977253268e-11    5.80117331434967e-07    5.55192738833343e-06
10.5999999999998    2.76555501799377e-15    2.62883976252587e-15    3.37328392915433e-13    3.07894402328187e-11    5.80799787289417e-07    5.54882331966144e-06
10.6999999999998    2.99364538578271e-15    1.94184070400156e-15    3.38662742743409e-13    3.07093454450584e-11    5.81947371111348e-07    5.54160134302879e-06
10.7999999999998    3.15682657629557e-15    1.34059088985235e-15    3.39744842049397e-13    3.06456059391936e-11    5.82876352281852e-07    5.53584735512041e-06
10.8999999999998    3.26437361007836e-15    8.15055036439925e-16    3.40486515504138e-13    3.06212286609763e-11    5.83512223954339e-07    5.53364515134249e-06
10.9999999999998    3.32045666555342e-15    3.16717433728067e-16    3.41717647238749e-13    3.05264051203172e-11    5.84566204324839e-07    5.52507059867267e-06
11.0999999999998    3.33172142222707e-15    -6.51910299643778e-17    3.42519290766638e-13    3.04988365336571e-11    5.85251476518118e-07    5.52257517229572e-06
11.1999999999998    3.31182837227064e-15    -3.16428916029226e-16    3.43480959912742e-13    3.04500560280239e-11    5.86072486909889e-07    5.5181569412281e-06
11.2999999999998    3.27065320118535e-15    -4.97091966020912e-16    3.4454535809498e-13    3.03800914940376e-11    5.86979861745682e-07    5.51181381162659e-06
11.3999999999998    3.21479402078337e-15    -6.05954269153175e-16    3.45030883472433e-13    3.03856184570285e-11    5.87393295392817e-07    5.51231516307155e-06
11.4999999999998    3.15154978681378e-15    -6.5501154870051e-16    3.45890910591503e-13    3.03225062691401e-11    5.88124910704778e-07    5.50658753395786e-06
11.5999999999998    3.08359346490094e-15    -7.04761901877493e-16    3.46351781688271e-13    3.03194208103688e-11    5.88516594233562e-07    5.50630736613647e-06
11.6999999999998    3.01144884339154e-15    -7.30709131124875e-16    3.4679222724331e-13    3.0307786966064e-11    5.88890675120017e-07    5.50525085405415e-06
11.7999999999998    2.93839394170181e-15    -7.29349718851126e-16    3.47329855542191e-13    3.02829812005757e-11    5.89346973812703e-07    5.50299747415676e-06
11.8999999999998    2.8654804956611e-15    -7.29850179882276e-16    3.47431659566947e-13    3.02948239947784e-11    5.8943333767861e-07    5.50407340019902e-06
11.9999999999998    2.79195896264361e-15    -7.44959010923996e-16    3.47413672608467e-13    3.0306230701946e-11    5.89418079641664e-07    5.50510950862432e-06
12.0999999999998    2.71547678536827e-15    -7.90386741292106e-16    3.47358643270166e-13    3.03051338944751e-11    5.89371396718713e-07    5.50500989049749e-06
12.1999999999998    2.63241838087062e-15    -8.80167989647027e-16    3.46884774379744e-13    3.03485962540852e-11    5.88969247397302e-07    5.50895600400703e-06
12.2999999999998    2.53786926774601e-15    -1.01631533603177e-15    3.46527589224344e-13    3.03645972060651e-11    5.8866594026183e-07    5.5104080798127e-06
12.3999999999998    2.42785392853403e-15    -1.19549259278834e-15    3.45915715970604e-13    3.03913972917341e-11    5.8814599885624e-07    5.51283931307036e-06
12.4999999999998    2.29605801021343e-15    -1.45089347236132e-15    3.44816176607344e-13    3.04575008504959e-11    5.87210504510388e-07    5.5188314750947e-06
12.5999999999998    2.13700632266658e-15    -1.73067850323987e-15    3.43793919821755e-13    3.04837915990556e-11    5.86339423731472e-07    5.52121287391236e-06
12.6999999999998    1.94912906943515e-15    -2.03390319425979e-15    3.42408398199997e-13    3.05593911872283e-11    5.85156729603273e-07    5.52805491897723e-06
12.7999999999998    1.72900920878613e-15    -2.37502989438845e-15    3.41136329537347e-13    3.05993370304335e-11    5.84068771239609e-07    5.531666749763e-06
12.8999999999998    1.4720222065247e-15    -2.77765535684555e-15    3.39629864857238e-13    3.06662514998808e-11    5.82777714791187e-07    5.53771175666274e-06
12.9999999999998    1.17255921405095e-15    -3.2044820591404e-15    3.38099842574907e-13    3.07345059665213e-11    5.81463535034577e-07    5.54387102722649e-06
13.0999999999998    8.33438128168012e-16    -3.5674594641663e-15    3.36891745670985e-13    3.07796030341742e-11    5.8042376387514e-07    5.54793682680095e-06
13.1999999999998    4.6128705311072e-16    -3.85773941296028e-15    3.35726963307659e-13    3.08303133298507e-11    5.79419505460128e-07    5.55250514001119e-06
13.2999999999998    6.60172351937142e-17    -4.031293055051e-15    3.3468024761876e-13    3.08884189931458e-11    5.78515555208985e-07    5.55773505963948e-06
13.3999999999998    -3.43025962064985e-16    -4.13553701395853e-15    3.34248845589893e-13    3.0906524757501e-11    5.78142582404975e-07    5.55936370077556e-06
13.4999999999998    -7.55218467199646e-16    -4.06628085534935e-15    3.34037693439418e-13    3.09155491513003e-11    5.77959941033475e-07    5.56017528062743e-06
13.5999999999998    -1.14908408576863e-15    -3.78473370584614e-15    3.33865288960417e-13    3.09502500974088e-11    5.77810772624063e-07    5.56329489577973e-06
13.6999999999998    -1.50834440293263e-15    -3.38420271791514e-15    3.34458070896387e-13    3.09102241766841e-11    5.78323500211073e-07    5.55969641047819e-06
13.7999999999998    -1.8236499581465e-15    -2.91354458469992e-15    3.3509575907689e-13    3.09034526148442e-11    5.78874562471776e-07    5.55908739046655e-06
13.8999999999997    -2.08839865502951e-15    -2.36001161093741e-15    3.3603539950497e-13    3.08576715775902e-11    5.79685604017358e-07    5.55496818871091e-06
13.9999999999997    -2.29239231673973e-15    -1.71896944449017e-15    3.37000502010256e-13    3.08089362311491e-11    5.80517443329876e-07    5.55057981035757e-06
14.0999999999997    -2.43472861351635e-15    -1.14208338513564e-15    3.37856312916796e-13    3.07739079798132e-11    5.81254086365676e-07    5.54742354429633e-06
14.1999999999997    -2.52192877322681e-15    -6.05540247250621e-16    3.39051608049126e-13    3.07015672588981e-11    5.8228138219346e-07    5.54089949907938e-06
14.2999999999997    -2.55831839508068e-15    -1.41462952765895e-16    3.40089859887296e-13    3.06328711358848e-11    5.83172238611627e-07    5.534697022953e-06
14.3999999999997    -2.5526003570172e-15    2.53035487327604e-16    3.40711561692397e-13    3.06067243523312e-11    5.8370502969599e-07    5.53233443966751e-06
14.4999999999997    -2.50880284469064e-15    6.05890547196224e-16    3.41855356724071e-13    3.0540979069737e-11    5.84683980218435e-07    5.52638933389035e-06
14.5999999999997    -2.43604276280046e-15    8.29524781876664e-16    3.43184481150595e-13    3.04588787277337e-11    5.85819495365761e-07    5.51895630782975e-06
14.6999999999997    -2.34468741162602e-15    9.933363900345e-16    3.43835091846533e-13    3.04412842902684e-11    5.86374532058251e-07    5.51736207714052e-06
14.7999999999997    -2.23915917947053e-15    1.10300436709818e-15    3.44525711200268e-13    3.03958677086374e-11    5.86963125928936e-07    5.51324475319547e-06
14.8999999999997    -2.12623722410495e-15    1.15177800558978e-15    3.45343205195951e-13    3.03714072262811e-11    5.87659089265154e-07    5.51102596857256e-06
14.9999999999997    -2.00866268745219e-15    1.19912496857813e-15    3.46346289300664e-13    3.03108217577759e-11    5.88511927917067e-07    5.50552647416902e-06
15.0999999999997    -1.88754762023622e-15    1.21445972921208e-15    3.46657476218791e-13    3.03175155381127e-11    5.88776253103665e-07    5.50613435525439e-06
15.1999999999997    -1.76682943176368e-15    1.19965566315856e-15    3.4703196435356e-13    3.03180512659346e-11    5.89094189712953e-07    5.50618300330951e-06
15.2999999999997    -1.64715556010585e-15    1.19580460999797e-15    3.47782605306464e-13    3.02663022650626e-11    5.89730960105084e-07    5.50148182447807e-06
15.3999999999997    -1.52755006554491e-15    1.19728158442389e-15    3.4769056044458e-13    3.03061398981462e-11    5.8965291523453e-07    5.50510126138895e-06
15.4999999999997    -1.40711975516195e-15    1.21513988965738e-15    3.47681777583543e-13    3.03075575320371e-11    5.89645467703724e-07    5.50523001626972e-06
15.5999999999997    -1.28418446965292e-15    1.24290669756243e-15    3.47659714094236e-13    3.03105599226863e-11    5.89626758292257e-07    5.50550269482145e-06
15.6999999999997    -1.15853545499383e-15    1.27337080440067e-15    3.47212952031906e-13    3.03510873493833e-11    5.89247784918965e-07    5.50918209441141e-06
15.7999999999997    -1.02818447710961e-15    1.34117664067068e-15    3.46773954976917e-13    3.03700362295127e-11    5.88875160774265e-07    5.51090158045965e-06
15.8999999999997    -8.89726979443498e-16    1.42495742061785e-15    3.46031976684135e-13    3.04066966554048e-11    5.88244827163091e-07    5.5142267504524e-06
15.9999999999997    -7.44045066161382e-16    1.48904973373396e-15    3.45008273383797e-13    3.04696216803123e-11    5.87374048953303e-07    5.51992949957808e-06
16.0999999999997    -5.90008152504382e-16    1.60754443539863e-15    3.44145833833831e-13    3.04885509058964e-11    5.86639441082707e-07    5.52164385902391e-06
16.1999999999997    -4.20490691853228e-16    1.78234221507327e-15    3.42644736035013e-13    3.05605854694973e-11    5.85358638814712e-07    5.52816293803803e-06
16.2999999999997    -2.35328129362469e-16    1.90923250509163e-15    3.41029527335567e-13    3.06377327441632e-11    5.83977334607745e-07    5.53513619924236e-06
16.3999999999998    -4.02124922109494e-17    1.98848174849992e-15    3.39836348518969e-13    3.06593983813645e-11    5.82954842607015e-07    5.53709295401156e-06
16.4999999999998    1.61718329489242e-16    2.04720869970632e-15    3.38126835405479e-13    3.07457333793577e-11    5.81486745683407e-07    5.54488353163146e-06
16.5999999999998    3.68405567951455e-16    2.07852518395687e-15    3.36647707930101e-13    3.08037806157264e-11    5.80213502023264e-07    5.55011536958705e-06
16.6999999999998    5.74806136756344e-16    2.03293226429803e-15    3.35582217395799e-13    3.08338569085884e-11    5.79294586023207e-07    5.55282422813728e-06
16.7999999999998    7.72281206842989e-16    1.90654934485015e-15    3.34522191455179e-13    3.0903930709982e-11    5.78378934138493e-07    5.55913039152546e-06
16.8999999999998    9.54327689198215e-16    1.7235250681843e-15    3.34249213276624e-13    3.09085190408258e-11    5.78142900394551e-07    5.55954306043453e-06
16.9999999999999    1.11454119365411e-15    1.46719720029578e-15    3.34115610357892e-13    3.09187294282437e-11    5.78027343953461e-07    5.56046126038512e-06
17.0999999999999    1.24490067428625e-15    1.12468992961281e-15    3.34036292762544e-13    3.09585213221476e-11    5.77958729290028e-07    5.56403822076624e-06
17.1999999999999    1.3375123401699e-15    7.26967491582763e-16    3.34951021108812e-13    3.09001110707457e-11    5.78749532275243e-07    5.5587868344402e-06
17.2999999999999    1.39156738133872e-15    3.59800714412147e-16    3.35646826824258e-13    3.08873208260806e-11    5.79350348946351e-07    5.55763626248431e-06
17.3999999999999    1.40877267073672e-15    -2.53104880981995e-17    3.36312655881164e-13    3.08618558745995e-11    5.79924698457623e-07    5.55534480249421e-06
17.4999999999999    1.38617437157884e-15    -4.13982955504046e-16    3.37339740083846e-13    3.08050291692564e-11    5.80809555778695e-07    5.55022784840914e-06
17.6    1.33005724609219e-15    -6.89960797089863e-16    3.38450929158881e-13    3.075517238834e-11    5.81765355756839e-07    5.54573461214473e-06
17.7    1.2494438718516e-15    -9.2431216930128e-16    3.39599023849424e-13    3.06840406785909e-11    5.82751253837711e-07    5.53931770876079e-06
17.8    1.14555281769027e-15    -1.14241708047883e-15    3.40453283922433e-13    3.06423781553501e-11    5.83483747779176e-07    5.53555581268495e-06
17.9    1.02416644058102e-15    -1.270479930872e-15    3.41441515183715e-13    3.05809541061931e-11    5.84329971149619e-07    5.5300048920587e-06
18    8.93023422354079e-16    -1.34825380950497e-15    3.42524744477485e-13    3.05194717044158e-11    5.85256135787985e-07    5.52444311260563e-06
18.1    7.55889311426148e-16    -1.38320599730179e-15    3.4342368526774e-13    3.04647358024248e-11    5.86023621766e-07    5.51948691477974e-06
18.2    6.18259903164026e-16    -1.36629318980244e-15    3.44086955101732e-13    3.04349933630776e-11    5.86589255869669e-07    5.51679194487862e-06
18.3000000000001    4.8183346161017e-16    -1.36881787465467e-15    3.44894073245714e-13    3.03805482037445e-11    5.87276828459726e-07    5.51185524154476e-06
18.4000000000001    3.4419030294314e-16    -1.37920150694279e-15    3.45522667210119e-13    3.03632427579391e-11    5.87811761714683e-07    5.51028517936586e-06
18.5000000000001    2.07343971863564e-16    -1.35294749272038e-15    3.46349103760782e-13    3.03308639848472e-11    5.88514319078798e-07    5.50734636506977e-06
18.6000000000001    7.36227791788866e-17    -1.32462868416343e-15    3.47120296113954e-13    3.0293280111158e-11    5.89169157470037e-07    5.50393314922684e-06
18.7000000000001    -5.82015666645594e-17    -1.31392288369651e-15    3.47385146032912e-13    3.03167140274625e-11    5.89393880213319e-07    5.50606157134685e-06
18.8000000000001    -1.89389660063143e-16    -1.31075859487789e-15    3.47979871654958e-13    3.02823692499852e-11    5.89898187533203e-07    5.50294187230659e-06
18.9000000000002    -3.20581920208082e-16    -1.3144894880211e-15    3.48175606124452e-13    3.02949435611586e-11    5.90064069508094e-07    5.50408426181491e-06
19.0000000000002    -4.52476734487938e-16    -1.32327334283198e-15    3.48137180023077e-13    3.03151937441978e-11    5.90031507652835e-07    5.50592351419794e-06
19.1000000000002    -5.85001804492477e-16    -1.32616985568278e-15    3.48153313207715e-13    3.0316140403881e-11    5.90045178954726e-07    5.50600948091093e-06
19.2000000000002    -7.17879091201572e-16    -1.3336391148755e-15    3.47773295466083e-13    3.03520001898637e-11    5.8972306675768e-07    5.50926494097568e-06
19.3000000000002    -8.51799622168956e-16    -1.34146964062334e-15    3.47238815634394e-13    3.03802382163358e-11    5.892697307977e-07    5.51182712141226e-06
19.4000000000002    -9.84975071840622e-16    -1.31450649083315e-15    3.46440370976226e-13    3.04123094341976e-11    5.88591854323713e-07    5.51473566312998e-06
19.5000000000002    -1.11310068233734e-15    -1.23967939511878e-15    3.4523476405474e-13    3.04771348040378e-11    5.87566816672573e-07    5.5206100028926e-06
19.6000000000003    -1.23215860011566e-15    -1.14510030400543e-15    3.4415020593535e-13    3.05139048181583e-11    5.86643167466689e-07    5.52393924823204e-06
19.7000000000003    -1.3431686934363e-15    -1.07148794722291e-15    3.42811709806653e-13    3.05654820288606e-11    5.85501246631169e-07    5.52860579430842e-06
19.8000000000003    -1.44241614130439e-15    -8.83842127801873e-16    3.41164330567542e-13    3.06453300968335e-11    5.84092741409737e-07    5.53582244086942e-06
19.9000000000003    -1.5168180516627e-15    -6.07747898643805e-16    3.39763098912976e-13    3.06800946091558e-11    5.82892013080447e-07    5.53896150999046e-06
20.0000000000003    -1.56519044377885e-15    -3.51808364656364e-16    3.38055923988061e-13    3.07539252587202e-11    5.81425768252544e-07    5.54562217057024e-06
20.1000000000003    -1.58238010013827e-15    3.51352853631411e-17    3.36466757296212e-13    3.08160500087149e-11    5.80057546538455e-07    5.55122058728663e-06
20.2000000000004    -1.55614461423122e-15    4.82748869355514e-16    3.35400318621075e-13    3.08624342013563e-11    5.79137564505252e-07    5.55539685363308e-06
20.3000000000004    -1.48815861471092e-15    8.67387120976576e-16    3.34786240365801e-13    3.08817960391982e-11    5.78607155474076e-07    5.5571391955932e-06
20.4000000000004    -1.38335770330844e-15    1.23034700957084e-15    3.34123337627055e-13    3.09239024439399e-11    5.78034028087495e-07    5.56092640159353e-06
20.5000000000004    -1.24165910615925e-15    1.60082863768087e-15    3.33950904908227e-13    3.09542597882508e-11    5.77884854368262e-07    5.56365525425963e-06
20.6000000000004    -1.06535092789303e-15    1.910891060297e-15    3.34682332752517e-13    3.09114407916163e-11    5.78517357347657e-07    5.55980582319349e-06
20.7000000000004    -8.6110540907349e-16    2.17047819894371e-15    3.35192130866262e-13    3.09193877489512e-11    5.78957797137461e-07    5.56052045666152e-06
20.8000000000005    -6.33319657710124e-16    2.3640461606507e-15    3.35977772474755e-13    3.08904309192981e-11    5.79635896468425e-07    5.55791605903671e-06
20.9000000000005    -3.92107526482889e-16    2.45185301548418e-15    3.37049305487606e-13    3.08355863302884e-11    5.8055947627061e-07    5.55297995046699e-06
21.0000000000005    -1.43586361926426e-16    2.50617453561399e-15    3.37964508108197e-13    3.08060703165588e-11    5.81347149393714e-07    5.55032164082036e-06
21.1000000000005    1.0390031372309e-16    2.41509490874281e-15    3.39155592129083e-13    3.07364220490915e-11    5.82370665580851e-07    5.54404383542298e-06
21.2000000000005    3.3735776773009e-16    2.25947625546881e-15    3.40178297597389e-13    3.06732280574295e-11    5.83248058374298e-07    5.53834163422856e-06
21.3000000000005    5.56376694701763e-16    2.11353316792831e-15    3.40892066338766e-13    3.06375574640859e-11    5.83859628968099e-07    5.53512036581735e-06
21.4000000000005    7.58110882508667e-16    1.91774386532421e-15    3.41905695897161e-13    3.05618381253939e-11    5.84727026822911e-07    5.52827623454127e-06
21.5000000000006    9.40696435902001e-16    1.73822704619188e-15    3.4277128068614e-13    3.05115676988868e-11    5.85466720391638e-07    5.52372769956003e-06
21.6000000000006    1.10552057034061e-15    1.55465827023632e-15    3.43541899577787e-13    3.04673601365095e-11    5.86124474474311e-07    5.51972464317827e-06
21.7000000000006    1.25186680105946e-15    1.3798445757176e-15    3.44383416458884e-13    3.04164677596254e-11    5.86841900735525e-07    5.51511266971269e-06
21.8000000000006    1.38352428623154e-15    1.26335553939435e-15    3.45163509980447e-13    3.03878448573211e-11    5.87506178674273e-07    5.51251710721346e-06
21.9000000000006    1.50588566331752e-15    1.18763693353908e-15    3.46053055881944e-13    3.0341098217259e-11    5.88262743918008e-07    5.50827543041004e-06
22.0000000000006    1.62151137877019e-15    1.12753736460689e-15    3.46652505909337e-13    3.03256001215158e-11    5.8877203220715e-07    5.50686844962868e-06
22.1000000000007    1.73215818556664e-15    1.08985105918646e-15    3.47188997306289e-13    3.03166870536979e-11    5.8922745803831e-07    5.50605912188544e-06
22.2000000000007    1.84016637922772e-15    1.07282671487556e-15    3.47906292482708e-13    3.02922726263272e-11    5.8983581824327e-07    5.5038416243863e-06
22.3000000000007    1.94715262865229e-15    1.06890996446165e-15    3.48345587294517e-13    3.02879435256197e-11    5.90208088130379e-07    5.50344833042155e-06
22.4000000000007    2.05419848994778e-15    1.07240728170555e-15    3.48469018147409e-13    3.0309279201311e-11    5.90312644407529e-07    5.50538638074668e-06
22.5000000000007    2.16154074215939e-15    1.07264027540971e-15    3.48703473851427e-13    3.03037577091516e-11    5.9051119705847e-07    5.50488489517734e-06
22.6000000000007    2.26794876761871e-15    1.04957944099037e-15    3.48587396850294e-13    3.03274104623812e-11    5.9041290369562e-07    5.50703281834975e-06
22.7000000000007    2.37029849412139e-15    9.92340479150465e-16    3.48211180231622e-13    3.0362820356631e-11    5.90094213013161e-07    5.51024685078909e-06
22.8000000000008    2.46538889042928e-15    9.02490225119528e-16    3.47800211059352e-13    3.03811269332552e-11    5.89745886852424e-07    5.51190773990778e-06
22.9000000000008    2.5490964303476e-15    7.62320820849657e-16    3.46956423383886e-13    3.0429255708822e-11    5.89030070016706e-07    5.51627190309016e-06
23.0000000000008    2.61593951540062e-15    5.6199708051878e-16    3.4581878674973e-13    3.04735785088055e-11    5.88063590736351e-07    5.52028790089842e-06
23.1000000000008    2.65794210852461e-15    2.550117618586e-16    3.44425461812714e-13    3.05338238768547e-11    5.86877723050308e-07    5.52574192999046e-06
23.2000000000008    2.66294133579514e-15    -1.67749813507427e-16    3.42972618694719e-13    3.05821146250333e-11    5.85638641736283e-07    5.53010982034112e-06
23.3000000000008    2.62354657372541e-15    -6.21932885479409e-16    3.41330100862366e-13    3.06495105928917e-11    5.8423462826365e-07    5.53620001380836e-06
23.4000000000009    2.53697383588168e-15    -1.12412688087821e-15    3.3969612605861e-13    3.06991527672291e-11    5.82834561482596e-07    5.54068161576075e-06
23.5000000000009    2.39655953629553e-15    -1.68492814739937e-15    3.37878032254603e-13    3.07666847154464e-11    5.8127276923541e-07    5.5467724593178e-06
23.6000000000009    2.20134225002263e-15    -2.21390459870736e-15    3.36294499446666e-13    3.08385487998477e-11    5.79909044115253e-07    5.55324668998665e-06
23.7000000000009    1.95298183126854e-15    -2.76282064700978e-15    3.3544559510575e-13    3.08498698160517e-11    5.79176652762998e-07    5.55426591153608e-06
23.8000000000009    1.64843464300182e-15    -3.31718913018368e-15    3.34507886750304e-13    3.09127585504443e-11    5.78366567801342e-07    5.559924329561e-06
23.9000000000009    1.2934687290553e-15    -3.75700210137962e-15    3.34194773525553e-13    3.09369376025022e-11    5.78095816907157e-07    5.56209830931657e-06
24.000000000001    9.02470790409463e-16    -4.03309143081064e-15    3.34562559446053e-13    3.0922074254364e-11    5.78413830614425e-07    5.5607620210151e-06
24.100000000001    4.91639301795628e-16    -4.16937535559064e-15    3.34897434052108e-13    3.09369107800474e-11    5.78703234872683e-07    5.56209589813475e-06
24.200000000001    7.0163992802088e-17    -4.2461763628024e-15    3.35644298980879e-13    3.09132379336367e-11    5.79348167323311e-07    5.5599674399799e-06
24.300000000001    -3.5119102359995e-16    -4.13286071643415e-15    3.36663946018936e-13    3.08746094261747e-11    5.80227495055979e-07    5.55649254711771e-06
24.400000000001    -7.48466018572577e-16    -3.79310217424686e-15    3.37676042544441e-13    3.08390783028614e-11    5.81098995477054e-07    5.5532943648668e-06
24.500000000001    -1.11021833623372e-15    -3.45305863704064e-15    3.38761962269061e-13    3.07813712612958e-11    5.82032612719477e-07    5.54809618349356e-06
24.600000000001    -1.4394794836835e-15    -3.12173267384802e-15    3.39728026129805e-13    3.07330269201704e-11    5.82861927157543e-07    5.54373763089222e-06
24.7000000000011    -1.73144429695046e-15    -2.70214974102207e-15    3.40678896875596e-13    3.06649372760254e-11    5.83677048439971e-07    5.53759309411819e-06
24.8000000000011    -1.97799789535367e-15    -2.22685769340309e-15    3.41384477144283e-13    3.06175145907475e-11    5.84281162749821e-07    5.53330955132166e-06
24.9000000000011    -2.17873290430454e-15    -1.80983445137847e-15    3.42186487400068e-13    3.05670727559966e-11    5.84967082321791e-07    5.5287496557537e-06
25.0000000000011    -2.34457385672978e-15    -1.52128400183601e-15    3.43225647357537e-13    3.04911959135957e-11    5.85854629884869e-07    5.52188336653317e-06
25.1000000000011    -2.48280197269319e-15    -1.2349968351577e-15    3.43911719063822e-13    3.04603318333333e-11    5.86439868242109e-07    5.51908795303475e-06
25.2000000000011    -2.59186006320607e-15    -9.61680626481351e-16    3.44698604777711e-13    3.041830214065e-11    5.87110385513415e-07    5.51527897215091e-06
25.3000000000012    -2.6789877143789e-15    -7.95369759731719e-16    3.45660070113127e-13    3.03679976617791e-11    5.87928626716821e-07    5.51071661962208e-06
25.4000000000012    -2.75208873670496e-15    -6.6915232004482e-16    3.46342275746534e-13    3.03408620138607e-11    5.88508517989786e-07    5.50825398959241e-06
25.5000000000012    -2.81395638063054e-15    -5.77632205815255e-16    3.46886169672263e-13    3.033899198318e-11    5.88970431916801e-07    5.50808423893281e-06
25.6000000000012    -2.86944296320892e-15    -5.39476670147244e-16    3.47831638724223e-13    3.02963534867887e-11    5.89772531340874e-07    5.50421234027074e-06
25.7000000000012    -2.92275542023506e-15    -5.29164822265767e-16    3.48415503735142e-13    3.02902511862738e-11    5.90267315489467e-07    5.50365798231266e-06
25.8000000000012    -2.97555589157306e-15    -5.28217550574915e-16    3.48697874668952e-13    3.031257924273e-11    5.90506456077283e-07    5.50568608283564e-06
25.9000000000012    -3.02858602950823e-15    -5.31715492591305e-16    3.49277663380205e-13    3.02890867231811e-11    5.90997177133872e-07    5.50355219137432e-06
26.0000000000013    -3.08138557477537e-15    -5.2113587024319e-16    3.49405709758168e-13    3.0316716002742e-11    5.91105497993521e-07    5.50606175072002e-06
26.1000000000013    -3.13235448903337e-15    -4.95004514229988e-16    3.4931833648255e-13    3.03298777150534e-11    5.91031586704594e-07    5.50725682305206e-06
26.2000000000013    -3.17893173582549e-15    -4.24981066722858e-16    3.48869093771527e-13    3.03617924595715e-11    5.9065141477146e-07    5.51015357858304e-06
26.3000000000013    -3.21505456104071e-15    -2.86932054511136e-16    3.48219045710479e-13    3.04125801769854e-11    5.90100877571352e-07    5.51476021028887e-06
26.4000000000013    -3.23417617107321e-15    -8.28897662739892e-17    3.47717150039823e-13    3.04205922159129e-11    5.89675461622597e-07    5.5154865801589e-06
26.5000000000013    -3.22936192899582e-15    1.88257417265516e-16    3.46441762828608e-13    3.04850094072507e-11    5.88593036680361e-07    5.52132315729217e-06
26.6000000000014    -3.19452596989756e-15    5.24607656294197e-16    3.44845470782081e-13    3.05540094828359e-11    5.87235447484296e-07    5.52756813461724e-06
26.7000000000014    -3.1203687457977e-15    9.77768244115832e-16    3.43374059673323e-13    3.05799423193931e-11    5.85981279285715e-07    5.52991340975545e-06
26.8000000000014    -2.99662094532272e-15    1.50636845196364e-15    3.41276264115919e-13    3.06693604381928e-11    5.8418855185284e-07    5.5379924555919e-06
26.9000000000014    -2.81636686260437e-15    2.11519671259078e-15    3.3940830658414e-13    3.07328344986936e-11    5.82587595631885e-07    5.54372027601444e-06
27.0000000000014    -2.57239507659374e-15    2.75611414487294e-15    3.37978259705858e-13    3.0766230498863e-11    5.81358976627916e-07    5.5467315149431e-06
27.1000000000014    -2.26711045505712e-15    3.34943279539558e-15    3.36386396216669e-13    3.08374764101243e-11    5.79988272482012e-07    5.55315013394419e-06
27.2000000000015    -1.90079572735375e-15    3.9802024977523e-15    3.35161639540063e-13    3.08817008870207e-11    5.78931463594839e-07    5.55713063433106e-06
27.3000000000015    -1.47487431707442e-15    4.49836274332105e-15    3.34497289337834e-13    3.09196042358754e-11    5.78357406227183e-07    5.56053992305382e-06
27.4000000000015    -1.00883299916576e-15    4.79462345378412e-15    3.34462659102079e-13    3.09273528854206e-11    5.78327467013351e-07    5.5612366327482e-06
27.5000000000015    -5.19435216554992e-16    4.97510715249252e-15    3.34726863932753e-13    3.0942928935986e-11    5.78555843400404e-07    5.56263686896656e-06
27.6000000000015    -1.90922132719746e-17    4.99834673530471e-15    3.35455799422004e-13    3.09304694168728e-11    5.79185462025769e-07    5.56151682698819e-06
27.7000000000015    4.74048170357772e-16    4.83517730540704e-15    3.36454599699535e-13    3.08991152679499e-11    5.80047066796768e-07    5.55869726356364e-06
27.8000000000015    9.42084311880845e-16    4.4951841269088e-15    3.37392043116343e-13    3.08769004813504e-11    5.80854580008062e-07    5.55669870348846e-06
27.9000000000016    1.36894089980704e-15    4.03461340013595e-15    3.38493596094273e-13    3.08251205776763e-11    5.81802024828268e-07    5.55203751587436e-06
28.0000000000016    1.74889340077198e-15    3.55897692862082e-15    3.39531700877519e-13    3.07726501073602e-11    5.82693487931279e-07    5.54731016866374e-06
28.1000000000016    2.07745240856076e-15    2.9916024560108e-15    3.40387749409534e-13    3.07174458700867e-11    5.83427587117317e-07    5.54233216886959e-06
28.2000000000016    2.34544849956852e-15    2.37299696888581e-15    3.4114225733115e-13    3.06685743516766e-11    5.84073845785916e-07    5.53792148298227e-06
28.3000000000016    2.5539847573606e-15    1.80832692153098e-15    3.4203396803357e-13    3.05991007064151e-11    5.84836702023368e-07    5.53164538870806e-06
28.4000000000016    2.70985796130743e-15    1.32934486506297e-15    3.42779718456323e-13    3.05459692352441e-11    5.85473926367625e-07    5.52684080060609e-06
28.5000000000017    2.82363276627251e-15    9.56696579727399e-16    3.43448427646606e-13    3.04990650413914e-11    5.86044731779585e-07    5.52259586076977e-06
28.6000000000017    2.90136893695201e-15    5.98332347810505e-16    3.44223567782046e-13    3.04467506214857e-11    5.86705690940565e-07    5.51785743033342e-06
28.7000000000017    2.94562541728788e-15    3.09947660090246e-16    3.44989599937463e-13    3.04079377916135e-11    5.87358153035661e-07    5.51433928876465e-06
28.8000000000017    2.96783588401272e-15    1.50184154602471e-16    3.45836170187144e-13    3.037597693061e-11    5.88078370786704e-07    5.5114405494943e-06
28.9000000000017    2.977169723445e-15    3.98780037506129e-17    3.46816654991763e-13    3.03335154765013e-11    5.88911415233024e-07    5.5075870829703e-06
29.0000000000017    2.97661638028821e-15    -4.44332204844482e-17    3.47503786189888e-13    3.03170420387059e-11    5.89494517523181e-07    5.50609135764254e-06
29.1000000000017    2.96991523770401e-15    -8.11775833509966e-17    3.48095830248199e-13    3.03231713862126e-11    5.89996466301451e-07    5.50664792648055e-06
29.2000000000018    2.96143663414793e-15    -8.63701630605908e-17    3.49117659226685e-13    3.02885255997635e-11    5.90861793676563e-07    5.50350121284292e-06
29.3000000000018    2.95278676874995e-15    -8.58135908221515e-17    3.49785064412776e-13    3.02891511574806e-11    5.91426296686896e-07    5.50355804525405e-06
29.4000000000018    2.94423873493347e-15    -8.77267646491819e-17    3.50018316348371e-13    3.03108621694556e-11    5.91623458247196e-07    5.50553014426909e-06
29.5000000000018    2.93449777265318e-15    -1.09748977708558e-16    3.50251559362126e-13    3.03195440478974e-11    5.91820546586654e-07    5.50631855670351e-06
29.6000000000018    2.92203481654677e-15    -1.42941125618546e-16    3.50295037942519e-13    3.03341009756213e-11    5.91857278355617e-07    5.50764023658239e-06
29.7000000000018    2.90393224338349e-15    -2.34917995543833e-16    3.4991317013163e-13    3.03745827015955e-11    5.91534589125294e-07    5.51131406305207e-06
29.8000000000019    2.87236385517236e-15    -4.03444415778192e-16    3.49408815559933e-13    3.04075856760963e-11    5.91108125100589e-07    5.51430736140962e-06
29.9000000000019    2.82314482588648e-15    -5.80285204858697e-16    3.48627987440888e-13    3.04340270544049e-11    5.90447277443878e-07    5.51670436532582e-06
