1.505162586222928711e-29
7.730052814433201294e-30
4.350467562808816535e-30
4.181629732568979464e-30
3.353097648012101731e-30
2.806653348239454947e-30
2.496408253390551937e-30
2.201504084593529291e-30
2.323196445266504249e-30
2.124526148214249677e-30
2.034906484717864347e-30
2.155765871625865822e-30
2.277076723720374870e-30
2.250488533985077120e-30
2.260562603387644850e-30
2.417799033834129950e-30
2.248163597233620676e-30
2.058272268899757208e-30
1.806411011741698299e-30
1.674719620583217335e-30
1.462372279176939870e-30
1.170105933047694958e-30
8.903929995941373811e-31
6.153837548795917987e-31
4.440773990104921797e-31
2.104053612746786762e-31
1.191726920257134960e-31
