# f_0 [Hz]            h_c(f_0, t_0)
1.684633e+06 4.403014e-30
3.369266e+06 3.408030e-30
5.053900e+06 2.881589e-30
6.738533e+06 2.741928e-30
8.423166e+06 2.277297e-30
1.010780e+07 1.889690e-30
1.179243e+07 1.783863e-30
1.347707e+07 1.532378e-30
1.516170e+07 1.557396e-30
1.684633e+07 1.421860e-30
1.853096e+07 1.340427e-30
2.021560e+07 1.314404e-30
2.190023e+07 1.287441e-30
2.358486e+07 1.302073e-30
2.526950e+07 1.266984e-30
2.695413e+07 1.320247e-30
2.863876e+07 1.134816e-30
3.032340e+07 9.149623e-31
3.200803e+07 7.387497e-31
3.369266e+07 6.468082e-31
3.537730e+07 5.486946e-31
3.706193e+07 4.062422e-31
3.874656e+07 2.988842e-31
4.043120e+07 1.789041e-31
4.211583e+07 1.308238e-31
4.380046e+07 5.026726e-32
4.548510e+07 3.740657e-32
