# f_0 [Hz]            h_c(f_0, t_0)
5.310233e+07 1.400728e-31
1.062047e+08 1.122698e-31
1.593070e+08 9.559657e-32
2.124093e+08 9.880666e-32
2.655117e+08 7.879304e-32
3.186140e+08 6.579947e-32
3.717163e+08 6.267189e-32
4.248187e+08 5.714339e-32
4.779210e+08 5.770039e-32
5.310233e+08 5.167160e-32
5.841257e+08 4.872875e-32
6.372280e+08 4.834608e-32
6.903303e+08 4.865683e-32
7.434327e+08 5.006158e-32
7.965350e+08 5.003867e-32
8.496374e+08 5.283633e-32
9.027397e+08 4.645907e-32
9.558420e+08 3.900776e-32
1.008944e+09 3.191417e-32
1.062047e+09 2.887767e-32
1.115149e+09 2.506410e-32
1.168251e+09 1.867069e-32
1.221354e+09 1.372893e-32
1.274456e+09 8.469220e-33
1.327558e+09 6.396004e-33
1.380661e+09 2.657165e-33
1.433763e+09 1.960014e-33
