0    1    0.99986658013327    0.99986658013327
0.1    1.10691546544484    1.14157193212672    1.03130904550869
0.2    1.22893374851391    1.30201010045942    1.05946321519274
0.3    1.36793375382491    1.48106574880188    1.08270283166904
0.4    1.52570499429201    1.6769515213786    1.09913222258066
0.5    1.70374587250277    1.88551592268775    1.10668847573962
0.6    1.90299563573624    2.0996486197634    1.10333864163124
0.7    2.12352350579786    2.30907828351418    1.08738060926083
0.8    2.36423256893462    2.50093183886366    1.0578197220211
0.900000000000001    2.6226700989085    2.66132840853362    1.01474005809621
1    2.89504761786179    2.77792071140236    0.959542321260355
1.1    3.17653819324551    2.84274222436939    0.894918320331896
1.2    3.46183008572758    2.85429377259967    0.824504294525413
1.3    3.74580902659341    2.81791365641226    0.752284389408656
1.4    4.02417826176915    2.74420738289517    0.681929875961494
1.5    4.29385013119416    2.64622755950224    0.616283167471962
1.6    4.55304131281349    2.53656623030215    0.557114696755237
1.7    4.8011146426447    2.42530820670541    0.505155237319937
1.8    5.03827615059311    2.31918600970238    0.460313396960062
1.9    5.26524086267122    2.22173610128116    0.421962861572492
2    5.4829465215194    2.13402498225613    0.389211343550505
2.1    5.69235159833164    2.05555472367369    0.361108179662716
2.2    5.89432244634959    1.98511474599497    0.336784212954684
2.29999999999999    6.08959893113464    1.92149453711025    0.315537124667786
2.39999999999999    6.27882421050672    1.86405747717451    0.296880023182568
2.49999999999999    6.46262583259726    1.81319527697994    0.280566340052405
2.59999999999999    6.64173601836089    1.77065021594411    0.266594488406223
2.69999999999999    6.8171346636222    1.73962791337064    0.255184619229204
2.79999999999998    6.99018735847781    1.72455619752148    0.246711012034593
2.89999999999998    7.16273461899811    1.73032613198342    0.241573396757432
2.99999999999998    7.33707568874079    1.76094776319992    0.24000675990057
3.09999999999998    7.5157950591101    1.81781093109642    0.241865420331413
3.19999999999998    7.70141673948889    1.89810237222469    0.246461454616811
3.29999999999997    7.89594099936666    1.99417648118662    0.25255716593457
3.39999999999997    8.1003944649936    2.09451703066462    0.258569757277403
3.49999999999997    8.31455847770737    2.18625986794051    0.262943591509063
3.59999999999997    8.53699403233967    2.25839197846411    0.264541824664385
3.69999999999997    8.76536522021491    2.30430147863573    0.26288710404462
3.79999999999996    8.99694101706583    2.32269459522972    0.258164924147432
3.89999999999996    9.22909892508964    2.31677854496014    0.251029766152131
3.99999999999996    9.459686737493    2.29239811266391    0.242333406620972
4.09999999999996    9.68718475224717    2.25605398106971    0.232890570250182
4.19999999999995    9.91069296270162    2.21345649037813    0.223340234503112
4.29999999999995    10.1298105726066    2.16881842138825    0.214102564489532
4.39999999999995    10.344477301434    2.12476008981735    0.205400430384512
4.49999999999995    10.5548255961317    2.08257984690278    0.197310682960601
4.59999999999995    10.7610688219514    2.04267310794651    0.189820652738478
4.69999999999994    10.9634329589202    2.00496850862421    0.182877800788931
4.79999999999994    11.1621302732789    1.96932690026598    0.176429306239184
4.89999999999994    11.3573705078612    1.93589267832854    0.170452542425077
4.99999999999994    11.5494047719918    1.9053949606115    0.16497776277027
5.09999999999994    11.7385961786898    1.87937396910933    0.160102105950381
5.19999999999993    11.9255067961897    1.86026539800072    0.155990468983263
5.29999999999993    12.1109814737922    1.8512323050786    0.152855679705614
5.39999999999993    12.2961972198381    1.85562788468169    0.150910712597218
5.49999999999993    12.4826382958649    1.87605455453789    0.150293111926456
5.59999999999993    12.6719627612867    1.91318409763692    0.150977724104569
5.69999999999992    12.8657557041986    1.96476250301777    0.152712561017819
5.79999999999992    13.0652157465566    2.02536292805354    0.155019478234589
5.89999999999992    13.2708717255549    2.08726294515233    0.157281525156559
5.99999999999992    13.482439575852    2.14229037349363    0.158894861826833
6.09999999999991    13.6988837682889    2.18391314963889    0.159422708198631
6.19999999999991    13.9186619514615    2.20867883728557    0.158684710138653
6.29999999999991    14.1400570201984    2.21648976413563    0.156752533668674
6.39999999999991    14.3614809528455    2.20983189469275    0.153872146051546
6.49999999999991    14.581671308368    2.19250719996155    0.150360487052217
6.5999999999999    14.7997609233994    2.16844700078221    0.146519056085139
6.6999999999999    15.01524795468    2.14093526916889    0.142584076908407
6.7999999999999    15.2279116547861    2.11228949443664    0.13871169877537
6.8999999999999    15.4377145419449    2.08388122507921    0.134986381527992
6.9999999999999    15.6447171000739    2.05634169722659    0.131440005215363
7.09999999999989    15.849017169664    2.02983471191009    0.128073223101513
7.19999999999989    16.0507171445718    2.00433322112406    0.124874994872232
7.29999999999989    16.2499179628092    1.97987705207418    0.121839202918161
7.39999999999989    16.4467377191358    1.9568070584509    0.118978431581246
7.49999999999988    16.6413521860083    1.93596593218168    0.116334653010312
7.59999999999988    16.8340524846726    1.91883182539161    0.113985139771823
7.69999999999988    17.0253100714524    1.90751658788724    0.112040049777755
7.79999999999988    17.2158309408774    1.90453571439046    0.110626999122553
7.89999999999988    17.4065720878857    1.91227678701379    0.109859470167861
7.99999999999987    17.5986902180228    1.932194405776    0.109791943709381
8.09999999999987    17.7934041313631    1.96394200694011    0.110374720454891
8.19999999999987    17.9917827879786    2.00482829604697    0.111430218987888
8.29999999999987    18.1945124238791    2.04999495555924    0.112671057503511
8.39999999999987    18.4017244409964    2.09343808510693    0.113763147134355
8.49999999999986    18.6129556763035    2.12954081069408    0.114411748876898
8.59999999999986    18.8272607739361    2.15446452112262    0.114433243741182
8.69999999999986    19.04343132577    2.1668245883608    0.113783306763031
8.79999999999986    19.2602382200222    2.16749417098449    0.112537246228411
8.89999999999985    19.4766209884332    2.15881214105852    0.110841205070458
8.99999999999985    19.6917869241549    2.14364493848341    0.10885984835911
9.09999999999985    19.90522440617    2.12465029606275    0.106738324206191
9.19999999999985    20.1166591070984    2.1038765184413    0.104583793324754
9.29999999999985    20.325985844699    2.08266082211333    0.102462967259051
9.39999999999984    20.5332008315871    2.06171954546637    0.10040906736249
9.49999999999984    20.7383481754915    2.04132840944047    0.0984325459369471
9.59999999999984    20.9414860336551    2.02152764659867    0.0965321965857566
9.69999999999984    21.1426731894198    2.00232267569998    0.0947052748609849
9.79999999999984    21.3419750928935    1.98387216529211    0.0929563527582176
9.89999999999983    21.5394879168684    1.96665887510405    0.0913048110843844
9.99999999999983    21.7353782084361    1.95162594491824    0.0897902914871186
10.0999999999998    21.9299328160816    1.94023651494386    0.0884743483354886
10.1999999999998    22.1236081911245    1.93438843453717    0.0874354860123221
10.2999999999998    22.3170607743229    1.93611068983124    0.0867547348376112
10.3999999999998    22.5111346399043    1.94701567977605    0.086491228048749
10.4999999999998    22.7067853686872    1.9676008907222    0.0866525515952395
10.5999999999998    22.9049364000244    1.99665140941883    0.0871712269594734
10.6999999999998    23.1062948279877    2.03108197369279    0.0879016730641134
10.7999999999998    23.3111839243291    2.06644553654308    0.0886460997970334
10.8999999999998    23.5194575829464    2.09801442120116    0.0892033506215892
10.9999999999998    23.7305344633803    2.1220006745756    0.0894206861564857
11.0999999999998    23.9435386905379    2.13638841446117    0.0892260931883653
11.1999999999998    24.1574906279198    2.14108514222728    0.0886302793284638
11.2999999999998    24.3714806568722    2.13747210561623    0.0877038262758778
11.3999999999998    24.584781018226    2.12767779835842    0.0865445088480168
11.4999999999998    24.7968853696409    2.11390478644984    0.0852488026192967
11.5999999999998    25.0074920185517    2.09799238329347    0.0838945537496157
11.6999999999998    25.2164566779478    2.08123800984623    0.082534911087104
11.7999999999998    25.4237376440481    2.06440935353094    0.0812000730354545
11.8999999999998    25.6293480957309    2.04786115746805    0.0799029748949863
11.9999999999998    25.8333224909411    2.0316920505735    0.0786461769014014
12.0999999999998    26.0356991111623    2.01590712150447    0.0774285765439725
12.1999999999998    26.2365185884279    2.00057410716792    0.0762515080049651
12.2999999999998    26.4358375866411    1.98596965756834    0.0751241435441379
12.3999999999998    26.6337563069277    1.97270693604054    0.0740679201726951
12.4999999999998    26.8304568487985    1.96181885503225    0.0731190999127583
12.5999999999998    27.026245751555    1.95474835568854    0.0723277799535317
12.6999999999998    27.2215882826314    1.95318232082361    0.071751225554676
12.7999999999998    27.4171161747718    1.9586830894529    0.071440157198415
12.8999999999998    27.613589062002    1.97214522855288    0.0714193734151955
12.9999999999998    27.8117986280794    1.9932306029519    0.0716685256357167
13.0999999999998    28.0124259584125    2.02004703069534    0.0721125344050645
13.1999999999998    28.215890001768    2.04932330467566    0.0726301139020335
13.2999999999998    28.4222417213609    2.07713082238555    0.0730811750441372
13.3999999999998    28.631148388136    2.09989876377819    0.0733431553394601
13.4999999999998    28.8419759497056    2.11528430751749    0.0733404781699461
13.5999999999998    29.0539355138978    2.12254641761001    0.0730553840664613
13.6999999999998    29.2662384551843    2.12236090886687    0.0725190875526031
13.7999999999998    29.4782129338377    2.11628248051327    0.0717914103294915
13.8999999999997    29.6893612546161    2.10614578300703    0.070939410415223
13.9999999999997    29.8993635547324    2.0936144841418    0.0700220417839104
14.0999999999997    30.1080472148545    2.07994781078041    0.0690827869352558
14.1999999999997    30.3153427085799    2.06595222282548    0.0681487338832151
14.2999999999997    30.5212409896124    2.05204832547852    0.0672334498514301
14.3999999999997    30.7257606493122    2.03839068242419    0.0663414229411378
14.4999999999997    30.9289280113987    2.02500236786781    0.0654727628167875
14.5999999999997    31.1307706745908    2.01190796568902    0.0646276311858594
14.6999999999997    31.3313240711266    1.99926048330605    0.0638102774963306
14.7999999999997    31.530650257403    1.98745771513106    0.063032563518554
14.8999999999997    31.7288672518187    1.97723281807198    0.0623165271668703
14.9999999999997    31.926184828627    1.96968539613967    0.0616949819313684
15.0999999999997    32.1229383604884    1.96620180534623    0.0612086535571939
15.1999999999997    32.3196069540116    1.96821403585985    0.0608984520962916
15.2999999999997    32.5167987082457    1.97678818970343    0.0607928291908438
15.3999999999997    32.7151892770251    1.99212621657516    0.0608930059889392
15.4999999999997    32.9154139758572    2.01317566043097    0.061162094510116
15.5999999999997    33.117936374267    2.03758659602274    0.0615251679028517
15.6999999999997    33.3229363170188    2.06214755923401    0.0618837289612086
15.7999999999997    33.5302620130616    2.08358922238096    0.0621405589246308
15.8999999999997    33.7394675188348    2.09942180549534    0.062224509154549
15.9999999999997    33.9499201970763    2.10844769243838    0.0621046435514141
16.0999999999997    34.1609352973432    2.1107870578718    0.0617894984285153
16.1999999999997    34.3718918888884    2.10751331230409    0.0613150221441664
16.2999999999997    34.5823026471915    2.10013807855444    0.0607286940947813
16.3999999999998    34.7918340762937    2.0901635910448    0.0600762692320664
16.4999999999998    35.0002902708782    2.07880892133908    0.059394048027903
16.5999999999998    35.2075783543566    2.06691115681762    0.058706427804111
16.6999999999998    35.4136706979088    2.05494933134325    0.0580270073913743
16.7999999999998    35.6185731970918    2.04313286636315    0.0573614460932415
16.8999999999998    35.8223038257188    2.031513576141    0.0567108577389282
16.9999999999999    36.0248826486849    2.02010082686039    0.0560751535698378
17.0999999999999    36.2263331985593    2.00897316401957    0.0554561554162338
17.1999999999999    36.4266947336074    1.99838363281829    0.0548604161709621
17.2999999999999    36.6260444023668    1.98885013183126    0.054301526803772
17.3999999999999    36.8245268285591    1.98120812551985    0.0538013192876475
17.4999999999999    37.0223854987408    1.97658600449854    0.0533889423350574
17.6    37.2199858089969    1.97625526636896    0.0530966152569367
17.7    37.4178155140285    1.98132760963074    0.0529514505967861
17.8    37.6164483390994    1.99233505391141    0.0529644647987814
17.9    37.816464881092    2.00882656797113    0.0531204218661786
18    38.0183424800593    2.02918736152091    0.0533739039934531
18.1    38.2223457710736    2.05085096170072    0.0536558110269828
18.2    38.4284588587078    2.07089864483148    0.0538897136740684
18.3000000000001    38.6363880804019    2.08681818995371    0.0540117307448891
18.4000000000001    38.8456347736347    2.09709182732207    0.0539852634547604
18.5000000000001    39.0556080449535    2.1013881236483    0.0538050290045306
18.6000000000001    39.2657359966405    2.10035822062915    0.0534908659501211
18.7000000000001    39.4755437796837    2.09521379714055    0.0530762491540107
18.8000000000001    39.6846875183627    2.08729801528219    0.0525970631447297
18.9000000000002    39.8929509976477    2.07778348418012    0.052083975545019
19.0000000000002    40.1002202124472    2.06752997885902    0.0515590679528802
19.1000000000002    40.3064504620452    2.05706917457844    0.051035731278682
19.2000000000002    40.5116360975418    2.04666439914034    0.0505204083639694
19.3000000000002    40.7157881567369    2.03640293425302    0.0500150685138111
19.4000000000002    40.9189217757299    2.02629659069576    0.0495197943338188
19.5000000000002    41.1210536345393    2.01638104598763    0.0490352475865062
19.6000000000003    41.3222091558209    2.00681120110296    0.0485649543453866
19.7000000000003    41.5224388748774    1.99794782143741    0.0481173041751709
19.8000000000003    41.7218424883997    1.99042077913733    0.0477069242493483
19.9000000000003    41.920596892899    1.98513926584542    0.0473547471405801
20.0000000000003    42.1189808808781    1.98320729522903    0.0470858328894041
20.1000000000003    42.3173850525287    1.9857085692127    0.046924179429987
20.2000000000004    42.516293598552    1.99336561322359    0.046884745694095
20.3000000000004    42.7162287847172    2.00615668733224    0.046964742544173
20.4000000000004    42.9176616502704    2.02305575318913    0.0471380703281253
20.5000000000004    43.1209105369481    2.0420741463329    0.0473569347424413
20.6000000000004    43.3260624746884    2.06067174980631    0.0475619438302333
20.7000000000004    43.5329495991613    2.07640772071748    0.0476973818644599
20.8000000000005    43.7411912853354    2.08755257768059    0.0477250965585947
20.9000000000005    43.950284354083    2.09340605119809    0.0476312288296632
21.0000000000005    44.1597061217478    2.09424063628563    0.0474242430534261
21.1000000000005    44.3689970666907    2.0909801792014    0.0471270553187954
21.2000000000005    44.5778060301351    2.08480397150085    0.0467677563604521
21.3000000000005    44.7858987668687    2.07682811846345    0.0463723666521531
21.4000000000005    44.9931414337618    2.06792599465925    0.0459609160143579
21.5000000000006    45.1994727970495    2.05867620233181    0.0455464649239491
21.6000000000006    45.4048758439284    2.04939468671787    0.0451360046388481
21.7000000000006    45.6093549967388    2.04020854550177    0.0447322384990459
21.8000000000006    45.8129215744466    2.03114386786751    0.0443356109600405
21.9000000000006    46.015588163093    2.02221490368197    0.0439463013384647
22.0000000000006    46.217371793929    2.01351073911729    0.0435661021162128
22.1000000000007    46.4183055690977    2.00527679356025    0.0432001291080136
22.2000000000007    46.6184578470372    1.99798207084036    0.0428581759910648
22.3000000000007    46.8179566169145    1.9923508523489    0.0425552714453389
22.4000000000007    47.0170138769191    1.98932443575434    0.0423107354491289
22.5000000000007    47.2159410943937    1.9899155902509    0.0421449947650663
22.6000000000007    47.4151439610123    1.99494150000784    0.0420739310977988
22.7000000000007    47.6150858938732    2.00468006481844    0.0421017840708419
22.8000000000008    47.8162181667389    2.0185731598258    0.0422152407115695
22.9000000000008    48.0188897139874    2.03514442520298    0.042382163297086
23.0000000000008    48.2232646715186    2.05224423542632    0.0425571401979012
23.1000000000008    48.4292796747161    2.06757591106628    0.0426926835367679
23.2000000000008    48.636659463993    2.07929032533473    0.0427515036651333
23.3000000000008    48.8449843993951    2.08639133356803    0.0427145460116857
23.4000000000009    49.0537824005752    2.08881046971254    0.0425820470408423
23.5000000000009    49.2626128184544    2.08719122122108    0.0423686666582814
23.6000000000009    49.4711205679712    2.08254020686457    0.0420960791458777
23.7000000000009    49.6790555609955    2.07590403039474    0.0417863022344691
23.8000000000009    49.8862650849133    2.06815893502435    0.0414574819643054
23.9000000000009    50.0926714786984    2.05992404233162    0.0411222636270775
24.000000000001    50.2982460568708    2.0515660218369    0.0407880230956214
24.100000000001    50.502986357691    2.04325456008093    0.0404580938166593
24.200000000001    50.7069001566169    2.03503830131964    0.0401333604506305
24.300000000001    50.9099973794998    2.0269252486493    0.039813894185457
24.400000000001    51.1122900171832    2.01896195975173    0.0395005185459893
24.500000000001    51.3137998200944    2.01130954162979    0.0391962697886614
24.600000000001    51.5145732435107    2.00431112988628    0.0389076527997592
24.7000000000011    51.7147021565909    1.99853613638001    0.0386454151921535
24.8000000000011    51.9143467359863    1.99477409371057    0.038424331983895
24.9000000000011    52.1137537715525    1.99394318807745    0.0382613618051419
25.0000000000011    52.3132604153736    1.99688882332585    0.0381717523907
25.1000000000011    52.513272711596    2.00408880865537    0.0381634719218866
25.2000000000011    52.7142132049243    2.015350500059    0.0382316338901694
25.3000000000012    52.916443761151    2.02964471026356    0.0383556521565351
25.4000000000012    53.1201845112197    2.04521042162479    0.0385015684799214
25.5000000000012    53.3254583573742    2.05995075348637    0.0386297805389891
25.6000000000012    53.5320843103549    2.07197731597017    0.0387053361112895
25.7000000000012    53.7397228767391    2.08006655002943    0.0387063132945512
25.8000000000012    53.9479545265297    2.08384598514458    0.0386269693343019
25.9000000000012    54.1563615429617    2.08368565434324    0.0384753627270597
26.0000000000013    54.3645886754008    2.08040904975892    0.0382677235393169
26.1000000000013    54.5723723852771    2.07497811819978    0.0380225016341709
26.2000000000013    54.7795420610807    2.06825944532896    0.0377560557739383
26.3000000000013    54.986003576169    2.06090512559291    0.0374805403476552
26.4000000000013    55.1917160263153    2.05332983838986    0.0372035875349632
26.5000000000013    55.3966694657096    2.0457474408384    0.0369290692124498
26.6000000000014    55.6008678990544    2.03823508777855    0.0366583322310553
26.7000000000014    55.8043192098176    2.03080565645348    0.0363915497081487
26.8000000000014    56.0070323793401    2.02348045454568    0.0361290425252402
26.9000000000014    56.2090218873953    2.01635989282133    0.0358725312256945
27.0000000000014    56.4103189733278    2.00968910733006    0.0356262673905511
27.1000000000014    56.6109888465481    2.00390883303275    0.0353978772295362
27.2000000000015    56.8111514415125    1.99967091763012    0.035198563431491
27.3000000000015    57.0110007115422    1.99778795581462    0.0350421485481863
27.4000000000015    57.2108143241918    1.99908802922266    0.034942485137418
27.5000000000015    57.4109437733378    2.00417174361802    0.0349092283089896
27.6000000000015    57.61177720707    2.01312428464187    0.0349429297660135
27.7000000000015    57.8136758437599    2.02529896950759    0.0350314858889256
27.8000000000015    58.0168981504102    2.03930951598046    0.0351502679563031
27.9000000000016    58.2215370524367    2.05329898256148    0.035267000606875
28.0000000000016    58.4274953862154    2.06540987244359    0.0353499642384272
28.1000000000016    58.6345104381666    2.07425722960643    0.0353760475546879
28.2000000000016    58.8422172229198    2.07920359845391    0.035335235424202
28.3000000000016    59.0502253059714    2.0803546602023    0.0352302577919533
28.4000000000016    59.2581834510475    2.07834060159042    0.0350726343696868
28.5000000000017    59.4658174199111    2.07402224237283    0.0348775537335569
28.6000000000017    59.672939868592    2.06824223632575    0.0346596336778496
28.7000000000017    59.8794402003395    2.06167668075678    0.0344304601689495
28.8000000000017    60.0852646597159    2.05478452881704    0.0341978110682212
28.9000000000017    60.290395032091    2.04782435450501    0.033966013216782
29.0000000000017    60.4948310112499    2.0409061494019    0.0337368683453693
29.1000000000017    60.6985785281327    2.03405603840121    0.0335107689129567
29.2000000000018    60.9016447139075    2.02728322452076    0.0332878239010483
29.3000000000018    61.1040395103164    2.02064573252287    0.0330689386285454
29.4000000000018    61.3057837314947    2.0143131670071    0.0328568210762842
29.5000000000018    61.5069230263926    2.00862033522535    0.0326568170929872
29.6000000000018    61.707546175406    2.00409680069114    0.0324773374555265
29.7000000000018    61.9078041187881    2.0014469751295    0.0323294777390124
29.8000000000019    62.1079232829739    2.00145141315914    0.032225379748091
29.9000000000019    62.3082043408208    2.00477432485416    0.0321751259896402
30.0000000000019    62.508997890684    2.01170393904328    0.0321826298121329
30.1000000000019    62.7106541849184    2.02191278232713    0.0322419341435189
30.2000000000019    62.913455155891    2.03436531792151    0.0323359337502705
30.3000000000019    63.1175489856251    2.04747014890245    0.0324389996412687
30.400000000002    63.322912068986    2.05946058126029    0.032523150214833
30.500000000002    63.5293546556824    2.06885401546674    0.0325653239621204
30.600000000002    63.7365679398587    2.07479032845013    0.0325525894398313
30.700000000002    63.9441931653087    2.07712403143827    0.0324833879140282
30.800000000002    64.1518876496814    2.07628376883745    0.0323651235358117
30.900000000002    64.3593696356669    2.0730123702449    0.0322099545408859
31.000000000002    64.5664365348935    2.06811273581334    0.032030770889697
31.1000000000021    64.7729614344514    2.06227441867962    0.0318385075038848
31.2000000000021    64.9788771125321    2.05599567507564    0.0316409849852439
31.3000000000021    65.1841562097688    2.04957934114167    0.0314429066864949
31.4000000000021    65.3887933692706    2.04317132014182    0.0312465059357099
31.5000000000021    65.5927923037024    2.03681742548367    0.0310524579599076
31.6000000000021    65.7961588558482    2.03052497571002    0.0308608437182277
31.7000000000022    65.9989002234251    2.02432401955369    0.0306720871514642
31.8000000000022    66.2010302327186    2.01832694924458    0.0304878480312087
31.9000000000022    66.4025803421313    2.01278232552055    0.030311808895828
32.0000000000022    66.6036153714062    2.00811298221087    0.0301502098799426
32.1000000000022    66.8042514519744    2.00491813103022    0.0300118343885876
32.2000000000022    67.0046712485508    2.00391201931975    0.0299070494934051
32.3000000000021    67.2051289167515    2.00577783137719    0.0298456064843175
32.4000000000021    67.4059362977922    2.01094374640737    0.0298333330394409
32.5000000000021    67.6074250633992    2.01934087399302    0.0298686257034545
32.6000000000021    67.8098881602362    2.03025236748031    0.0299403585902218
32.7000000000021    68.0135155353017    2.0423644957613    0.0300288035353978
32.800000000002    68.2183468649158    2.05405039692279    0.0301099409663235
32.900000000002    68.4242608233378    2.06379048068341    0.0301616773911792
33.000000000002    68.6310057411822    2.0705476600792    0.030169274626217
33.100000000002    68.8382587342105    2.07394373772529    0.0301277774287252
33.200000000002    69.0456904637183    2.07420095882072    0.0300409908987826
33.3000000000019    69.25301528076    2.07192792172914    0.0299182340773076
33.4000000000019    69.460017246589    2.06787074616872    0.0297706627228093
33.5000000000019    69.6665535405639    2.06272020739007    0.0296084721083416
33.6000000000019    69.8725429581423    2.05700758559785    0.0294394263971488
33.7000000000019    70.0779480959373    2.05107836292038    0.0292685276702514
33.8000000000018    70.2827576807462    2.04511642100573    0.0290984088913459
33.9000000000018    70.4869726924011    2.03919225660365    0.0289300586861987
34.0000000000018    70.6905978237236    2.03331939312702    0.0287636468741908
34.1000000000018    70.8936386573035    2.02751159928945    0.0285993445630622
34.2000000000018    71.0961044790873    2.02183891243889    0.0284381110224345
34.3000000000017    71.2980166326512    2.01648051714895    0.0282824209197636
34.4000000000017    71.4994217017689    2.01176795321425    0.0281368423035019
34.5000000000017    71.7004078746308    2.00820141686151    0.0280082286334114
34.6000000000017    71.9011207998645    2.00641864235813    0.0279052484862226
34.7000000000017    72.1017727300865    2.00708903383412    0.0278368888563624
34.8000000000016    72.3026370305617    2.01072837574062    0.0278098899060998
34.9000000000016    72.5040214445759    2.01746967235551    0.0278256244572272
35.0000000000016    72.7062196610793    2.02687699443604    0.0278776286799718
35.1000000000016    72.9094511214301    2.03791407875371    0.0279513018875917
35.2000000000016    73.1138084895898    2.04913156390841    0.0280266013526045
35.3000000000015    73.3192334813243    2.05902924361887    0.0280830710558825
35.4000000000015    73.5255316164171    2.06644122655759    0.0281050837869248
35.5000000000015    73.7324196401632    2.07078110895545    0.0280850827771758
35.6000000000015    73.9395864643596    2.07206444772845    0.0280237494799518
35.7000000000015    74.1467466065039    2.07075104638025    0.0279277398018514
35.8000000000014    74.3536731379918    2.06751236709392    0.027806459046843
35.9000000000014    74.5602080742469    2.06302674702536    0.0276692729313604
36.0000000000014    74.7662558830929    2.05785022770969    0.0275237833351908
36.1000000000014    74.9717682462049    2.05236856337242    0.0273752188508148
36.2000000000014    75.1767270324872    2.04680459468518    0.0272265723114104
36.3000000000013    75.3811297922746    2.04125712131946    0.027079152659883
36.4000000000013    75.5849798918068    2.0357525469035    0.0269332948135661
36.5000000000013    75.7882819454679    2.03029870266014    0.0267890846783016
36.6000000000013    75.9910424496929    2.02493443354493    0.0266470148094818
36.7000000000013    76.1932757570655    2.01978552651617    0.026508710991191
36.8000000000012    76.3950147833957    2.01510451443021    0.0263774347075352
36.9000000000012    76.5963255527854    2.01130312022289    0.026258480491167
37.0000000000012    76.797322738686    2.00893760844261    0.0261589536822567
37.1000000000012    76.9981814056371    2.00863984947326    0.0260868479333488
37.2000000000012    77.1991378003687    2.0109709088497    0.0260491368964498
37.3000000000011    77.4004722336595    2.01621325433952    0.0260491079208522
37.4000000000011    77.6024707744585    2.0241714531367    0.0260838531677644
37.5000000000011    77.8053712676289    2.0340746352938    0.0261431132858057
37.6000000000011    78.0093090794365    2.04467895293705    0.0262107045564903
37.7000000000011    78.2142827181671    2.05455277950639    0.0262682557213962
37.800000000001    78.4201539240913    2.0624528751474    0.0263000360486898
37.900000000001    78.6266822256322    2.06761412141256    0.0262965963065719
38.000000000001    78.8335797263625    2.069851532006    0.0262559627406318
38.100000000001    79.0405656188585    2.06946403648339    0.0261823029767089
38.200000000001    79.247404896255    2.06702953374386    0.026083245709432
38.3000000000009    79.4539255943271    2.06319927672787    0.0259672415339435
38.4000000000009    79.6600177399062    2.0585445438193    0.0258416279863325
38.5000000000009    79.8656213195502    2.05348574036778    0.0257117606604671
38.6000000000009    80.0707103195258    2.04828528471745    0.0255809555896741
38.7000000000009    80.2752780396504    2.04307284664877    0.0254508348839306
38.8000000000008    80.4793260324806    2.03789360153729    0.0253219516365584
38.9000000000008    80.6828582031387    2.03275901519636    0.0251944348584974
39.0000000000008    80.8858798120221    2.02768608228333    0.0250684802711628
39.1000000000008    81.0884005425532    2.02276259961104    0.0249451535124255
39.2000000000008    81.2904435854294    2.01817866041921    0.0248267640254451
39.3000000000008    81.4920578043896    2.01425557916996    0.0247172010799495
39.4000000000007    81.6933323768576    2.01147682113459    0.0246222887794012
39.5000000000007    81.8944098215368    2.01041499313161    0.0245488672244257
39.6000000000007    82.0954912398859    2.01164455594492    0.0245037154362939
39.7000000000007    82.2968272513502    2.01554568939014    0.0244911712481245
39.8000000000007    82.4986891952623    2.02212001304249    0.0245109350556641
39.9000000000006    82.7013229714722    2.03084704567159    0.0245564033645766
40.0000000000006    82.9048960098436    2.04069868191597    0.0246149356688617
40.1000000000006    83.1094564306655    2.05036197642813    0.0246706219061684
40.2000000000006    83.3149200238952    2.05857062625899    0.02470830705555
40.3000000000006    83.5210918888949    2.06441687567463    0.0247173118668138
40.4000000000005    83.7277125074772    2.06752797526503    0.0246934726071776
40.5000000000005    83.9345111219425    2.06803482868345    0.02463867128122
40.6000000000005    84.1412485317788    2.06639982252624    0.0245587016901205
40.7000000000005    84.3477407044612    2.06323192279624    0.0244610217839197
40.8000000000005    84.5538635726649    2.05910283541722    0.02435255762911
40.9000000000004    84.7595446094737    2.0544603002092    0.0242386896918223
41.0000000000004    84.9647489233182    2.0496053033609    0.0241230078277604
41.1000000000004    85.1694644435597    2.0447025309656    0.0240074602361811
41.2000000000004    85.3736899546013    2.03981323515703    0.0238927617658523
41.3000000000004    85.5774283356552    2.03496431013234    0.0237792178347627
41.4000000000003    85.7806856052393    2.03018830106485    0.0236671960213483
41.5000000000003    85.9834689294064    2.02552000043363    0.0235570863289618
41.6000000000003    86.1857961721201    2.02108838555341    0.0234503650870397
41.7000000000003    86.3877036702292    2.01718316534078    0.0233503505665696
41.8000000000003    86.5892608887014    2.01416767881872    0.0232611718606497
41.9000000000002    86.7905824529008    2.01255287318819    0.0231886089055844
42.0000000000002    86.9918363738068    2.01290568371373    0.0231390181840077
42.1000000000002    87.1932415492033    2.01563831044068    0.0231169099190245
42.2000000000002    87.395047198719    2.02089907587543    0.0231237254358397
42.3000000000002    87.5974952863324    2.02838881076914    0.0231557854952232
42.4000000000001    87.8007730194134    2.03731637023927    0.02320385459236
42.5000000000001    88.0049679462013    2.04652616485078    0.023254666328631
42.6000000000001    88.2100466281048    2.0547902607931    0.0232942883417366
42.7000000000001    88.4158620370152    2.06112777807259    0.0233117421533446
42.8000000000001    88.6221902380739    2.06500023095002    0.0233011644758793
42.9    88.8287784910296    2.06635960941826    0.023262276533803
43    89.0353900860223    2.06554268716599    0.0231991198687437
43.1    89.2418328714313    2.06307867966651    0.0231178429810909
43.2    89.4479701956864    2.05952074544893    0.02302479017627
43.3    89.653716695362    2.05533497470961    0.0229252623367921
43.3999999999999    89.8590270719525    2.05084514515607    0.0228229173181889
43.4999999999999    90.0638818503044    2.04624538293783    0.0227199332395966
43.5999999999999    90.268275876476    2.04163399630262    0.0226174032513528
43.6999999999999    90.4722091056894    2.03703731060223    0.022515613697711
43.7999999999999    90.6756865050893    2.03253169949917    0.0224153990759705
43.8999999999998    90.8787159615217    2.02808815305528    0.0223164261466236
43.9999999999998    91.0813114789257    2.02386726220952    0.0222204448898147
44.0999999999998    91.2835015515548    2.02002002707418    0.0221290812988075
44.1999999999998    91.4853394393075    2.01690002774415    0.0220461555928552
44.2999999999998    91.6869176226798    2.01490659756542    0.0219759443310919
44.3999999999997    91.8883755223292    2.01457746690949    0.0219241819812119
44.4999999999997    92.0899015196125    2.01633710046131    0.0218953117246182
44.5999999999997    92.2917200486273    2.02043929146322    0.0218918803376801
44.6999999999997    92.4940620866524    2.02674242774658    0.0219121355687443
44.7999999999997    92.6971233020363    2.03468710794397    0.0219498408954323
44.8999999999996    92.9010207940225    2.04327852973318    0.0219941450833299
44.9999999999996    93.1057637636455    2.05140388955958    0.0220330493691797
45.0999999999996    93.3112511669929    2.05802022877536    0.0220554349345532
45.1999999999996    93.5172968184838    2.06249298637922    0.0220546685644956
45.2999999999996    93.7236715682255    2.06460737149598    0.0220286650848186
45.3999999999995    93.9301469786993    2.06456110505957    0.0219797495422609
45.4999999999995    94.136527470131    2.06279692679142    0.0219128215393959
45.5999999999995    94.3426666620602    2.05982083042804    0.0218333963126823
45.6999999999995    94.5484676441138    2.05610106434439    0.0217465297489927
45.7999999999995    94.7538741983794    2.0519813795496    0.0216559100818771
45.8999999999994    94.9588593526293    2.04769573216093    0.0215640304245528
45.9999999999994    95.163412216117    2.04336115296645    0.0214721299434488
46.0999999999994    95.3675311977131    2.0390208437208    0.0213806608823035
46.1999999999994    95.571218032725    2.03472839118253    0.021290179544283
46.2999999999994    95.7744788544181    2.03049735629699    0.0212008186375354
46.3999999999993    95.9773232171486    2.02641236570032    0.0211134494875999
46.4999999999993    96.179771699065    2.02262310419427    0.0210296101608851
46.5999999999993    96.3818652021954    2.01936642473494    0.0209517259341122
46.6999999999993    96.5836762543621    2.01704313951327    0.0208838927833023
46.7999999999993    96.7853201487453    2.01611125876868    0.0208307546606262
46.8999999999992    96.9869590236008    2.01701905909465    0.0207968069047698
46.9999999999992    97.1887956060133    2.02009643100198    0.0207852810440321
47.0999999999992    97.3910506006939    2.02535648609838    0.0207961252456594
47.1999999999992    97.5939263604383    2.03240631464766    0.0208251311371723
47.2999999999992    97.7975648010066    2.04044278783856    0.0208639426962251
47.3999999999991    98.0020129126378    2.04841571470724    0.0209017718496585
47.4999999999991    98.2072110729745    2.05528353705584    0.0209280307891915
47.5999999999991    98.4130077392396    2.06028964743427    0.0209351354537738
47.6999999999991    98.6191955727052    2.0630862486498    0.0209197229471298
47.7999999999991    98.8255538860615    2.06373838030862    0.0208826391470363
47.899999999999    99.0318841454978    2.0626012153235    0.0208276479148183
47.999999999999    99.2380304410888    2.06014453258183    0.0207596273668975
48.099999999999    99.4438848405104    2.05683646478497    0.0206833881045954
48.199999999999    99.6493818682212    2.05304874533345    0.0206027243405128
48.299999999999    99.8544873647699    2.04903850996487    0.0205202446483922
48.3999999999989    100.059186960951    2.04494903583418    0.0204373940858847
48.4999999999989    100.263476678509    2.04084590939558    0.020354828866941
48.5999999999989    100.467357084768    2.03677355816935    0.0202729883344183
48.6999999999989    100.670833997547    2.03276929561692    0.0201922365684031
48.7999999999989    100.873914251438    2.02887312079038    0.0201129611738197
48.8999999999988    101.076614300831    2.025184152546    0.0200361296879069
48.9999999999988    101.278964897881    2.02192665617604    0.0199639348428842
49.0999999999988    101.481023275437    2.01939946768476    0.0198992816834707
49.1999999999988    101.68288243197    2.01801599928616    0.0198461722467034
49.2999999999988    101.884678262516    2.0182064174798    0.0198087332845052
49.3999999999987    102.086587663615    2.02033121451001    0.0197903687521341
49.4999999999987    102.288813077488    2.0245222528823    0.0197922157073876
49.5999999999987    102.491553236928    2.03055385971997    0.0198119142074662
49.6999999999987    102.694965000555    2.03781950105473    0.0198434217397485
49.7999999999987    102.899127672715    2.04540254631656    0.019877744278088
49.8999999999986    103.104023337621    2.05231763436277    0.0199053108494351
49.9999999999986    103.309541259828    2.05773350614354    0.0199181361280876
50.0999999999986    103.515504785592    2.0611813779029    0.0199118130387535
50.1999999999986    103.721709533894    2.0625741425583    0.0198856551037108
50.2999999999986    103.927959630594    2.06214954692359    0.0198421055724886
50.3999999999985    104.134092509223    2.06030733278551    0.019785137442889
50.4999999999985    104.339989152811    2.05749693294742    0.0197191599275913
50.5999999999985    104.545572541763    2.05409890835108    0.0196478804258357
50.6999999999985    104.750799120791    2.05039829510499    0.0195740587405029
50.7999999999985    104.955648008826    2.04656595530511    0.0194993408561777
50.8999999999984    105.160111198427    2.04269524113387    0.0194246203988839
50.9999999999984    105.364187186311    2.03882953264305    0.0193503085544416
51.0999999999984    105.567879249451    2.03502520586976    0.019276935563526
51.1999999999984    105.771193924877    2.03129065752862    0.0192045734018217
51.2999999999984    105.974143286659    2.02773105174961    0.0191342056549079
51.3999999999983    106.176750700784    2.02448889044115    0.0190671580838479
51.4999999999983    106.379059508228    2.02181377148963    0.0190057496356531
51.5999999999983    106.581143466932    2.02005618449078    0.0189532230447267
51.6999999999983    106.783114393799    2.01962251690899    0.0189133134800784
51.7999999999983    106.985124176181    2.0208876444149    0.0188894265438898
51.8999999999982    107.187355587279    2.02407169857499    0.0188834931833622
51.9999999999982    107.389999958805    2.02910519235645    0.0188947312890849
52.0999999999982    107.593223848642    2.03555781222288    0.0189190149659093
52.1999999999982    107.797133593706    2.04267268017853    0.018949230021992
52.2999999999982    108.00174973601    2.04952784276615    0.0189768022071478
52.3999999999981    108.207002035614    2.05526847516808    0.0189938584056847
52.4999999999981    108.412746686649    2.0593049102978    0.0189950441551851
52.5999999999981    108.618798996672    2.06141372154145    0.0189784249189185
52.6999999999981    108.824969032219    2.06170119358212    0.018945111695568
52.7999999999981    109.031089588499    2.06049002972925    0.0188981880077129
52.899999999998    109.237031199583    2.05819178859427    0.0188415207369911
52.999999999998    109.442705013115    2.05519433017351    0.0187787238073769
53.099999999998    109.648057081291    2.05180031443367    0.0187126007432353
53.199999999998    109.853058895425    2.04821517244756    0.0186450445080219
53.299999999998    110.057697651409    2.04455317690746    0.018577102924534
53.3999999999979    110.261968910309    2.04087255595734    0.018509306301409
53.4999999999979    110.46587343904    2.03723146448041    0.0184421794809295
53.5999999999979    110.669417550745    2.03365830601723    0.0183759736973833
53.6999999999979    110.872610218639    2.03022308038536    0.0183113131041273
53.7999999999979    111.07546995707    2.02702615720662    0.0182490891822475
53.8999999999978    111.278030145251    2.02427301388257    0.018191129113629
53.9999999999978    111.480348435417    2.02224718289634    0.0181399431494231
54.0999999999978    111.682515492375    2.02131267802723    0.0180987388143602
54.1999999999978    111.884659330598    2.02184111307252    0.0180707625618125
54.2999999999978    112.0869414044    2.02410929605559    0.0180583863802008
54.3999999999977    112.289540828904    2.02817275959609    0.0180619917458424
54.4999999999977    112.492626912945    2.03376827435679    0.0180791250961778
54.5999999999977    112.696325675192    2.0403010864336    0.0181044153321737
54.6999999999977    112.900691052958    2.04695170429308    0.0181305507096756
54.7999999999977    113.105691590109    2.05286922204942    0.0181500081312349
54.8999999999976    113.311218352295    2.05738646767675    0.0181569530148387
54.9999999999976    113.5171105174    2.06014684351878    0.0181483375865439
55.0999999999976    113.723188638228    2.06112639600095    0.0181240644118565
55.1999999999976    113.929284547973    2.06055660266358    0.0180862770343821
55.2999999999976    114.135260625476    2.05879575914359    0.0180382096458284
55.3999999999975    114.341016977643    2.05622274408538    0.0179832469435482
55.4999999999975    114.546489048563    2.0531577616234    0.0179242312765512
55.5999999999975    114.751639957955    2.04983085208768    0.0178631943982564
55.6999999999975    114.956451256416    2.04638218646521    0.0178013688148798
55.7999999999975    115.160914915747    2.04288738465852    0.0177394160697066
55.8999999999974    115.365028900738    2.03939989049619    0.0176777998491286
55.9999999999974    115.568797454574    2.03598215587735    0.0176170575511752
56.0999999999974    115.772227793242    2.03265799796437    0.0175573886475995
56.1999999999974    115.975334696037    2.02952580071401    0.0174996330558843
56.2999999999974    116.17814368595    2.02673001653497    0.0174450197966114
56.3999999999973    116.380699932492    2.02451744044114    0.0173956458555025
56.4999999999973    116.583076518982    2.02319645336804    0.0173541178855287
56.5999999999973    116.785380341206    2.02312048882346    0.01732340540325
56.6999999999973    116.98775184788    2.02459150908187    0.0173060126133073
56.7999999999973    117.190354724992    2.02775249349504    0.0173030664362568
56.8999999999972    117.393354425805    2.03248082038342    0.0173134231518019
56.9999999999972    117.596888538232    2.03834136354524    0.0173332933284417
57.0999999999972    117.801037442007    2.04464383813434    0.0173567557852869
57.1999999999972    118.005805325224    2.05058683245169    0.0173769996043862
57.2999999999972    118.211119216958    2.05546013075806    0.0173880439029224
57.3999999999971    118.416846212656    2.05879619811857    0.0173860076835801
57.4999999999971    118.622822241017    2.06044017033588    0.0173696775326209
57.5999999999971    118.828882145988    2.06051191612986    0.017340160732964
57.6999999999971    119.0348824059    2.05930551509543    0.0173000172174183
57.7999999999971    119.240712877704    2.05717614025351    0.0172522965571616
57.899999999997    119.446298213518    2.0544540589899    0.0171998135540159
57.999999999997    119.651592532184    2.05139210645169    0.0171447121015117
58.099999999997    119.856571101001    2.04816042497452    0.0170884283286277
58.199999999997    120.061222152891    2.04485287716719    0.0170317513057062
58.299999999997    120.265540913309    2.04152384212942    0.0169751354097431
58.399999999997    120.469528765547    2.03824825744545    0.0169192017129261
58.4999999999969    120.673192499423    2.03504040360116    0.0168640636868117
58.5999999999969    120.876542935182    2.03199421904007    0.0168104925049825
58.6999999999969    121.079600326485    2.02920959832683    0.0167593020860257
58.7999999999969    121.282399855165    2.02687803949887    0.0167120541968114
58.8999999999969    121.484999626768    2.02526719379128    0.016670923982495
58.9999999999968    121.687487689773    2.02469959441603    0.0166385191514329
59.0999999999968    121.889984197232    2.02548265369756    0.0166173017991379
59.1999999999968    122.092635728396    2.0278185631771    0.0166088523773714
59.2999999999968    122.295599232389    2.03169827334215    0.0166130121287641
59.3999999999968    122.499017094439    2.03683239949084    0.0166273366742246
59.4999999999967    122.702988938474    2.04266477454495    0.0166472291524144
59.5999999999967    122.907549362886    2.04847632177701    0.0166668063304139
59.6999999999967    123.112659667885    2.05355096168226    0.016680258287182
59.7999999999967    123.318217028923    2.05734618726053    0.0166832300760397
59.8999999999967    123.524077400251    2.05959037532208    0.0166735944818957
59.9999999999966    123.730083824385    2.06028885071832    0.0166514786625585
60.0999999999966    123.936091118575    2.05965579304654    0.0166186925411097
60.1999999999966    124.141981387517    2.05800538597114    0.0165778358212839
60.2999999999966    124.347669308219    2.05566071321693    0.0165315580473131
60.3999999999966    124.553099608871    2.05289223696329    0.0164820646247256
60.4999999999965    124.7582401837    2.04989236192868    0.0164309175803564
60.5999999999965    124.963074276827    2.04677650491524    0.0163790505056003
60.6999999999965    125.167593864854    2.04361093598581    0.0163269970515878
60.7999999999965    125.371796925232    2.04046096903142    0.0162752789628459
60.8999999999965    125.57568873683    2.03738405227178    0.0162243510090678
60.9999999999964    125.779277504824    2.0344266721188    0.016174577501773
61.0999999999964    125.982580167493    2.03167618122836    0.0161266436877802
61.1999999999964    126.185624234686    2.02928334894165    0.0160817316651499
61.2999999999964    126.388455929249    2.02747100139453    0.0160415837545281
61.3999999999964    126.591146734396    2.02651717992245    0.0160083641881713
61.4999999999963    126.793797507602    2.02671824583793    0.0159843642644777
61.5999999999963    126.996536474181    2.02831076372697    0.0159713864648532
61.6999999999963    127.199508417908    2.03137322647369    0.0159699770206636
61.7999999999963    127.40285476194    2.03574937775238    0.0159788364362503
61.8999999999963    127.606688078994    2.04102163119398    0.0159946289800304
61.9999999999962    127.811068316873    2.04657181112697    0.0160124771514548
62.0999999999962    128.015988881322    2.05171467957676    0.0160270189490065
62.1999999999962    128.221378018079    2.05585832869558    0.0160336627204686
62.2999999999962    128.427115033162    2.05863147641539    0.016029570358906
62.3999999999962    128.633055341598    2.05992769132624    0.0160139840094437
62.4999999999961    128.83905572957    2.05986928400499    0.0159879259618963
62.5999999999961    129.04499301883    2.05871701779383    0.0159534823446689
62.6999999999961    129.250773072483    2.0567757470098    0.0159130634047069
62.7999999999961    129.456331396216    2.05432412421446    0.015868857877078
62.8999999999961    129.661628137829    2.05157378275315    0.015822520603955
62.999999999996    129.866640920326    2.04866259961591    0.0157751258144328
63.099999999996    130.071357994098    2.04566999235061    0.0157272901882321
63.199999999996    130.275774070659    2.04265430162631    0.0156794639386937
63.299999999996    130.47989086914    2.0396947469032    0.0156322536240381
63.399999999996    130.683715230424    2.03681507663052    0.0155858369425691
63.4999999999959    130.88725996417    2.03411152876646    0.0155409436283049
63.5999999999959    131.090547007829    2.03168958797494    0.0154983683747509
63.6999999999959    131.29361301324    2.02972810102191    0.0154594580378958
63.7999999999959    131.496515843621    2.02847132730268    0.0154260461905698
63.8999999999959    131.699339506357    2.02819133696194    0.0154001633156561
63.9999999999958    131.902194611432    2.02913524639291    0.0153836352182805
64.0999999999959    132.105211770827    2.03144227681897    0.015377457479445
64.1999999999959    132.308526704697    2.03506331121628    0.0153811954671553
64.299999999996    132.51225868849    2.03971459903357    0.015392648342283
64.399999999996    132.716487297345    2.04489628575338    0.0154080048937092
64.4999999999961    132.921234730762    2.04998171031797    0.0154225298498791
64.5999999999961    133.126460248819    2.05436412512912    0.0154316739233465
64.6999999999962    133.33206918572    2.05759237671183    0.0154320891386286
64.7999999999962    133.537933215383    2.05945112978349    0.0154222180933548
64.8999999999963    133.743914745316    2.05996325944049    0.0154022952248946
64.9999999999963    133.949887728367    2.05932274435052    0.0153738295662222
65.0999999999964    134.155750351402    2.05780538199996    0.015338927899921
65.1999999999965    134.361429072951    2.05568874673896    0.0152996939741005
65.2999999999965    134.566875974661    2.05320211749638    0.01525785675431
65.3999999999966    134.772062616959    2.05050489396206    0.0152146138757992
65.4999999999966    134.97697320579    2.04769263438568    0.0151706812336331
65.5999999999967    135.18159934522    2.04482596295204    0.0151265110995622
65.6999999999967    135.385939001058    2.04197753577971    0.0150826411579104
65.7999999999968    135.589997057117    2.03919462337358    0.0150394178599663
65.8999999999968    135.793782550939    2.03654597574518    0.0149973433060621
65.9999999999969    135.997313146821    2.03411516411214    0.0149570246429511
66.0999999999969    136.200617558392    2.03205093916692    0.0149195427714984
66.199999999997    136.403742146166    2.03055822686307    0.014886382110303
66.299999999997    136.606756070973    2.02988135817189    0.0148593043020309
66.3999999999971    136.809753427269    2.03026408406862    0.0148400536745939
66.4999999999971    137.012849755194    2.03188055129927    0.0148298539511419
66.5999999999972    137.216171507029    2.03476236521777    0.0148288816315906
66.6999999999972    137.419838814953    2.03874502466397    0.0148358857225069
66.7999999999973    137.623944589969    2.04345136020922    0.014848080152748
66.8999999999973    137.828535341849    2.04834463457966    0.0148615424919032
66.9999999999974    138.033600224032    2.05283743198734    0.0148720125292359
67.0999999999974    138.239072792444    2.0564269540163    0.0148758734594804
67.1999999999975    138.444845277589    2.05880269167682    0.0148709234175445
67.2999999999975    138.650790228393    2.05988071844366    0.0148566100131887
67.3999999999976    138.856782180535    2.05977396092524    0.0148338016233677
67.4999999999976    139.062713414591    2.05871127487543    0.014804193189714
67.5999999999977    139.268501664204    2.05695871154847    0.0147697339094528
67.6999999999977    139.474090397924    2.0547572222251    0.0147321786889795
67.7999999999978    139.679444323315    2.05228797212082    0.0146928417568043
67.8999999999978    139.884543034902    2.04966788816332    0.0146525687806115
67.9999999999979    140.089375203051    2.04696633603019    0.014611859986264
68.0999999999979    140.293935635111    2.04424506929762    0.0145711577627594
68.199999999998    140.498225917951    2.04157120707806    0.0145309394032513
68.299999999998    140.702252556915    2.03898423406736    0.0144914825243652
68.3999999999981    140.906028534368    2.03657007055316    0.0144533920353623
68.4999999999981    141.109575880881    2.03443708066373    0.014417427505991
68.5999999999982    141.312930755826    2.03275478407144    0.0143847754993054
68.6999999999982    141.51614882616    2.03174095663384    0.0143569548315624
68.7999999999983    141.719308682849    2.03162871717986    0.0143355816230123
68.8999999999983    141.922510901902    2.03261482446818    0.0143220043920527
68.9999999999984    142.1258710753    2.03479132026776    0.0143168256762325
69.0999999999984    142.32950631613    2.03808774544224    0.0143195026680934
69.1999999999985    142.533517124767    2.04224160295381    0.0143281499267722
69.2999999999985    142.737968624035    2.04681613740081    0.0143396754005378
69.3999999999986    142.942876651559    2.05127911398748    0.0143503416332366
69.4999999999986    143.148203671859    2.05511674677938    0.0143565667892721
69.5999999999987    143.35386647099    2.0579453766091    0.0143557019232931
69.6999999999988    143.559753113397    2.05958049763525    0.0143465034800415
69.7999999999988    143.765743407482    2.06003534521631    0.0143291113473219
69.8999999999989    143.97172660342    2.05947442943141    0.014304714390933
69.9999999999989    144.177612479394    2.05813139825422    0.0142749721184929
70.099999999999    144.383335104022    2.05624791260504    0.0142415875843538
70.199999999999    144.58885085857    2.0540234504716    0.0142059601295313
70.2999999999991    144.794133240927    2.05159988156572    0.0141690815480211
70.3999999999991    144.999167199991    2.04906619600121    0.0141315721708596
70.4999999999992    145.20394487248    2.04648437352032    0.0140938620869947
70.5999999999992    145.408464773351    2.04392270653528    0.0140564217476689
70.6999999999993    145.612731461666    2.04142410768988    0.01401954408243
70.7999999999993    145.816753944008    2.03905313396256    0.0139836683975665
70.8999999999994    146.020548844233    2.03689017791163    0.0139493392815861
70.9999999999994    146.224143265818    2.03507065850912    0.0139174736336776
71.0999999999995    146.427580254427    2.03377639964943    0.0138892986971144
71.1999999999995    146.630922998747    2.03322342687849    0.013866266305204
71.2999999999996    146.834256280332    2.03361861891487    0.0138497559795061
71.3999999999996    147.037682935139    2.03510623953973    0.0138407121148491
71.4999999999997    147.241314175559    2.03769952799828    0.01383918324424
71.5999999999997    147.445254330088    2.04124182556506    0.0138440659541018
71.6999999999998    147.649582980847    2.04539920475731    0.0138530645563871
71.7999999999998    147.854339320689    2.04971074859082    0.0138630408685205
71.8999999999999    148.059513711235    2.05367841953608    0.0138706278850911
71.9999999999999    148.26504936189    2.05687430950544    0.0138729546737948
72.1    148.470853898163    2.05902532235081    0.0138682123008675
72.2    148.676817076716    2.06004901189957    0.0138558858899744
72.3000000000001    148.882829019404    2.06002596793319    0.013836558463466
72.4000000000001    149.08879393915    2.05914516877437    0.0138115354908216
72.5000000000002    149.294637193973    2.05763078070078    0.0137823489133597
72.6000000000002    149.500306125202    2.05569100173848    0.0137504133270262
72.7000000000003    149.70576684281    2.05348974501701    0.0137168379570385
72.8000000000003    149.910999188038    2.05113875440618    0.0136823766469155
72.9000000000004    150.115992036678    2.04870968804314    0.0136475112361285
73.0000000000004    150.320740502708    2.04626201873392    0.0136126392930925
73.1000000000005    150.525245817548    2.04385392051577    0.013578147037163
73.2000000000005    150.729513843824    2.04152691621591    0.0135443077082515
73.3000000000006    150.933556378141    2.03935593964819    0.0135116139086983
73.4000000000006    151.137393448801    2.03743948928873    0.0134807107810744
73.5000000000007    151.341057499085    2.03592483464374    0.0134525611773001
73.6000000000007    151.544597867519    2.03500055950169    0.0134283939390614
73.7000000000008    151.748083827542    2.03487029890148    0.0134095287899257
73.8000000000008    151.951603837902    2.03570456952936    0.0133970587878822
73.9000000000009    152.155259453084    2.03758556106004    0.0133914895113325
74.000000000001    152.359153735503    2.04045399586229    0.0133923951783333
74.100000000001    152.563375731082    2.04408848263709    0.0133982908600562
74.2000000000011    152.767984744847    2.04812258796629    0.0134067526739131
74.3000000000011    152.972998516557    2.05210422385829    0.0134148133576409
74.4000000000012    153.178388974832    2.05558581183981    0.0134195549750661
74.5000000000012    153.384087472084    2.0582182509737    0.0134187208392677
74.6000000000013    153.589998212947    2.05981455381569    0.0134111242775056
74.7000000000013    153.796015628155    2.06036291189261    0.0133967248987393
74.8000000000014    154.002040210456    2.05998700662432    0.0133763617924099
74.9000000000014    154.2079890183    2.05888373623038    0.0133513428800764
75.0000000000015    154.413799923041    2.05726359855332    0.0133230553200469
75.1000000000015    154.619430799393    2.05531032415639    0.0132927039863638
75.2000000000016    154.824855547687    2.05315937071398    0.0132611741406185
75.3000000000016    155.030059176147    2.05089937497922    0.0132290433602232
75.4000000000017    155.235033717049    2.04858709949457    0.0131966802237991
75.5000000000017    155.439776710555    2.04627717796091    0.0131644371940349
75.6000000000018    155.644290737715    2.04401411817316    0.0131325993936883
75.7000000000018    155.848582848744    2.04185152592237    0.0131015084551911
75.8000000000019    156.052666840565    2.03986707180277    0.013071657877445
75.9000000000019    156.256565963423    2.03817780786629    0.0130437898420435
76.000000000002    156.460317411193    2.03694409923645    0.0130189183617924
76.100000000002    156.66397602566    2.03635397736105    0.012998227346327
76.2000000000021    156.867615476809    2.0365887531134    0.0129828502009357
76.3000000000021    157.071325254081    2.03777444064345    0.0129735611343898
76.4000000000022    157.275202695073    2.03993489466254    0.01297048015012
76.5000000000022    157.47934078669    2.04295561155167    0.0129728483834518
76.6000000000023    157.683813750802    2.04657673026697    0.0129789905608276
76.7000000000023    157.88866357406    2.05042152783676    0.0129865025228679
76.8000000000024    158.09389121782    2.0540599737639    0.0129926587165461
76.9000000000024    158.299455549232    2.05709555859556    0.0129949629419654
77.0000000000025    158.505280965763    2.05924695034594    0.0129916614626281
77.1000000000025    158.711271611895    2.06039432119336    0.0129820289401483
77.2000000000026    158.917327764617    2.06057499759485    0.0129663330398238
77.3000000000026    159.123359619082    2.05993986826329    0.0129455528917595
77.4000000000027    159.329295467062    2.05869045973184    0.0129209788676774
77.5000000000027    159.535083943061    2.05702324670466    0.0128938613116524
77.6000000000028    159.740691672234    2.05509790693257    0.0128652122725833
77.7000000000028    159.946098614621    2.05302165925097    0.0128357095110996
77.8000000000029    160.151293289289    2.05086150956082    0.0128057755103872
77.9000000000029    160.356269725335    2.04866497874711    0.0127757086283944
78.000000000003    160.561026624934    2.04647845268776    0.012745798253198
78.100000000003    160.765567060071    2.04434381020361    0.0127163039174908
78.2000000000031    160.96989925848    2.042326480141    0.0126876297341871
78.3000000000032    161.174039133194    2.04051616041288    0.0126603277512119
78.4000000000032    161.378013614366    2.03904454997787    0.0126352066450045
78.5000000000033    161.581864577736    2.0380753690629    0.0126132680445856
78.6000000000033    161.785651106121    2.03778457845949    0.012595582887155
78.7000000000034    161.989448777749    2.03831900450677    0.012583035622915
78.8000000000034    162.193345009303    2.03976183339845    0.0125761129920679
78.9000000000035    162.397430535014    2.04209111293876    0.0125746516198634
79.0000000000035    162.601787762916    2.04515964876937    0.0125777193283468
79.1000000000036    162.806477878055    2.04869246341269    0.0125836053338565
79.2000000000036    163.011529349741    2.05231814325594    0.012590018334548
79.3000000000037    163.216931152811    2.05563170715083    0.0125944759078104
79.4000000000037    163.422633583341    2.05827924303994    0.0125948236049585
79.5000000000038    163.628557267994    2.06003130375832    0.0125896807877146
79.6000000000038    163.834607905993    2.06082016352523    0.0125786620413418
79.7000000000039    164.040691924976    2.06072201232087    0.0125622611569046
79.8000000000039    164.246728629621    2.05990715412145    0.0125415414438273
79.900000000004    164.452656357915    2.05857608441571    0.0125177429784741
80.000000000004    164.658432843926    2.0569095235749    0.0124919780180622
80.1000000000041    164.86403161161    2.05504035305904    0.0124650618632228
80.2000000000041    165.069437078024    2.05305394142227    0.012437517070176
80.3000000000042    165.274640203782    2.05099997224367    0.0124096471770552
80.4000000000042    165.479636068236    2.04891556040767    0.0123816779459365
80.5000000000043    165.684423628736    2.04684065752263    0.0123538508490645
80.6000000000043    165.889006022551    2.04482274180532    0.0123264512268363
80.7000000000044    166.093392514157    2.04293679634718    0.0122999281634461
80.8000000000044    166.297601127077    2.04128593312498    0.0122748970477639
80.9000000000045    166.501662055698    2.04000909092738    0.0122521845472327
81.0000000000045    166.705620575919    2.03926577401638    0.0122327355668712
81.1000000000046    166.909537952218    2.03921075820728    0.0122174609265952
81.2000000000046    167.113489423906    2.03996255904058    0.0122070490304104
81.3000000000047    167.317558794237    2.0415691304232    0.0122017625952448
81.4000000000047    167.521829946149    2.04398047747279    0.0122012783535725
81.5000000000048    167.72637612419    2.04703157927939    0.0122045895617735
81.6000000000048    167.931248337673    2.05044500717047    0.0122100265880682
81.7000000000049    168.136465142135    2.05385754987241    0.0122154200645063
81.8000000000049    168.342007064832    2.05688492202862    0.0122184887651748
81.900000000005    168.547818700904    2.05920741560519    0.0122173483553611
82.000000000005    168.753819004374    2.0606406494314    0.0122109275013088
82.1000000000051    168.959916464176    2.06115884799187    0.0121990995919372
82.2000000000051    169.166023952833    2.06086745743235    0.0121825140136117
82.3000000000052    169.372069177269    2.05994676673896    0.0121622577839736
82.4000000000052    169.577998913414    2.05858870180018    0.0121394798558231
82.5000000000053    169.783777878122    2.05695460174291    0.0121151421381345
82.6000000000054    169.989384431979    2.05515498485532    0.0120899019178323
82.7000000000054    170.194805586996    2.05325459109489    0.012064143697061
82.8000000000055    170.40003319712    2.05128959911545    0.0120380821566067
82.9000000000055    170.605062506898    2.04929487095023    0.0120119229806992
83.0000000000056    170.809892578179    2.04731253658925    0.0119859131440657
83.1000000000056    171.014527291725    2.04539978807944    0.0119603861757914
83.2000000000057    171.218977496004    2.04363835846616    0.0119358168606857
83.3000000000057    171.423263545626    2.0421381414772    0.0119128413450935
83.4000000000058    171.627418285331    2.04103684290784    0.0118922539492764
83.5000000000058    171.831488929306    2.04048109876621    0.0118748962223431
83.6000000000059    172.035536915586    2.04060352873303    0.0118615232952382
83.7000000000059    172.239635132109    2.04149642907897    0.0118526518446996
83.800000000006    172.443862565336    2.04318577043427    0.0118484110715169
83.900000000006    172.648296681745    2.04561124377679    0.0118484299184695
84.0000000000061    172.853003720116    2.04860613844011    0.0118517242648396
84.1000000000061    173.058027620898    2.05189271825372    0.0118566745874893
84.2000000000062    173.263380063927    2.05511232799093    0.0118612041807835
84.3000000000062    173.469035591609    2.05789548194424    0.0118631862737108
84.4000000000063    173.67493500774    2.05995154198107    0.011860960488566
84.5000000000063    173.880996845522    2.06113275173038    0.0118536975812343
84.6000000000064    174.08713286671    2.06144884651691    0.0118414773830255
84.7000000000064    174.293262183216    2.06102729569964    0.0118250543359106
84.8000000000065    174.499320049224    2.0600522223022    0.0118055028622523
84.9000000000065    174.705260332783    2.05870345676119    0.0117838664550783
85.0000000000066    174.911053099241    2.05712115295739    0.0117609557343995
85.1000000000066    175.116679842181    2.05539427467841    0.0117372844010678
85.2000000000067    175.322128824853    2.05357219063527    0.0117131374367852
85.3000000000067    175.527392182874    2.05168718190286    0.0116887008710601
85.4000000000068    175.732465334458    2.04977474606951    0.0116641779432636
85.5000000000068    175.937347704255    2.04788034956208    0.01163982733788
85.6000000000069    176.142044037483    2.04606661590838    0.0116160035901081
85.7000000000069    176.346566483325    2.04441912225633    0.0115931892694358
85.800000000007    176.550936948346    2.04304784162153    0.0115720022614169
85.900000000007    176.755189505356    2.04208420302607    0.0115531782050687
86.0000000000071    176.959371656521    2.04166208475565    0.0115374623318539
86.1000000000071    177.163543713892    2.04189956263084    0.0115255064322284
86.2000000000072    177.367776005168    2.04287564261785    0.011517738388727
86.3000000000072    177.572143824172    2.04460620699708    0.0115142283185002
86.4000000000073    177.776720009997    2.0470225950375    0.0115145706081336
86.5000000000073    177.981565336837    2.04994995525925    0.0115177656257806
86.6000000000074    178.186717729828    2.05310857381617    0.0115222312862239
86.7000000000074    178.392183096845    2.05614729864572    0.0115259943734725
86.8000000000075    178.59793162253    2.0587174090176    0.0115271066709145
86.9000000000076    178.803902325694    2.06055804340505    0.0115241223295659
87.0000000000076    179.010015208088    2.06155477103924    0.0115164214060471
87.1000000000077    179.216186448305    2.06174174306766    0.0115042161309596
87.2000000000077    179.422341256883    2.0612546842371    0.0114882832862266
87.3000000000078    179.628420966705    2.06026976317088    0.0114696201864
87.4000000000078    179.834384121724    2.05894789657864    0.0114491336383426
87.5000000000079    180.040203468106    2.05741013918185    0.011427503966059
87.6000000000079    180.245861620653    2.05573410801315    0.0114051667512881
87.700000000008    180.451347291287    2.05396681033016    0.0113823855635426
87.800000000008    180.656653118927    2.05214357819151    0.0113593578911294
87.9000000000081    180.861775459014    2.05030439228249    0.0113363057897611
88.0000000000081    181.066715035139    2.0484973639028    0.0113134949375165
88.1000000000082    181.271478100419    2.04678658563707    0.0112912776300263
88.2000000000082    181.476078194093    2.04525348346514    0.0112700996396764
88.3000000000083    181.680537953166    2.04399876350348    0.0112505102997349
88.4000000000083    181.884890961699    2.04313867973024    0.0112331412957246
88.5000000000084    182.089182786879    2.04279550858428    0.011218653833903
88.6000000000084    182.293470901933    2.04308222067399    0.0112076543968659
88.7000000000085    182.497822834034    2.04408222143668    0.0112005841477659
88.8000000000085    182.702311766422    2.04581916592934    0.011197554897635
88.9000000000086    182.90700883929    2.04822357587467    0.0111981688885106
89.0000000000086    183.111972429229    2.05110736843493    0.0112013831822366
89.1000000000087    183.317236342547    2.05417180774352    0.01120555736453
89.2000000000087    183.522800878636    2.05705810965033    0.0112087331917448
89.3000000000088    183.72863097701    2.05943375848364    0.0112091063190981
89.4000000000088    183.934663262173    2.06107636215715    0.0112054809332995
89.5000000000089    184.140819545456    2.06191412807816    0.0111974853439227
89.6000000000089    184.347021476454    2.06200850301601    0.0111854723038168
89.700000000009    184.553201285357    2.0614988368658    0.0111702144558213
89.800000000009    184.759306513003    2.06054262594398    0.0111525782642995
89.9000000000091    184.965299616228    2.05927609868037    0.01113331042608
90.0000000000091    185.171154780226    2.05779722659267    0.0111129469869917
90.1000000000092    185.376854243591    2.056171145989    0.011091843986559
90.2000000000092    185.582385646221    2.05444327618345    0.0110702493074955
90.3000000000093    185.787741018062    2.05265867297741    0.0110484075091792
90.4000000000093    185.992917254715    2.05087016066459    0.0110266035445637
90.5000000000094    186.197916825134    2.04913572453107    0.0110051484972063
90.6000000000094    186.40274829757    2.04751997761798    0.0109843872814008
90.7000000000095    186.607427108633    2.04609560892026    0.0109647061782227
90.8000000000095    186.811976554925    2.0449482112546    0.0109465584004105
90.9000000000096    187.016429090297    2.0441752182968    0.0109304579722769
91.0000000000096    187.220827514323    2.04388482215969    0.0109169735509439
91.1000000000097    187.425225661825    2.0441878092743    0.0109066845300892
91.2000000000098    187.629687810574    2.04517752984111    0.0109000742564037
91.3000000000098    187.834285239036    2.04689281504855    0.0108973333193336
91.4000000000099    188.03908833535    2.04926890485292    0.0108981006183046
91.5000000000099    188.244154382894    2.05210615830833    0.0109013008400478
91.60000000001    188.449514324357    2.05508536263355    0.0109052303477756
91.70000000001    188.655163934258    2.05783852159099    0.0109079363568765
91.8000000000101    188.861064019003    2.06005065212037    0.0109077573126088
91.9000000000101    189.067149931723    2.06153686568917    0.0109037284712529
92.0000000000102    189.273346135462    2.06226191274267    0.010895680532148
92.1000000000102    189.479579796383    2.0623063010046    0.0108840557025764
92.2000000000103    189.685789361207    2.06180447600231    0.0108695779633557
92.3000000000103    189.891927290116    2.06089500129561    0.0108529890169948
92.4000000000104    190.097958572438    2.05968767553442    0.0108348752979878
92.5000000000104    190.303857636952    2.05826184028548    0.0108156601019202
92.6000000000105    190.509605610375    2.05667450618744    0.0107956472829705
92.7000000000105    190.715188880037    2.05497647407385    0.0107751065142822
92.8000000000106    190.920599150546    2.0532253099816    0.0107543414336479
92.9000000000106    191.125834327675    2.05148566373754    0.0107336910834376
93.0000000000107    191.330898772878    2.04982109088084    0.0107134869695778
93.1000000000107    191.535803036523    2.04829244580959    0.0106940447338664
93.2000000000108    191.740563783254    2.04696163122978    0.0106756838033693
93.3000000000108    191.945204205618    2.04589877200998    0.010658764726512
93.4000000000109    192.149755068245    2.04518619725421    0.0106437096239224
93.5000000000109    192.354256291525    2.04492434834002    0.010631032490598
93.600000000011    192.558758578014    2.04522690308332    0.0106213132977522
93.700000000011    192.763323779593    2.04619733695163    0.0106150760260353
93.8000000000111    192.968021787501    2.04788342804671    0.0106125533602758
93.9000000000111    193.172922096574    2.05022037860687    0.0106133942394985
94.0000000000112    193.378080576206    2.05299902109673    0.0106165032509343
94.1000000000112    193.583525622389    2.05588924923319    0.0106201663732661
94.2000000000113    193.789249945465    2.0585251341721    0.0106224939451048
94.3000000000113    193.995212267581    2.06060924827714    0.0106219592957527
94.4000000000114    194.201348154022    2.06198247408458    0.0106177557142868
94.5000000000114    194.407584754042    2.06263191623592    0.0106098325270873
94.6000000000115    194.613853503162    2.06264573230753    0.01059865829271
94.7000000000115    194.820097207694    2.06215365409287    0.0105849123558051
94.8000000000116    195.026271611353    2.06127864567294    0.0105692357683002
94.9000000000116    195.232343556295    2.06011815796759    0.0105521355756996
95.0000000000117    195.438288155944    2.05874191521412    0.0105339743539475
95.1000000000117    195.644086591047    2.05720346776612    0.0105150301428035
95.2000000000118    195.849725153149    2.05555341052735    0.0104955644380913
95.3000000000118    196.055195514633    2.05385044154922    0.0104758786736459
95.4000000000119    196.260495720643    2.05216189271001    0.010456316668185
95.500000000012    196.465630516022    2.05055257824642    0.0104372076319944
95.600000000012    196.670610848564    2.04908263348414    0.0104188552862224
95.7000000000121    196.875453566636    2.04781057152547    0.0104015535427445
95.8000000000121    197.080181622476    2.04680161721686    0.0103856288357684
95.9000000000122    197.284825162866    2.04613521521086    0.0103714779559031
96.0000000000122    197.48942313671    2.04590796350234    0.0103595824576695
96.1000000000123    197.694024836475    2.04622810300188    0.0103504802671423
96.2000000000123    197.898690060396    2.04719178622738    0.0103446454628002
96.3000000000124    198.103485853476    2.0488387584855    0.0103422650523216
96.4000000000124    198.308478327627    2.05110288695348    0.0103429914053641
96.5000000000125    198.513720307116    2.05378353268677    0.0103458014363411
96.6000000000125    198.71923850643    2.05656815010234    0.0103491144871501
96.7000000000126    198.925025807438    2.05910895882826    0.0103511810566334
96.8000000000126    199.131042671076    2.06112061621291    0.0103505741172533
96.9000000000127    199.337227134076    2.06244657989576    0.0103465198625871
97.0000000000127    199.543508647783    2.06306872083741    0.0103389417917821
97.1000000000128    199.749820249327    2.06306762018824    0.0103282577056296
97.2000000000128    199.956105763608    2.0625692808841    0.0103151102738644
97.3000000000129    200.162321824904    2.06169807220011    0.0103001306809562
97.4000000000129    200.368436442002    2.06055499449576    0.0102838302832802
97.500000000013    200.574426314268    2.05921372829858    0.0102665816681541
97.600000000013    200.780274471212    2.05772901312278    0.0102486612220356
97.7000000000131    200.985968917222    2.05614735553022    0.0102303029739209
97.8000000000131    201.191502361505    2.05451816368892    0.0102117541723871
97.9000000000132    201.396872805778    2.05289706697216    0.0101932916751489
98.0000000000132    201.602083899284    2.05134078338209    0.0101751963258817
98.1000000000133    201.807145005764    2.04990714102686    0.0101577530417385
98.2000000000133    202.012071423303    2.04865816586223    0.0101412660710231
98.3000000000134    202.216885159485    2.0476673331827    0.0101260947203679
98.4000000000134    202.42161627862    2.04702217812941    0.010112665908723
98.5000000000135    202.626304349084    2.04682396815592    0.0101014721397161
98.6000000000135    202.830999234527    2.04717486304035    0.0100930078280257
98.7000000000136    203.035760052559    2.04815217172861    0.0100876425472952
98.8000000000136    203.240651026212    2.04977348168969    0.010085450284379
98.9000000000137    203.445733556092    2.0519605124904    0.0100860336396519
99.0000000000137    203.651055664886    2.05452359309193    0.0100884504938325
99.1000000000138    203.856641520613    2.05718276540026    0.0100913207931577
99.2000000000138    204.062485020512    2.0596249396998    0.0100931091743432
99.3000000000139    204.268550393916    2.06158243274379    0.010092510221315
99.4000000000139    204.474779992631    2.06289269364702    0.0100887390304142
99.500000000014    204.681106195105    2.06351791498568    0.0100816238164098
99.600000000014    204.887462970234    2.06352123174893    0.0100714860823315
99.7000000000141    205.093793788061    2.06302078458252    0.0100589137607664
99.8000000000142    205.300054804237    2.06214608060877    0.0100445471511204
99.9000000000142    205.50621433939    2.06100775391453    0.0100289315364002
