0 0 0
2.99999999999998 5.54723219149584e-16 2.92567869697197e-19
5.99999999999992 4.00325798312261e-16 2.33325863326743e-20
8.99999999999985 4.88011917694569e-16 5.08372309501891e-21
11.9999999999998 5.32131900973909e-16 1.85274003993303e-21
14.9999999999997 5.3846826864329e-16 8.79047482456965e-22
18 1.15465155267347e-15 8.49280002080591e-22
21.0000000000005 4.76145270039264e-15 1.9508191818453e-21
24.000000000001 1.67231641736394e-14 4.25733903644253e-21
27.0000000000014 2.1154643240171e-13 3.201186726777e-20
30.0000000000019 7.8556060728669e-13 8.07038096645616e-20
33.000000000002 1.78190993433489e-12 1.28051094003706e-19
36.0000000000014 3.95229528155439e-12 1.93173588202218e-19
39.0000000000008 5.16031030483458e-12 1.89593373536778e-19
42.0000000000002 5.583869977039e-12 1.53674034028418e-19
44.9999999999996 9.66728151839744e-12 1.95971455106124e-19
47.999999999999 1.26851171104031e-11 2.06105096968608e-19
50.9999999999984 1.38366010130319e-11 1.75630072528619e-19
53.9999999999978 2.22828867822351e-11 2.19992626446115e-19
56.9999999999972 2.70835654297843e-11 2.23351661946696e-19
59.9999999999966 3.22719483013784e-11 2.14201657716536e-19
62.999999999996 2.37612916335555e-10 1.27268613172781e-18
65.9999999999969 4.14798493045058e-09 1.89947966234564e-17
68.9999999999984 2.43076226114671e-08 9.22957590672549e-17
71.9999999999999 1.1760657950685e-07 3.70765712381774e-16
75.0000000000015 4.06350128121947e-07 1.11219287966775e-15
78.000000000003 1.04031817700118e-06 2.41437207826984e-15
81.0000000000045 2.31356126852015e-06 4.59941843897924e-15
84.0000000000061 4.34272477517905e-06 7.51171294028664e-15
87.0000000000076 6.94120588694686e-06 1.04745108896011e-14
90.0000000000091 9.70313928494771e-06 1.27634440794532e-14
93.0000000000107 1.38852500105259e-05 1.60281141798786e-14
96.0000000000122 1.73848763174095e-05 1.76781772781661e-14
99.0000000000137 1.94397808285785e-05 1.74808237837397e-14
102.000000000015 2.06621669946306e-05 1.64901353030047e-14
105.000000000017 2.1472504818031e-05 1.52620938644595e-14
108.000000000018 2.2953194214966e-05 1.45768523661547e-14
111.00000000002 2.36441119008736e-05 1.3457361231299e-14
114.000000000021 2.44898309365825e-05 1.25289862038654e-14
117.000000000023 2.52807032138429e-05 1.16574971610669e-14
120.000000000024 2.60819040298983e-05 1.08689014681354e-14
123.000000000026 2.70995994974734e-05 1.02311411038049e-14
126.000000000028 2.74571587001239e-05 9.41373785576295e-15
129.000000000028 2.8185300618883e-05 8.79528357151318e-15
132.000000000025 2.88272454952823e-05 8.2053067369987e-15
135.000000000022 2.98203636128441e-05 7.75839136531936e-15
138.000000000019 2.98574446008579e-05 7.11432543441374e-15
141.000000000017 3.06688083675509e-05 6.70525337095557e-15
144.000000000014 3.13328905726999e-05 6.29701363500789e-15
147.000000000011 3.11910760948583e-05 5.77218578130883e-15
150.000000000009 3.20386942917618e-05 5.46881936913645e-15
153.000000000006 3.21222933977236e-05 5.0654049769721e-15
156.000000000003 3.28193651881095e-05 4.78846240230609e-15
159 3.28709378031386e-05 4.4440858621378e-15
161.999999999998 3.3766892918262e-05 4.23622188153805e-15
164.999999999995 3.40367006066234e-05 3.96773041610504e-15
167.999999999992 3.43991489486143e-05 3.7310364017034e-15
170.999999999989 3.45838335951532e-05 3.49461918940446e-15
173.999999999987 3.53990502777917e-05 3.33650536954861e-15
176.999999999984 3.5639548534419e-05 3.13707754509842e-15
179.999999999981 3.58537901566479e-05 2.95065735640302e-15
182.999999999979 3.62348654511448e-05 2.79115174848262e-15
185.999999999976 3.66288776548751e-05 2.64379879699627e-15
188.999999999973 3.66843242426449e-05 2.48353643095893e-15
191.99999999997 3.68629482207365e-05 2.34317622940247e-15
194.999999999968 3.7822978394361e-05 2.25952166557165e-15
197.999999999965 3.7101906610848e-05 2.08505989961643e-15
200.999999999962 3.74254844232186e-05 1.98040258274896e-15
203.999999999959 3.84051536755243e-05 1.91526518621467e-15
206.999999999957 3.85390304682495e-05 1.81284853416348e-15
209.999999999954 3.88355500041632e-05 1.72457843465836e-15
212.999999999951 3.86331007124888e-05 1.62088918822086e-15
215.999999999949 3.94120828371459e-05 1.56353964848068e-15
218.999999999946 3.93665377346073e-05 1.4778177017642e-15
221.999999999943 3.92563071011369e-05 1.39558439701709e-15
224.99999999994 3.95610245840361e-05 1.33284733529472e-15
227.999999999938 3.95234550966556e-05 1.26282334102753e-15
230.999999999935 4.02120502001817e-05 1.2193347253756e-15
233.999999999932 4.02185747896246e-05 1.15811366717712e-15
236.999999999929 4.08709462567763e-05 1.11840330204423e-15
239.999999999927 4.04527343968241e-05 1.05259621533492e-15
242.999999999924 4.04290915191369e-05 1.00093650313647e-15
245.999999999921 4.125191567247e-05 9.72363170050251e-16
248.999999999919 4.0911987791646e-05 9.18672576882528e-16
251.999999999916 4.11317508904678e-05 8.80357394442927e-16
254.999999999913 4.14916022924585e-05 8.46978362179263e-16
257.99999999991 4.19373721607017e-05 8.169139127232e-16
260.999999999908 4.1829472504541e-05 7.77958073390523e-16
263.999999999905 4.18976726734251e-05 7.44369865534632e-16
266.999999999902 4.22532993131458e-05 7.17480708306387e-16
269.999999999899 4.21461217613547e-05 6.84358513858445e-16
272.999999999897 4.23865316275623e-05 6.58490565410688e-16
275.999999999894 4.24351339826199e-05 6.31005509168686e-16
278.999999999891 4.3069561909403e-05 6.13309442970248e-16
281.999999999889 4.26430872685048e-05 5.81795737628921e-16
284.999999999886 4.29095149434733e-05 5.61134225649581e-16
287.999999999883 4.33354484540371e-05 5.43440081666783e-16
290.99999999988 4.39858709821659e-05 5.29169803681872e-16
293.999999999878 4.29487953940763e-05 4.95904628032802e-16
296.999999999875 4.39927646989533e-05 4.87732497342807e-16
299.999999999872 4.37230275353255e-05 4.65622912212156e-16
302.999999999869 4.40221644988627e-05 4.50502836098173e-16
305.999999999867 4.37537819155635e-05 4.30436008106942e-16
308.999999999864 4.38255754785776e-05 4.14618711508859e-16
311.999999999861 4.39264722923039e-05 3.99796960988432e-16
314.999999999859 4.43247725624008e-05 3.88252986270948e-16
317.999999999856 4.46109469574091e-05 3.76216379583301e-16
320.999999999853 4.44157011051742e-05 3.60747106925384e-16
323.99999999985 4.47770676502531e-05 3.50378490640997e-16
326.999999999848 4.47569149184486e-05 3.37529428510534e-16
329.999999999845 4.51294164507106e-05 3.28124091248393e-16
332.999999999842 4.51260449758505e-05 3.16419169757763e-16
335.999999999839 4.46519849743072e-05 3.02051266784863e-16
338.999999999837 4.52219063435189e-05 2.95214485463179e-16
341.999999999834 4.50923275586219e-05 2.8416182723357e-16
344.999999999831 4.49243173809479e-05 2.73374719062042e-16
347.999999999829 4.51677937105937e-05 2.65482105897905e-16
350.999999999826 4.54248042553948e-05 2.57974766256722e-16
353.999999999823 4.52557640447924e-05 2.48400381511199e-16
356.99999999982 4.52124068896355e-05 2.39917526092573e-16
359.999999999818 4.57120021836792e-05 2.3457623952655e-16
362.999999999815 4.58848744719069e-05 2.27767932786402e-16
365.999999999812 4.61236369924893e-05 2.21526553003338e-16
368.999999999809 4.56601687077125e-05 2.12249329511929e-16
371.999999999807 4.57929090923257e-05 2.06075497922742e-16
374.999999999804 4.638603858692e-05 2.02133647755349e-16
377.999999999801 4.59575862546948e-05 1.93978097604195e-16
380.999999999798 4.5817894075124e-05 1.87365571367965e-16
383.999999999796 4.6479312066834e-05 1.84189495299504e-16
386.999999999793 4.63678245170692e-05 1.78112564292144e-16
389.99999999979 4.62637778697429e-05 1.72294035895746e-16
392.999999999788 4.6594135807237e-05 1.68285819255963e-16
395.999999999785 4.61513328701343e-05 1.61687265157977e-16
398.999999999782 4.66901408037443e-05 1.58703700226965e-16
401.999999999779 4.66791801571038e-05 1.53976905647756e-16
404.999999999777 4.68033197229933e-05 1.49858662109284e-16
407.999999999774 4.68862427732474e-05 1.45748864720359e-16
410.999999999771 4.73434852734605e-05 1.42916074393739e-16
413.999999999768 4.70937941337348e-05 1.38082178108685e-16
416.999999999766 4.7099132080798e-05 1.34159680044003e-16
419.999999999763 4.70289083982336e-05 1.30171318703207e-16
422.99999999976 4.66342999349323e-05 1.25449913465704e-16
425.999999999758 4.73735150749654e-05 1.23884651860124e-16
428.999999999755 4.72351993341982e-05 1.20096933540975e-16
431.999999999752 4.72921632304783e-05 1.16934375002525e-16
434.999999999749 4.75251438916707e-05 1.14297721876907e-16
437.999999999747 4.74959021357079e-05 1.11125359249283e-16
440.999999999744 4.7296588935987e-05 1.07675254772991e-16
443.999999999741 4.82482626580973e-05 1.06898345231262e-16
446.999999999738 4.75615580854458e-05 1.0257242408633e-16
449.999999999736 4.70661934922371e-05 9.88217269717752e-17
452.999999999733 4.74050071024751e-05 9.69205652318127e-17
455.99999999973 4.75857393250338e-05 9.4749172725564e-17
458.999999999728 4.80798537296159e-05 9.32527702965726e-17
461.999999999725 4.71133658926287e-05 8.90242809152982e-17
464.999999999722 4.81109659633959e-05 8.85824111928811e-17
467.999999999719 4.79566008279967e-05 8.60526375720819e-17
470.999999999717 4.80131748512957e-05 8.39791616934128e-17
473.999999999714 4.73706889110961e-05 8.0774934388901e-17
476.999999999711 4.82300744284174e-05 8.0188450067027e-17
479.999999999708 4.83625731962835e-05 7.84139106154512e-17
482.999999999706 4.77204870380725e-05 7.54658961277501e-17
485.999999999703 4.81382423193038e-05 7.42613795371162e-17
488.9999999997 4.85032074666366e-05 7.30020914033254e-17
491.999999999698 4.80676523431876e-05 7.05963802826836e-17
494.999999999695 4.80993734888364e-05 6.89443900631824e-17
497.999999999692 4.8437183559991e-05 6.7767854630834e-17
500.999999999689 4.83258418742811e-05 6.60042660311756e-17
503.999999999687 4.85278333463736e-05 6.47146767393928e-17
506.999999999684 4.78602123351322e-05 6.23250981084394e-17
509.999999999681 4.86010914905731e-05 6.1811868624081e-17
512.999999999678 4.84352544936427e-05 6.01709886422455e-17
515.999999999676 4.88440980515718e-05 5.92771229751777e-17
518.999999999673 4.8961469058019e-05 5.80561375070676e-17
521.99999999967 4.89688496899612e-05 5.67405484502382e-17
524.999999999668 4.88800776227288e-05 5.53520912397062e-17
527.999999999665 4.91410665510468e-05 5.43902825953192e-17
530.999999999662 4.91532127055988e-05 5.31850335202391e-17
533.999999999659 4.83909436559475e-05 5.11912124001517e-17
536.999999999657 4.86711944539242e-05 5.03448753074863e-17
539.999999999654 4.91815806385855e-05 4.97498168938516e-17
542.999999999651 4.902134473028e-05 4.84999845472859e-17
545.999999999648 4.86940104435615e-05 4.7125249645898e-17
548.999999999646 4.90572459938768e-05 4.64461965472972e-17
551.999999999643 4.91658310359969e-05 4.55437370247218e-17
554.99999999964 4.91994691689516e-05 4.4596220516262e-17
557.999999999638 4.90947623006479e-05 4.3549621594154e-17
560.999999999635 4.93896109562361e-05 4.28811864450694e-17
563.999999999632 4.96041092178065e-05 4.21570870577674e-17
566.999999999629 4.89209084135319e-05 4.0702106515051e-17
569.999999999627 4.932351488897e-05 4.01780967109895e-17
572.999999999624 4.91805056601865e-05 3.92289057477543e-17
575.999999999621 4.90141032978361e-05 3.82864015937506e-17
578.999999999618 4.88516945843183e-05 3.73734256367418e-17
581.999999999616 4.92789830694525e-05 3.69277682211646e-17
584.999999999613 4.9750555426129e-05 3.65222532723595e-17
587.99999999961 4.9531004431149e-05 3.56239026743703e-17
590.999999999608 4.9897698340427e-05 3.51630410615339e-17
593.999999999605 4.97859512986641e-05 3.43789951748229e-17
596.999999999602 5.00058853676623e-05 3.38415235732927e-17
599.999999999599 4.98554615042407e-05 3.30690771686238e-17
602.999999999597 4.93894381593402e-05 3.21122312795752e-17
605.999999999594 4.99251262742981e-05 3.18214795382344e-17
608.999999999591 4.92335118181053e-05 3.0765968633765e-17
611.999999999588 5.0154784802116e-05 3.07307828042755e-17
614.999999999586 4.97543693625423e-05 2.98944660374307e-17
617.999999999583 5.00737607892707e-05 2.95056315897764e-17
620.99999999958 4.96275299195046e-05 2.86803601624206e-17
623.999999999578 4.99852980079395e-05 2.83349304509374e-17
626.999999999575 5.00103311122683e-05 2.78094390820907e-17
629.999999999572 4.97026392192443e-05 2.7114713066143e-17
632.999999999569 5.06057142679188e-05 2.70875390926113e-17
635.999999999567 5.04206968151046e-05 2.64823524219134e-17
638.999999999564 5.07063881388287e-05 2.61344091960628e-17
641.999999999561 4.99714489681023e-05 2.52772680932744e-17
644.999999999558 5.03915194913906e-05 2.50180640638249e-17
647.999999999556 5.00110219708264e-05 2.43724274568364e-17
650.999999999553 5.00152838843156e-05 2.39272654601913e-17
653.99999999955 4.96240163841367e-05 2.33070440391653e-17
656.999999999548 5.00888911137099e-05 2.30978748888365e-17
659.999999999545 4.98547795768628e-05 2.25740524410752e-17
662.999999999542 5.00834370845346e-05 2.22695213722707e-17
665.999999999539 5.04749629321927e-05 2.20410363531063e-17
668.999999999537 5.0460587522573e-05 2.16416789400114e-17
671.999999999534 5.03044788626696e-05 2.11912323609152e-17
674.999999999531 5.00733733534753e-05 2.07210997280653e-17
677.999999999528 5.04028184393291e-05 2.04901768144381e-17
680.999999999526 5.02296865820481e-05 2.00619577807428e-17
683.999999999523 5.04746042145977e-05 1.98078003627699e-17
686.99999999952 5.04712073999007e-05 1.94621601092569e-17
689.999999999518 5.02308165897257e-05 1.90342703998104e-17
692.999999999515 5.02397550379587e-05 1.87098022386773e-17
695.999999999512 5.01775606679819e-05 1.8365832629538e-17
698.999999999509 5.07454527387722e-05 1.8256731687129e-17
701.999999999507 5.04675831260126e-05 1.7847775870794e-17
704.999999999504 5.02839787795845e-05 1.74819720789018e-17
707.999999999501 5.03435171617767e-05 1.72070624935807e-17
710.999999999498 5.07400933421431e-05 1.70515779916104e-17
713.999999999496 5.03338641327494e-05 1.66320549122997e-17
716.999999999493 5.04148312442277e-05 1.63812364408287e-17
719.99999999949 5.0439742693987e-05 1.61174282966743e-17
722.999999999487 5.062037156723e-05 1.59078943452827e-17
725.999999999485 5.0233786405905e-05 1.5526906404455e-17
728.999999999482 5.0400819132103e-05 1.53232085571145e-17
731.999999999479 5.00211954078723e-05 1.49596203879358e-17
734.999999999477 5.03060643470563e-05 1.48006571628796e-17
737.999999999474 5.0181152913945e-05 1.45246544830303e-17
740.999999999471 5.07330464521843e-05 1.44478164906581e-17
743.999999999468 5.06403278982491e-05 1.41897845337925e-17
746.999999999466 5.03349205910198e-05 1.38788204490326e-17
749.999999999463 5.07071827140237e-05 1.37586678401588e-17
752.99999999946 5.07634635426015e-05 1.3555337190205e-17
755.999999999457 5.01284354155612e-05 1.31743792486878e-17
758.999999999455 5.08043081086298e-05 1.31416806446632e-17
761.999999999452 5.10465925672286e-05 1.29972011509375e-17
764.999999999449 5.1132259946773e-05 1.28158086706651e-17
767.999999999447 5.04588058189415e-05 1.24503812103359e-17
770.999999999444 5.06443267113664e-05 1.23023433387997e-17
773.999999999441 5.09097177251664e-05 1.21759764283453e-17
776.999999999438 5.06082197373627e-05 1.19176979252154e-17
779.999999999436 5.01322309013053e-05 1.16246982972735e-17
782.999999999433 5.07556449527973e-05 1.15897054399033e-17
785.99999999943 5.15722079442844e-05 1.15970898319206e-17
788.999999999427 5.12516798964373e-05 1.13506256890351e-17
791.999999999425 5.07724733761698e-05 1.10747611675625e-17
794.999999999422 5.11157929650372e-05 1.09821800566791e-17
797.999999999419 5.11492106495271e-05 1.08246371498043e-17
800.999999999417 5.08724564554408e-05 1.06054010745186e-17
803.999999999414 5.05509765135115e-05 1.03817767691266e-17
806.999999999411 5.00919241592868e-05 1.01352281120591e-17
809.999999999408 5.09861954722346e-05 1.01639096921042e-17
812.999999999406 5.12045059423191e-05 1.00574096519633e-17
815.999999999403 5.11489274501849e-05 9.89929607992314e-18
818.9999999994 5.14301673930413e-05 9.80834239204743e-18
821.999999999397 5.14665085727247e-05 9.67260343077089e-18
824.999999999395 5.15193605399159e-05 9.54244632804598e-18
827.999999999392 5.08299485730865e-05 9.27869510759196e-18
830.999999999389 5.09715219192215e-05 9.17077560766321e-18
833.999999999387 5.1324836896574e-05 9.1018642287392e-18
836.999999999384 5.12073369555448e-05 8.95129407067317e-18
839.999999999381 5.07884693627363e-05 8.75174013822193e-18
842.999999999378 5.0832570082482e-05 8.63521951331659e-18
845.999999999376 5.15455913227761e-05 8.632498546848e-18
848.999999999373 5.08969425723892e-05 8.40393016365511e-18
851.99999999937 5.13480111062445e-05 8.35939461328984e-18
854.999999999367 5.12071683125264e-05 8.21987306414223e-18
857.999999999365 5.16746581142768e-05 8.17944243460393e-18
860.999999999362 5.10976186522692e-05 7.9757820904588e-18
863.999999999359 5.17481718171812e-05 7.96557339242822e-18
866.999999999357 5.15136786592369e-05 7.82000267188775e-18
869.999999999354 5.16215677563557e-05 7.72878435072667e-18
872.999999999351 5.15241457884646e-05 7.6085185804472e-18
875.999999999348 5.10868573658231e-05 7.44094112534111e-18
878.999999999346 5.17436017308376e-05 7.43410594506798e-18
881.999999999343 5.07126428582855e-05 7.18719083059137e-18
884.99999999934 5.14209000366178e-05 7.18919311136233e-18
887.999999999337 5.13042396110368e-05 7.07627764801896e-18
890.999999999335 5.09304637127808e-05 6.93060079101456e-18
893.999999999332 5.1392503616676e-05 6.89972789003098e-18
896.999999999329 5.1718831993012e-05 6.85100836547479e-18
899.999999999327 5.18158713740254e-05 6.77256566705377e-18
902.999999999324 5.19210938761071e-05 6.69642317484423e-18
905.999999999321 5.19086468211439e-05 6.60659963721753e-18
908.999999999318 5.19519227536782e-05 6.52508101612822e-18
911.999999999316 5.17998052060166e-05 6.42072359308949e-18
914.999999999313 5.14350036390624e-05 6.29206530756664e-18
917.99999999931 5.12260637516341e-05 6.18497476216124e-18
920.999999999307 5.16682259537368e-05 6.15734618821839e-18
923.999999999305 5.13123387317368e-05 6.03574101219954e-18
926.999999999302 5.14189941097073e-05 5.97021189178688e-18
929.999999999299 5.16738457697828e-05 5.92259596679726e-18
932.999999999297 5.20710576460402e-05 5.89174163553432e-18
935.999999999294 5.16525468410798e-05 5.76967417223574e-18
938.999999999291 5.1967691332587e-05 5.73084466786903e-18
941.999999999288 5.18113936828681e-05 5.64116963336665e-18
944.999999999286 5.16763835856462e-05 5.55526624080243e-18
947.999999999283 5.16830330834635e-05 5.48578079411946e-18
950.99999999928 5.16283792184345e-05 5.41108267512226e-18
953.999999999277 5.1532650462902e-05 5.33334340843914e-18
956.999999999275 5.05995450891661e-05 5.17124698303059e-18
959.999999999272 5.14814176136007e-05 5.19584926315816e-18
962.999999999269 5.16969913154697e-05 5.15278327430544e-18
965.999999999266 5.10544183368913e-05 5.02576363506886e-18
968.999999999264 5.13047570046089e-05 4.98798871954173e-18
971.999999999261 5.19589152732132e-05 4.98948352293271e-18
974.999999999258 5.21915220738449e-05 4.95027706055405e-18
977.999999999256 5.12547687582209e-05 4.80197009729203e-18
980.999999999253 5.13424895988192e-05 4.75153968885185e-18
983.99999999925 5.17048889973315e-05 4.72686502980856e-18
986.999999999247 5.14896684182559e-05 4.65016749543895e-18
989.999999999245 5.18046678663569e-05 4.62199598853595e-18
992.999999999242 5.20894895565727e-05 4.5914081965451e-18
995.999999999239 5.16494842587169e-05 4.49801539703567e-18
998.999999999236 5.19576845804564e-05 4.47061199763708e-18
