0    0
0.1    7.75374328798595e-06
0.2    1.41931656323369e-05
0.3    1.85035124562472e-05
0.4    2.04563518328982e-05
0.5    2.0298890078041e-05
0.6    1.85588641015144e-05
0.7    1.58514204714466e-05
0.8    1.27396634646004e-05
0.900000000000001    9.662576053171e-06
1    6.91882941450395e-06
1.1    4.68538509867944e-06
1.2    3.05104498810049e-06
1.3    2.05100653349888e-06
1.4    1.69463446886287e-06
1.5    1.9830432999024e-06
1.6    2.91542118513455e-06
1.7    4.48391013485594e-06
1.8    6.65718534720305e-06
1.9    9.35365255783083e-06
2    1.24073344555109e-05
2.1    1.55336736022971e-05
2.2    1.83085004636929e-05
2.29999999999999    2.01795208935041e-05
2.39999999999999    2.05316709491754e-05
2.49999999999999    1.88195434612792e-05
2.59999999999999    1.4756576188768e-05
2.69999999999999    8.51356618880583e-06
2.79999999999998    8.42840786385857e-07
2.89999999999998    6.964211943572e-06
2.99999999999998    1.33348701156777e-05
3.09999999999998    1.684233220689e-05
3.19999999999998    1.6654963197027e-05
3.29999999999997    1.28179512777216e-05
3.39999999999997    6.23767874396997e-06
3.49999999999997    1.6238233010446e-06
3.59999999999997    9.2043936958941e-06
3.69999999999997    1.52575127262411e-05
3.79999999999996    1.9089195692934e-05
3.89999999999996    2.05808431825716e-05
3.99999999999996    2.00535137135915e-05
4.09999999999996    1.80670980890474e-05
4.19999999999995    1.52352564231073e-05
4.29999999999995    1.2099609397187e-05
4.39999999999995    9.07047374210102e-06
4.49999999999995    6.41952818569713e-06
4.59999999999995    4.30290269415323e-06
4.69999999999994    2.79584412032907e-06
4.79999999999994    1.92635232454386e-06
4.89999999999994    1.70104932406545e-06
4.99999999999994    2.12051738290864e-06
5.09999999999994    3.18329862192268e-06
5.19999999999993    4.87845312391322e-06
5.29999999999993    7.16691030933081e-06
5.39999999999993    9.95282554017152e-06
5.49999999999993    1.3048694109119e-05
5.59999999999993    1.61425376834501e-05
5.69999999999992    1.87817603832796e-05
5.79999999999992    2.03939268306197e-05
5.89999999999992    2.03652080683625e-05
5.99999999999992    1.81862354342588e-05
6.09999999999991    1.3648361002816e-05
6.19999999999991    7.03471360108399e-06
6.29999999999991    7.82584567149414e-07
6.39999999999991    8.42718766480566e-06
6.49999999999991    1.43180304505997e-05
6.5999999999999    1.71156635089265e-05
6.6999999999999    1.61523946127229e-05
6.7999999999999    1.16602738355898e-05
6.8999999999999    4.69094057309327e-06
6.9999999999999    3.23490814146954e-06
7.09999999999989    1.05899943857457e-05
7.19999999999989    1.62280830666717e-05
7.29999999999989    1.95766934789621e-05
7.39999999999989    2.06211170726833e-05
7.49999999999988    1.97476881268477e-05
7.59999999999988    1.75406613871498e-05
7.69999999999988    1.46069935736959e-05
7.79999999999988    1.14644276438813e-05
7.89999999999988    8.49438693739657e-06
7.99999999999987    5.94257514552332e-06
8.09999999999987    3.94576407736213e-06
8.19999999999987    2.56705826995329e-06
8.29999999999987    1.82833563611151e-06
8.39999999999987    1.73411270232293e-06
8.49999999999986    2.28460445106382e-06
8.59999999999986    3.47739872119668e-06
8.69999999999986    5.29770039259247e-06
8.79999999999986    7.69749635998185e-06
8.89999999999985    1.05652255961708e-05
8.99999999999985    1.36904495333656e-05
9.09999999999985    1.6733035127392e-05
9.19999999999985    1.92127425421296e-05
9.29999999999985    2.05401995917454e-05
9.39999999999984    2.01088888385215e-05
9.49999999999984    1.74537759681792e-05
9.59999999999984    1.24523316561431e-05
9.69999999999984    5.50435170076913e-06
9.79999999999984    2.40162022691059e-06
9.89999999999983    9.81688274781511e-06
9.99999999999983    1.51710454807663e-05
10.0999999999998    1.72304509162835e-05
10.1999999999998    1.55011557623208e-05
10.2999999999998    1.03986210888696e-05
10.3999999999998    3.10468892994464e-06
10.4999999999998    4.82105392229926e-06
10.5999999999998    1.19026451802506e-05
10.6999999999998    1.71021309379737e-05
10.7999999999998    1.99676229729606e-05
10.8999999999998    2.0581493300309e-05
10.9999999999998    1.93867043686291e-05
11.0999999999998    1.69845189851303e-05
11.1999999999998    1.39705684493174e-05
11.2999999999998    1.08368350605348e-05
11.3999999999998    7.93594696790745e-06
11.4999999999998    5.48880008621744e-06
11.5999999999998    3.61430211104352e-06
11.6999999999998    2.36477335624485e-06
11.7999999999998    1.7569635551995e-06
11.8999999999998    1.79382389242644e-06
11.9999999999998    2.47527207397624e-06
12.0999999999998    3.7975375535293e-06
12.1999999999998    5.74110362683289e-06
12.2999999999998    8.24774916574622e-06
12.3999999999998    1.11887038416469e-05
12.4999999999998    1.43292705950815e-05
12.5999999999998    1.73006584329727e-05
12.6999999999998    1.95961936299005e-05
12.7999999999998    2.06133418987342e-05
12.8999999999998    1.97595284103791e-05
12.9999999999998    1.66225751191407e-05
13.0999999999998    1.11738239937376e-05
13.1999999999998    3.93277991950214e-06
13.2999999999998    4.00083719886979e-06
13.3999999999998    1.1120262993769e-05
13.4999999999998    1.58853455272112e-05
13.5999999999998    1.71855124944109e-05
13.6999999999998    1.4707864697483e-05
13.7999999999998    9.04512464483531e-06
13.8999999999997    1.49265564641787e-06
13.9999999999997    6.37076911891299e-06
14.0999999999997    1.31354864587596e-05
14.1999999999997    1.7877903654373e-05
14.2999999999997    2.02642986082413e-05
14.3999999999997    2.04666198324599e-05
14.4999999999997    1.89758712870747e-05
14.5999999999997    1.64034642518018e-05
14.6999999999997    1.33296721978038e-05
14.7999999999997    1.02193095423697e-05
14.8999999999997    7.3965976683521e-06
14.9999999999997    5.05890869828551e-06
15.0999999999997    3.30878178134153e-06
15.1999999999997    2.18904965421096e-06
15.2999999999997    1.7122390058022e-06
15.3999999999997    1.88018123925549e-06
15.4999999999997    2.69246979112125e-06
15.5999999999997    4.1434765944981e-06
15.6999999999997    6.20800851058867e-06
15.7999999999997    8.81630278948276e-06
15.8999999999997    1.18208844799295e-05
15.9999999999997    1.49615756430688e-05
16.0999999999997    1.7840696168836e-05
16.1999999999997    1.99268102399897e-05
16.2999999999997    2.06085843996728e-05
16.3999999999998    1.93145314064669e-05
16.4999999999998    1.56939653856991e-05
16.5999999999998    9.81923535547935e-06
16.6999999999998    2.33114636261078e-06
16.7999999999998    5.56656109074183e-06
16.8999999999998    1.23248838606038e-05
16.9999999999999    1.6453694843932e-05
17.0999999999999    1.69813103707561e-05
17.1999999999999    1.37805218574094e-05
17.2999999999999    7.61258244841301e-06
17.3999999999999    1.31604066977431e-07
17.4999999999999    7.87337213081774e-06
17.6    1.42827182575411e-05
17.7    1.85545946497223e-05
17.8    2.04696566915574e-05
17.9    2.02814025873632e-05
18    1.85204710446696e-05
18.1    1.58020964614591e-05
18.2    1.26877457869989e-05
18.3000000000001    9.61409832522797e-06
18.4000000000001    6.8776070172305e-06
18.5000000000001    4.65349391487457e-06
18.6000000000001    3.02940935847928e-06
18.7000000000001    2.0399264787363e-06
18.8000000000001    1.69416239581555e-06
18.9000000000002    1.99317998306192e-06
19.0000000000002    2.93612412338717e-06
19.1000000000002    4.51491391473269e-06
19.2000000000002    6.69764093130798e-06
19.3000000000002    9.40160993789796e-06
19.4000000000002    1.24591562347121e-05
19.5000000000002    1.55835341684174e-05
19.6000000000003    1.83482547807534e-05
19.7000000000003    2.0199286868805e-05
19.8000000000003    2.05214546518118e-05
19.9000000000003    1.87719661663976e-05
20.0000000000003    1.46702526208076e-05
20.1000000000003    8.39601338198381e-06
20.2000000000004    7.11355229610078e-07
20.3000000000004    7.08503211055422e-06
20.4000000000004    1.3419062140807e-05
20.5000000000004    1.68702957494826e-05
20.6000000000004    1.66199472377837e-05
20.7000000000004    1.27283914632681e-05
20.8000000000005    6.11428369468037e-06
20.9000000000005    1.75486516329482e-06
21.0000000000005    9.31907541568133e-06
21.1000000000005    1.53396014939133e-05
21.2000000000005    1.91322886001766e-05
21.3000000000005    2.05871797979151e-05
21.4000000000005    2.00309379384533e-05
21.5000000000006    1.80257106418003e-05
21.6000000000006    1.51848009316558e-05
21.7000000000006    1.20479788627836e-05
21.8000000000006    9.02322630491614e-06
21.9000000000006    6.38008067965767e-06
22.0000000000006    4.27304852312904e-06
22.1000000000007    2.77634271583782e-06
22.2000000000007    1.91742812671869e-06
22.3000000000007    1.70273444466407e-06
22.4000000000007    2.13280922845005e-06
22.5000000000007    3.2061297625674e-06
22.6000000000007    4.9114747454615e-06
22.7000000000007    7.20909471674247e-06
22.8000000000008    1.00019282849306e-05
22.9000000000008    1.31006654543464e-05
23.0000000000008    1.61910745039018e-05
23.1000000000008    1.8818286244171e-05
23.2000000000008    2.0408368417657e-05
23.3000000000008    2.03478499688492e-05
23.4000000000009    1.81306384021696e-05
23.5000000000009    1.35547562476468e-05
23.6000000000009    6.91263052610136e-06
23.7000000000009    9.14043766009343e-07
23.8000000000009    8.54257222493437e-06
23.9000000000009    1.4392037020805e-05
24.000000000001    1.71308776029111e-05
24.100000000001    1.61051338714024e-05
24.200000000001    1.15618659015659e-05
24.300000000001    4.56383561053819e-06
24.400000000001    3.36437667469713e-06
24.500000000001    1.06990519653793e-05
24.600000000001    1.63024478272433e-05
24.7000000000011    1.96119000893669e-05
24.8000000000011    2.06208212000236e-05
24.9000000000011    1.97204508339821e-05
25.0000000000011    1.74966870826188e-05
25.1000000000011    1.45557340129887e-05
25.2000000000011    1.14133137475436e-05
25.3000000000012    8.4485099595133e-06
25.4000000000012    5.90497421681935e-06
25.5000000000012    3.91797684673456e-06
25.6000000000012    2.54969871638089e-06
25.7000000000012    1.82156799277688e-06
25.8000000000012    1.73795462921067e-06
25.9000000000012    2.29904894111232e-06
26.0000000000013    3.50234519341797e-06
26.1000000000013    5.332699178906e-06
26.2000000000013    7.7413195279652e-06
26.3000000000013    1.06153077620297e-05
26.4000000000013    1.37423108707013e-05
26.5000000000013    1.67798910863937e-05
26.6000000000014    1.92456182592782e-05
26.7000000000014    2.05489058111574e-05
26.8000000000014    2.0084111439278e-05
26.9000000000014    1.73901594829884e-05
27.0000000000014    1.23518382326715e-05
27.1000000000014    5.37853861048987e-06
27.2000000000015    2.53197805211158e-06
27.3000000000015    9.92575900404802e-06
27.4000000000015    1.52341263326417e-05
27.5000000000015    1.72327583203291e-05
27.6000000000015    1.54421304154884e-05
27.7000000000015    1.02923176841241e-05
27.8000000000015    2.97498813695007e-06
27.9000000000016    4.94799095462906e-06
28.0000000000016    1.20054846406425e-05
28.1000000000016    1.71685942439437e-05
28.2000000000016    1.99951055765979e-05
28.3000000000016    2.05749298157754e-05
28.4000000000016    1.9355234747942e-05
28.5000000000017    1.69383524087907e-05
28.6000000000017    1.39188133888579e-05
28.7000000000017    1.07864470543229e-05
28.8000000000017    7.89156414582326e-06
28.9000000000017    5.45310788346853e-06
29.0000000000017    3.58860530791372e-06
29.1000000000017    2.3495618208802e-06
29.2000000000018    1.75235245802874e-06
29.3000000000018    1.79982297943138e-06
29.4000000000018    2.49186633072274e-06
29.5000000000018    3.82458203385116e-06
29.6000000000018    5.77803058354753e-06
29.7000000000018    8.29310637628922e-06
29.8000000000019    1.12395816488364e-05
29.9000000000019    1.43807405906804e-05
