0    1    -0.150000124996253    1.00000000000016    0.0225000375003239    3.84265093750585e-07    1.19681002469905e-06
0.999999999999898    0.354656339711695    -1.45674090429441    0.125781119297702    2.1220940622447    7.30004829997771e-08    4.45542227856101e-07
2.00000000000201    0.00240923824998884    0.956766957817171    5.80442894529127e-06    0.915403011570764    9.05508052753319e-09    1.97966847651995e-07
2.99999999999968    0.0131364420498494    -0.440910679491907    0.000172566109729059    0.194402227290035    2.64444777080802e-09    1.39188332053046e-07
3.99999999999735    -0.00184236831967902    -0.485022987658472    3.39432105192509e-06    0.235247298583629    1.62997516639388e-07    5.1457493011789e-06
4.99999999999502    -0.00234346624762581    0.0950437420624105    9.08643694656275e-06    0.0359612080282478    0.00189594380001132    0.164097212416975
5.99999999999269    -1.30565429514724e-05    -0.00313360299234817    5.75441685553164e-07    0.0343199985793787    0.000758466355377297    0.18523007075436
6.99999999999036    9.01089740878822e-08    -0.00103609879989788    1.93363685121581e-07    0.0214498003379783    0.000439731369135696    0.146453838588325
7.99999999998802    -1.29412346441561e-06    -0.000263753505590055    9.83258771491335e-08    0.014957837010659    0.000313566902579963    0.122301951925337
8.99999999998569    -3.98668188839464e-07    -0.000597813230850436    5.78575241363081e-08    0.0111423780391258    0.000240535579904478    0.105555770370297
9.99999999998336    -1.5394486641964e-06    0.000723248927051024    3.80243539327425e-08    0.00867981570663575    0.000194992266591659    0.0931627211798006
10.999999999981    1.3678127540623e-06    0.000420976640555109    2.60441079051387e-08    0.00706928474833657    0.000161376073175079    0.0840779847939083
11.9999999999787    -5.68907281021458e-07    -0.000244360083302155    1.84553740593362e-08    0.00588546086869708    0.000135849366593451    0.0767163682459406
12.9999999999764    -2.77321689459967e-07    -0.000614503405127884    1.34042955257316e-08    0.00503622732834857    0.000115776589250211    0.0709637211109568
13.999999999974    -1.57143173909343e-07    -0.000149043485617613    9.98681682910373e-09    0.00436192846817639    9.99339388552589e-05    0.0660447291932958
14.9999999999717    -2.66962401375611e-07    -8.40950802547469e-05    7.62386323010952e-09    0.00382463190964095    8.73143284987394e-05    0.0618435513021239
15.9999999999694    -1.168458806501e-07    5.70253459959641e-05    5.88460942011625e-09    0.00341093935331264    7.67111189278088e-05    0.0584032199576577
17.0000000000026    -5.04996551693643e-07    9.91565162081142e-05    4.7113337730666e-09    0.0030188571570261    6.86372985449557e-05    0.0549440381207223
18.0000000000358    1.67657439582093e-07    7.19316852561046e-05    3.74130558374885e-09    0.00273791179926959    6.11659829867207e-05    0.0523250095566379
19.000000000069    2.33106313662473e-07    -0.000421573063131732    3.02325332845483e-09    0.0024936176440546    5.4983624743203e-05    0.0499343561108687
20.0000000001022    -3.84911850174668e-07    -0.000107192275793288    2.43601486424e-09    0.00229859810896642    4.93545003733965e-05    0.0479435774508164
21.0000000001354    -1.10722339725129e-07    -0.000113992568100636    2.02710287949379e-09    0.00209281384729907    4.50232231193778e-05    0.0457471403805034
22.0000000001686    6.19845195968732e-08    0.000493360069055866    1.67868123343657e-09    0.00193850008099861    4.09716657137087e-05    0.0440256365864353
23.0000000002018    -1.31111510003767e-07    -0.000276875702714068    1.38328482465086e-09    0.00181398118293874    3.71923061186424e-05    0.0425899580040176
24.000000000235    7.97212185154623e-08    0.000290120660000916    1.15839266493494e-09    0.00169910751316833    3.40350746945304e-05    0.0412192108509002
25.0000000002681    8.88980199619948e-08    6.87318934046358e-05    9.94300591892693e-10    0.0015653950345582    3.15324069654497e-05    0.0395650137177409
26.0000000003013    -6.81230758443704e-08    4.5620948891662e-05    8.3785973587443e-10    0.00147910314646676    2.89457267160624e-05    0.0384590829999336
27.0000000003345    -9.97012866770516e-08    5.61437112198696e-05    7.19389408225663e-10    0.00138645790048212    2.6821250304173e-05    0.03723512788169
28.0000000003677    1.32175244837153e-07    -8.69659441602489e-05    6.18887581093792e-10    0.00130682483469662    2.48771001284001e-05    0.0361499276848679
29.0000000004009    -4.98952628039442e-08    -9.22634546708673e-05    5.36420163303907e-10    0.00122653786976311    2.31606924284801e-05    0.035021841145463
30.0000000004341    -4.00899535158946e-08    5.84144323183506e-06    4.62676242921035e-10    0.00116794320674834    2.15098729823461e-05    0.0341751835785249
31.0000000004673    -1.25484929664817e-07    9.20211535592732e-05    4.0325149507091e-10    0.00110611988583084    2.0080730778618e-05    0.0332582533807496
32.0000000005005    -1.13439075399561e-07    0.000149720187127028    3.5188573212851e-10    0.00105044340403466    1.87582745396447e-05    0.0324101988253733
33.0000000005337    2.43022826761969e-07    -0.000102315146736969    3.07786771616308e-10    0.0010026961629584    1.75421695215267e-05    0.0316652126878875
34.0000000005669    -2.34643380555626e-08    -5.79914109156371e-05    2.68452875125328e-10    0.000962228744554854    1.63845147792105e-05    0.0310197579221875
35.0000000006001    -7.8673963557547e-09    0.000112376372879237    2.38817972815895e-10    0.000912046934814202    1.54537345298788e-05    0.0301999057343731
36.0000000006333    -2.41568235522906e-08    6.8757031998483e-05    2.12393979359772e-10    0.000866523462391243    1.45737227847811e-05    0.0294366902837563
37.0000000006665    -8.53098921068762e-08    0.0002181674564231    1.8759961354816e-10    0.000833176350215748    1.36964351482592e-05    0.0288639698097248
38.0000000006997    6.20231330372895e-08    2.99180316249882e-05    1.65975979633799e-10    0.000802525535921966    1.28830172228701e-05    0.0283288658585788
39.0000000007329    -3.34040640605779e-08    0.000164889430515461    1.48456985090059e-10    0.000766883162920776    1.21842467661552e-05    0.0276921644946089
40.0000000007661    3.1708517099641e-08    -0.000139220663328684    1.31975415692137e-10    0.000740374646012227    1.14880115886989e-05    0.0272094701091206
41.0000000007993    -4.34837268880158e-09    5.79948983126775e-05    1.19927443624231e-10    0.000702570716972487    1.09511380557404e-05    0.0265059871267655
42.0000000008325    -5.85717783216262e-08    -0.000219672058946585    1.07290046705895e-10    0.000677635370887938    1.0357925277423e-05    0.0260305035501516
43.0000000008657    3.63249269241282e-08    0.000290690772316361    9.72007908029908e-11    0.000648405612783007    9.85897922214439e-06    0.0254621505701678
44.0000000008989    -3.51000664293808e-08    -9.68854247292929e-05    8.71833838535147e-11    0.000627515489639693    9.33713831100575e-06    0.0250500719131536
45.0000000009321    6.41971897527494e-08    -0.000129446214863572    7.96999981850415e-11    0.000598720381338355    8.92725472392657e-06    0.0244684209751225
46.0000000009653    -5.89066013007083e-08    -0.000134582042728477    7.09956625919238e-11    0.000586381258809119    8.42568647673571e-06    0.0242149364335919
47.0000000009985    -1.68912414439838e-08    -0.000245312410888448    6.42892419728392e-11    0.000567110297093704    8.01803945231013e-06    0.0238128141746155
48.0000000010317    4.20998219079663e-08    -9.79608967909264e-05    5.84695781033039e-11    0.000547428632605144    7.64642437406526e-06    0.0233969877605611
49.0000000010649    -2.93919135412548e-08    4.06380135312921e-05    5.33718467504135e-11    0.000527750990042065    7.30554466592546e-06    0.0229727956199049
50.0000000010981    9.61712467002522e-09    1.16256571596716e-05    4.82289453355802e-11    0.000514222966084035    6.9446996224814e-06    0.0226764818904549
51.0000000011313    -6.73763423547662e-08    0.000194822218274648    4.4261599527604e-11    0.000495890773269935    6.65259798545612e-06    0.0222677528631248
52.0000000011645    1.14572275335984e-09    3.43175906657918e-05    4.10555342589356e-11    0.000473008844706825    6.40745916461861e-06    0.0217487394349603
53.0000000011976    -1.89776230233185e-08    -3.21089305184567e-05    3.76237426577307e-11    0.000457943936469198    6.13379022363458e-06    0.0213996005917349
54.0000000012308    3.34130831329072e-08    4.9182481100045e-05    3.38899829876498e-11    0.000451738015811685    5.82141448047855e-06    0.0212540724778862
55.000000001264    -5.05543731921484e-09    -0.000237721971366841    3.12671110578005e-11    0.00043593536141433    5.59169790853852e-06    0.0208777117922118
56.0000000012972    -3.2521355188435e-08    0.000149175488926104    2.85746200878112e-11    0.000425428970447924    5.3454244405162e-06    0.0206253901083453
57.0000000013304    1.36780467056045e-08    -9.1594529103413e-05    2.63619674333411e-11    0.000412260012383662    5.13437243919639e-06    0.0203039804675315
58.0000000013636    8.91923460405944e-10    -3.40708047672386e-06    2.41667504641639e-11    0.000402244677384574    4.91596884333459e-06    0.0200560381375878
59.0000000013968    1.07988292824637e-09    -3.75465025426028e-05    2.25636681038413e-11    0.000386339929270761    4.75012283395853e-06    0.0196554959115996
60.00000000143    -3.27312025657026e-08    -2.33827888368083e-05    2.07806528049043e-11    0.000376714232333869    4.5584626216832e-06    0.0194091134671075
61.0000000014632    -7.53527362333546e-09    0.000144088335431151    1.92982747484529e-11    0.000364679106579405    4.39297370446311e-06    0.0190960295645717
62.0000000014964    1.69798191936912e-08    0.000226185706359793    1.77805140233482e-11    0.000356468267114617    4.21666049250925e-06    0.0188790123454818
63.0000000015296    -3.66654025240149e-09    -0.000113863382981187    1.65626017137158e-11    0.000345112386915042    4.06971599380084e-06    0.0185768517797031
64.0000000015628    2.13066979162988e-09    0.000199677598376065    1.53561256478234e-11    0.000336164896874086    3.91868869751983e-06    0.0183337128190335
65.000000001596    -2.80810920282312e-08    9.12258562350385e-05    1.41420326613164e-11    0.000330128015348696    3.76048455834974e-06    0.0181691962725887
66.0000000016292    1.2598466339403e-08    8.02489291407688e-05    1.31439344293426e-11    0.000321545814352524    3.62543455436566e-06    0.0179315190227124
67.0000000016624    -6.59180584074772e-09    3.47508839319752e-05    1.21947740623409e-11    0.000314171727795909    3.49209544692534e-06    0.0177248559986245
68.0000000016956    -7.00172114328487e-09    5.99807939407194e-05    1.12891309303131e-11    0.000308073736574304    3.35992290182589e-06    0.0175519269277952
69.0000000017288    -1.64734125673e-08    -3.31428840636179e-06    1.06554500678358e-11    0.000296704931535845    3.26422712054694e-06    0.0172251246889924
70.000000001762    -2.94858850025007e-09    -6.63237779820943e-05    9.85882814914683e-12    0.000291697545237773    3.13987570693056e-06    0.0170790265060467
71.0000000017952    8.25601234266904e-10    -0.000103950828514928    9.22180548501641e-12    0.00028404088679646    3.03674246576805e-06    0.0168531920128417
72.0000000018284    3.01281081984796e-08    -7.46414902617208e-05    8.52892003396805e-12    0.000279958256447528    2.92027607103583e-06    0.0167317866677608
73.0000000018616    2.63834773887928e-09    6.49176358123372e-05    8.08891210792835e-12    0.000269646997739378    2.84410005925417e-06    0.0164208033737676
74.0000000018948    -2.71570070734506e-08    0.000187261223398738    7.49253683092995e-12    0.000265958696204945    2.73711514699268e-06    0.016307164972464
75.000000001928    -8.10836819426083e-09    0.000119672992002987    7.09132711968271e-12    0.000257116963693487    2.66294224008857e-06    0.0160344205404646
76.0000000019612    1.25479444984535e-09    5.3896367594373e-05    6.58637355588655e-12    0.000253385090874624    2.56639279561361e-06    0.0159179831026479
77.0000000019944    2.57478376043699e-08    8.30190296537616e-05    6.25468837763909e-12    0.000244673359720612    2.50080495570882e-06    0.0156418179110143
78.0000000020276    -1.60407946656604e-08    8.53464692986263e-05    5.82522088765676e-12    0.000240901502346835    2.41349613228678e-06    0.0155207673240408
79.0000000020608    1.09897637223844e-08    -0.000178362234025435    5.48242997785435e-12    0.000235169322047797    2.34143315150095e-06    0.0153341941086342
80.000000002094    1.56726616780556e-09    -6.55730774739453e-05    5.19295686989765e-12    0.000228166877670767    2.27880547953844e-06    0.0151050514015106
81.0000000021272    5.03928671598907e-09    -5.88362313930011e-05    4.80690366597066e-12    0.000226695569660561    2.19245941161064e-06    0.0150562979499755
82.0000000021603    6.70972830418877e-09    1.62445559458168e-05    4.5197348512615e-12    0.00022199589036296    2.12595621563747e-06    0.0148995176592184
83.0000000021935    -1.29314946764726e-08    -0.000150080162465003    4.3265163639585e-12    0.00021377347680223    2.07998777409963e-06    0.0146202241004392
84.0000000022267    -7.77643274429138e-09    -2.03301837696278e-06    4.03239554680694e-12    0.00021149278431971    2.00806749734682e-06    0.0145427913478309
85.0000000022599    2.42064953965231e-09    5.86858783321011e-05    3.83618367916466e-12    0.00020519255587685    1.95861630229621e-06    0.0143244236129952
86.0000000022931    2.94710502189527e-09    5.2390463794072e-05    3.59666583264555e-12    0.00020220226482569    1.89648547245096e-06    0.0142196877625704
87.0000000023263    1.02859428439699e-08    -3.6382729516598e-05    3.38118762686632e-12    0.000198859870766116    1.83877182549824e-06    0.0141017214219793
88.0000000023595    -7.93277408980845e-09    -4.12190211234987e-05    3.18237347734859e-12    0.000195417707862353    1.78390317799028e-06    0.0139791276142201
89.0000000023927    1.81902596886208e-08    -0.000128679381563635    2.99909141248678e-12    0.000191978210036642    1.73169296555112e-06    0.0138550226146839
90.0000000024259    1.26395251120605e-08    5.06192933210207e-05    2.85331515066476e-12    0.000186967861636919    1.68912858985623e-06    0.0136735254899409
91.0000000024591    -6.91646272335652e-09    5.98120541929594e-05    2.69320382459613e-12    0.000183684522197323    1.64108378431436e-06    0.0135528943298285
92.0000000024923    1.31596284787881e-08    -1.85496806930297e-05    2.55679685461048e-12    0.00017950519095064    1.59894455150539e-06    0.0133979418889614
93.0000000025255    2.07473625551675e-08    1.36900052835453e-05    2.38474568896835e-12    0.000178637063418464    1.54412280467434e-06    0.0133655106899145
94.0000000025587    -9.90749625755585e-10    -2.44701535659734e-05    2.28058445512384e-12    0.000173614324547337    1.51016008209031e-06    0.013176256135903
95.0000000025919    -6.6311357465255e-09    6.44687405789438e-05    2.17190752523758e-12    0.000169467696980647    1.4737243817201e-06    0.0130178162823929
96.0000000026251    2.55753415731947e-09    -8.74175852197748e-05    2.07235237362603e-12    0.00016522735850987    1.43956445935744e-06    0.0128537821934116
97.0000000026583    -4.85576497030337e-09    -0.000166838315136015    1.9665194117308e-12    0.000162070532449397    1.40231802144783e-06    0.0127295992641559
98.0000000026915    -6.46995905014753e-09    -9.44210103471565e-05    1.84142028063561e-12    0.000161192591633272    1.35697399395328e-06    0.012695813337714
99.0000000027247    -1.05790371717339e-10    0.000109061812927816    1.74284104573383e-12    0.00015873511870573    1.32016704796864e-06    0.0125985405593938
100.000000002758    1.81535508274729e-09    -5.43769466799387e-06    1.68248786736256e-12    0.000153355765825874    1.29710622997829e-06    0.0123836883139617
101.000000002791    -6.50596968585142e-09    -5.07425974058479e-05    1.58209361266021e-12    0.000152161724103973    1.25779620170307e-06    0.0123352806734497
102.000000002824    -3.21000480103197e-09    2.05468470709958e-05    1.51786409296523e-12    0.000148081883555272    1.23201208956504e-06    0.0121688726422108
103.000000002857    6.34396576914564e-09    7.24913181654143e-06    1.43797919901314e-12    0.000146014648059675    1.19914092295754e-06    0.0120836499249922
104.000000002891    1.63953822789325e-08    4.9733510911568e-05    1.35917425035021e-12    0.000144369072254945    1.16572099654683e-06    0.0120152652418845
105.000000002924    3.53953528359665e-09    0.000100096330694949    1.30311368570361e-12    0.000140825669460976    1.14153456250504e-06    0.0118665770205884
106.000000002957    -1.12150349139041e-09    3.32554420991045e-05    1.24250510625735e-12    0.000138191452284376    1.11467656676153e-06    0.0117554390117914
107.00000000299    1.2634294466116e-09    -6.152395117104e-05    1.18020517040984e-12    0.00013618184178421    1.08637174767934e-06    0.0116695354058181
108.000000003023    -2.42078331919922e-09    -2.08828878786333e-05    1.13076256786511e-12    0.000133140096234205    1.06337044705654e-06    0.011538616040895
109.000000003057    -3.05494691400737e-09    8.32015577605461e-05    1.07485217222763e-12    0.0001312390549197    1.03674627538611e-06    0.0114556594057473
110.00000000309    -1.36096628401891e-09    1.32028570427574e-05    1.02562713689006e-12    0.000128949726969141    1.01273159556757e-06    0.0113555956538487
111.000000003123    -3.40106101068459e-09    1.85483134653513e-05    9.87203726582122e-13    0.000125650572815476    9.93575442211674e-07    0.0112093812842433
112.000000003156    4.02935620786186e-09    -9.87303664096435e-05    9.35711959810311e-13    0.000124415599136521    9.67313663761068e-07    0.0111537371069642
113.000000003189    2.65929470090572e-09    -6.03475278304712e-05    9.02437694167962e-13    0.000121105461208728    9.49963484729627e-07    0.0110046271806278
114.000000003223    -6.85983071576992e-09    -6.2762262071194e-05    8.52559981737749e-13    0.000120408061733697    9.23316264592095e-07    0.0109728812365831
115.000000003256    -7.28736952406766e-09    -3.75326500783346e-05    8.24329737916686e-13    0.000117013316246777    9.0789681801519e-07    0.0108172042389406
116.000000003289    6.5301138392607e-09    -8.51128909008984e-05    7.87141658201096e-13    0.000115203689084998    8.87186009703908e-07    0.0107329606763838
117.000000003322    -3.79042881347951e-09    2.1583621307568e-05    7.4959386592443e-13    0.000113774681894676    8.65782593134004e-07    0.0106664997089939
118.000000003355    -1.80158896012872e-09    4.57202221179822e-05    7.14694379823936e-13    0.000112281328078799    8.45394070301628e-07    0.0105961897746354
119.000000003389    -8.82356190987299e-10    2.32212502805381e-05    6.93755207321094e-13    0.000108876889951631    8.32919221034457e-07    0.0104343831022809
120.000000003422    2.71044460428664e-09    -6.85603867601239e-06    6.59909222460428e-13    0.00010780039899361    8.12343447041013e-07    0.0103826948326696
121.000000003455    -5.01173888672763e-09    -2.13281312816576e-05    6.29681786959718e-13    0.000106423197580606    7.93509085917137e-07    0.0103161399123617
122.000000003488    3.51215654716566e-09    -5.24420453636473e-05    6.03186918675377e-13    0.000104701195546525    7.76643150637257e-07    0.0102322258271797
123.000000003521    1.02662995974142e-08    2.16076625288617e-06    5.77290676534905e-13    0.000103136663690176    7.59727108656445e-07    0.0101556220400951
124.000000003555    -3.63342748628068e-10    0.000109122701656704    5.572506477531e-13    0.00010077887003687    7.46492140437625e-07    0.0100382748653767
125.000000003588    -2.30418400496797e-09    -2.49077217897487e-05    5.32974289412751e-13    9.94139519443928e-05    7.30047245148437e-07    0.00997062342834128
126.000000003621    2.59315338945219e-10    7.23959259567016e-06    5.09168718674452e-13    9.82171126666919e-05    7.13560545034552e-07    0.00991045207117168
127.000000003654    2.93583287540077e-09    -2.31629933042484e-05    4.94202738267422e-13    9.55427802699217e-05    7.02989416102938e-07    0.00977457128193676
128.000000003687    -2.16399037025363e-09    -3.91591789052566e-05    4.72385302226892e-13    9.44122746640093e-05    6.8729951212886e-07    0.00971651898689632
129.000000003436    -6.14573299200433e-09    -4.27262410588528e-06    4.51735303906557e-13    9.32794081737835e-05    6.72084469298725e-07    0.00965812559032377
130.000000003185    -8.61808329012044e-09    4.95502165014235e-06    4.35112939607402e-13    9.15387244028824e-05    6.5957461158523e-07    0.00956758589460491
131.000000002934    -1.46044571498328e-09    -3.76255947915196e-05    4.1932955979641e-13    8.98036135925391e-05    6.47554960520514e-07    0.0094764021604803
132.000000002683    4.62523294970493e-10    3.76738389852957e-05    4.02550617144186e-13    8.84782256656656e-05    6.34468599078306e-07    0.00940621105161487
133.000000002432    -4.17297603751438e-09    6.22940681978416e-06    3.88585447430169e-13    8.67190248518246e-05    6.23352254909822e-07    0.00931230293999907
134.000000002181    1.06308671188408e-10    5.51092341863905e-05    3.70383273343858e-13    8.6098202440778e-05    6.08591210947319e-07    0.00927874805203188
135.00000000193    5.17435038385945e-09    1.7183810992259e-06    3.59620439378891e-13    8.39561974890983e-05    5.99661292295072e-07    0.00916276129429686
136.000000001679    -6.13121192634529e-09    7.2485640330962e-06    3.45609912191154e-13    8.27285193438773e-05    5.87853995845455e-07    0.00909551905073024
137.000000001428    4.28856245859999e-09    -1.86234232478821e-05    3.33452551764016e-13    8.12246918042721e-05    5.77437581038898e-07    0.00901245499142041
138.000000001177    -2.97680354441144e-10    -5.86052448601814e-05    3.19469392097466e-13    8.0333019296798e-05    5.65216156425019e-07    0.00896267731886365
139.000000000926    6.55996698668141e-10    -7.60549290263086e-06    3.09198526975481e-13    7.86735905043478e-05    5.56055839501585e-07    0.00886981018178098
140.000000000675    -1.79302695509332e-09    2.84781083994654e-05    2.98237709882939e-13    7.73347630320394e-05    5.46108501066663e-07    0.00879397248286469
141.000000000424    2.44558310035153e-10    4.3835101715786e-05    2.86954168094427e-13    7.62243703483772e-05    5.35680976221538e-07    0.00873054688047861
142.000000000173    8.77556877964573e-09    1.61079588211307e-05    2.75911876239974e-13    7.51998397025857e-05    5.25199833998991e-07    0.00867176915261518
142.999999999922    8.08036988473213e-10    4.13748574818019e-06    2.64807714956234e-13    7.43454281277855e-05    5.14594075007145e-07    0.0086223785006805
143.999999999671    -1.09931086252309e-09    7.03019263128457e-05    2.57789975718787e-13    7.24921863985469e-05    5.07729029339878e-07    0.00851394409411429
144.99999999942    7.39382138476919e-10    3.14737019935766e-05    2.49537462763412e-13    7.11008962506396e-05    4.99536701431902e-07    0.00843207599922596
145.999999999169    3.9326871551604e-09    2.08269082733246e-05    2.40217548045704e-13    7.01374383893208e-05    4.90104154254423e-07    0.00837478385567129
146.999999998918    3.46347500053925e-09    5.12219857529151e-05    2.33299763629287e-13    6.85974524600019e-05    4.82998724605157e-07    0.00828219951270056
147.999999998667    1.34656691314569e-09    1.88385146005321e-05    2.24821671468634e-13    6.76335654143682e-05    4.74151724900567e-07    0.00822394130114848
148.999999998416    -6.82756592043221e-10    4.18087838178426e-05    2.19408476916981e-13    6.58538123232406e-05    4.68410088235103e-07    0.00811492848698226
149.999999998165    2.40913945666947e-10    3.53859426900796e-06    2.10052540447662e-13    6.5391873471269e-05    4.58314828920179e-07    0.00808652341551174
150.999999997914    -7.01455023269365e-11    -3.49315791144806e-05    2.03420565248796e-13    6.4199255102072e-05    4.5102168498688e-07    0.00801236762055091
151.999999997663    -1.25955570836366e-09    -7.5805658646897e-05    1.98051957377483e-13    6.27063578093972e-05    4.45028505712724e-07    0.00791837175886017
152.999999997412    3.19284182683136e-09    -7.0845043911005e-05    1.89871005744055e-13    6.22165848574407e-05    4.35730204949259e-07    0.0078874308768568
153.999999997161    3.37811515797052e-09    -1.46873921669811e-05    1.82753051684509e-13    6.14959347398325e-05    4.27482911965483e-07    0.00784192062063522
154.99999999691    -2.22742201430011e-09    -2.6512657737249e-05    1.77906360094749e-13    6.01187981028736e-05    4.21783592243604e-07    0.00775358595630778
155.999999996659    1.77093314613649e-10    -5.64457092438913e-06    1.72241022907796e-13    5.91022744345522e-05    4.15019266475369e-07    0.00768779829166786
156.999999996408    -1.68704487382828e-09    -3.27062374029277e-05    1.6776518853377e-13    5.77686766880076e-05    4.09588015465985e-07    0.00760050044339467
157.999999996157    -2.61963040922526e-09    2.08760908390727e-05    1.61752032126111e-13    5.70501587134354e-05    4.02175545828721e-07    0.00755312669708821
158.999999995906    2.37683248334597e-09    -6.171770766397e-05    1.57812934558189e-13    5.5690380301736e-05    3.97249651007443e-07    0.0074623435478606
159.999999995655    -1.94106785407018e-09    8.74408677015513e-05    1.53387117638629e-13    5.45787749362602e-05    3.91641864327877e-07    0.00738722742515186
160.999999995404    1.4551056256282e-09    -4.78536701411745e-05    1.49156025128136e-13    5.34726820355148e-05    3.86204489611079e-07    0.00731234518207181
161.999999995153    3.22510038724135e-09    -3.47350351637592e-06    1.43167928690075e-13    5.30856139974295e-05    3.78361635763415e-07    0.00728598668213186
162.999999994902    -1.38083229868802e-09    -3.37243343882602e-05    1.38207294503047e-13    5.24044710548079e-05    3.71759852331057e-07    0.00723901469290386
163.999999994651    -1.55931467266786e-09    9.09793750062207e-06    1.36142338610468e-13    5.07191841418822e-05    3.68971417793058e-07    0.00712173443547395
164.9999999944    -1.2448722857742e-09    -1.01621168858418e-05    1.3246819363737e-13    4.96966691351324e-05    3.6395967349469e-07    0.00704957912690629
165.999999994149    2.48110648527372e-09    1.05011918292349e-05    1.27280176603908e-13    4.93159145245579e-05    3.56754846798914e-07    0.00702252121744947
166.999999993898    -3.04602523413886e-09    -4.71439119236463e-05    1.23646128548535e-13    4.84140993939318e-05    3.51620321197181e-07    0.00695786438826601
167.999999993647    -1.29993459664267e-09    -1.49863398452869e-05    1.21286018233743e-13    4.70826699534663e-05    3.48258996156291e-07    0.0068616649118916
168.999999993396    6.58119645112014e-10    -2.17490579469892e-05    1.18457839021392e-13    4.59890220468146e-05    3.44176416827075e-07    0.00678148575352724
169.999999993145    8.02619220400283e-10    -1.77844671684077e-05    1.1395616345373e-13    4.56075670410852e-05    3.37572983599275e-07    0.00675331405709913
170.999999992893    -2.56364249385046e-09    4.27212333900436e-05    1.11961712852893e-13    4.43013616510257e-05    3.34596982338539e-07    0.00665578970124833
171.999999992642    -4.50630583518633e-09    3.79238772337975e-05    1.09139680048081e-13    4.33736533316813e-05    3.3033221649697e-07    0.00658575850690085
172.999999992391    -3.32004846347497e-09    4.12524507525244e-05    1.06575231760941e-13    4.23967790442381e-05    3.2644173911916e-07    0.00651115022707548
173.99999999214    -2.06041211941826e-09    -1.93376616913109e-06    1.03920505369119e-13    4.15068758650727e-05    3.22360450537929e-07    0.00644258272167468
174.999999991889    -1.16860012732562e-10    2.03210746342531e-05    1.00758675175754e-13    4.08692496947512e-05    3.17425048664235e-07    0.00639287390370535
175.999999991638    -4.66033781036265e-10    -5.06507273850528e-05    9.87908505777986e-14    3.98027849483026e-05    3.14309772979323e-07    0.00630874151096064
176.999999991387    -9.32520270255614e-10    -9.56972396478008e-05    9.67085654138518e-14    3.88282758568629e-05    3.10978609907173e-07    0.00623049900852144
177.999999991136    -2.79427789697646e-09    3.54326413902002e-06    9.49844865714972e-14    3.77554650742445e-05    3.08182865491467e-07    0.00614454656744692
178.999999990885    7.45025682246973e-10    1.84743035053429e-06    9.31533828375346e-14    3.67696701927627e-05    3.05209481789586e-07    0.00606379969818956
179.999999990634    -5.23738785408737e-10    4.15515216889564e-05    9.08140891324388e-14    3.60286017706742e-05    3.01353305656539e-07    0.00600223918564727
180.999999990383    -7.82936313847867e-10    1.05277482295035e-05    8.91799025845558e-14    3.50484452724592e-05    2.9862901666664e-07    0.00592016337941585
181.999999990132    1.12280889938097e-09    2.83616644195382e-05    8.76243276411318e-14    3.40782370522454e-05    2.96011937160155e-07    0.00583758791524691
182.999999989881    2.88758350026321e-09    -1.57413782496096e-05    8.50493225230581e-14    3.3545481895939e-05    2.91617873911369e-07    0.00579182476469634
183.99999998963    -1.56761944929444e-09    5.78934175875832e-05    8.43118742309271e-14    3.2333070475688e-05    2.90360838957648e-07    0.00568592286510185
184.999999989379    -1.22569448306109e-09    -1.10776909899022e-05    8.25166003679017e-14    3.15686031768929e-05    2.87254413440309e-07    0.0056185834924521
185.999999989128    -5.26879311873761e-10    4.24552743134392e-06    8.11796501620923e-14    3.06638731244739e-05    2.849199406154e-07    0.00553749538148527
186.999999988877    -1.28458944470541e-09    -1.00873840562642e-05    8.07335658808585e-14    2.94629476347736e-05    2.84133622985413e-07    0.00542796885395048
187.999999988626    1.73093325154794e-09    9.86750726838391e-06    7.90670277725622e-14    2.87520519545828e-05    2.81183270559685e-07    0.0053620849104507
188.999999988375    -7.12496006245069e-10    -5.05318043161858e-05    7.77756617161799e-14    2.79342489579822e-05    2.7888197156794e-07    0.00528504451208642
189.999999988124    -7.01485431440656e-10    -1.9845447947835e-05    7.69934178687892e-14    2.6968062952237e-05    2.77475991370386e-07    0.00519304044952788
190.999999987873    1.65188063266927e-09    -2.12978613255381e-05    7.71600069234557e-14    2.57151075902259e-05    2.7777198961348e-07    0.00507096184084724
191.999999987622    -9.30878152387289e-11    -1.42826590187297e-05    7.62690316744473e-14    2.48650954649044e-05    2.76168468528009e-07    0.00498647084324733
192.999999987371    1.28534009870146e-10    1.97368798566747e-05    7.61255792397071e-14    2.38062957820301e-05    2.75908612983929e-07    0.0048791296598475
193.99999998712    -nan    -nan    -nan    -nan    0    0
194.999999986869    -nan    -nan    -nan    -nan    0    0
195.999999986618    -nan    -nan    -nan    -nan    0    0
196.999999986367    -nan    -nan    -nan    -nan    0    0
197.999999986116    -nan    -nan    -nan    -nan    0    0
198.999999985865    -nan    -nan    -nan    -nan    0    0
