0    2.19347507862134e-24    -2.14105684919121e-24    1.12063280617712e-12    5.91486991325129e-10    1.058599455024e-06    2.43205055729754e-05
0.1    2.80959122865336e-17    5.32427362871697e-16    1.48363013102068e-12    4.53520555983603e-10    1.2180435669633e-06    2.12960220694759e-05
0.2    7.77887488613458e-17    3.9889880484281e-16    1.41224711563953e-12    4.48786780897224e-10    1.1883800383882e-06    2.11845882871776e-05
0.3    1.53937212635118e-16    1.11560706688285e-15    1.36571319494006e-12    4.86995164439679e-10    1.16863732395473e-06    2.20679669303649e-05
0.4    2.5665835774943e-16    9.6229876204479e-16    1.36468116228439e-12    4.88719199029912e-10    1.16819568664004e-06    2.21069943463582e-05
0.5    3.738046579858e-16    1.4452456300604e-15    1.38619530057068e-12    4.79690166795183e-10    1.17736795462195e-06    2.19018302156505e-05
0.6    5.23651031787118e-16    1.53266306012468e-15    1.38204967519859e-12    4.81792169504593e-10    1.1756060884491e-06    2.19497646799366e-05
0.7    6.82190110894734e-16    1.60621384022108e-15    1.36898244447457e-12    4.89751357474248e-10    1.17003523215097e-06    2.21303266463522e-05
0.8    8.60723797348832e-16    1.83718042134457e-15    1.3821577357879e-12    4.84093121073948e-10    1.17565204707341e-06    2.20021162862564e-05
0.900000000000001    1.03328767129685e-15    1.65817593712472e-15    1.38756555985781e-12    4.79666753230165e-10    1.17794972722006e-06    2.1901295697519e-05
1    1.1990783468052e-15    1.73341118917711e-15    1.39038886948406e-12    4.79505720387343e-10    1.17914751811809e-06    2.1897619057499e-05
1.1    1.36588883961695e-15    1.58987208901019e-15    1.3798489435223e-12    4.83765915860314e-10    1.17466971678098e-06    2.19946792625015e-05
1.2    1.52423531248366e-15    1.55413308596644e-15    1.39008797892277e-12    4.80103080553656e-10    1.17901992303895e-06    2.19112546549406e-05
1.3    1.68422052257945e-15    1.65279106956514e-15    1.38980726150645e-12    4.7948425455614e-10    1.17890087009318e-06    2.18971289112555e-05
1.4    1.84978807033847e-15    1.65765335154729e-15    1.3878481802143e-12    4.81101988483472e-10    1.17806968393822e-06    2.19340372135061e-05
1.5    2.01546747450853e-15    1.66272356180855e-15    1.38167358882595e-12    4.84106754546539e-10    1.17544612331912e-06    2.20024261059216e-05
1.6    2.18079824382746e-15    1.64670366504081e-15    1.38844322640759e-12    4.81431987818489e-10    1.17832220822982e-06    2.19415584637575e-05
1.7    2.34409708625721e-15    1.53520292531219e-15    1.38771079429814e-12    4.81313422167835e-10    1.17801137273718e-06    2.19388564462197e-05
1.8    2.49646677749859e-15    1.54079026163261e-15    1.38538345245841e-12    4.82932449424744e-10    1.17702313165817e-06    2.19757240932977e-05
1.9    2.63375834805084e-15    1.25240602413748e-15    1.38424168174038e-12    4.83085157985085e-10    1.17653800692556e-06    2.19791983016917e-05
2    2.73763906805938e-15    7.38587945293222e-16    1.38794374657038e-12    4.80873382138463e-10    1.17811024381014e-06    2.19288253706956e-05
2.1    2.80867879461039e-15    6.9027780866615e-16    1.38355603041211e-12    4.81644518865191e-10    1.17624658571752e-06    2.19464010458478e-05
2.2    2.84311914671449e-15    4.42412745657824e-17    1.38403468146205e-12    4.81920311270989e-10    1.17645003355946e-06    2.19526834640093e-05
2.29999999999999    2.82610013663123e-15    -3.39793797154201e-16    1.3786723480819e-12    4.83068152259581e-10    1.17416879028609e-06    2.19788114387376e-05
2.39999999999999    2.76696297148645e-15    -1.19122248944325e-15    1.38100869915488e-12    4.82142289175071e-10    1.17516326489338e-06    2.19577387081428e-05
2.49999999999999    2.60590286562311e-15    -1.89213401432363e-15    1.37575125174412e-12    4.83645645586017e-10    1.1729242310329e-06    2.19919450159829e-05
2.59999999999999    2.35299017066993e-15    -3.04357039071526e-15    1.37673553188884e-12    4.83542371625107e-10    1.1733437398686e-06    2.19895968954664e-05
2.69999999999999    2.01119468757857e-15    -3.86123392530006e-15    1.37224341538917e-12    4.84461629467795e-10    1.17142793862413e-06    2.20104890783416e-05
2.79999999999998    1.60554115107524e-15    -4.35737250331354e-15    1.37382788535755e-12    4.83581794132046e-10    1.17210404203618e-06    2.19904932671381e-05
2.89999999999998    1.10531188763124e-15    -5.3940848060983e-15    1.37326365000753e-12    4.83492331825431e-10    1.17186332394505e-06    2.19884590598211e-05
2.99999999999998    5.24822797807481e-16    -6.27921427234493e-15    1.36999139661427e-12    4.8482987145228e-10    1.17046631588195e-06    2.20188526370535e-05
3.09999999999998    -1.11462867980865e-16    -6.49449713063453e-15    1.37133889129654e-12    4.83969429362825e-10    1.17104179741653e-06    2.199930520182e-05
3.19999999999998    -7.77817489339639e-16    -6.5204726974916e-15    1.37247256836159e-12    4.83254004544291e-10    1.17152574378952e-06    2.198303901976e-05
3.29999999999997    -1.39159020359678e-15    -6.19001783691762e-15    1.37219275887572e-12    4.8385924446638e-10    1.17140631673033e-06    2.19968007779854e-05
3.39999999999997    -2.00148100587813e-15    -5.59810090485038e-15    1.37117600541442e-12    4.84325124304679e-10    1.17097224792666e-06    2.20073879482477e-05
3.49999999999997    -2.5672557217756e-15    -5.90364736141773e-15    1.37521482417526e-12    4.83253330437178e-10    1.1726955377144e-06    2.19830236873179e-05
3.59999999999997    -3.11589232514486e-15    -4.92258291149285e-15    1.37358605601035e-12    4.8371626995433e-10    1.17200087713719e-06    2.19935506445487e-05
3.69999999999997    -3.56360681173939e-15    -4.05027484287034e-15    1.37672839494181e-12    4.83599238079891e-10    1.17334069857898e-06    2.19908898883126e-05
3.79999999999996    -3.9325377300886e-15    -3.1954981111198e-15    1.37644682560491e-12    4.83878185157601e-10    1.17322070626328e-06    2.1997231306635e-05
3.89999999999996    -4.21853499057721e-15    -2.72450193529e-15    1.38027552595103e-12    4.82713190565019e-10    1.17485127822675e-06    2.19707348662947e-05
3.99999999999996    -4.46535487630087e-15    -2.12459554958193e-15    1.37959254165187e-12    4.82816742740803e-10    1.17456057385385e-06    2.19730913332831e-05
4.09999999999996    -4.64224705543917e-15    -1.63043460514464e-15    1.38330307683118e-12    4.82032726515015e-10    1.17613905505734e-06    2.19552437134051e-05
4.19999999999995    -4.79454327616048e-15    -1.28472103960066e-15    1.38267679714363e-12    4.82140931289001e-10    1.17587278101997e-06    2.19577077876768e-05
4.29999999999995    -4.92485085779873e-15    -1.28553321082552e-15    1.38589034656531e-12    4.81408893893221e-10    1.17723844082892e-06    2.19410321975339e-05
4.39999999999995    -5.03611726488201e-15    -1.01410712913099e-15    1.38389336580437e-12    4.82429552161577e-10    1.17638997182243e-06    2.19642790039094e-05
4.49999999999995    -5.13214316660081e-15    -9.43155178266952e-16    1.38755936386277e-12    4.81464570552037e-10    1.17794709722583e-06    2.19423009402395e-05
4.59999999999995    -5.22385941567928e-15    -8.74922864143111e-16    1.38351027585364e-12    4.82177140642603e-10    1.17622713616616e-06    2.19585322970959e-05
4.69999999999994    -5.31134079008859e-15    -8.87538865941159e-16    1.38755561933157e-12    4.81567745753956e-10    1.17794550779379e-06    2.1944651871332e-05
4.79999999999994    -5.40212144398761e-15    -9.08969651273714e-16    1.38682600156277e-12    4.82057812650668e-10    1.17763576778339e-06    2.19558150076618e-05
4.89999999999994    -5.4940070771504e-15    -9.26009813239214e-16    1.38797640717064e-12    4.81504530814331e-10    1.17812410516492e-06    2.19432114972793e-05
4.99999999999994    -5.58561628343246e-15    -8.90418042945509e-16    1.38692373469996e-12    4.81339076865414e-10    1.17767726253841e-06    2.19394411247282e-05
5.09999999999994    -5.67108076185225e-15    -8.14210217749198e-16    1.38775345992175e-12    4.81459020958126e-10    1.17802948177104e-06    2.19421744810793e-05
5.19999999999993    -5.74718737783394e-15    -7.11960849506719e-16    1.3863492427213e-12    4.82096716782666e-10    1.17743332835507e-06    2.19567009539836e-05
5.29999999999993    -5.80555833853619e-15    -4.79387342473049e-16    1.38703919378619e-12    4.81380617193009e-10    1.17772628135157e-06    2.19403878086284e-05
5.39999999999993    -5.8401616538019e-15    -3.83684168632423e-17    1.38594432575535e-12    4.81687562280873e-10    1.17726136679811e-06    2.19473816725566e-05
5.49999999999993    -5.80226058163652e-15    6.466601014231e-16    1.3841737419309e-12    4.82229274828501e-10    1.17650913380683e-06    2.19597193704405e-05
5.59999999999993    -5.71627024011646e-15    1.16355705469669e-15    1.38111718924788e-12    4.82913950783711e-10    1.17520942357006e-06    2.19753032011782e-05
5.69999999999992    -5.56189136361388e-15    2.06272965407038e-15    1.38150455842633e-12    4.82569850472764e-10    1.17537422058948e-06    2.19674725554116e-05
5.79999999999992    -5.28729291107831e-15    3.44561793057466e-15    1.38185987518779e-12    4.82389725293093e-10    1.17552536135457e-06    2.19633723570196e-05
5.89999999999992    -4.86503920406362e-15    4.96333959387718e-15    1.37984720367991e-12    4.82914309790971e-10    1.17466897621411e-06    2.19753113696023e-05
5.99999999999992    -4.28626358351753e-15    6.66195395523418e-15    1.3769716945598e-12    4.83299121120343e-10    1.17344437216248e-06    2.19840651636667e-05
6.09999999999991    -3.55384651485435e-15    7.92289530807959e-15    1.3752760534363e-12    4.83609460313716e-10    1.17272164362917e-06    2.19911223068245e-05
6.19999999999991    -2.70525851226878e-15    8.81536271846222e-15    1.37428683568359e-12    4.83602778054122e-10    1.17229980622859e-06    2.19909703754546e-05
6.29999999999991    -1.78420438501006e-15    9.6799291573649e-15    1.37340618666361e-12    4.83533471812275e-10    1.17192413861291e-06    2.19893945303702e-05
6.39999999999991    -8.06272332411231e-16    1.00270050016134e-14    1.37152143410836e-12    4.83754717656559e-10    1.17111973517158e-06    2.19944246948303e-05
6.49999999999991    1.95145213468713e-16    9.88435236938257e-15    1.37049551928442e-12    4.84318670964089e-10    1.17068164728265e-06    2.20072413301642e-05
6.5999999999999    1.22114477454773e-15    1.04965564369956e-14    1.37100522569876e-12    4.84019751179286e-10    1.1708993234684e-06    2.20004488858588e-05
6.6999999999999    2.24011437382537e-15    9.86276163835215e-15    1.37154299968555e-12    4.84027294383552e-10    1.17112894238233e-06    2.20006203181536e-05
6.7999999999999    3.21924986124028e-15    9.63099489296226e-15    1.37121361816331e-12    4.8473094491102e-10    1.17098830829488e-06    2.20166061169977e-05
6.8999999999999    4.12191966083719e-15    8.24592702862871e-15    1.37329151922654e-12    4.83862958076703e-10    1.17187521486997e-06    2.19968851903333e-05
6.9999999999999    4.90629957479898e-15    7.69455833364004e-15    1.37594052481916e-12    4.82784850846935e-10    1.17300491252985e-06    2.19723656179059e-05
7.09999999999989    5.62486898779939e-15    6.58510367727168e-15    1.37507905848628e-12    4.83515810154887e-10    1.17263765012312e-06    2.19889929318031e-05
7.19999999999989    6.19721069564173e-15    4.80509729807739e-15    1.37424919792013e-12    4.84474805503819e-10    1.17228375315882e-06    2.20107883889655e-05
7.29999999999989    6.61939821874529e-15    3.51777029234297e-15    1.37931963561383e-12    4.82705567320659e-10    1.17444439443246e-06    2.19705613792788e-05
7.39999999999989    6.89805058147499e-15    2.28676059012209e-15    1.37980223791533e-12    4.824653705398e-10    1.17464983629817e-06    2.19650943667401e-05
7.49999999999988    7.08371621648991e-15    1.56838135006991e-15    1.3822147732824e-12    4.82254311236884e-10    1.17567630463593e-06    2.19602894160547e-05
7.59999999999988    7.21998832842205e-15    1.02744676792604e-15    1.38144231545147e-12    4.82599812176086e-10    1.1753477423518e-06    2.19681545009153e-05
7.69999999999988    7.31286417409465e-15    6.76821745944715e-16    1.3818635221115e-12    4.82443924682904e-10    1.17552691254242e-06    2.19646061809199e-05
7.79999999999988    7.32186479370184e-15    -2.63992793351812e-16    1.38358883267598e-12    4.82108471675341e-10    1.17626052925191e-06    2.19569686358418e-05
7.89999999999988    7.27718421993013e-15    -6.3946741664562e-16    1.38480412402119e-12    4.82155038536964e-10    1.17677700692238e-06    2.19580290221359e-05
7.99999999999987    7.21649710903884e-15    -5.52521361355145e-16    1.38601758239455e-12    4.81601134672456e-10    1.17729247954557e-06    2.19454126111234e-05
8.09999999999987    7.15541045275209e-15    -6.51308234719864e-16    1.38755876642722e-12    4.81336692273664e-10    1.17794684363396e-06    2.19393867798e-05
8.19999999999987    7.09079194186535e-15    -6.27681471656376e-16    1.38605045434858e-12    4.82015494595727e-10    1.17730644029011e-06    2.19548512770123e-05
8.29999999999987    7.03131394464186e-15    -5.78207145054617e-16    1.38640264988605e-12    4.8151176136004e-10    1.17745600762239e-06    2.19433762525287e-05
8.39999999999987    6.9737974898045e-15    -5.75492315018148e-16    1.38680668011037e-12    4.81410469806761e-10    1.1776275642623e-06    2.19410681099795e-05
8.49999999999986    6.91629324521322e-15    -5.83764138892518e-16    1.38777543312641e-12    4.81457399957189e-10    1.17803880798826e-06    2.19421375430287e-05
8.59999999999986    6.85260143713837e-15    -6.95199711853414e-16    1.38768738076529e-12    4.81269421398531e-10    1.17800143495893e-06    2.19378536187689e-05
8.69999999999986    6.77177235672302e-15    -9.16749067660924e-16    1.38399298706324e-12    4.82644124668464e-10    1.1764323129969e-06    2.19691630397806e-05
8.79999999999986    6.67286442222325e-15    -1.14829192464975e-15    1.38596760736462e-12    4.8205758742409e-10    1.17727125479416e-06    2.19558098785741e-05
8.89999999999985    6.52832934611444e-15    -1.72187231104221e-15    1.38645841001822e-12    4.81438579181578e-10    1.17747968560745e-06    2.19417086659535e-05
8.99999999999985    6.33644466063712e-15    -2.25013720902912e-15    1.38423196806986e-12    4.8217105072773e-10    1.17653387884491e-06    2.19583936281261e-05
9.09999999999985    6.06989967762931e-15    -2.89023330509563e-15    1.38395685446476e-12    4.82296860098276e-10    1.17641695604269e-06    2.19612581629167e-05
9.19999999999985    5.73237226829416e-15    -3.95631727619559e-15    1.38127971887293e-12    4.82895902120875e-10    1.17527857075373e-06    2.19748925394614e-05
9.29999999999985    5.29185273389258e-15    -5.06790645955569e-15    1.38089259228178e-12    4.8257489971841e-10    1.17511386353909e-06    2.19675874806136e-05
9.39999999999984    4.71113541763419e-15    -6.57875073690104e-15    1.37990213464987e-12    4.82635080753175e-10    1.17469235744933e-06    2.19689572067764e-05
9.49999999999984    3.98745549910195e-15    -7.58083406458152e-15    1.37607438998374e-12    4.83411468700877e-10    1.17306197192806e-06    2.19866202200538e-05
9.59999999999984    3.17561467907029e-15    -8.57777945485215e-15    1.37510739918172e-12    4.83467753430314e-10    1.1726497342266e-06    2.19879001596404e-05
9.69999999999984    2.28668585867484e-15    -9.37083690530972e-15    1.37195734750212e-12    4.84203882807301e-10    1.17130583004701e-06    2.20046332122874e-05
9.79999999999984    1.32743894400493e-15    -9.96679837666449e-15    1.37399141303927e-12    4.83560795811026e-10    1.17217379813715e-06    2.19900158210727e-05
9.89999999999983    2.95581526588601e-16    -1.04224892165568e-14    1.37076018103977e-12    4.8407085958583e-10    1.17079467928402e-06    2.20016103861929e-05
9.99999999999983    -7.73049213010247e-16    -1.09821743636566e-14    1.37280382831928e-12    4.83708077869567e-10    1.17166711497732e-06    2.19933644054194e-05
10.0999999999998    -1.86066632593402e-15    -1.04412792918513e-14    1.37028585278767e-12    4.84367202525106e-10    1.17059209496206e-06    2.20083439296351e-05
10.1999999999998    -2.86762566199582e-15    -9.89860261771139e-15    1.37225058633084e-12    4.83857953006583e-10    1.17143099938957e-06    2.19967714223379e-05
10.2999999999998    -3.848065903989e-15    -9.66443630762149e-15    1.37253716757217e-12    4.84140707890993e-10    1.17155331401186e-06    2.20031976742244e-05
10.3999999999998    -4.77486202893838e-15    -8.63039349664258e-15    1.37342945716924e-12    4.8402501121025e-10    1.17193406690361e-06    2.20005684292531e-05
10.4999999999998    -5.53902218990245e-15    -6.86112924570329e-15    1.37277959788727e-12    4.84095370454594e-10    1.17165677477974e-06    2.20021674035672e-05
10.5999999999998    -6.14005089602123e-15    -5.02019158859223e-15    1.37718306008334e-12    4.82818816428417e-10    1.17353443071916e-06    2.19731385202118e-05
10.6999999999998    -6.56649545101397e-15    -3.45453614155713e-15    1.37633346558386e-12    4.83169767840638e-10    1.17317239380402e-06    2.19811229886154e-05
10.7999999999998    -6.85804475948388e-15    -2.35256341333881e-15    1.37865523374005e-12    4.82934015539982e-10    1.17416150240929e-06    2.1975759726116e-05
10.8999999999998    -7.01942494764021e-15    -1.13285816628531e-15    1.38068104739023e-12    4.82782279203686e-10    1.17502384971124e-06    2.19723070978831e-05
10.9999999999998    -7.0773061517385e-15    -8.56244469947744e-17    1.37895304292449e-12    4.83438955828473e-10    1.17428831337304e-06    2.19872452987743e-05
11.0999999999998    -7.05354684833613e-15    6.60617877921689e-16    1.3825262445943e-12    4.82154902211581e-10    1.17580876191424e-06    2.19580259179094e-05
11.1999999999998    -6.96647922887232e-15    1.1506103884468e-15    1.38338882350446e-12    4.81945755095096e-10    1.17617550710107e-06    2.19532629714832e-05
11.2999999999998    -6.81764609138664e-15    1.63898446980518e-15    1.38514772179391e-12    4.81937279713177e-10    1.17692298889686e-06    2.19530699382382e-05
11.3999999999998    -6.64984250934928e-15    1.77634149180392e-15    1.38446628201057e-12    4.81819936900892e-10    1.17663345269909e-06    2.19503971923264e-05
11.4999999999998    -6.46127552480387e-15    1.93440613395651e-15    1.38564222477741e-12    4.81536741326431e-10    1.17713305313266e-06    2.19439454366445e-05
11.5999999999998    -6.25875304359323e-15    2.07325093229361e-15    1.38624163189017e-12    4.81734012598767e-10    1.17738763026039e-06    2.19484398670786e-05
11.6999999999998    -6.05447897048453e-15    2.03092693331766e-15    1.3872687087084e-12    4.81795199767254e-10    1.17782371716161e-06    2.19498337070524e-05
11.7999999999998    -5.85306032794324e-15    2.01359940912886e-15    1.38707160599088e-12    4.81900197745315e-10    1.17774004177105e-06    2.19522253483631e-05
11.8999999999998    -5.65161332757844e-15    2.01557799594104e-15    1.38941427648914e-12    4.81221912008775e-10    1.17873418398261e-06    2.19367707744047e-05
11.9999999999998    -5.4508430518091e-15    2.03185123365103e-15    1.38768368805765e-12    4.8177992532091e-10    1.17799986759662e-06    2.19494857643843e-05
12.0999999999998    -5.24352487411911e-15    2.10191242196195e-15    1.38823699593723e-12    4.81597555295141e-10    1.17823469476044e-06    2.19453310591374e-05
12.1999999999998    -5.02268831140284e-15    2.34421507137876e-15    1.387282828675e-12    4.81806491491435e-10    1.177829711238e-06    2.19500909221678e-05
12.2999999999998    -4.77237864157212e-15    2.72872798157333e-15    1.38696640618585e-12    4.8174542585952e-10    1.17769537919865e-06    2.19486998671794e-05
12.3999999999998    -4.48314167821548e-15    2.97546353030663e-15    1.38652565720124e-12    4.81946157389607e-10    1.17750824082095e-06    2.19532721340033e-05
12.4999999999998    -4.16452233552613e-15    3.39071548182501e-15    1.38433074372505e-12    4.82553387410243e-10    1.17657585549129e-06    2.19670978376808e-05
12.5999999999998    -3.8070904498233e-15    3.79931959215655e-15    1.38396667858843e-12    4.82283043914409e-10    1.17642113147819e-06    2.19609436025506e-05
12.6999999999998    -3.38901819832812e-15    4.66944158482254e-15    1.38328310355055e-12    4.82340083322441e-10    1.17613056398962e-06    2.1962242219829e-05
12.7999999999998    -2.88089502944494e-15    5.42339341505277e-15    1.37963667365337e-12    4.82949279631113e-10    1.17457936030452e-06    2.19761070171929e-05
12.8999999999998    -2.29968217383707e-15    6.10983948702169e-15    1.37917034396525e-12    4.8275646808786e-10    1.17438083429748e-06    2.19717197344191e-05
12.9999999999998    -1.67749644986331e-15    6.55537202342902e-15    1.37613088747074e-12    4.83624927988487e-10    1.17308605288391e-06    2.19914739839895e-05
13.0999999999998    -9.82608121836863e-16    7.2069674107756e-15    1.37437031011349e-12    4.83767401565685e-10    1.17233540853865e-06    2.19947130366751e-05
13.1999999999998    -2.46990579370471e-16    7.53209655848322e-15    1.37306872341509e-12    4.83772987415381e-10    1.17178015148538e-06    2.19948400179538e-05
13.2999999999998    5.33676790815759e-16    7.85273698226266e-15    1.37327405371023e-12    4.83692911049026e-10    1.17186776289402e-06    2.19930195982504e-05
13.3999999999998    1.33842058636072e-15    8.28536798155175e-15    1.37176799772588e-12    4.83824744209844e-10    1.17122499876236e-06    2.19960165532272e-05
13.4999999999998    2.13516016493599e-15    7.75380158989689e-15    1.37177307932317e-12    4.83886649539723e-10    1.17122716811179e-06    2.19974237023276e-05
13.5999999999998    2.90581714377201e-15    7.35669748466593e-15    1.37027207326332e-12    4.84418764512754e-10    1.17058620924019e-06    2.20095153175338e-05
13.6999999999998    3.57746998664332e-15    6.0867377545133e-15    1.37192821026989e-12    4.84127393914965e-10    1.17129339205422e-06    2.20028951257548e-05
13.7999999999998    4.12680929277215e-15    5.00861647614795e-15    1.37364509044734e-12    4.83717544261869e-10    1.17202606218776e-06    2.19935796145573e-05
13.8999999999997    4.5503800667056e-15    3.45911320983846e-15    1.37477773596313e-12    4.83667896868356e-10    1.17250916242183e-06    2.19924509063532e-05
13.9999999999997    4.82908727905207e-15    2.01147739336668e-15    1.3741352631367e-12    4.84224956617555e-10    1.17223515692744e-06    2.20051120564644e-05
14.0999999999997    4.9861988607245e-15    1.05407195108679e-15    1.37664985989002e-12    4.8363585154502e-10    1.17330723167038e-06    2.19917223414861e-05
14.1999999999997    5.03041340519784e-15    5.49140785035458e-17    1.37846834446489e-12    4.82786263359394e-10    1.17408191556845e-06    2.19723977608133e-05
14.2999999999997    4.97741082764022e-15    -1.16482900723561e-15    1.37829137170055e-12    4.83102297334671e-10    1.1740065467026e-06    2.1979588197568e-05
14.3999999999997    4.8428236310621e-15    -1.54172921522011e-15    1.38033504111928e-12    4.82829253913061e-10    1.17487660676314e-06    2.1973376024477e-05
14.4999999999997    4.64370463062203e-15    -2.27556459745026e-15    1.3811789223567e-12    4.8214488045898e-10    1.17523568800335e-06    2.19577977142285e-05
14.5999999999997    4.41651474483182e-15    -2.30025582031567e-15    1.38361826891894e-12    4.81779365419788e-10    1.17627304182275e-06    2.19494730100699e-05
14.6999999999997    4.17536734333225e-15    -2.54408270025304e-15    1.38143557122531e-12    4.82899413482708e-10    1.17534487331392e-06    2.1974972434174e-05
14.7999999999997    3.9213761543484e-15    -2.49281614289123e-15    1.38520977952631e-12    4.8208470794377e-10    1.17694935299965e-06    2.19564274859042e-05
14.8999999999997    3.66586552440293e-15    -2.60821963813036e-15    1.38513772960508e-12    4.82024633389664e-10    1.17691874384134e-06    2.19550594030092e-05
14.9999999999997    3.39814933405883e-15    -2.76216007004499e-15    1.38636493235891e-12    4.82015824669116e-10    1.17743999097997e-06    2.19548587941056e-05
15.0999999999997    3.12398945014349e-15    -2.71091144052882e-15    1.3874917367696e-12    4.81053569071593e-10    1.17791839138779e-06    2.19329334351699e-05
15.1999999999997    2.85313566650391e-15    -2.69828743195692e-15    1.38836569055098e-12    4.80930552658557e-10    1.17828930681348e-06    2.19301288792054e-05
15.2999999999997    2.58432852499186e-15    -2.68558250396374e-15    1.38668073617952e-12    4.82334470632502e-10    1.17757408946508e-06    2.19621144390175e-05
15.3999999999997    2.3158815454825e-15    -2.68172666195886e-15    1.38775470943752e-12    4.81819164524817e-10    1.17803001211239e-06    2.19503795986497e-05
15.4999999999997    2.04622570770922e-15    -2.70377742307065e-15    1.38869044858944e-12    4.81264017784096e-10    1.17842710788128e-06    2.1937730461105e-05
15.5999999999997    1.77719873850627e-15    -2.72976497567907e-15    1.38693755542767e-12    4.81597520167774e-10    1.17768313031463e-06    2.19453302587993e-05
15.6999999999997    1.50165885663588e-15    -2.77545081808598e-15    1.38666844462095e-12    4.81939980942641e-10    1.17756887043644e-06    2.19531314609702e-05
15.7999999999997    1.21637427672981e-15    -2.85775241297325e-15    1.38780962691092e-12    4.81947394560208e-10    1.17805332091163e-06    2.19533003113474e-05
15.8999999999997    9.19540399008741e-16    -3.12739164751057e-15    1.38449727754243e-12    4.8250004958594e-10    1.17664662390304e-06    2.19658837651923e-05
15.9999999999997    6.02973638437153e-16    -3.35929201028558e-15    1.38787991877243e-12    4.81498979282223e-10    1.17808315443878e-06    2.19430849992024e-05
16.0999999999997    2.45954745615457e-16    -3.51803661787049e-15    1.38231188310338e-12    4.82854251474185e-10    1.17571760346751e-06    2.19739448318727e-05
16.1999999999997    -1.25187074435234e-16    -3.99238979497831e-15    1.38231203643059e-12    4.82510231557135e-10    1.17571766867331e-06    2.19661155318171e-05
16.2999999999997    -4.92805602875599e-16    -3.45404645616465e-15    1.37974045750388e-12    4.82733465275748e-10    1.17462353863009e-06    2.19711962641033e-05
16.3999999999998    -8.57825573549402e-16    -3.81252463494153e-15    1.38040887419689e-12    4.82738056256479e-10    1.17490802797363e-06    2.19713007411141e-05
16.4999999999998    -1.26446365762441e-15    -4.13237346548794e-15    1.37467519446732e-12    4.84237942212034e-10    1.17246543423135e-06    2.20054071130719e-05
16.5999999999998    -1.6480676854762e-15    -3.6734400914483e-15    1.3750832494979e-12    4.83532633502532e-10    1.17263943712375e-06    2.19893754686788e-05
16.6999999999998    -1.99258574537274e-15    -3.260629188417e-15    1.37462218865685e-12    4.83225321952981e-10    1.17244282958993e-06    2.19823866300496e-05
16.7999999999998    -2.34445731151604e-15    -3.66396740372203e-15    1.37314768907477e-12    4.83603718179011e-10    1.1718138457429e-06    2.19909917506922e-05
16.8999999999998    -2.66243881313014e-15    -2.48402990405831e-15    1.3700768472068e-12    4.84692936891455e-10    1.17050281811143e-06    2.2015742932989e-05
16.9999999999999    -2.86332881544807e-15    -1.73964229637583e-15    1.37287185256281e-12    4.83977197109994e-10    1.17169614344454e-06    2.19994817463956e-05
17.0999999999999    -2.97860575678049e-15    -6.90421613411413e-16    1.37119571113587e-12    4.84126229067136e-10    1.17098066215283e-06    2.2002868655408e-05
17.1999999999999    -3.03650539562821e-15    -3.50578504925433e-17    1.37102676189565e-12    4.84146212833311e-10    1.17090851986637e-06    2.20033227680119e-05
17.2999999999999    -2.98899952953464e-15    8.07301570504912e-16    1.37361058549719e-12    4.83776150979832e-10    1.17201134188078e-06    2.19949119338958e-05
17.3999999999999    -2.84360785367407e-15    2.00294081761613e-15    1.37561927628445e-12    4.83554469985465e-10    1.17286797052543e-06    2.19898719865638e-05
17.4999999999999    -2.62251332359173e-15    2.3744553612466e-15    1.37455077210266e-12    4.83998817536457e-10    1.17241237288876e-06    2.19999731258122e-05
17.6    -2.34851103393963e-15    3.08009466649903e-15    1.37768335438778e-12    4.83153784632867e-10    1.17374756842678e-06    2.19807594189297e-05
17.7    -2.02604170202488e-15    3.42284346463402e-15    1.37871804516716e-12    4.83041233822152e-10    1.17418824945882e-06    2.19781990577516e-05
17.8    -1.67886869613655e-15    3.36497939933882e-15    1.37742899627359e-12    4.8364486910378e-10    1.17363921043632e-06    2.19919273621886e-05
17.9    -1.34330733510896e-15    3.31745382343859e-15    1.38381117488415e-12    4.81882481676036e-10    1.17635503776885e-06    2.19518218304549e-05
18    -1.01252035618491e-15    3.416443636798e-15    1.38079961692206e-12    4.83021451849564e-10    1.1750743027239e-06    2.19777490168935e-05
18.1    -6.86563941917681e-16    3.18206159217288e-15    1.38259448734797e-12    4.82415431961179e-10    1.17583778105144e-06    2.1963957566003e-05
18.2    -3.67168033340652e-16    3.14171616850775e-15    1.38504511392174e-12    4.81564241518556e-10    1.1768793965066e-06    2.19445720286032e-05
18.3000000000001    -4.28195252182607e-17    3.26475864594465e-15    1.38413406727469e-12    4.82307152340752e-10    1.17649227250955e-06    2.19614924889169e-05
18.4000000000001    2.84678075814004e-16    3.27045168949954e-15    1.38731644944841e-12    4.81466632540744e-10    1.17784398349205e-06    2.19423479268e-05
18.5000000000001    5.97030607877341e-16    2.97511355864382e-15    1.38620516471198e-12    4.81745091794627e-10    1.1773721436793e-06    2.19486922570487e-05
18.6000000000001    8.87368121750776e-16    2.90167148928925e-15    1.38613657724504e-12    4.82033507115745e-10    1.17734301596648e-06    2.19552614904889e-05
18.7000000000001    1.17721609193145e-15    2.87217472514461e-15    1.38793392125798e-12    4.81493830081101e-10    1.17810607385667e-06    2.19429676680503e-05
18.8000000000001    1.46171542836523e-15    2.82974776024386e-15    1.387343208782e-12    4.81745206042233e-10    1.17785534289318e-06    2.19486948596547e-05
18.9000000000002    1.74441087915754e-15    2.82121289571674e-15    1.39115056241202e-12    4.80956944486878e-10    1.17947045847364e-06    2.19307305962861e-05
19.0000000000002    2.0277317281062e-15    2.8441393304287e-15    1.38612236126238e-12    4.82370018906207e-10    1.17733697863542e-06    2.19629237331054e-05
19.1000000000002    2.31389002402273e-15    2.92255147838543e-15    1.38868127133663e-12    4.81533519150665e-10    1.17842321401805e-06    2.19438720181892e-05
19.2000000000002    2.61783705374379e-15    3.09253088314195e-15    1.39060590510977e-12    4.81241482240642e-10    1.17923954526202e-06    2.1937216829868e-05
19.3000000000002    2.9187795499625e-15    3.02442861083831e-15    1.38479321830153e-12    4.82762832097663e-10    1.17677237318928e-06    2.1971864556693e-05
19.4000000000002    3.23289530911227e-15    3.16434906543171e-15    1.38862493586809e-12    4.81243272865043e-10    1.17839931087391e-06    2.1937257642309e-05
19.5000000000002    3.54419096550817e-15    3.02421114218639e-15    1.38579885990573e-12    4.82474313459132e-10    1.17719958371796e-06    2.19652979369535e-05
19.6000000000003    3.8281026859689e-15    2.74398852271263e-15    1.38178170829508e-12    4.83303839772564e-10    1.1754921132424e-06    2.19841724832336e-05
19.7000000000003    4.08881714779049e-15    2.14858053213903e-15    1.38320101825283e-12    4.81993379757609e-10    1.17609566713462e-06    2.19543476276935e-05
19.8000000000003    4.2447120678695e-15    1.13353895864136e-15    1.38056546785953e-12    4.83079399011761e-10    1.17497466690118e-06    2.19790672916701e-05
19.9000000000003    4.32983395809981e-15    4.15919040611389e-16    1.37860809502621e-12    4.83208018285294e-10    1.1741414288859e-06    2.1981993046248e-05
20.0000000000003    4.30326160204302e-15    -7.47729096028223e-16    1.37871908550201e-12    4.8275961705491e-10    1.17418869246046e-06    2.19717913938511e-05
20.1000000000003    4.17151167926009e-15    -1.90553270100685e-15    1.37113658369601e-12    4.84673025544167e-10    1.17095541490529e-06    2.20152907213184e-05
20.2000000000004    3.93731646557789e-15    -2.85829610524642e-15    1.37577383955544e-12    4.8283552804866e-10    1.17293385983841e-06    2.19735187907777e-05
20.3000000000004    3.61479446551594e-15    -3.58393538013937e-15    1.37186378875798e-12    4.84193288903503e-10    1.17126589157116e-06    2.20043924911256e-05
20.4000000000004    3.19670666270814e-15    -4.69160569711051e-15    1.37131989563509e-12    4.84510700701363e-10    1.17103368680627e-06    2.20116037739498e-05
20.5000000000004    2.70232944242736e-15    -5.41379293153552e-15    1.37138200085559e-12    4.84042438788842e-10    1.17106020377075e-06    2.20009644967861e-05
20.6000000000004    2.13135051245513e-15    -5.72683899287441e-15    1.37265976597479e-12    4.83679975317839e-10    1.17160563585824e-06    2.19927255090823e-05
20.7000000000004    1.54587452030109e-15    -6.0567044270571e-15    1.37218300887345e-12    4.84262994037466e-10    1.17140215505754e-06    2.20059763254773e-05
20.8000000000005    8.99466545496643e-16    -6.75976796894433e-15    1.37401795498903e-12    4.83895730210413e-10    1.17218511976096e-06    2.19976301044093e-05
20.9000000000005    2.18738445487687e-16    -6.84449940591607e-15    1.37528009406666e-12    4.83762842175559e-10    1.17272336638555e-06    2.19946093890198e-05
21.0000000000005    -4.54066153318046e-16    -6.52924785448327e-15    1.37484160303262e-12    4.8406227285698e-10    1.17253639731678e-06    2.20014152466831e-05
21.1000000000005    -1.0855106363508e-15    -6.12922541425275e-15    1.37929310676814e-12    4.82609094726053e-10    1.17443310016711e-06    2.19683657727664e-05
21.2000000000005    -1.66925405282715e-15    -5.66572849738453e-15    1.38181783373816e-12    4.82416191594994e-10    1.17550747923531e-06    2.19639748587316e-05
21.3000000000005    -2.22308455469414e-15    -5.29997522978049e-15    1.37657159618587e-12    4.84277281464392e-10    1.17327387944413e-06    2.20063009491462e-05
21.4000000000005    -2.72628076649617e-15    -4.74599769277968e-15    1.38082817923668e-12    4.83044456504066e-10    1.17508645606895e-06    2.19782723730521e-05
21.5000000000006    -3.1661732743608e-15    -3.96243186125366e-15    1.38500710714307e-12    4.81379658022311e-10    1.17686324912586e-06    2.19403659500545e-05
21.6000000000006    -3.52046895605266e-15    -3.2428064546756e-15    1.38317586349143e-12    4.8226236702929e-10    1.17608497290435e-06    2.19604728325528e-05
21.7000000000006    -3.83842006394157e-15    -3.07681254833695e-15    1.38214688891704e-12    4.82989006989378e-10    1.17564743393461e-06    2.19770108747613e-05
21.8000000000006    -4.1213099255892e-15    -2.55470306179905e-15    1.38855827219603e-12    4.80707120163415e-10    1.17837102484575e-06    2.19250340972007e-05
21.9000000000006    -4.36254007900975e-15    -2.41994323168458e-15    1.38530641840936e-12    4.82184924657726e-10    1.17699040710167e-06    2.19587095399007e-05
22.0000000000006    -4.59353161864548e-15    -2.20608643044175e-15    1.38641496164338e-12    4.82110166558115e-10    1.17746123572854e-06    2.19570072313627e-05
22.1000000000007    -4.81417152901984e-15    -2.15560445007857e-15    1.38906736206438e-12    4.80957147547691e-10    1.17858701930081e-06    2.19307352258809e-05
22.2000000000007    -5.02707678597816e-15    -2.12398925705145e-15    1.38630987103227e-12    4.82242037172322e-10    1.17741660895041e-06    2.19600099538302e-05
22.3000000000007    -5.23934897937051e-15    -2.12250682114946e-15    1.38834960674529e-12    4.81819558417295e-10    1.17828248172723e-06    2.19503885709865e-05
22.4000000000007    -5.45213894665442e-15    -2.12157501994694e-15    1.38877741712405e-12    4.81362599133311e-10    1.17846400756411e-06    2.19399771908111e-05
22.5000000000007    -5.6601677733807e-15    -2.02668508300879e-15    1.3900440266978e-12    4.81032970796604e-10    1.17900128358615e-06    2.19324638560423e-05
22.6000000000007    -5.85392395021911e-15    -1.85010113893167e-15    1.38795429901741e-12    4.81929789210155e-10    1.17811472234983e-06    2.19528993349433e-05
22.7000000000007    -6.03482625341108e-15    -1.79183643416565e-15    1.38721274291757e-12    4.82296793359689e-10    1.17779995878654e-06    2.19612566434548e-05
22.8000000000008    -6.21338592343976e-15    -1.72378714111376e-15    1.38636116290867e-12    4.82147640123805e-10    1.17743839028149e-06    2.19578605543392e-05
22.9000000000008    -6.37222291152014e-15    -1.38572793316328e-15    1.38863413976894e-12    4.81205924749424e-10    1.17840321612296e-06    2.19364063772858e-05
23.0000000000008    -6.48143911705359e-15    -8.11237350652885e-16    1.38552039383509e-12    4.82350501473032e-10    1.17708130298425e-06    2.19624794017668e-05
23.1000000000008    -6.53490535010744e-15    -2.03436588536079e-16    1.3828262749889e-12    4.83319335843754e-10    1.17593633968378e-06    2.19845249173994e-05
23.2000000000008    -6.50174734537594e-15    7.70768758111505e-16    1.38128563844932e-12    4.83095733666147e-10    1.17528108912265e-06    2.19794388842424e-05
23.3000000000008    -6.37474349490108e-15    1.87347955363559e-15    1.38269544385768e-12    4.81776278063713e-10    1.17588070987566e-06    2.19494026812511e-05
23.4000000000009    -6.12679245298945e-15    3.18619270910319e-15    1.37671486872427e-12    4.83365224672169e-10    1.17333493458785e-06    2.19855685546717e-05
23.5000000000009    -5.7317465987436e-15    4.67419129005333e-15    1.37466881245946e-12    4.84346405368326e-10    1.17246271260943e-06    2.20078714411077e-05
23.6000000000009    -5.19115827859468e-15    6.24056441057002e-15    1.37654793792146e-12    4.83042780174989e-10    1.17326379724317e-06    2.1978234236967e-05
23.7000000000009    -4.51166377057143e-15    7.16597991663389e-15    1.37481089305176e-12    4.83039395530057e-10    1.1725233017095e-06    2.19781572369036e-05
23.8000000000009    -3.71626954781166e-15    8.86640719075224e-15    1.36821526104073e-12    4.85368060447221e-10    1.1697073399106e-06    2.20310703427505e-05
23.9000000000009    -2.79835683010363e-15    9.34155718842462e-15    1.37267160991164e-12    4.83846523538867e-10    1.17161069042222e-06    2.19965116220474e-05
24.000000000001    -1.83716899268159e-15    9.78419787266109e-15    1.37286820394088e-12    4.8333657314205e-10    1.17169458646052e-06    2.19849169464442e-05
24.100000000001    -8.40774921861288e-16    9.97295055973702e-15    1.37222872480911e-12    4.84092140261136e-10    1.17142166823442e-06    2.20020939971889e-05
24.200000000001    1.39760252841285e-16    9.81205372720062e-15    1.37251371997702e-12    4.84766596942751e-10    1.17154330691486e-06    2.20174157644068e-05
24.300000000001    1.11832921121117e-15    9.83276587197688e-15    1.37575027854187e-12    4.83970847822792e-10    1.17292381617131e-06    2.19993374405411e-05
24.400000000001    2.09625018147872e-15    9.29997492748352e-15    1.37611722500975e-12    4.8354343708472e-10    1.17308022957075e-06    2.19896211219002e-05
24.500000000001    2.98593279531088e-15    8.61907903190801e-15    1.37721070189576e-12    4.83100171798294e-10    1.17354620782301e-06    2.1979539845008e-05
24.600000000001    3.78188920956936e-15    7.51216481381832e-15    1.37702499812074e-12    4.83190055027898e-10    1.17346708437891e-06    2.19815844521704e-05
24.7000000000011    4.4886163550579e-15    6.35042922145255e-15    1.378043574367e-12    4.83218581644998e-10    1.17390100705596e-06    2.19822333179547e-05
24.8000000000011    5.06576664952032e-15    5.25766914799624e-15    1.3820352436351e-12    4.82734351041985e-10    1.17559995050829e-06    2.19712164215363e-05
24.9000000000011    5.53397023828063e-15    4.20751364683767e-15    1.37848765425526e-12    4.8388325328885e-10    1.17409013889703e-06    2.19973465056322e-05
25.0000000000011    5.90420014885331e-15    3.12502856394661e-15    1.3843050266518e-12    4.81701025937322e-10    1.17656492666227e-06    2.19476883962143e-05
25.1000000000011    6.19100095145801e-15    2.59646080547163e-15    1.38380706886495e-12    4.81555720235226e-10    1.17635329253798e-06    2.19443778730504e-05
25.2000000000011    6.40382328798416e-15    1.67668813726406e-15    1.38466073184433e-12    4.82012864995502e-10    1.17671607953845e-06    2.19547913903891e-05
25.3000000000012    6.54796751926238e-15    1.34117779762131e-15    1.3853985615144e-12    4.82315437475906e-10    1.17702954997502e-06    2.19616811167976e-05
25.4000000000012    6.66846906436098e-15    1.0715148378105e-15    1.38726379454146e-12    4.81975843048165e-10    1.17782163103819e-06    2.19539482337042e-05
25.5000000000012    6.76487345498146e-15    8.48186793158521e-16    1.38511031789136e-12    4.82227958684153e-10    1.17690709824155e-06    2.19596894031804e-05
25.6000000000012    6.84456565049579e-15    7.74079718078408e-16    1.39100310598365e-12    4.80379089241223e-10    1.17940794722761e-06    2.19175520814078e-05
25.7000000000012    6.91936295884227e-15    7.28478401935028e-16    1.38756056181918e-12    4.81627751847342e-10    1.17794760571902e-06    2.19460190432648e-05
25.8000000000012    6.99199966589168e-15    7.25611747581924e-16    1.38731873471286e-12    4.82362269228617e-10    1.17784495359655e-06    2.1962747306032e-05
25.9000000000012    7.06496072089669e-15    7.44364296284445e-16    1.39033869004494e-12    4.8164743697082e-10    1.17912624007989e-06    2.19464675283021e-05
26.0000000000013    7.13543738537737e-15    6.64057605457651e-16    1.39099870080099e-12    4.8136248954618e-10    1.17940607968629e-06    2.19399746933806e-05
26.1000000000013    7.19990976675974e-15    5.45683698018166e-16    1.38938350623279e-12    4.81791466203634e-10    1.17872113166465e-06    2.1949748659236e-05
26.2000000000013    7.24224279878492e-15    2.60686028887386e-16    1.38917968873785e-12    4.81716669677568e-10    1.17863467144737e-06    2.19480447802889e-05
26.3000000000013    7.24773339157959e-15    -1.19967022998126e-16    1.38932277677787e-12    4.8169968530762e-10    1.17869537064411e-06    2.19476578547147e-05
26.4000000000013    7.20311211784507e-15    -7.67141231659503e-16    1.38814893717202e-12    4.8237448279643e-10    1.17819732522699e-06    2.19630253561851e-05
26.5000000000013    7.10556005387993e-15    -1.3246806918392e-15    1.38484429542737e-12    4.8317583063024e-10    1.17679407520066e-06    2.19812608971879e-05
26.6000000000014    6.91501163545135e-15    -2.37608045611482e-15    1.38781301503011e-12    4.81600176663515e-10    1.17805475892681e-06    2.19453907840238e-05
26.7000000000014    6.62745524674108e-15    -3.4583790288546e-15    1.38045641666178e-12    4.83259504546979e-10    1.17492826021923e-06    2.19831641159088e-05
26.8000000000014    6.24149300411799e-15    -4.21636210273568e-15    1.38186514698621e-12    4.83078075562448e-10    1.17552760366833e-06    2.19790371846095e-05
26.9000000000014    5.75469209728822e-15    -5.71242575125223e-15    1.37991834401426e-12    4.82840127614077e-10    1.17469925683737e-06    2.19736234520863e-05
27.0000000000014    5.09998324111876e-15    -7.28018240477347e-15    1.37553185380483e-12    4.83563210754267e-10    1.17283070125437e-06    2.19900707309974e-05
27.1000000000014    4.31703779737323e-15    -8.31287420193675e-15    1.37527869771753e-12    4.8343825143423e-10    1.17272277104076e-06    2.19872292805217e-05
27.2000000000015    3.42955438899787e-15    -9.32473587131703e-15    1.37183703291142e-12    4.84237532474331e-10    1.17125446975088e-06    2.20053978031375e-05
27.3000000000015    2.46375602099761e-15    -1.03009158740152e-14    1.37353122415413e-12    4.841754381386e-10    1.17197748449112e-06    2.20039868691699e-05
27.4000000000015    1.3986513323164e-15    -1.0504407169057e-14    1.37118267175368e-12    4.84227527595862e-10    1.17097509442075e-06    2.20051704741377e-05
27.5000000000015    3.23623445688365e-16    -1.10708499219158e-14    1.37176670457593e-12    4.83860640056236e-10    1.17122444671204e-06    2.19968325005269e-05
27.6000000000015    -7.58407213855626e-16    -1.0734754597046e-14    1.37297328135888e-12    4.837959691884e-10    1.17173942553747e-06    2.19953624473069e-05
27.7000000000015    -1.80262023924665e-15    -9.89264170856246e-15    1.37289733785409e-12    4.842543809954e-10    1.1717070187782e-06    2.20057806268126e-05
27.8000000000015    -2.75473684895996e-15    -9.01949641290503e-15    1.37651288122756e-12    4.83948697002584e-10    1.1732488573306e-06    2.19988339918866e-05
27.9000000000016    -3.59497462653208e-15    -7.93604659094091e-15    1.37835013381224e-12    4.834281211845e-10    1.17403157274932e-06    2.19869989126415e-05
28.0000000000016    -4.33202332838804e-15    -6.69818835439611e-15    1.37709726590499e-12    4.83682893913121e-10    1.1734978763956e-06    2.19927918626336e-05
28.1000000000016    -4.94506194750653e-15    -5.64027847062177e-15    1.37923545722156e-12    4.83309408198006e-10    1.17440855634722e-06    2.19842991291059e-05
28.2000000000016    -5.45022333678104e-15    -4.30790202134549e-15    1.37987810132372e-12    4.82951774744391e-10    1.17468212777914e-06    2.19761637858929e-05
28.3000000000016    -5.79342981669278e-15    -2.74417985937897e-15    1.38315922553878e-12    4.82299880264262e-10    1.17607789943472e-06    2.19613269240331e-05
28.4000000000016    -6.03021736824414e-15    -1.80206910314027e-15    1.38130627743964e-12    4.8342905077318e-10    1.17528986953842e-06    2.19870200521394e-05
28.5000000000017    -6.15738034521875e-15    -1.11528644203883e-15    1.38495509794175e-12    4.82298351184233e-10    1.17684115238283e-06    2.196129211099e-05
28.6000000000017    -6.25660347846201e-15    -7.88820940099576e-16    1.38473288727813e-12    4.82010637392569e-10    1.17674673880072e-06    2.19547406587408e-05
28.7000000000017    -6.32051160435233e-15    -4.8517702290227e-16    1.38540318542381e-12    4.81831896585641e-10    1.17703151420164e-06    2.19506696158828e-05
28.8000000000017    -6.35748254615036e-15    -1.21509685060218e-16    1.38598773438988e-12    4.81726246003974e-10    1.17727980293127e-06    2.19482629381911e-05
28.9000000000017    -6.34742943736834e-15    2.01623202314455e-16    1.38617428207075e-12    4.81931761628865e-10    1.1773590285341e-06    2.19529442587746e-05
29.0000000000017    -6.3061454046704e-15    6.09321415062585e-16    1.38893324699831e-12    4.81556586077638e-10    1.1785301213793e-06    2.19443976011564e-05
29.1000000000017    -6.24595854189797e-15    5.87964895537405e-16    1.38795744489386e-12    4.81821848982109e-10    1.1781160574807e-06    2.19504407468759e-05
29.2000000000018    -6.18326625538291e-15    6.36970478629314e-16    1.38982331652345e-12    4.81490200679002e-10    1.17890767938946e-06    2.19428849670913e-05
29.3000000000018    -6.12032829758617e-15    6.15685143400185e-16    1.3894676514659e-12    4.81830774110849e-10    1.17875682456811e-06    2.1950644047746e-05
29.4000000000018    -6.05973782715565e-15    6.10427932998454e-16    1.39128189656659e-12    4.813535753578e-10    1.17952613221013e-06    2.19397715429719e-05
29.5000000000018    -5.99886594858653e-15    5.89183558149587e-16    1.38867493516004e-12    4.82262084449864e-10    1.17842052560198e-06    2.19604663987326e-05
29.6000000000018    -5.94317213590893e-15    5.91765707821267e-16    1.39273674879399e-12    4.81129713959197e-10    1.18014268154067e-06    2.19346692238382e-05
29.7000000000018    -5.86933505579529e-15    8.7394372004038e-16    1.39058796798423e-12    4.81828305204713e-10    1.17923193985926e-06    2.19505878100044e-05
29.8000000000019    -5.77971574643575e-15    9.71025071740885e-16    1.38795110467294e-12    4.82439271066091e-10    1.17811336664726e-06    2.19645002462176e-05
29.9000000000019    -5.65773327228762e-15    1.43727554010944e-15    1.38939125490814e-12    4.81707918463708e-10    1.17872441855938e-06    2.19478454173458e-05
