0 0 0
1 1.75988390261671e-20 5.67396524606051e-21
2 1.74798428962477e-20 5.63556928946411e-21
2.99999999999998 1.71570441148939e-20 5.53164010243075e-21
3.99999999999996 1.73121977418962e-20 5.58147716227679e-21
4.99999999999994 1.74900782274613e-20 5.63892720676503e-21
5.99999999999992 1.73195942863868e-20 5.58387224556889e-21
6.9999999999999 1.71806005620248e-20 5.53914320537833e-21
7.99999999999987 1.74891359765847e-20 5.63860186710585e-21
8.99999999999985 1.74520038190473e-20 5.62658664311382e-21
9.99999999999983 1.72407584576341e-20 5.55864083317675e-21
10.9999999999998 1.73307335339095e-20 5.58745685381197e-21
11.9999999999998 1.75470475164867e-20 5.65729250895798e-21
12.9999999999998 1.7365409415125e-20 5.59865189031893e-21
13.9999999999997 1.73128135918286e-20 5.58175208734484e-21
14.9999999999997 1.75187110553627e-20 5.64814204019617e-21
15.9999999999997 1.75222858685361e-20 5.64923863896148e-21
16.9999999999999 1.72707877604666e-20 5.56832980623001e-21
18 1.75352861491925e-20 5.65340984900132e-21
19.0000000000002 1.7549573267913e-20 5.65810422156666e-21
20.0000000000003 1.73816183021978e-20 5.60388861724212e-21
21.0000000000005 1.73850872307901e-20 5.60503700459673e-21
22.0000000000006 1.76735587465623e-20 5.69807038246241e-21
23.0000000000008 1.756247620776e-20 5.66218916567256e-21
24.000000000001 1.74762531478072e-20 5.63457837313409e-21
25.0000000000011 1.75923550415321e-20 5.67181477604005e-21
26.0000000000013 1.7709533480025e-20 5.70967327118087e-21
27.0000000000014 1.75894799889144e-20 5.67091702898713e-21
28.0000000000016 1.74795889280798e-20 5.63548967379242e-21
29.0000000000017 1.77403029475633e-20 5.71959306207294e-21
