0    1.00000000000014    -0.380546675183228    0.999999999999982    0.14481577203052    0    6.12465596130443e-06
0.1    0.957141679121786    -0.474523621551644    0.916120193912241    0.225172667437549    4.09849659784885e-07    5.20201543445155e-06
0.2    0.905524016162374    -0.555543112383836    0.81997374384708    0.308628149746172    4.95225470003005e-07    5.39002519655913e-06
0.3    0.846482569308231    -0.622972115578638    0.716532740142673    0.388094256823273    9.54139864062197e-08    5.89479841921145e-06
0.4    0.78137034867168    -0.677069617197269    0.610539621783504    0.458423266559912    4.48522476652038e-07    5.31558590679018e-06
0.5    0.711477090635082    -0.718807095031102    0.506199650498658    0.516683639897896    3.11501994138462e-07    5.55376692817034e-06
0.6    0.63796870911977    -0.749651683713422    0.407004073815927    0.561977646925181    0    5.55098756009721e-06
0.7    0.561848683380071    -0.771349811433478    0.31567394301617    0.59498053162866    5.00687885773523e-07    5.49521611367465e-06
0.8    0.483939920244795    -0.785737387189414    0.234197846406762    0.61738324165835    4.73009191282352e-07    5.57703703807708e-06
0.900000000000001    0.404883670791488    -0.794589762059745    0.163930786873866    0.63137289000043    5.25014877349976e-07    5.50159669833638e-06
1    0.325151321790752    -0.799513973528055    0.105723382062624    0.63922259389695    5.9248514124716e-07    5.50738531725893e-06
1.1    0.245065020863046    -0.801878630031    0.060056864450922    0.643009337331183    5.62820971186459e-07    5.54879707757589e-06
1.2    0.164823766481267    -0.802773184100648    0.0271668739974126    0.644444785141502    5.84220662757096e-07    5.51448671736503e-06
1.3    0.0845324807549576    -0.802987495961839    0.00714574030293674    0.644788918700771    5.91155857964679e-07    5.45042435488422e-06
1.4    0.00423245677919899    -0.803003536173425    1.79136907311473e-05    0.644814679137908    5.85969156067797e-07    5.5572142109863e-06
1.5    -0.0760677030470551    -0.802992996662812    0.00578629544720244    0.644797752719529    5.89478635370382e-07    5.47776292515856e-06
1.6    -0.156361033650382    -0.802816928594876    0.0244487728445653    0.644515020868695    5.91148521768071e-07    5.49402398104512e-06
1.7    -0.236611150597912    -0.802026015622058    0.05598483658762    0.643245729764846    5.9349147622366e-07    5.50019400849675e-06
1.8    -0.316721288564108    -0.799862608880151    0.100312374630041    0.639780193114678    5.76072512665087e-07    5.48775597824577e-06
1.9    -0.396503771309734    -0.795268146390558    0.157215240663144    0.632451424693752    5.49679175657707e-07    5.50259551839762e-06
2    -0.475650732313617    -0.786901953197425    0.226243619150852    0.619214683976201    6.09992825124297e-07    5.50265604711982e-06
2.1    -0.553707609206154    -0.773179405240907    0.306592116493119    0.597806392719056    5.69518793934177e-07    5.51118394183933e-06
2.2    -0.630051798279556    -0.752338523658344    0.39696526851573    0.566013254210845    6.54167765058602e-07    5.51628831263705e-06
2.29999999999999    -0.703879749815005    -0.72254345375213    0.495446702200131    0.522069042590674    7.04739859853311e-07    5.53327890690504e-06
2.39999999999999    -0.774206493407144    -0.682030009307322    0.599395694434036    0.465164933626054    4.99244498245447e-07    5.50534890153765e-06
2.49999999999999    -0.839881794388462    -0.62929170434537    0.705401428545605    0.396008049188846    6.49782899332498e-07    5.56285015765554e-06
2.59999999999999    -0.899626494010376    -0.563294318758206    0.809327828725839    0.317300489575837    6.61970564163958e-07    5.52863705145412e-06
2.69999999999999    -0.952090763142094    -0.483694292471732    0.906476821261113    0.233960168600589    7.86874437781181e-07    5.55510862508954e-06
2.79999999999998    -0.995932902818985    -0.391024210826896    0.991882346917558    0.15289993348357    3.30859472024061e-07    5.54732626854169e-06
2.89999999999998    -1.02991325293999    -0.286802049133034    1.06072130858173    0.0822554154177413    5.45878979087299e-07    5.55284604170008e-06
2.99999999999998    -1.05299352132373    -0.17352463755721    1.10879535595009    0.0301107998704056    5.92496852638455e-07    5.57177349668292e-06
3.09999999999998    -1.06442862574456    -0.0545227388146554    1.13300829930468    0.00297272907865655    4.82392730004747e-07    5.5502626914255e-06
3.19999999999998    -1.06383721692666    0.0663167062664615    1.13174962411843    0.00439790556091032    3.97053736283607e-07    5.55681432344492e-06
3.29999999999997    -1.0512392180306    0.184923577368559    1.10510389352627    0.0341967294977096    8.24426185704652e-07    5.5609426124507e-06
3.39999999999997    -1.02705383961605    0.297450019985777    1.05483958947052    0.0884765144204014    6.71048775267464e-07    5.55540965036835e-06
3.49999999999997    -0.992058421444571    0.400636588154256    0.984179911559558    0.160509675798617    6.81473617391534e-07    5.54383278482435e-06
3.59999999999997    -0.947315248032799    0.492078156050118    0.897406179155748    0.242140911692561    5.52650299985787e-07    5.55670474736264e-06
3.69999999999997    -0.894078355707715    0.570355024673736    0.799376106145255    0.325304854201211    4.93766114884045e-07    5.53465315236986e-06
3.79999999999996    -0.833694202362447    0.635026752112466    0.695046023052849    0.403258975929171    3.03376809828018e-07    5.53745074374704e-06
3.89999999999996    -0.767508874821901    0.686513542141713    0.589069872930734    0.471300843574676    5.95394165039273e-07    5.54204515184636e-06
3.99999999999996    -0.696791129726109    0.725905666059404    0.485517878465399    0.526939036047705    6.42048136079625e-07    5.52794922362649e-06
4.09999999999996    -0.622676283523155    0.754743990941756    0.387725754062433    0.569638491893123    4.73038529734313e-07    5.51662038608036e-06
4.19999999999995    -0.546131963563131    0.774807329588574    0.298260121625584    0.600326398014857    5.1295502418454e-07    5.53889410902386e-06
4.29999999999995    -0.467943754978887    0.787930036362063    0.218971357824025    0.62083374223209    5.3304205047744e-07    5.52886296163296e-06
4.39999999999995    -0.388717079415788    0.795860648587722    0.151100967829888    0.633394172000687    5.89396966742459e-07    5.4970442214644e-06
4.49999999999995    -0.30889109320336    0.800162324029082    0.0954137074607027    0.64025974482602    5.79806460688821e-07    5.51339943658442e-06
4.59999999999995    -0.228760668849624    0.802149429607426    0.0523314436128951    0.643443707450006    6.06461929041389e-07    5.52149855571943e-06
4.69999999999994    -0.14850326271894    0.802851665599128    0.0220532190385241    0.644570796985502    5.94697413767115e-07    5.49624639284309e-06
4.79999999999994    -0.0682083711719001    0.802996704553377    0.00465238189827053    0.64480370755379    5.889295456178e-07    5.4959736906825e-06
4.89999999999994    0.0120918706340915    0.803003527041934    0.00014621333577849    0.644814664472219    5.88970551817638e-07    5.51663044859993e-06
4.99999999999994    0.0923917088100237    0.802980679131425    0.00853622785718511    0.644777971088551    5.90674410403765e-07    5.4942260556286e-06
5.09999999999994    0.17268071174879    0.802726070374745    0.0298186282104143    0.644369144089468    5.87781870659125e-07    5.49431698676645e-06
5.19999999999993    0.252912720733538    0.801727432259196    0.0639648443092171    0.64276687566745    6.1367868444379e-07    5.52506644468516e-06
5.29999999999993    0.332974936702624    0.799165074477565    0.110872308472459    0.638664816294996    5.85368652015759e-07    5.50121326469464e-06
5.39999999999993    0.412657558250519    0.793921059689246    0.170286260381557    0.630310649048591    5.2562248779706e-07    5.52227263163467e-06
5.49999999999993    0.491624916500544    0.784601240970753    0.241695058524556    0.615599107363571    6.24183478567467e-07    5.54313182099442e-06
5.59999999999993    0.569389795589816    0.769578460283286    0.324204739322103    0.59225100656219    5.38919607401643e-07    5.49519591019142e-06
5.69999999999992    0.64529350997752    0.747066017627808    0.41640371401953    0.558107634724738    6.50337959241926e-07    5.51950757630825e-06
5.79999999999992    0.718495187223698    0.715229446821333    0.516235334063784    0.511553161630829    4.0917188578087e-07    5.52074448132922e-06
5.89999999999992    0.787974340199221    0.67234070549951    0.62090356081259    0.452042024302145    4.38509552763765e-07    5.52864709210253e-06
5.99999999999992    0.852550879517695    0.616971369127312    0.726843002166729    0.38065367035354    5.78272578475841e-07    5.54168955945444e-06
6.09999999999991    0.910925850945175    0.548210403479491    0.829785905920509    0.300534646513718    5.6349248889652e-07    5.5291139621171e-06
6.19999999999991    0.961744098393606    0.465879171296188    0.924951710795372    0.217043402278366    6.64732099270685e-07    5.5446512982621e-06
6.29999999999991    1.00367671853236    0.370704984153838    1.00736695532444    0.13742218530735    7.53651178860771e-07    5.55456898707822e-06
6.39999999999991    1.03551698414765    0.264409658142999    1.07229542445841    0.0699124673501519    4.20677489444408e-07    5.55464144152474e-06
6.49999999999991    1.05627926723345    0.14967589399918    1.11572589038775    0.0224028732753902    7.25580979820481e-07    5.56204461462252e-06
6.5999999999999    1.06528764430283    0.0299738534233467    1.13483776510468    0.000898431919905353    6.45927095463671e-07    5.55527477260693e-06
6.6999999999999    1.06224053078091    -0.0907399917057892    1.12835494523414    0.00823374612565054    6.59029018506288e-07    5.55732330879695e-06
6.7999999999999    1.0472405063443    -0.208408112935896    1.09671267812872    0.0434339415684183    6.70717801745349e-07    5.5603105704129e-06
6.8999999999999    1.02078410277744    -0.319275123606254    1.04200018448368    0.101936604584638    7.34099622771359e-07    5.55417172003966e-06
6.9999999999999    0.983713360073884    -0.420237798202661    0.967691974788613    0.176599807069066    8.72831621504275e-07    5.55393184693773e-06
7.09999999999989    0.937137493530935    -0.509085347561    0.878226681781884    0.259167891132063    6.63896483479305e-07    5.54606526463063e-06
7.19999999999989    0.882337327611152    -0.584601801966468    0.778519159696334    0.341759266893172    5.865646727611e-07    5.54345727950987e-06
7.29999999999989    0.820666353983349    -0.646534268178095    0.673493264560746    0.418006559959456    6.50295279146114e-07    5.55621521870255e-06
7.39999999999989    0.753460539277462    -0.695456144951238    0.567702784248711    0.483659249581015    6.53955586477866e-07    5.52974643280625e-06
7.49999999999988    0.681965338665784    -0.732567306920532    0.465076723142022    0.53665485919921    6.96300506142144e-07    5.51441625195978e-06
7.59999999999988    0.607284062785733    -0.759473488030972    0.368793932913838    0.576799979052477    5.39485834758879e-07    5.52674406343347e-06
7.69999999999988    0.530347906520604    -0.777978313047197    0.281268901951104    0.605250255602303    5.63246153370477e-07    5.52633224012963e-06
7.79999999999988    0.451905225218946    -0.789908738949955    0.204218332580492    0.623955815899888    5.529515539193e-07    5.51179832733726e-06
7.89999999999988    0.372526198657792    -0.796982394844858    0.1387757686868    0.635180937722948    6.12580919000341e-07    5.5047741330977e-06
7.99999999999987    0.292618671777255    -0.800715967734476    0.0856256870729915    0.641146061015285    5.53503426949926e-07    5.50693172548457e-06
8.09999999999987    0.212451359897209    -0.802368130846509    0.0451355803225211    0.643794617428392    5.89455828153603e-07    5.50200028382808e-06
8.19999999999987    0.132181399308227    -0.8029081408729    0.0174719223234188    0.644661482710324    5.81351215643915e-07    5.50876602227728e-06
8.29999999999987    0.0518841275977655    -0.803001226476709    0.00269196269692952    0.644810969753572    5.90175669174646e-07    5.52028193140656e-06
8.39999999999987    -0.0284161968119953    -0.803003317427151    0.000807480241605235    0.644814327829465    5.8922126725897e-07    5.51858223034663e-06
8.49999999999986    -0.108715384779197    -0.802959808491569    0.0118190348880338    0.644744454083073    5.87247441524642e-07    5.50059769690549e-06
8.59999999999986    -0.188998254671094    -0.80260548114142    0.035720340269077    0.644175558388712    5.97691454560675e-07    5.51912538700024e-06
8.69999999999986    -0.269207594666958    -0.801365214947228    0.0724727290267108    0.642186207757695    5.8452642012863e-07    5.50252490071352e-06
8.79999999999986    -0.349213314166676    -0.798357635863568    0.121949938791609    0.63737491477206    5.79183810970655e-07    5.51304703106578e-06
8.89999999999985    -0.428782288174538    -0.792406314101919    0.183854250652502    0.627907766659213    5.56329420118942e-07    5.53387077708231e-06
8.99999999999985    -0.507549975712375    -0.782065385155838    0.257606977846058    0.611626266689321    6.51830002012831e-07    5.51098248906113e-06
9.09999999999985    -0.584995672590543    -0.765668165490836    0.342219936949914    0.586247739676562    5.01408021402098e-07    5.51904492272086e-06
9.19999999999985    -0.660424154795086    -0.741407838167706    0.436160064237359    0.549685582527343    7.45616643846586e-07    5.55262735558203e-06
9.29999999999985    -0.732957319351474    -0.707457707381936    0.537226431991344    0.500496407764596    6.67897904843538e-07    5.52181020972181e-06
9.39999999999984    -0.801539978071935    -0.662133905438227    0.642466336447728    0.438421308761357    4.10796664717502e-07    5.52067409579752e-06
9.49999999999984    -0.864963865871991    -0.604095160013991    0.748162489264471    0.364930962383014    5.02348179550099e-07    5.53937013660815e-06
9.59999999999984    -0.921912829352292    -0.532562638947967    0.849923264924731    0.283622964434027    6.18622563917848e-07    5.55019248488809e-06
9.69999999999984    -0.971029813949749    -0.447529949038548    0.942898899579561    0.200283055317118    5.26835606386175e-07    5.53832282191449e-06
9.79999999999984    -1.01100271133945    -0.349922916725237    1.02212648233586    0.122446047680395    3.75201651812022e-07    5.55853260588738e-06
9.89999999999983    -1.04066186051109    -0.241665872501239    1.08297710792264    0.0584023939626498    4.88794430102608e-07    5.55561885957484e-06
9.99999999999983    -1.05907800596588    -0.125620181699581    1.12164622272101    0.015780430081128    5.85712313861655e-07    5.55808599718689e-06
10.0999999999998    -1.06564709119033    -0.00538281117254685    1.13560372296296    2.89746870188845e-05    7.48032355189987e-07    5.55873989674821e-06
10.1999999999998    -1.06014854683296    0.115036384179424    1.12391494135249    0.0132333697159537    6.74514192209022e-07    5.55676281358991e-06
10.2999999999998    -1.04276718085309    0.231609374732916    1.08736339346476    0.0536429024950859    6.8188078335807e-07    5.56000294646961e-06
10.3999999999998    -1.01407481563402    0.340687900130913    1.02834773170365    0.116068245326409    6.92062289698906e-07    5.54962736219461e-06
10.4999999999998    -0.974974910902986    0.439334979626208    0.950576076890713    0.193015224354025    6.53361119878106e-07    5.55560074923859e-06
10.5999999999998    -0.926619616168696    0.525538376270782    0.858623913068785    0.276190584964065    4.05081427665597e-07    5.54388285027792e-06
10.6999999999998    -0.870312414140586    0.598284435943861    0.75744369820739    0.35794426632336    4.19752777248719e-07    5.54040222434255e-06
10.7999999999998    -0.807410074691979    0.657502016632483    0.651911028714203    0.432308901906572    3.09714819354214e-07    5.5489371342942e-06
10.8999999999998    -0.739235414481759    0.703909310793247    0.546468998024146    0.495488317852088    3.57627868652344e-07    5.53745575608292e-06
10.9999999999998    -0.667008452869283    0.73880656687665    0.444900276199472    0.545835143290544    6.30840267561359e-07    5.52104612344444e-06
11.0999999999998    -0.591799264608141    0.763855722718649    0.350226369591178    0.583475565160465    6.64147278608875e-07    5.51682163298458e-06
11.1999999999998    -0.51450218216223    0.780877974415808    0.264712495449944    0.609770410958112    4.98131354166471e-07    5.51157675357821e-06
11.2999999999998    -0.435828538073016    0.791687403605723    0.189946514599199    0.626768945058328    5.80141456814729e-07    5.50972324231722e-06
11.3999999999998    -0.356313937655344    0.797966967950314    0.126959622167791    0.636751281970521    5.78440544953763e-07    5.54100836101146e-06
11.4999999999998    -0.276335883474298    0.801184555407435    0.0763615204958746    0.641896691853551    5.94881155441378e-07    5.49016292879895e-06
11.5999999999998    -0.196138079194824    0.802541877639212    0.0384701461105637    0.644073465394897    5.73319635306594e-07    5.49776115852717e-06
11.6999999999998    -0.115858575946905    0.802947168793399    0.0134232096207895    0.644724155903422    5.87195744412013e-07    5.48523665154558e-06
11.7999999999998    -0.0355598241362738    0.803003013440926    0.00126450109294976    0.644813839625571    5.89101467208671e-07    5.51024712391909e-06
11.8999999999998    0.0447405123210423    0.80300224898838    0.00200171344309768    0.644812611910595    5.9019881597686e-07    5.49534743450507e-06
11.9999999999998    0.125038525194105    0.802927116884933    0.0156346327830644    0.644691955059221    5.89544109251216e-07    5.48364756544149e-06
12.0999999999998    0.205312999688916    0.802449292817508    0.0421534278416154    0.643924867573185    5.95528174247535e-07    5.46501991326187e-06
12.1999999999998    0.28549439443748    0.800930939907417    0.0815070492556073    0.641490370531377    6.19687232747322e-07    5.5134397100666e-06
12.2999999999998    0.365434077577412    0.797429440230374    0.133542065055221    0.635893712176425    6.0647909119632e-07    5.5042093898655e-06
12.3999999999998    0.444874421506188    0.790710901593438    0.197913250910785    0.62522372992888    5.64992809826239e-07    5.49295286164353e-06
12.4999999999998    0.523420981298284    0.779279720194126    0.273969523663559    0.607276882336662    5.48465977542989e-07    5.55217745991129e-06
12.5999999999998    0.600518793776836    0.76143299540963    0.360622821679472    0.579780206529097    5.34731652319375e-07    5.53311838882568e-06
12.6999999999998    0.675435736998473    0.735348751958064    0.456213434815002    0.540737787036855    5.76204994350234e-07    5.52922439872044e-06
12.7999999999998    0.747256703039429    0.699214804872887    0.55839258023766    0.488901343384194    5.49224540411893e-07    5.5466007259153e-06
12.8999999999998    0.814892784491368    0.651399772284137    0.664050250216434    0.424321663362335    5.82004334015766e-07    5.52352901738636e-06
12.9999999999998    0.877109405487469    0.590658719424919    0.769320909194885    0.348877722863344    5.51141560343114e-07    5.53707981830076e-06
13.0999999999998    0.93257599120594    0.516353831467787    0.869697979374557    0.266621279302153    9.02289612019127e-07    5.53980604177649e-06
13.1999999999998    0.979937160328717    0.428657710870863    0.96027683819372    0.183747433119834    7.81423485405856e-07    5.54851195118966e-06
13.2999999999998    1.01790166663764    0.328697557463401    1.03612380294432    0.10804208431325    7.89620953768001e-07    5.55377817278732e-06
13.3999999999998    1.04534100986352    0.21859772034904    1.0927378269028    0.0477849633726764    5.6741931333124e-07    5.55691702954884e-06
13.4999999999998    1.0613858567929    0.101389843113578    1.12653993699983    0.0102799003174712    0    5.55654677917903e-06
13.5999999999998    1.06550646063365    -0.0192158068643568    1.1353040176525    0.000369247264354886    6.75829677012477e-07    5.55937277220372e-06
13.6999999999998    1.05756418513553    -0.139172539745434    1.11844200568209    0.0193689958500747    8.48581553989878e-07    5.55700318882836e-06
13.7999999999998    1.0378252965476    -0.254498509455961    1.07708134615416    0.0647694913461672    2.27456353939678e-07    5.55528224746947e-06
13.8999999999997    1.00693458693895    -0.361666458232261    1.01391726237468    0.130802627041159    8.72068100476237e-07    5.55796583428222e-06
13.9999999999997    0.965853462873402    -0.45791454365076    0.932872911745135    0.20968572931766    7.69685004362163e-07    5.54756642726446e-06
14.0999999999997    0.915772938037264    -0.541432096509132    0.838640074041511    0.293148715161074    3.29177409922697e-07    5.54976239674297e-06
14.1999999999997    0.858015062724371    -0.611405346714784    0.736189847862314    0.373816498022062    6.39362274197487e-07    5.53508441453638e-06
14.2999999999997    0.793936254407665    -0.66793842552823    0.630334776062946    0.446141740327706    2.70898028652338e-07    5.52945530449085e-06
14.3999999999997    0.724843324063518    -0.711885613932235    0.525397844439715    0.506781127354157    5.14467850376131e-07    5.52105617789779e-06
14.4999999999997    0.651928908470652    -0.744638323460779    0.425011301700163    0.55448623279682    6.53955586477866e-07    5.50829238875179e-06
14.5999999999997    0.576228790201082    -0.767906270714593    0.33203961865692    0.58968004063309    5.63443230407078e-07    5.50417913412856e-06
14.6999999999997    0.498600153057011    -0.783521328114093    0.248602112628843    0.613905671640093    6.07119464500647e-07    5.51554359041372e-06
14.7999999999997    0.419717621422062    -0.793279586257019    0.176162881732499    0.629292502002646    5.52775842410338e-07    5.52624183578443e-06
14.8999999999997    0.340082966780066    -0.798825887356754    0.115656424294286    0.638122798341588    5.95044433743042e-07    5.50295868074423e-06
14.9999999999997    0.260044363117941    -0.801577238997416    0.0676230707897501    0.642526070109184    5.78572484406485e-07    5.51945728975339e-06
15.0999999999997    0.179821671998807    -0.802677292171965    0.0323358337207984    0.644290835398908    5.93000223661181e-07    5.51266439385254e-06
15.1999999999997    0.0995351050332743    -0.802972778982624    0.00990723713433277    0.644765283817373    5.89770636915835e-07    5.50411862215572e-06
15.2999999999997    0.0192355006075354    -0.803003486582843    0.000370004483970084    0.644814599494422    5.89566821103825e-07    5.4972865768481e-06
15.3999999999997    -0.0610647889509253    -0.802999132779645    0.00372890844996989    0.644807607275174    5.90633293041044e-07    5.50563122195183e-06
15.4999999999997    -0.141360852473918    -0.802878806476297    0.019982890612501    0.644614377919187    5.89973555346165e-07    5.51212060054174e-06
15.5999999999997    -0.221624159439815    -0.802251112311672    0.0491172680477379    0.643606847235492    5.77510117219864e-07    5.49331666146478e-06
15.6999999999997    -0.301771565661756    -0.800415675574952    0.0910660778422994    0.640665253736182    5.93093826948716e-07    5.48408283863202e-06
15.7999999999997    -0.381634658157789    -0.796369168349741    0.145645012307526    0.634203852328521    5.59910016501338e-07    5.51923602346898e-06
15.8999999999997    -0.460930150251405    -0.788821428166728    0.212456603411091    0.622239245565448    5.55980076649568e-07    5.51826033450931e-06
15.9999999999997    -0.539232703839262    -0.776229330181705    0.290771908890218    0.602531973064835    6.45024091393707e-07    5.52240330907055e-06
16.0999999999997    -0.615952396508327    -0.75685737865903    0.379397354764715    0.57283309166108    6.03267028331672e-07    5.51928631203981e-06
16.1999999999997    -0.690319953383755    -0.728873758945626    0.476541638040192    0.531256956509986    6.64815603083498e-07    5.51900469014124e-06
16.2999999999997    -0.761383627791851    -0.690487887743881    0.579705028669967    0.476773523151425    6.98052208296759e-07    5.51539262094885e-06
16.3999999999998    -0.828021946538051    -0.64012943195939    0.685620343949326    0.40976568969122    8.1467252569417e-07    5.52887300187111e-06
16.4999999999998    -0.8889760751883    -0.576659022580024    0.790278462257627    0.332535628353709    6.58101817279267e-07    5.54620038590616e-06
16.5999999999998    -0.942903971866196    -0.499588405436608    0.889067900161291    0.249588574877391    4.93541215708232e-07    5.54065771151879e-06
16.6999999999998    -0.988455631090495    -0.409275283279389    0.977044534634614    0.167506257534239    3.26638075959429e-07    5.5511200615607e-06
16.7999999999998    -1.02436478402263    -0.3070500954146    1.04932321074618    0.0942797611249868    6.67232667721454e-07    5.5562339514602e-06
16.8999999999998    -1.04954812285712    -0.195233520821694    1.10155126219359    0.0381161276833007    8.2226870425471e-07    5.55569567172409e-06
16.9999999999999    -1.06319960418673    -0.0770179465167713    1.13039339834342    0.00593176411655639    7.73856769359039e-07    5.55843024172409e-06
17.0999999999999    -1.06486595055305    0.0437873876457169    1.13393949264727    0.00191733534774443    1.15423898285848e-07    5.55950992488419e-06
17.1999999999999    -1.054491037144    0.163115782126079    1.11195134741788    0.0266067584094671    9.21585923198833e-07    5.55558513683238e-06
17.2999999999999    -1.03242148253702    0.277047912345378    1.06589411760375    0.0767555457657986    0    5.55577060938285e-06
17.3999999999999    -0.999372454146341    0.382190525644674    0.998745302106704    0.146069597923345    4.71333880839786e-07    5.54914221096825e-06
17.4999999999999    -0.956359663468457    0.475964643592507    0.914623805910057    0.22654234198091    7.46249200436408e-07    5.54688595054417e-06
17.6    -0.904608869095    0.556762999323911    0.818317206045562    0.309985037446858    4.7660427068828e-07    5.54079797397876e-06
17.7    -0.845456657570998    0.623968317149412    0.7147969598313    0.389336460836797    4.21073173014664e-07    5.52522719668842e-06
17.8    -0.780255601382581    0.677852920087616    0.608798803489256    0.459484581301709    6.02253984748161e-07    5.51373671791299e-06
17.9    -0.710293829614793    0.719398240838181    0.504517324389118    0.517533828951732    5.19086821328114e-07    5.53738057056831e-06
18    -0.636734836334622    0.750077715795561    0.405431251802421    0.562616579763557    5.86470027391745e-07    5.52002047300096e-06
18.1    -0.560579224252881    0.771640683610826    0.314249066664307    0.595429344633984    5.87132224584983e-07    5.53172369200763e-06
18.2    -0.482646878845565    0.785923153453032    0.232948009659715    0.617675203163984    5.91160259638944e-07    5.51599647401671e-06
18.3000000000001    -0.403576131336358    0.794698466469252    0.16287369378473    0.631545652638999    5.5525573742052e-07    5.51533223200581e-06
18.4000000000001    -0.323835726878795    0.799570211432084    0.104869578003496    0.63931252303985    6.15361128219865e-07    5.50479430142729e-06
18.5000000000001    -0.24374556460183    0.801902665166828    0.0594119002633883    0.643047884432098    5.68671390516172e-07    5.51688200562432e-06
18.6000000000001    -0.163502854264873    0.802780472506388    0.0267331833531024    0.644456487067694    5.8495361883612e-07    5.48760424431602e-06
18.7000000000001    -0.0832112224309857    0.802988471265319    0.00692410753880595    0.644790485015298    5.89034103485005e-07    5.50300911806355e-06
18.8000000000001    -0.00291117333456951    0.803003536440655    8.47493053211424e-06    0.644814679566137    5.90089555328964e-07    5.47160818467906e-06
18.9000000000002    0.0773889689279402    0.802992249268659    0.0059890525120745    0.644796552416066    5.87202391438608e-07    5.52507649182239e-06
19.0000000000002    0.157682006447587    0.802810549915664    0.0248636151576756    0.644504779086543    5.81965584895499e-07    5.53639805267523e-06
19.1000000000002    0.237930811275017    0.802004023698863    0.0566110709543227    0.64321045405956    5.78788320453025e-07    5.51297654725884e-06
19.2000000000002    0.318037367268864    0.79980998860208    0.101147766979629    0.639696017897787    5.64611958546138e-07    5.48891913235706e-06
19.3000000000002    0.397812252374848    0.795165047241315    0.158254588139893    0.632287452384607    5.85783391140463e-07    5.50677043940539e-06
19.4000000000002    0.47694539037491    0.786724136459753    0.227476905400246    0.618934866918722    6.09059330527725e-07    5.51158682530595e-06
19.5000000000002    0.554979608414179    0.772899084505683    0.30800236575579    0.597372994860194    4.83829024286694e-07    5.52013109153006e-06
19.6000000000003    0.631289401510257    0.751925748649815    0.39852630845952    0.565392331512971    5.83718636208799e-07    5.51240257414003e-06
19.7000000000003    0.705068198678666    0.721968157839651    0.497121164788358    0.521238020965088    6.15293467702346e-07    5.54153930229042e-06
19.8000000000003    0.775328128320761    0.681264759730783    0.601133706565814    0.46412167288165    6.63143528999586e-07    5.53241105056713e-06
19.9000000000003    0.840916481277749    0.628315051562976    0.707140528484673    0.394779804051163    3.49463206516462e-07    5.52977654865374e-06
20.0000000000003    0.900552404375067    0.562094444897125    0.810994633026171    0.315950165014904    6.76568513199478e-07    5.54052245506951e-06
20.1000000000003    0.95288551340288    0.482272443922394    0.907990801653864    0.232586710197732    8.91146749707574e-07    5.55450902406292e-06
20.2000000000004    0.996574998248945    0.389397233139014    0.993161727135276    0.151630205207132    6.25227580142237e-07    5.55094255888069e-06
20.3000000000004    1.03038371013717    0.28500330868574    1.06169059011652    0.0812268859926588    6.88362685588068e-07    5.55332712084658e-06
20.4000000000004    1.05327747821837    0.17160278455086    1.10939344612252    0.0294475156965201    6.81392155001979e-07    5.55977767757412e-06
20.5000000000004    1.06451671122554    0.0525381517072178    1.13319582847849    0.00276025741569968    2.33715581020089e-07    5.5577912033e-06
20.6000000000004    1.06372646172701    -0.0682974321847626    1.13151398537847    0.00466453927393137    4.52465607246428e-07    5.55869746128223e-06
20.7000000000004    1.0509333507943    -0.18683423406141    1.10446090781236    0.0349070310481893    7.82701133887106e-07    5.55659673007833e-06
20.8000000000005    1.02656291568497    -0.299231321617914    1.05383141985989    0.0895393838680594    5.15330328517872e-07    5.55480133764867e-06
20.9000000000005    0.991397850009696    -0.402241494357788    0.982869697004279    0.161798219814021    6.56328068540848e-07    5.55285978739695e-06
21.0000000000005    0.946504383317117    -0.49347517044165    0.895870547639108    0.243517743873145    7.69396462644672e-07    5.54339969977917e-06
21.1000000000005    0.893138874329576    -0.571529168033166    0.797697048838755    0.326645589943534    2.28673357564551e-07    5.55434662097905e-06
21.2000000000005    0.832648492660827    -0.635978423444288    0.693303512330834    0.404468555117224    6.97256525593957e-07    5.52642766533405e-06
21.3000000000005    0.766378622729355    -0.687255843939884    0.587336193377018    0.472320595060282    6.89410238422689e-07    5.54622040359294e-06
21.4000000000005    0.695596219014345    -0.726460914798687    0.483854099907275    0.527745460760462    4.71863568829567e-07    5.50612524784457e-06
21.5000000000006    0.621434057394751    -0.75514008066776    0.386180287690481    0.570236541461221    6.15158124341608e-07    5.50547998067324e-06
21.6000000000006    0.544856835926199    -0.775074439927249    0.296868971655969    0.60074038745898    6.78289334579768e-07    5.51738508526499e-06
21.7000000000006    0.466647121371894    -0.788097960619434    0.217759535884995    0.621098395562985    5.65802800585738e-07    5.52033221044948e-06
21.8000000000006    0.387407459948997    -0.795956826152261    0.150084540024485    0.633547269128301    5.92473429624366e-07    5.47004558409413e-06
21.9000000000006    0.307574438770703    -0.800210525716753    0.0946020353854179    0.64033688549824    5.52085005794424e-07    5.50976354267045e-06
22.0000000000006    0.227440771219679    -0.802168969854613    0.0517293044133619    0.643475056228069    5.9970231868779e-07    5.51884375688981e-06
22.1000000000007    0.147182223323133    -0.802856990688045    0.021662606862683    0.644579347526947    5.85042579303448e-07    5.50301920547194e-06
22.2000000000007    0.0668870982436942    -0.802997215305129    0.00447388391180776    0.644804527818079    5.88346774077023e-07    5.50338233985988e-06
22.3000000000007    -0.0134131540700014    -0.803003522943731    0.000179912702453662    0.644814657890399    5.89972751346105e-07    5.50960233948885e-06
22.4000000000007    -0.0937129541287838    -0.802979348382706    0.00878211777189188    0.644775833959374    5.90211674919179e-07    5.50075916397377e-06
22.5000000000007    -0.174001533595389    -0.802717491016932    0.0302765336938941    0.644355370415221    5.8901716931547e-07    5.54096828790682e-06
22.6000000000007    -0.254231886657333    -0.80170059097709    0.0646338521936811    0.642723837603091    5.77996527582578e-07    5.4840929608533e-06
22.7000000000007    -0.334289861368873    -0.799103950969748    0.111749711414388    0.638567124485864    6.06192991845929e-07    5.5138625638696e-06
22.8000000000008    -0.41396381285759    -0.793804864586894    0.171366038355937    0.630126163072125    5.85309379579473e-07    5.50532873523979e-06
22.9000000000008    -0.492915774661824    -0.784404930757536    0.242965960910833    0.615291095427506    6.05815133820096e-07    5.5472362063401e-06
23.0000000000008    -0.570655850619    -0.769273676441762    0.325648099845987    0.591781989296856    5.40154247295614e-07    5.53448264410466e-06
23.1000000000008    -0.646522413509792    -0.746622597432845    0.417991231170634    0.557445303027921    3.27656171132565e-07    5.52741697693978e-06
23.2000000000008    -0.719671572301794    -0.714617614264406    0.517927171979783    0.510678334647718    6.68313341784152e-07    5.54677586558329e-06
23.3000000000008    -0.789079998651569    -0.671533957427083    0.622647244272189    0.450957856008268    4.77999893794818e-07    5.5306849662961e-06
23.4000000000009    -0.853565257716    -0.615949916738693    0.72857364918011    0.37939429996098    5.73743084316804e-07    5.52973639415397e-06
23.5000000000009    -0.911826904144084    -0.546964825244948    0.831428303121154    0.299170520085956    4.11336831505366e-07    5.54245079981351e-06
23.6000000000009    -0.962509498673385    -0.464413721867581    0.926424535036833    0.215680105089673    5.85143384816404e-07    5.5474538541577e-06
23.7000000000009    -1.00428534757129    -0.369039857012169    1.00858905934675    0.136190416094397    5.96046447753906e-07    5.55290977146238e-06
23.8000000000009    -1.0359505703773    -0.262581503007649    1.07319358426535    0.0689490457526466    5.49123459240445e-07    5.55791339874602e-06
23.9000000000009    -1.05652396589128    -0.147736105617843    1.1162428905034    0.0218259569340089    8.77145686910238e-07    5.55719235995134e-06
24.000000000001    -1.0653353302135    -0.0279845712405809    1.13493936580164    0.000783136258413442    7.25733975284453e-07    5.55826350581536e-06
24.100000000001    -1.06208959399535    0.0927117007005805    1.12803430567335    0.00859545947769461    3.84553906338332e-07    5.55883079318626e-06
24.200000000001    -1.04689601296743    0.210296942700244    1.09599126196774    0.0442248041399339    7.98151596834783e-07    5.55555453638892e-06
24.300000000001    -1.02025729241991    0.321023903499671    1.04092494273643    0.103056346649015    6.53446076788923e-07    5.55418421314655e-06
24.400000000001    -0.983020568371795    0.421802455382983    0.966329437842379    0.177917311397928    6.1012931429068e-07    5.55106756135914e-06
24.500000000001    -0.936298680986087    0.510437739281408    0.876655220016144    0.260546685713427    0    5.54187487101268e-06
24.600000000001    -0.881374441888793    0.585730227393946    0.776820906815388    0.343079899313535    7.79289416372352e-07    5.52917922037659e-06
24.7000000000011    -0.819601746185995    0.647441962579982    0.671747022351668    0.419181094940285    7.32282541710473e-07    5.55578559679331e-06
24.8000000000011    -0.75231560655261    0.696158380155317    0.565978771863183    0.484636490291219    7.49366936724195e-07    5.54482399666906e-06
24.9000000000011    -0.680759496267811    0.733087822359444    0.463433491759146    0.537417755322325    5.85854459796004e-07    5.53291773467775e-06
25.0000000000011    -0.606034079263371    0.759840891492508    0.367277305229022    0.577358180414345    6.48457377609954e-07    5.49692303976558e-06
25.1000000000011    -0.529067580816901    0.778222899288628    0.279912505071744    0.605630881007819    5.43381830206955e-07    5.53363002397038e-06
25.2000000000011    -0.450605350479153    0.79005995947481    0.203045181880731    0.624194739595644    5.39228532395429e-07    5.50506656664503e-06
25.3000000000012    -0.37121474373955    0.797067030476838    0.137800385969983    0.635315851103837    6.02230941225559e-07    5.53824263655171e-06
25.4000000000012    -0.291301112966265    0.800756932712778    0.0848563384157417    0.641211665318063    5.97441798351093e-07    5.52147844840554e-06
25.5000000000012    -0.211131106096291    0.80238377376372    0.0445763439617875    0.643819720429879    5.86753917699968e-07    5.5290537230401e-06
25.6000000000012    -0.130860268587564    0.802911891305759    0.0171244098951611    0.644667505230356    5.93064577508346e-07    5.49224540411893e-06
25.7000000000012    -0.0505628475954283    0.803001450379685    0.00255660155730648    0.644811329342354    5.89890484862573e-07    5.5205634881489e-06
25.8000000000012    0.0297374799169267    0.803003275412899    0.000884317712157647    0.644814260354288    5.899380864158e-07    5.51760642577547e-06
25.9000000000012    0.110036595296068    0.802957649608534    0.0121080523046993    0.644740987095329    5.90440884486462e-07    5.51972883170707e-06
26.0000000000013    0.190318876307204    0.802594245715807    0.036221274679181    0.644157523286485    5.86748004719536e-07    5.51001541320004e-06
26.1000000000013    0.270526160620894    0.801332861500606    0.0731844035806322    0.642134354950923    5.91840657837257e-07    5.49302360238468e-06
26.2000000000013    0.350526903278374    0.798287148325031    0.122869109922263    0.637262371211322    5.80320839477813e-07    5.51471824021427e-06
26.3000000000013    0.430086039625718    0.792275985034145    0.18497400148126    0.627701236492076    5.70030283171138e-07    5.50011326725948e-06
26.4000000000013    0.508836646111943    0.781849404551839    0.258914732426773    0.611288491428423    5.68250267674576e-07    5.50982399264761e-06
26.5000000000013    0.586255273402018    0.765337664779434    0.343695245592093    0.58574174116053    6.46141910427029e-07    5.52208163597339e-06
26.6000000000014    0.661643722998191    0.740932532640423    0.437772416183252    0.548981017955759    5.87321286648999e-07    5.55034750848957e-06
26.7000000000014    0.734120886533248    0.706808231367171    0.538933476044764    0.499577875958924    6.34043971043625e-07    5.52581992928385e-06
26.8000000000014    0.802628807816358    0.661284828745686    0.644213003136971    0.437297624759838    5.12305302550527e-07    5.53414662714707e-06
26.9000000000014    0.865957020313159    0.60302850740998    0.749881561029867    0.363643380779892    4.70862546841054e-07    5.54834687132157e-06
27.0000000000014    0.922788097643231    0.531271524379672    0.851537873152171    0.282249432647502    3.97752160282109e-07    5.54998744702254e-06
27.1000000000014    0.971764985990341    0.446021731332764    0.944327187997259    0.198935384851928    6.71627586468276e-07    5.55439409314086e-06
27.2000000000015    1.01157711355186    0.348221160371319    1.02328825666243    0.121257976561225    7.15255737304688e-07    5.55669975239002e-06
27.3000000000015    1.04105799924185    0.239810440093021    1.0838017577859    0.0575090472084559    6.81066208006527e-07    5.55407239884011e-06
27.4000000000015    1.05928310790412    0.12366504562456    1.12208070269155    0.0152930435402259    7.30308935334852e-07    5.55889617068103e-06
27.5000000000015    1.06565431044937    0.00339162822671575    1.13561910937939    1.1503172927575e-05    2.57233925188066e-07    5.55871568068995e-06
27.6000000000015    1.05995763952546    -0.116996355790087    1.12351019758903    0.0136881472990645    8.05076519205576e-07    5.55911913492231e-06
27.7000000000015    1.04238452947424    -0.23347399815909    1.08656550728775    0.0545101078472617    7.22053136800868e-07    5.55618274843969e-06
27.8000000000015    1.01351279891328    -0.342402327446224    1.02720819356097    0.11723935387144    0    5.55418671176456e-06
27.9000000000016    0.974250729347944    -0.440858223175316    0.949164483635724    0.194355972972109    8.50019496497611e-07    5.55088755689839e-06
28.0000000000016    0.925753768132334    -0.526845667013891    0.857020039211264    0.277566356882062    2.19507811407093e-07    5.54527949420037e-06
28.1000000000016    0.869327052306697    -0.599367287041666    0.755729523872519    0.359241144806256    5.17265646389418e-07    5.52886798175431e-06
28.2000000000016    0.806327456488424    -0.658366377310645    0.650163967087253    0.433446286803765    4.0177907832601e-07    5.53369021323034e-06
28.3000000000016    0.738076605685236    -0.704572472562615    0.544757075860296    0.49642236912378    6.75583218725422e-07    5.54830184868693e-06
28.4000000000016    0.665792372821892    -0.739293541892801    0.443279483708035    0.546554941114824    4.78754157615225e-07    5.51551339685133e-06
28.5000000000017    0.590542094051561    -0.764195700279952    0.348739964847105    0.583995068356883    5.50082980432577e-07    5.52421237123236e-06
28.6000000000017    0.513217103812727    -0.781101259701789    0.263391795646318    0.610119177938079    6.28901385371914e-07    5.50973331743316e-06
28.7000000000017    0.434525750411337    -0.79182303105667    0.188812627770865    0.626983712542143    5.73888194908253e-07    5.51103285294605e-06
28.8000000000017    0.355000872183957    -0.798041010868261    0.12602561925167    0.636869455058224    5.47528969301541e-07    5.53075020601904e-06
28.9000000000017    0.275017559581437    -0.801219043075    0.0756346580784851    0.64195195501653    5.96628240423164e-07    5.52364961538462e-06
29.0000000000017    0.194817542701585    -0.802554178661747    0.0379538749446369    0.644093209717431    5.94069930939637e-07    5.47726634110675e-06
29.1000000000017    0.114537382291458    -0.802949690417143    0.0131188119425277    0.644728205371023    5.8990592362503e-07    5.48057942779103e-06
29.2000000000018    0.0342385414153556    -0.803003085253719    0.00117227771859937    0.644813954957369    5.90212960798002e-07    5.5115566100675e-06
29.3000000000018    -0.0460617936524527    -0.803002092558561    0.00212168883483032    0.644812360683693    5.90924724020318e-07    5.50142516553701e-06
29.4000000000018    -0.126359681255203    -0.802923842177607    0.0159667690472588    0.644686696367465    5.85190816696255e-07    5.49681195419477e-06
29.5000000000018    -0.206633362161761    -0.80243490336864    0.0426973463586237    0.643901774174396    5.91881691325694e-07    5.49155807239603e-06
29.6000000000018    -0.286812241307869    -0.800892370189456    0.0822612617644316    0.641428588657959    6.23037400781348e-07    5.50214153175641e-06
29.7000000000018    -0.366746131726229    -0.797348689673368    0.134502725136505    0.635764932954263    5.93760323253178e-07    5.51600653767444e-06
29.8000000000019    -0.446175371669284    -0.790565368518885    0.199072462284478    0.624993601931546    5.04608413225324e-07    5.49054713414354e-06
29.9000000000019    -0.524703051920087    -0.779042870759698    0.275313292694567    0.606907794512067    5.60529317671181e-07    5.52770821260797e-06
