0    0.0724078862918972    1.88191826225403e-10    2.94733286739916e-10    1.88954250589283e-10    0.250000000001693    2.82477123694763e-13    0.322407886965752
0.1    0.112586333931896    2.57270790631973e-10    2.2536142901431e-10    2.58977156210052e-10    0.209819052425341    3.42737927099674e-13    0.322405387099189
0.2    0.154314075082823    2.60199768405034e-10    2.23728507025756e-10    2.60829480005495e-10    0.16808923515121    2.91211114140957e-13    0.322403310979082
0.3    0.194047128638273    2.40500830098117e-10    2.43143949628612e-10    2.41139447357706e-10    0.128354791925421    2.45790186103775e-13    0.322401921288724
0.4    0.229211633510675    2.3966298755209e-10    2.43950220627991e-10    2.40285616996986e-10    0.0931896574429334    2.09225089550132e-13    0.322401291677716
0.5    0.25834182017386    2.44373126839412e-10    2.39679119541096e-10    2.4460198277712e-10    0.0640595215420829    1.76036425746774e-13    0.322401342444773
0.6    0.280988823688944    2.43152923124306e-10    2.40404507920358e-10    2.43866298587656e-10    0.0414130790263676    1.41252026448482e-13    0.322401903442877
0.7    0.297490266045219    2.39003119449146e-10    2.44571870190297e-10    2.39648986453725e-10    0.0249125095753287    1.08141611171787e-13    0.32240277634388
0.8    0.308691621056612    2.42234700592849e-10    2.41372649670255e-10    2.42884930291837e-10    0.0137121578157566    8.10793935640349e-14    0.322403779598942
0.900000000000001    0.315686445226216    2.44231394047648e-10    2.39588800670248e-10    2.44702230712923e-10    0.00671832572152352    5.69172599441671e-14    0.322404771676318
1    0.319611297174419    2.44266774239374e-10    2.40091346726843e-10    2.44192942698068e-10    0.00279435837885304    3.66785696136328e-14    0.32240565628186
1.1    0.321504668893418    2.42132009467265e-10    2.41922957072377e-10    2.42341849082031e-10    0.000901706742013804    2.06954442876947e-14    0.322406376361849
1.2    0.322222392796776    2.44244776235641e-10    2.39780726514557e-10    2.44507409743201e-10    0.000184509760743058    9.43858006842481e-15    0.322406903286061
1.3    0.322394459576901    2.44035482390081e-10    2.39847165633883e-10    2.44443690850894e-10    1.27654011318417e-05    2.4790184711873e-15    0.322407225706362
1.4    0.322407339795424    2.43521334866886e-10    2.40886886139665e-10    2.43385966294769e-10    8.02251129985822e-11    6.20252793853916e-18    0.322407340603443
1.5    0.322398876587941    2.42248197367412e-10    2.41781490835837e-10    2.42480040593504e-10    8.37030376248174e-06    1.99706102719015e-15    0.322407247618216
1.6    0.322257510661158    2.43374756089516e-10    2.40386546458359e-10    2.43888973541215e-10    0.000149435623456642    8.48541923671088e-15    0.322406947012274
1.7    0.321622865109514    2.43103660173069e-10    2.40996972872999e-10    2.43273750700829e-10    0.00078357548207469    1.93706443123172e-14    0.322406441318982
1.8    0.319890096784596    2.42750109631067e-10    2.41377676194776e-10    2.42885825547324e-10    0.00251564312625394    3.47060202684447e-14    0.322405740637899
1.9    0.316225712574373    2.42218780552608e-10    2.41307628541154e-10    2.42959542026943e-10    0.00617915797466464    5.43732988675278e-14    0.322404871275578
2    0.309607342213633    2.44126141666056e-10    2.4018892031534e-10    2.44093143100353e-10    0.0127965438023619    7.84905412951574e-14    0.322403886744482
2.1    0.298903196585477    2.43306821468109e-10    2.40586485475333e-10    2.4369345753041e-10    0.0234996814750306    1.06152455789313e-13    0.3224028787882
2.2    0.283006627331468    2.42709066754057e-10    2.40815440267179e-10    2.4345969299444e-10    0.0393953561034609    1.37485386715205e-13    0.322401984162051
2.29999999999999    0.261034521521014    2.42619557894128e-10    2.40829666084749e-10    2.43445743031711e-10    0.0613668586822543    1.71495669926279e-13    0.322401380930335
2.39999999999999    0.232582467037523    2.43400948934372e-10    2.40650272116085e-10    2.43625697691715e-10    0.0898187996289974    2.07659597348761e-13    0.322401267394405
2.49999999999999    0.198004024819325    2.42318816649021e-10    2.41145550801289e-10    2.43124703430634e-10    0.124397793851553    2.4392692836261e-13    0.322401819397711
2.59999999999999    0.158650245013074    2.41824618695682e-10    2.41124217595596e-10    2.43144494906601e-10    0.163752883590945    2.79952185991182e-13    0.322403129330393
2.69999999999999    0.116980084524816    2.421092932138e-10    2.41170840007179e-10    2.4309958937364e-10    0.205425056874642    3.1312129162723e-13    0.322405142126151
2.79999999999998    0.0764499669660463    2.42419516297085e-10    2.40757136630578e-10    2.43517325886648e-10    0.245957647535427    3.43132732140444e-13    0.32240761522851
2.89999999999998    0.0411277079334349    2.42367495625735e-10    2.41123840807184e-10    2.43146772823506e-10    0.281282423623389    3.66609937743228e-13    0.322410132283828
2.99999999999998    0.0150554001605839    2.41914717379232e-10    2.41245815719918e-10    2.43022662080468e-10    0.307356785347126    3.83250664441146e-13    0.322412186234277
3.09999999999998    0.00148636476510233    2.42342801122976e-10    2.40995443871517e-10    2.43278064355221e-10    0.32092695157566    3.91528636348965e-13    0.32241331706777
3.19999999999998    0.00219895300704643    2.42302828333209e-10    2.40640839985043e-10    2.43638080500947e-10    0.320214302924495    3.9144780330284e-13    0.322413256658515
3.29999999999997    0.0170983649763544    2.42188140933572e-10    2.40645375692697e-10    2.43632204135465e-10    0.305313653872374    3.82589348860355e-13    0.322412019575577
3.39999999999997    0.0442382574386748    2.41949661058535e-10    2.41078559786711e-10    2.4319395548597e-10    0.278171639878545    3.64530651222025e-13    0.322409898043807
3.49999999999997    0.080254838127785    2.42537635979739e-10    2.41091207119221e-10    2.4317985926264e-10    0.242152524578635    3.40152805701583e-13    0.322407363433568
3.59999999999997    0.121070456075408    2.42184019958643e-10    2.409221015037e-10    2.43349647827822e-10    0.201334462595745    3.10389832183082e-13    0.322404919397919
3.69999999999997    0.162652427329856    2.42269273795379e-10    2.41229150985043e-10    2.43039492787641e-10    0.159750539767872    2.76082763453024e-13    0.322402967824542
3.79999999999996    0.201629488193396    2.42591286014822e-10    2.41182191253788e-10    2.43087673180698e-10    0.120772243539288    2.40055198140822e-13    0.322401732459785
3.89999999999996    0.235650422016037    2.42653204104992e-10    2.40616566689824e-10    2.43659877194568e-10    0.0867508287976794    2.03907506526773e-13    0.32240125154085
3.99999999999996    0.263469518252222    2.42787621498786e-10    2.40884596528908e-10    2.43389472911215e-10    0.0589319025766135    1.67994312441845e-13    0.322401421556065
4.09999999999996    0.284819246174545    2.42852279474282e-10    2.40902023435556e-10    2.43371052656578e-10    0.0375828150902767    1.3418390977434e-13    0.322402061992081
4.19999999999995    0.300163199235155    2.42933525829445e-10    2.40921481189697e-10    2.43352296380156e-10    0.0222397750376824    1.03209808499794e-13    0.322402975000148
4.29999999999995    0.310416871343183    2.43342068232422e-10    2.40527548073725e-10    2.43750709850221e-10    0.0119871138866463    7.58835001093275e-14    0.322403985957526
4.39999999999995    0.316697086227583    2.43172926564176e-10    2.40685448991493e-10    2.43591260573819e-10    0.00570787561971205    5.23101316575784e-14    0.322404962574797
4.49999999999995    0.320129872640299    2.43016689678303e-10    2.40923340576595e-10    2.43349237648316e-10    0.00227594389284573    3.30102770808015e-14    0.322405817260467
4.59999999999995    0.321721853952353    2.42919436742688e-10    2.4100570975712e-10    2.43264978412437e-10    0.000684644997674284    1.81113457358909e-14    0.322406499677235
4.69999999999994    0.322285398719491    2.43443047391309e-10    2.40943825236778e-10    2.43327412365124e-10    0.000121586117510502    7.64164087128475e-15    0.322406985564724
4.79999999999994    0.322401854003918    2.43277960364194e-10    2.40736513246698e-10    2.43537193596675e-10    5.41116433852149e-06    1.61315836902904e-15    0.32240726589581
4.89999999999994    0.322407332463053    2.43306694471665e-10    2.41048719253544e-10    2.43222545902941e-10    5.34458518127451e-09    5.06250026820275e-17    0.322407338535216
4.99999999999994    0.322388985771543    2.43096826058399e-10    2.40726320065952e-10    2.43548962001549e-10    1.82167965294187e-05    2.95967217502264e-15    0.322407203295447
5.09999999999994    0.322184572271572    2.43378589690959e-10    2.40451347036324e-10    2.4382810161192e-10    0.000222287647182813    1.03396795128801e-14    0.322406860646424
5.19999999999993    0.321383438060547    2.43167059678723e-10    2.40830876224574e-10    2.43444238283921e-10    0.00102287532712037    2.214302690706e-14    0.322406314115132
5.29999999999993    0.319332408374347    2.43002276082036e-10    2.40838203275096e-10    2.43435380635277e-10    0.00307316719700204    3.83956087000334e-14    0.322405576298664
5.39999999999993    0.315155324750516    2.43162529392037e-10    2.40919464032712e-10    2.43353064267861e-10    0.00724935261956334    5.89768926836466e-14    0.322404678097574
5.49999999999993    0.307799553907322    2.43311289585941e-10    2.4085114719267e-10    2.43421470096964e-10    0.0146041253302031    8.3765593282995e-14    0.322403679965192
5.59999999999993    0.296125503506322    2.43008818075066e-10    2.40957059276197e-10    2.43316349391166e-10    0.0262771782518105    1.12180845756923e-13    0.322402682485527
5.69999999999992    0.279053817587063    2.42666813436644e-10    2.40668374365006e-10    2.43606510644044e-10    0.0433480132651987    1.44371914274759e-13    0.322401831579348
5.79999999999992    0.255776581039467    2.42457511105602e-10    2.41086066419181e-10    2.43184577433874e-10    0.0666247300377877    1.78660172712046e-13    0.322401311804162
5.89999999999992    0.226021012374028    2.42664066908539e-10    2.41095603893231e-10    2.43175359540315e-10    0.0963803079621529    2.14731660992978e-13    0.322401321063331
5.99999999999992    0.190326835398836    2.42720292700563e-10    2.40807506443926e-10    2.43466360911021e-10    0.132075187455271    2.51714552652182e-13    0.322402023581352
6.09999999999991    0.150267323478895    2.42217423167679e-10    2.40917597275108e-10    2.43357658353112e-10    0.17213616242217    2.86917452574789e-13    0.322403486627845
6.19999999999991    0.108521701360782    2.4242559915136e-10    2.40615229693977e-10    2.43662314013784e-10    0.213883916832043    3.20105537977692e-13    0.322405618919849
6.29999999999991    0.0687110928756381    2.42319852341759e-10    2.41165032408367e-10    2.43106254200879e-10    0.253697045675827    3.48157942080061e-13    0.322408139278404
6.39999999999991    0.0349562338979611    2.42218994508354e-10    2.4107070166826e-10    2.43199809195124e-10    0.287454369333911    3.70967008697925e-13    0.322410603958733
6.49999999999991    0.0112014368618429    2.42206076676467e-10    2.40997759493126e-10    2.43275193583089e-10    0.311211065624274    3.85637337176988e-13    0.322412503212982
6.5999999999999    0.0004492161858029    2.42163312503598e-10    2.40997026896317e-10    2.4327545453311e-10    0.321964188279287    3.92332168980457e-13    0.322413405191918
6.6999999999999    0.00411687329068143    2.41894865951193e-10    2.41093009872151e-10    2.43179178543833e-10    0.318296220609192    3.89921612855101e-13    0.322413094626431
6.7999999999999    0.021716971013575    2.42008696334854e-10    2.40768480010136e-10    2.4350599706243e-10    0.300694674591034    3.7937213650581e-13    0.322411646331272
6.8999999999999    0.0509683025228378    2.42222922818982e-10    2.41258311239129e-10    2.43012944879524e-10    0.271441096113573    3.59438807056348e-13    0.322409399363264
6.9999999999999    0.0882999037656496    2.42535752609705e-10    2.40975961038484e-10    2.43297123352022e-10    0.234106939514266    3.3452514853431e-13    0.322406844007059
7.09999999999989    0.129583945797889    2.42217239571647e-10    2.40697487056075e-10    2.43578202438729e-10    0.192820526144642    3.04236336200893e-13    0.322404472669328
7.19999999999989    0.170879633678287    2.42371198113806e-10    2.40975349195939e-10    2.43297667706907e-10    0.151523020499867    2.69421048539034e-13    0.322402654905067
7.29999999999989    0.209003280210616    2.42784121658038e-10    2.40976864154189e-10    2.4329510502002e-10    0.113398294348787    2.33031459597583e-13    0.322401575286692
7.39999999999989    0.241829625020753    2.42889222932971e-10    2.41043709109578e-10    2.43227861670231e-10    0.0805716128081002    1.96300569998653e-13    0.32240123855621
7.49999999999988    0.268327429829579    2.42599161447713e-10    2.40825427472303e-10    2.43449888970232e-10    0.0540740895999117    1.60816263198969e-13    0.322401520156526
7.59999999999988    0.288399989755485    2.42596222691327e-10    2.40605939160741e-10    2.4367055817462e-10    0.0340022412369131    1.27744582370868e-13    0.322402231719399
7.69999999999988    0.302625128029374    2.43217282247438e-10    2.41101019956749e-10    2.43171250028332e-10    0.0197780488001449    9.72316819576847e-14    0.322403177557106
7.79999999999988    0.311977908177875    2.43009169104468e-10    2.40598196228622e-10    2.43677405024962e-10    0.0104262818398665    7.07986649825501e-14    0.322404190745097
7.89999999999988    0.31759046908867    2.43408427304406e-10    2.41061928690432e-10    2.43208509759861e-10    0.00481467849333582    4.80508526923827e-14    0.322405148309733
7.99999999999987    0.320573030735167    2.42895608049918e-10    2.41085661634011e-10    2.43184612566463e-10    0.0018329395715569    2.96412306285456e-14    0.322405971033919
8.09999999999987    0.321897308941429    2.43098837012909e-10    2.40612577318527e-10    2.43663954887037e-10    0.000509305152736993    1.56468652008251e-14    0.322406614821557
8.19999999999987    0.322330741582166    2.43279238728069e-10    2.40679597005267e-10    2.43596846296539e-10    7.63170174248481e-05    6.05499999529836e-15    0.322407059327153
8.29999999999987    0.322405485103687    2.43374567952779e-10    2.40825063982775e-10    2.43449527518411e-10    1.81166579386822e-06    9.32113575852694e-16    0.322407297497131
8.39999999999987    0.322407164141703    2.43309260078819e-10    2.40780751674454e-10    2.43495230985011e-10    1.63006086963938e-07    2.79494280568376e-16    0.322407327875376
8.49999999999986    0.32237222726826    2.43502827804392e-10    2.40495340052924e-10    2.43782090919467e-10    3.49223964596246e-05    4.10069887118697e-15    0.322407150392504
8.59999999999986    0.322087779421495    2.42991054062339e-10    2.4108145812103e-10    2.43188910691998e-10    0.000318985677387601    1.23697723522598e-14    0.322406765826156
8.69999999999986    0.321093104105639    2.43124833533496e-10    2.4106707746179e-10    2.43202264908275e-10    0.00131307411353212    2.50974926925299e-14    0.32240617894659
8.79999999999986    0.318687457612333    2.43196499381638e-10    2.40940963539707e-10    2.43331916397754e-10    0.00371794689360154    4.22150497386949e-14    0.322405405233446
8.89999999999985    0.313953883555626    2.42878179051569e-10    2.40540964022177e-10    2.43736066602172e-10    0.00845059637212232    6.37833489066533e-14    0.322404480654967
8.99999999999985    0.305813133569621    2.43174256739724e-10    2.40908099010324e-10    2.43366465469633e-10    0.0165903387609287    8.91844849692161e-14    0.322403473058087
9.09999999999985    0.293123870062352    2.43020626057642e-10    2.40751254098963e-10    2.43523965411749e-10    0.0292786213147258    1.18577962813475e-13    0.322402492104492
9.19999999999985    0.274842791486915    2.42583589435329e-10    2.40869886638991e-10    2.43403721242228e-10    0.047558900413309    1.51103635723389e-13    0.322401692627232
9.29999999999985    0.250248204103807    2.43072788980232e-10    2.41038977098809e-10    2.43233219822049e-10    0.0721530598133133    1.86003800357077e-13    0.322401264644651
9.39999999999984    0.219210654601421    2.42536518751263e-10    2.4069649600804e-10    2.43578382415389e-10    0.103190748374237    2.22746154636117e-13    0.322401403702692
9.49999999999984    0.182465481411461    2.42197740004756e-10    2.41095399090673e-10    2.43176702136513e-10    0.139936777593803    2.58741119321755e-13    0.322402259731993
9.59999999999984    0.141811482435991    2.42499302516024e-10    2.4098310845363e-10    2.43289000938081e-10    0.180592389073973    2.94155024960946e-13    0.32240387223703
9.69999999999984    0.100141527877556    2.42419888409855e-10    2.40904586826789e-10    2.43369223640295e-10    0.22226458371604    3.26191913460422e-13    0.322406112320616
9.79999999999984    0.0612230240600993    2.42173341444706e-10    2.41049987932638e-10    2.43221720173983e-10    0.261185636481399    3.53461585964494e-13    0.322408661268296
9.89999999999983    0.0292011972025402    2.4236602201704e-10    2.41130642172939e-10    2.43141756859698e-10    0.293209854077866    3.74075266564363e-13    0.322411052007419
9.99999999999983    0.00789021526432797    2.41965116057194e-10    2.40724894477396e-10    2.4355103641306e-10    0.314522562240721    3.8806541747348e-13    0.322412778231678
10.0999999999998    1.44875698757899e-05    2.41938948163867e-10    2.41083441890065e-10    2.43189033264109e-10    0.322398953903868    3.92439759187277e-13    0.322413442200348
10.1999999999998    0.00661668508674348    2.42217127995534e-10    2.41113977008847e-10    2.43158878476302e-10    0.31579619884824    3.88221661450589e-13    0.322412884661861
10.2999999999998    0.0268214514787184    2.42189022694695e-10    2.40669510198758e-10    2.43606970624862e-10    0.295589787358853    3.76427034914519e-13    0.322411239564413
10.3999999999998    0.0580341228962295    2.42213627926597e-10    2.41025995999725e-10    2.43246600364069e-10    0.264374764320149    3.55620531886957e-13    0.32240888794322
10.4999999999998    0.0965076124110241    2.42342854235065e-10    2.41235381545176e-10    2.43033646328618e-10    0.225898719483188    3.28621026011949e-13    0.322406332621152
10.5999999999998    0.138095292716373    2.4242537366132e-10    2.41109911423708e-10    2.43160885430612e-10    0.184308756016963    2.97036375159387e-13    0.32240404946033
10.6999999999998    0.178972133395825    2.42405645058479e-10    2.40665260104892e-10    2.43611297769856e-10    0.143430238982353    2.62326667285613e-13    0.322402373105123
10.7999999999998    0.216154451186255    2.42824457831759e-10    2.4082129545448e-10    2.43453881087232e-10    0.1062469973343    2.25569255742086e-13    0.322401449247881
10.8999999999998    0.247744159158371    2.42542835396303e-10    2.41134386337478e-10    2.43137179471085e-10    0.074657091445837    1.8892389649039e-13    0.322401251331212
10.9999999999998    0.272917571876322    2.42793332277331e-10    2.40635341219912e-10    2.43640748014527e-10    0.0494840639370945    1.5410683478307e-13    0.32240163654064
11.0999999999998    0.291737782810441    2.42569622403032e-10    2.40949865133824e-10    2.43323467234524e-10    0.0306646274867564    1.21154847482786e-13    0.322402411024161
11.1999999999998    0.304885205707659    2.43343310001423e-10    2.40995204493799e-10    2.43277099498672e-10    0.0175181763102053    9.16180746638498e-14    0.322403382745572
11.2999999999998    0.31338447275723    2.43218684975022e-10    2.40570556391844e-10    2.43705936247091e-10    0.00901991960112777    6.58303400588495e-14    0.322404393085919
11.3999999999998    0.318375641213047    2.42983353585114e-10    2.41062303757945e-10    2.43210423568792e-10    0.00402968641474824    4.38855269949254e-14    0.322405328355095
11.4999999999998    0.320948346154246    2.43122947318855e-10    2.40705973682148e-10    2.4356807106979e-10    0.00145777045290474    2.64763909040715e-14    0.322406117334574
11.5999999999998    0.322036732924507    2.43268236772109e-10    2.41021012807697e-10    2.43250772863167e-10    0.000369988035388424    1.33210062590535e-14    0.322406721687448
11.6999999999998    0.322362078178537    2.43446371995191e-10    2.40785938015041e-10    2.43489139308961e-10    4.50456391300566e-05    4.65086719740936e-15    0.322407124545393
11.7999999999998    0.322406920039899    2.43123503678141e-10    2.4051550788194e-10    2.43762896222014e-10    3.99740755151443e-07    4.38628500833075e-16    0.322407320508056
11.8999999999998    0.322406306182419    2.43127154056673e-10    2.40870258757538e-10    2.43403996232628e-10    1.00171418243892e-06    6.93782413784018e-16    0.322407308624003
11.9999999999998    0.32234597775653    2.43351810367101e-10    2.40794640685005e-10    2.4347937895598e-10    6.11104356295062e-05    5.420551181116e-15    0.32240708891979
12.0999999999998    0.321962434013571    2.43170310280203e-10    2.4093258186799e-10    2.43339941085305e-10    0.000444227869933638    1.46052775690456e-14    0.322406662610962
12.1999999999998    0.320745185492207    2.43197742090838e-10    2.40863280451965e-10    2.43410101992378e-10    0.00166084977016102    2.82430705230153e-14    0.322406035989867
12.2999999999998    0.317946856314269    2.43148329246538e-10    2.40775909892645e-10    2.43498862757652e-10    0.00445837078593517    4.62750577992256e-14    0.322405227827673
12.3999999999998    0.312611865189418    2.43383521707651e-10    2.40875019456458e-10    2.43398588930779e-10    0.0097924137234866    6.85730165230545e-14    0.322404279640631
12.4999999999998    0.303638441392893    2.42585419730205e-10    2.40898361085635e-10    2.43375192037282e-10    0.0187648249772126    9.49313852024145e-14    0.32240326709706
12.5999999999998    0.289890103487412    2.42945849323598e-10    2.4078550221065e-10    2.43489247600923e-10    0.0325122048835257    1.2504351739537e-13    0.322402309098283
12.6999999999998    0.27036889373963    2.42964559034473e-10    2.40801871588997e-10    2.43473393870519e-10    0.0520326745325888    1.58056683196824e-13    0.322401568999616
12.7999999999998    0.244450671911946    2.42578189456302e-10    2.40859730690865e-10    2.4341499907088e-10    0.0779505684240377    1.93263940282734e-13    0.32240124106303
12.8999999999998    0.212160831899385    2.42572078912101e-10    2.40987269044545e-10    2.4328570622945e-10    0.11024068371274    2.29771316120588e-13    0.3224015163392
12.9999999999998    0.174438861648521    2.42557606956577e-10    2.4088117002094e-10    2.43392035771334e-10    0.147963665342077    2.66371656054435e-13    0.322402527717695
13.0999999999998    0.133310639867579    2.42215687509905e-10    2.41123290576961e-10    2.43147559305386e-10    0.189093643843585    3.00813428450667e-13    0.322404284437951
13.1999999999998    0.0918737167762662    2.42575111186251e-10    2.41150329353617e-10    2.43119883840517e-10    0.230532901504336    3.32265423411872e-13    0.32240661900778
13.2999999999998    0.0540210423747009    2.42054658521041e-10    2.4086865695104e-10    2.43406510069585e-10    0.268388133767078    3.58531312303157e-13    0.322409176868468
13.3999999999998    0.023892481906423    2.42278215743922e-10    2.4068617633444e-10    2.43591612497865e-10    0.298518989594145    3.78172359117942e-13    0.322411472227502
13.4999999999998    0.0051399503823885    2.41808887965047e-10    2.4102847945498e-10    2.43244187174462e-10    0.317273057418826    3.89668923971682e-13    0.322413008527685
13.5999999999998    0.000184623859019349    2.42159225205265e-10    2.41195866030191e-10    2.43075630722416e-10    0.322228803125861    3.9211857838949e-13    0.322413427711703
13.6999999999998    0.00968449815528688    2.42303548492173e-10    2.40924929768719e-10    2.43348891078215e-10    0.312728130016329    3.86795106798326e-13    0.32241262889858
13.7999999999998    0.0323847459065593    2.42150363107494e-10    2.40912055919926e-10    2.43361322333386e-10    0.290026056553178    3.72688476545988e-13    0.322410803186533
13.8999999999997    0.0654013137560985    2.42367210385096e-10    2.41201926783919e-10    2.43069237960726e-10    0.257007053727825    3.50332813030464e-13    0.322408368210912
13.9999999999997    0.104842864895715    2.42303161507433e-10    2.40895996468304e-10    2.4337769660754e-10    0.217562967358208    3.22787441114138e-13    0.322405832980823
14.0999999999997    0.146574357817662    2.42307863281384e-10    2.40915168511678e-10    2.43359339738904e-10    0.175829293438028    2.90188308296812e-13    0.322403651982564
14.1999999999997    0.18690824924769    2.42294565505846e-10    2.40846076196503e-10    2.43427555499024e-10    0.135493873015338    2.55041852096958e-13    0.322402122989851
14.2999999999997    0.223070870398974    2.42700447788282e-10    2.4102212419267e-10    2.43251484182135e-10    0.0993304824711275    2.17906437732838e-13    0.322401353597294
14.3999999999997    0.253390563910657    2.4279937343405e-10    2.40753232347029e-10    2.43521872462162e-10    0.0690107237294184    1.81892294761789e-13    0.322401288367332
14.4999999999997    0.277243116630466    2.4286608403589e-10    2.410031525599e-10    2.43269168324937e-10    0.0451586516386233    1.47060181199385e-13    0.322401768996375
14.5999999999997    0.294840020547303    2.42885053223133e-10    2.41012055760043e-10    2.43260072036944e-10    0.0275625770862167    1.14934910563459e-13    0.322402598360791
14.6999999999997    0.30695283604919    2.43266533791889e-10    2.40641231381171e-10    2.43635968113834e-10    0.0154507525987724    8.61327820366464e-14    0.322403589375592
14.7999999999997    0.314646251229765    2.43046890278655e-10    2.40668804009921e-10    2.43607895901558e-10    0.00775834022384295    6.10388650236209e-14    0.322404592180993
14.8999999999997    0.319061399398826    2.42902135119132e-10    2.41043642416076e-10    2.43227833254903e-10    0.0033441021195071    4.00480341772791e-14    0.322405502245547
14.9999999999997    0.321263035281794    2.43334349603328e-10    2.4090525100106e-10    2.43367887140923e-10    0.001143219925505    2.34269524422721e-14    0.322406255934929
15.0999999999997    0.322145417926801    2.43047155961426e-10    2.40679162622693e-10    2.4359649611093e-10    0.000261401535538302    1.12178225365274e-14    0.322406820189673
15.1999999999997    0.322382642135689    2.43212565216324e-10    2.40840908158023e-10    2.4343338217426e-10    2.4538336905941e-05    3.43422328562113e-15    0.322407181200085
15.2999999999997    0.322407299974182    2.43337671303403e-10    2.40803923518157e-10    2.43470418396552e-10    3.42258300850111e-08    1.28213875466923e-16    0.322407334927624
15.3999999999997    0.322403803864217    2.43693577644383e-10    2.40947922227033e-10    2.43325039217848e-10    3.4761895693259e-06    1.29179895406841e-15    0.322407280781754
15.4999999999997    0.322307189186855    2.42942768791167e-10    2.40700504389778e-10    2.43575669939372e-10    9.98289794101703e-05    6.93042445166171e-15    0.322407018893491
15.5999999999997    0.321803423844765    2.42950586877781e-10    2.40616652685741e-10    2.43660695044419e-10    0.000603126505461666    1.70410824904819e-14    0.322406551077472
15.6999999999997    0.320332627094068    2.43535699203344e-10    2.40776917943027e-10    2.43497629048731e-10    0.00207325763420285    3.15580361515197e-14    0.322405885456113
15.7999999999997    0.317101926389691    2.43341746885505e-10    2.41200815552332e-10    2.43069348591013e-10    0.0053031174040786    5.03552689434904e-14    0.322405044521432
15.8999999999997    0.311119623007891    2.42463729552625e-10    2.40777557742081e-10    2.43496182232462e-10    0.0112844520859077    7.36497565151985e-14    0.32240407582061
15.9999999999997    0.301265986755463    2.43113012803638e-10    2.40800819700479e-10    2.43474893328691e-10    0.0211370757540485    1.00728094610591e-13    0.322403063237001
16.0999999999997    0.286416546051836    2.4306958119399e-10    2.40671339690384e-10    2.43605204752725e-10    0.035985588206588    1.31511289415615e-13    0.322402134985901
16.1999999999997    0.265628478474509    2.42764080014053e-10    2.41000019043181e-10    2.43272326053297e-10    0.0567729832045387    1.65044975992352e-13    0.322401462406249
16.2999999999997    0.238386761793406    2.42490964812401e-10    2.41106651804003e-10    2.43163696557389e-10    0.084014480076546    2.00810899295164e-13    0.322401242596914
16.3999999999998    0.204882845061079    2.42659160677908e-10    2.40857900547437e-10    2.43416704789092e-10    0.117518814021505    2.37451620411517e-13    0.322401659809755
16.4999999999998    0.166267814390936    2.42545900670774e-10    2.40741970261137e-10    2.43533860870258e-10    0.156135011990788    2.73709653015354e-13    0.322402827108819
16.5999999999998    0.124794287652191    2.42543374056308e-10    2.4116719267606e-10    2.43105245927798e-10    0.197610432788731    3.07345372632262e-13    0.322404721168045
16.6999999999998    0.0837531289819009    2.41760090973061e-10    2.40765053338402e-10    2.43509704985602e-10    0.238654005678749    3.38526367676131e-13    0.322407135387024
16.7999999999998    0.047139880778426    2.42465360430309e-10    2.41032501929131e-10    2.4324129469041e-10    0.275269800164662    3.62924838436615e-13    0.32240968167019
16.8999999999998    0.0190580640609438    2.42214329004771e-10    2.40948660160456e-10    2.43324668298873e-10    0.303353795819018    3.81267736658807e-13    0.322411860606831
16.9999999999999    0.00296588228173751    2.42102323010366e-10    2.41042717113507e-10    2.43228909889633e-10    0.319447308759509    3.91169265596478e-13    0.322413191768012
17.0999999999999    0.000958667901758538    2.42185752310325e-10    2.41292230796704e-10    2.42978073475969e-10    0.321454693246702    3.918794475726e-13    0.322413361875309
17.1999999999999    0.013303379437274    2.41917023806347e-10    2.40769545297931e-10    2.43503935944602e-10    0.309108949752133    3.85354107042807e-13    0.322412329915983
17.2999999999999    0.0383777731188271    2.42190275953987e-10    2.41267778513325e-10    2.43004529282389e-10    0.284032567477928    3.68159460986036e-13    0.322410341323586
17.3999999999999    0.0730347992001386    2.42217561296941e-10    2.40554135938861e-10    2.43723889410204e-10    0.249373044609815    3.45893978829719e-13    0.322407844536795
17.4999999999999    0.113271171230036    2.42397513164022e-10    2.41012902577818e-10    2.43262828357642e-10    0.209134176572731    3.16012563095327e-13    0.322405348529756
17.6    0.154992518962867    2.42642453439407e-10    2.40722992843288e-10    2.43551775936711e-10    0.167410762415938    2.83494716414362e-13    0.322403282106007
17.7    0.194668230657078    2.42531475933581e-10    2.41301672001358e-10    2.42967698743563e-10    0.127733673435235    2.47036152339924e-13    0.322401904819361
17.8    0.22974229088803    2.42486317707688e-10    2.40991320370479e-10    2.43280614382547e-10    0.0926589957732588    2.10646300147334e-13    0.322401287388257
17.9    0.258766914711088    2.4253451601081e-10    2.40770494588131e-10    2.43505182969988e-10    0.0636344326447799    1.74605991641406e-13    0.322401348082852
18    0.281308290114437    2.43265919311231e-10    2.40893186990551e-10    2.43380975214567e-10    0.0410936249789806    1.40319278275727e-13    0.322401915821098
18.1    0.297714672548196    2.42917191371656e-10    2.40901892074654e-10    2.43371972094467e-10    0.0246881189709878    1.08786743325072e-13    0.322402792246484
18.2    0.308837601812199    2.4260256009104e-10    2.4088695987388e-10    2.43387399765735e-10    0.0135661937986266    8.07019523089961e-14    0.322403796337783
18.3000000000001    0.315772826548013    2.43246011774355e-10    2.40589593956527e-10    2.43688211854969e-10    0.00663196003034774    5.64969255417484e-14    0.322404787305941
18.4000000000001    0.319656261747591    2.43374426744846e-10    2.40721227842837e-10    2.43554777479449e-10    0.00274940709695073    3.63435512954179e-14    0.322405669572229
18.5000000000001    0.321523942443573    2.4305272628555e-10    2.41130179226424e-10    2.4314074119971e-10    0.000882443472949317    2.05620686312459e-14    0.322406386643866
18.6000000000001    0.322228243761031    2.43261821371125e-10    2.40803272095973e-10    2.43470565582601e-10    0.000178665772979703    9.27117012814405e-15    0.322406910261556
18.7000000000001    0.322395242734378    2.43653865392098e-10    2.40693076450719e-10    2.43583265897577e-10    1.19858162996652e-05    2.4010781628081e-15    0.32240722927861
18.8000000000001    0.32240734001053    2.42855009487915e-10    2.40799364464398e-10    2.43475479935894e-10    1.79561273191117e-11    2.93767520906745e-18    0.322407340755616
18.9000000000002    0.322398276434868    2.4337953298633e-10    2.40933691979822e-10    2.43338968655375e-10    8.96718752240296e-06    2.07549626873503e-15    0.322407244350045
19.0000000000002    0.322252389770304    2.43057404716553e-10    2.4091502059545e-10    2.43359431689848e-10    0.000154549839834337    8.61321356339161e-15    0.322406940337479
19.1000000000002    0.321605227256611    2.43054904562776e-10    2.403372785345e-10    2.43942738348165e-10    0.000801203339135922    1.96598872191805e-14    0.322406431323102
19.2000000000002    0.31984800917456    2.43610405476199e-10    2.41104767249158e-10    2.43166432857953e-10    0.00255771769234333    3.50339662908803e-14    0.32240572759482
19.3000000000002    0.316143726417672    2.42839057032815e-10    2.4115948536669e-10    2.4311124899144e-10    0.0062611286689105    5.48017030803411e-14    0.322404855813747
19.4000000000002    0.309467433683029    2.43294849019848e-10    2.4030283999788e-10    2.4397767522052e-10    0.0129364356261031    7.89753085672889e-14    0.322403870036786
19.5000000000002    0.298686497652116    2.43025095487977e-10    2.40993069969118e-10    2.43280858673005e-10    0.0237163643331383    1.06639707880727e-13    0.32240286271266
19.6000000000003    0.282696165976861    2.42465578165038e-10    2.41019055377706e-10    2.43252876576475e-10    0.0397058046411932    1.38092047056808e-13    0.32240197134493
19.7000000000003    0.260619010700024    2.42861427691804e-10    2.40771591099629e-10    2.43501740005775e-10    0.0617823631302664    1.72460620489485e-13    0.322401374557598
19.8000000000003    0.232060836655854    2.42711773128989e-10    2.414131593641e-10    2.42857302959146e-10    0.0903404333051356    2.0779672488152e-13    0.32240127068818
19.9000000000003    0.197389902238551    2.42518630797181e-10    2.40129336798523e-10    2.44152006074502e-10    0.125011931771472    2.45773256704767e-13    0.322401834737068
20.0000000000003    0.157975082718688    2.42673813012105e-10    2.41235347954074e-10    2.43036985546804e-10    0.16442807371595    2.80455009450831e-13    0.322403157161865
20.1000000000003    0.116293355310304    2.41985739622044e-10    2.41162929375035e-10    2.43106984274194e-10    0.206111823989135    3.14484664946101e-13    0.322405180026009
20.2000000000004    0.0758151028156395    2.42354993061102e-10    2.40794372454267e-10    2.43481283952034e-10    0.246592554077883    3.44002719121314e-13    0.322407657620497
20.3000000000004    0.0406134432110132    2.42296482279066e-10    2.40971348965289e-10    2.43301650714057e-10    0.281796727299257    3.67649667666615e-13    0.322410171237207
20.4000000000004    0.014723758067216    2.42035010702076e-10    2.41336735722446e-10    2.4293339852674e-10    0.3076884545845    3.83600724649226e-13    0.322412213378405
20.5000000000004    0.00138012893175048    2.42165592183167e-10    2.40646278209954e-10    2.43631256633468e-10    0.321033196424866    3.92571515541243e-13    0.322413326083452
20.6000000000004    0.002332269866112    2.42379697889621e-10    2.40798183230675e-10    2.43478410794668e-10    0.320080974775919    3.91501544876146e-13    0.322413245369078
20.7000000000004    0.0174535157590186    2.41744338607593e-10    2.41425842308827e-10    2.42842909205084e-10    0.304958474215366    3.81637281618345e-13    0.322411990700779
20.8000000000005    0.0447696921728853    2.41998346577733e-10    2.40894970324311e-10    2.43379204148201e-10    0.277640165360764    3.64725235427537e-13    0.322409858260287
20.9000000000005    0.0808991101478113    2.42832794125585e-10    2.40772460144816e-10    2.4350333196611e-10    0.24150821030936    3.4024410591804e-13    0.322407321184621
21.0000000000005    0.121758872179306    2.42180706616892e-10    2.41289945421937e-10    2.42981573413017e-10    0.20064600951753    3.09534507869472e-13    0.322404882423597
21.1000000000005    0.163322795214063    2.42362674447794e-10    2.40558170380604e-10    2.43718849809525e-10    0.159080145417514    2.76460843528109e-13    0.322402941358493
21.2000000000005    0.202234277799454    2.42602327321184e-10    2.41263502047821e-10    2.43007041717087e-10    0.12016744003973    2.39718130248084e-13    0.322401718566297
21.3000000000005    0.236160297769091    2.42468484003715e-10    2.41015913756495e-10    2.43257638536514e-10    0.0862409510018183    2.03281924745613e-13    0.322401249497854
21.4000000000005    0.26387273061666    2.42773606253017e-10    2.40286419862135e-10    2.43994921556429e-10    0.058528697490696    1.67906238869296e-13    0.322401428834578
21.5000000000006    0.285118270964083    2.4344577284804e-10    2.41145204034456e-10    2.43126143694104e-10    0.0372838036438299    1.33675734844266e-13    0.322402075335764
21.6000000000006    0.300370193961825    2.42579911255573e-10    2.41171791623474e-10    2.43098642798619e-10    0.0220327965786566    1.02707894967932e-13    0.322402991267434
21.7000000000006    0.310549198012021    2.42736367965914e-10    2.40544626290901e-10    2.43734363176235e-10    0.011854803864463    7.543321150797e-14    0.322404002603575
21.8000000000006    0.316773634792294    2.43927689222842e-10    2.40580930361385e-10    2.43695493639913e-10    0.00563134228704062    5.20366100039804e-14    0.322404977807591
21.9000000000006    0.320168442978033    2.42297734135028e-10    2.41647393792335e-10    2.42619087906066e-10    0.00223738627401573    3.26567960579301e-14    0.322405829978645
22.0000000000006    0.32173752834165    2.43057287119316e-10    2.40239223643701e-10    2.4404140668814e-10    0.00066898023349159    1.79676324082339e-14    0.322406509302498
22.1000000000007    0.322289673989711    2.44299378930749e-10    2.40605489192481e-10    2.43673335437078e-10    0.000117317133959613    7.50764294367191e-15    0.322406991852256
22.2000000000007    0.322402264136599    2.42871719686359e-10    2.41241101504586e-10    2.43028468363818e-10    5.00390931280968e-06    1.54945501050266e-15    0.322407268773055
22.3000000000007    0.322407329172695    2.42838578055022e-10    2.40795503257003e-10    2.43479704959323e-10    8.09214554796321e-09    6.24301122061394e-17    0.322407337991954
22.4000000000007    0.322387917206631    2.43416912085988e-10    2.40291883878449e-10    2.43988848204151e-10    1.92813981838389e-05    3.05215729671398e-15    0.322407199332516
22.5000000000007    0.322177685434081    2.43715182912351e-10    2.41267425134656e-10    2.43002751174854e-10    0.000229167123362773    1.04799473661308e-14    0.32240685328544
22.6000000000007    0.321361919028481    2.42922506912883e-10    2.40896151967731e-10    2.43376671724246e-10    0.00104438371302184    2.24085762694658e-14    0.32240630346872
22.7000000000007    0.319283562469134    2.4279788384659e-10    2.40757080085236e-10    2.43519508247806e-10    0.00312199950176754    3.87513062205884e-14    0.322405562698014
22.8000000000008    0.315063081760927    2.43055008023051e-10    2.40559181743957e-10    2.43719654642613e-10    0.00734157977815699    5.95016155679261e-14    0.322404662266477
22.9000000000008    0.307645547936317    2.43652902168439e-10    2.40744937005401e-10    2.43530049224426e-10    0.0147581145447902    8.4332622714931e-14    0.322403663209119
23.0000000000008    0.295890994869665    2.42803832954058e-10    2.41528366460524e-10    2.42737837905083e-10    0.026511671240057    1.12752161328768e-13    0.322402666836904
23.1000000000008    0.278722651732897    2.42405868511818e-10    2.40736887388232e-10    2.43539285319402e-10    0.043679167343364    1.45081559232963e-13    0.322401819803088
23.2000000000008    0.255339167539467    2.42893429887075e-10    2.40211254858422e-10    2.44072367758739e-10    0.0670621388812629    1.79906954342655e-13    0.322401307148087
23.3000000000008    0.2254789282167    2.43031413534025e-10    2.41032798772481e-10    2.43240401127141e-10    0.0969223977154842    2.15630906565263e-13    0.322401326659705
23.4000000000009    0.189697150191076    2.42464938956552e-10    2.41640792866564e-10    2.4262272615071e-10    0.132704890588131    2.52198363910775e-13    0.322402041506187
23.5000000000009    0.149585260252686    2.41724375343341e-10    2.40961318888896e-10    2.43313304505526e-10    0.172818255827672    2.8801064301408e-13    0.322403516806645
23.6000000000009    0.107840052753339    2.42682299652937e-10    2.40073082734231e-10    2.44211304875152e-10    0.214565604799811    3.21735485519389e-13    0.322405658280439
23.7000000000009    0.0680952082572586    2.42600062533429e-10    2.41424442704599e-10    2.42845982963915e-10    0.254312972677526    3.48725062491353e-13    0.322408181662004
23.8000000000009    0.0344745230905964    2.41676166705397e-10    2.41202455418316e-10    2.43067614124196e-10    0.287936117342747    3.71663502813005e-13    0.322410641159661
23.9000000000009    0.0109129786857326    2.42173813693367e-10    2.40848512651646e-10    2.4342668172044e-10    0.311499547660618    3.87054727794884e-13    0.322412527073187
24.000000000001    0.000391568353593914    2.42571456763869e-10    2.4072214528545e-10    2.43554331524355e-10    0.322021841016229    3.9352710070452e-13    0.322413410097065
24.100000000001    0.00429772996996579    2.42221371570846e-10    2.41324553960601e-10    2.42945801664307e-10    0.318115348692398    3.90061647257986e-13    0.322413079389246
24.200000000001    0.0221124023075644    2.41631986794931e-10    2.41179822348209e-10    2.43091400185349e-10    0.300299211569889    3.79213556840267e-13    0.322411614603736
24.300000000001    0.0515281735663701    2.42025469228147e-10    2.40704024387196e-10    2.43574031386379e-10    0.270881184090479    3.60388736199117e-13    0.322409358383513
24.400000000001    0.0889586559432851    2.42577712581224e-10    2.40905952580863e-10    2.43370004369971e-10    0.233448145594974    3.34549011354589e-13    0.322406802265447
24.500000000001    0.130273343102371    2.42472077786727e-10    2.40943159998663e-10    2.4333120042941e-10    0.192131093678949    3.0368195453487e-13    0.32240443750837
24.600000000001    0.171539949901989    2.42504060852937e-10    2.40902963608468e-10    2.43370966609527e-10    0.150862680300212    2.69118467443592e-13    0.322402630929248
24.7000000000011    0.209590547713758    2.42433429409321e-10    2.41151958956539e-10    2.43119093326007e-10    0.112811015495072    2.32405475954486e-13    0.322401563935767
24.8000000000011    0.242318245386556    2.42766529683705e-10    2.41091916380193e-10    2.4318136257076e-10    0.0800829925377784    1.95702412272722e-13    0.32240123865157
24.9000000000011    0.268708877899564    2.42619714109767e-10    2.40393776133643e-10    2.4388641759084e-10    0.0536926503114776    1.60665220662899e-13    0.322401528938102
25.0000000000011    0.288679090442537    2.43094745955101e-10    2.41122594934418e-10    2.43150474220892e-10    0.0337231547270841    1.26994548568947e-13    0.322402245897116
25.1000000000011    0.302815440736998    2.43024299722999e-10    2.40941833916428e-10    2.43332569567241e-10    0.0195877526191475    9.68876541955049e-14    0.322403194083541
25.2000000000011    0.312097370028866    2.43154369209532e-10    2.40466159655331e-10    2.43812666957612e-10    0.0103068364682986    7.04316166320915e-14    0.322404207224668
25.3000000000012    0.317657925781914    2.42779227380689e-10    2.41202805641379e-10    2.43069027202074e-10    0.00474723659173596    4.76528508439592e-14    0.322405163100749
25.4000000000012    0.32060583288773    2.43083353949254e-10    2.40770279890526e-10    2.43505573556247e-10    0.00180014954156584    2.94080071495157e-14    0.322405983156685
25.5000000000012    0.321909860442758    2.43386688621087e-10    2.40539138547057e-10    2.43739932236672e-10    0.000496762609978598    1.54651972001135e-14    0.322406623780418
25.6000000000012    0.322333752842618    2.4359665615673e-10    2.40887060219662e-10    2.43387032424248e-10    7.3311353511518e-05    5.93614078860517e-15    0.322407064924006
25.7000000000012    0.322405664898836    2.43180923755111e-10    2.41189356598997e-10    2.43080641577527e-10    1.63405288061149e-06    8.85620283223901e-16    0.322407299679168
25.8000000000012    0.32240713040514    2.42852930361087e-10    2.4077390061599e-10    2.43501629941053e-10    1.95504456709383e-07    3.06722232461452e-16    0.322407326636726
25.9000000000012    0.32237049377509    2.43403981583729e-10    2.40629947288416e-10    2.43649380042791e-10    3.66512327283109e-05    4.20095454598398e-15    0.322407145735506
26.0000000000013    0.322078761870547    2.43294868019921e-10    2.40445795460345e-10    2.43834771465769e-10    0.000327995185185355    1.25820261668702e-14    0.32240675778332
26.1000000000013    0.321067177702419    2.43319992085275e-10    2.41005620222204e-10    2.43267617695462e-10    0.00133898923278332    2.53795708953609e-14    0.322406167662821
26.2000000000013    0.318631185831834    2.43228334669364e-10    2.41063843559581e-10    2.4320809206293e-10    0.00377420454521152    4.26026845577324e-14    0.322405391104588
26.3000000000013    0.313850618471283    2.42885219500885e-10    2.4073570179199e-10    2.4353996163674e-10    0.00855384530950014    6.42220181787551e-14    0.322404464508008
26.4000000000013    0.305644245937698    2.42838402765784e-10    2.40958421050769e-10    2.43315516197697e-10    0.0167592096726    8.9861856618151e-14    0.3224034563375
26.5000000000013    0.292870870801238    2.43009522268404e-10    2.40773815518365e-10    2.43502078894418e-10    0.0295316054691592    1.19349921512079e-13    0.322402476997802
26.6000000000014    0.274490509195992    2.4297504184102e-10    2.40932393483609e-10    2.43342735899457e-10    0.0479111721046359    1.51934125717587e-13    0.32240168202803
26.7000000000014    0.249788938194671    2.42714933677384e-10    2.40770098613502e-10    2.43504735741772e-10    0.0726123229160339    1.87406378216805e-13    0.322401261837882
26.8000000000014    0.218648812592293    2.42362266011154e-10    2.41166555087594e-10    2.431068128049e-10    0.103752598372064    2.23447697188587e-13    0.322401411691216
26.9000000000014    0.181821690599443    2.42543511697624e-10    2.40462218318894e-10    2.43817200358713e-10    0.140580588915808    2.60785265833552e-13    0.322402280242334
27.0000000000014    0.14112471653124    2.42861218714182e-10    2.41082832447463e-10    2.43190136965743e-10    0.181279187378118    2.95451809591593e-13    0.322403904636788
27.1000000000014    0.0994676926338262    2.42287781909999e-10    2.41301402319699e-10    2.42968762774101e-10    0.222938459523224    3.27345254643373e-13    0.322406152883936
27.2000000000015    0.0606289884907418    2.41771884214566e-10    2.40837220044444e-10    2.4343722430864e-10    0.261779714079961    3.55376668010732e-13    0.322408703297105
27.3000000000015    0.0287545238178481    2.42070638244763e-10    2.41050414774134e-10    2.43223843960562e-10    0.293656562565477    3.75833086315048e-13    0.322411087110046
27.4000000000015    0.0076465219892188    2.42217473467138e-10    2.40885817005337e-10    2.43389814654679e-10    0.314766275853134    3.89195566376345e-13    0.322412798569235
27.5000000000015    5.75181249773528e-06    2.42194449047143e-10    2.41017504510518e-10    2.43257867871089e-10    0.322407690405102    3.93516367795548e-13    0.322413442944463
27.6000000000015    0.00684407388277645    2.42305336964761e-10    2.40840040285276e-10    2.43435306235383e-10    0.315568791022379    3.89805736266067e-13    0.322412865632126
27.7000000000015    0.0272550541639041    2.42105355304908e-10    2.41177275597304e-10    2.43095933527074e-10    0.295156150400816    3.7619871211201e-13    0.322411205291475
27.8000000000015    0.0586196771814219    2.42199575903317e-10    2.4088739685594e-10    2.43387051559203e-10    0.263789168218174    3.56026557633902e-13    0.322408846126426
27.9000000000016    0.0971779867351933    2.4243296986119e-10    2.41225963782252e-10    2.4304639346777e-10    0.225228304233507    3.28304076150411e-13    0.322406291695734
28.0000000000016    0.13878317869214    2.42163353422353e-10    2.40941242987888e-10    2.43334397815336e-10    0.183620836885501    2.96681581153974e-13    0.322404016304377
28.1000000000016    0.179620572653851    2.42386273088763e-10    2.40649295105174e-10    2.43630621053247e-10    0.142781778296228    2.61803175653738e-13    0.322402351677007
28.2000000000016    0.216723143650633    2.42728998259382e-10    2.40664917528026e-10    2.43613913625821e-10    0.105678296009314    2.2514299535916e-13    0.32240144038718
28.3000000000016    0.248211184808028    2.42778927523481e-10    2.41332193249955e-10    2.42938266442675e-10    0.0741900679120037    1.88243981738658e-13    0.322401253447269
28.4000000000016    0.273277470800587    2.42744829044538e-10    2.4104809667636e-10    2.43225136733816e-10    0.049124175158918    1.53363273722489e-13    0.322401646686677
28.5000000000017    0.291997534418363    2.4298990483744e-10    2.40603935116447e-10    2.43674427481126e-10    0.0304048907629163    1.20882930708711e-13    0.322402425908669
28.6000000000017    0.305059589206053    2.43071321391649e-10    2.41010794967759e-10    2.43264676689679e-10    0.0173438094983811    9.11203274356528e-14    0.322403399431872
28.7000000000017    0.313491856505869    2.42949731094471e-10    2.40708148345629e-10    2.43569691178929e-10    0.00891255209831135    6.54231385019457e-14    0.322404409331473
28.8000000000017    0.318434727761952    2.42987040005171e-10    2.40792454493391e-10    2.43485351078795e-10    0.00397061417523599    4.36611302619817e-14    0.322405342664497
28.9000000000017    0.320975977739379    2.43415882315422e-10    2.40696006223235e-10    2.43581762063655e-10    0.00143015037488552    2.62358145278273e-14    0.322406128841984
29.0000000000017    0.32204660508912    2.43310641947567e-10    2.40977347684169e-10    2.43296179823904e-10    0.000360124155567976    1.31642595495383e-14    0.322406729972285
29.1000000000017    0.322364102915625    2.43153993811274e-10    2.41024100128768e-10    2.43249990910391e-10    4.30258066524066e-05    4.54640489835256e-15    0.32240712944971
29.2000000000018    0.322406977708613    2.43069081723588e-10    2.40514390886985e-10    2.43765457176817e-10    3.43558762762051e-07    4.07048983096945e-16    0.322407321994725
29.3000000000018    0.322406180571503    2.43317518138928e-10    2.40845519592259e-10    2.43430667162648e-10    1.12539088655901e-06    7.36058988577036e-16    0.322407306689984
29.4000000000018    0.322343348413482    2.4346123688576e-10    2.4103834325582e-10    2.43236074992139e-10    6.37344285777241e-05    5.5362218910976e-15    0.322407083569801
29.5000000000018    0.32195088731736    2.43005812311429e-10    2.40536065694533e-10    2.43742936060727e-10    0.000455765847019334    1.4851172073813e-14    0.322406653891679
29.6000000000018    0.320714294558716    2.4337987473243e-10    2.4089884174968e-10    2.43377490055503e-10    0.00169172879806437    2.85674171678697e-14    0.322406024084465
29.7000000000018    0.317882466706514    2.43313778562543e-10    2.40834017850027e-10    2.43441570665851e-10    0.00452274576994957    4.67589765798338e-14    0.322405213204099
29.8000000000019    0.312496801195391    2.42619164874479e-10    2.4098296601088e-10    2.43291791224197e-10    0.00990746131475868    6.91894603848625e-14    0.322404263237113
29.9000000000019    0.303453897483897    2.43026251371069e-10    2.40663470809173e-10    2.43614943917232e-10    0.0189493522912785    9.58190099144161e-14    0.322403250502576
