0    0.999999999999999    -0.380546675183173    1.00000000000003    0.144815771992978    1.82501207499443e-07    1.01475704251798e-07
0.1    0.95714167912177    -0.474523621551399    0.916120193911956    0.225172667410272    0    1.28832582129468e-07
0.2    0.905524016162365    -0.555543112383514    0.819973743846813    0.308628149716801    0    1.98806286813711e-07
0.3    0.846482569308173    -0.622972115578365    0.716532740142598    0.38809425678819    1.80359459473345e-07    8.46223286658566e-08
0.4    0.781370348671735    -0.6770696171966    0.610539621783403    0.458423266530794    1.17331860572276e-07    2.07549158888819e-07
0.5    0.711477090635105    -0.71880709503036    0.506199650498545    0.516683639865994    0    9.8843121241194e-08
0.6    0.637968709119854    -0.749651683712674    0.407004073816041    0.56197764689323    0    0
0.7    0.561848683380324    -0.771349811432692    0.315673943016216    0.594980531597214    1.11758708953857e-07    0
0.8    0.483939920245193    -0.785737387188655    0.234197846406898    0.617383241626097    0    2.06745221100921e-07
0.900000000000001    0.404883670791964    -0.794589762058951    0.163930786873972    0.631372889968862    0    0
1    0.325151321791339    -0.799513973527131    0.105723382062665    0.639222593865197    1.03036438568975e-07    2.34900158203161e-07
1.1    0.245065020863682    -0.801878630030021    0.0600568644509207    0.643009337298808    6.17207643605057e-08    0
1.2    0.164823766482038    -0.802773184099737    0.0271668739973301    0.644444785109601    6.85392673796941e-08    0
1.3    0.0845324807558512    -0.802987495960758    0.00714574030273903    0.644788918669361    2.5893447500575e-08    1.80051415765205e-07
1.4    0.00423245678019808    -0.80300353617241    1.79136903968178e-05    0.644814679105389    2.39409036299019e-08    0
1.5    -0.0760677030459413    -0.802992996661866    0.00578629544668709    0.644797752687941    3.97861178280671e-08    0
1.6    -0.156361033649201    -0.802816928593757    0.0244487728438456    0.644515020836705    0    0
1.7    -0.236611150596621    -0.802026015621124    0.0559848365866551    0.643245729733086    0    0
1.8    -0.31672128856268    -0.799862608879039    0.100312374628819    0.639780193082866    1.20655706083042e-07    2.89903230344411e-07
1.9    -0.396503771308208    -0.795268146389654    0.157215240661634    0.63245142466195    4.8571842947622e-08    0
2    -0.475650732312074    -0.786901953196844    0.226243619149024    0.619214683944999    1.09500724499666e-07    0
2.1    -0.553707609204602    -0.773179405240438    0.306592116491042    0.597806392688013    0    2.35372319801618e-07
2.2    -0.630051798278    -0.752338523658101    0.396965268513321    0.566013254180014    0    0
2.29999999999999    -0.703879749813501    -0.722543453752321    0.495446702197491    0.522069042560292    0    0
2.39999999999999    -0.774206493405348    -0.682030009307704    0.599395694431129    0.465164933596338    3.51206175964852e-07    2.65621296614049e-07
2.49999999999999    -0.839881794387035    -0.62929170434642    0.705401428542726    0.396008049159253    0    1.73775908197323e-07
2.59999999999999    -0.899626494009054    -0.563294318759643    0.809327828723051    0.317300489546889    1.66600046865626e-07    0
2.69999999999999    -0.952090763141027    -0.483694292473695    0.90647682125855    0.233960168571578    2.95027939576258e-07    0
2.79999999999998    -0.995932902817936    -0.391024210829295    0.991882346915309    0.15289993345468    0    8.5275792645362e-08
2.89999999999998    -1.02991325293924    -0.286802049135978    1.06072130858    0.0822554153885997    3.37503899720494e-07    6.2558262138615e-08
2.99999999999998    -1.05299352132325    -0.173524637560427    1.10879535594883    0.0301107998404784    2.96154721295115e-07    3.07195307732944e-08
3.09999999999998    -1.06442862574443    -0.05452273881815    1.13300829930421    0.00297272904823497    1.54138809931108e-07    5.26217858736092e-08
3.19999999999998    -1.0638372169268    0.0663167062628253    1.13174962411849    0.0043979055295526    0    5.2436024920118e-08
3.29999999999997    -1.0512392180314    0.184923577364905    1.10510389352721    0.0341967294654401    0    7.89814257886789e-08
3.39999999999997    -1.02705383961711    0.297450019982218    1.05483958947232    0.0884765143874047    2.83905251074696e-07    0
3.49999999999997    -0.99205842144591    0.400636588150859    0.984179911561713    0.160509675765138    0    0
3.59999999999997    -0.947315248034465    0.492078156047092    0.8974061791585    0.24214091165868    0    0
3.69999999999997    -0.894078355709679    0.57035502467098    0.79937610614847    0.325304854167377    0    0
3.79999999999996    -0.833694202364517    0.635026752109907    0.695046023056187    0.403258975895194    0    0
3.89999999999996    -0.767508874824337    0.686513542139653    0.589069872934155    0.471300843541192    1.86711014600719e-07    2.44056274803865e-07
3.99999999999996    -0.69679112972882    0.725905666057571    0.485517878468742    0.526939036014517    0    1.78813934326172e-07
4.09999999999996    -0.62267628352593    0.754743990940062    0.387725754065641    0.569638491860104    0    0
4.19999999999995    -0.546131963566002    0.774807329587251    0.298260121628519    0.600326397982232    2.5023304855446e-07    3.2442124272998e-07
4.29999999999995    -0.467943754981968    0.787930036360841    0.218971357826637    0.620833742199646    1.11882816386828e-07    2.25249178079232e-07
4.39999999999995    -0.388717079419006    0.795860648586585    0.151100967832023    0.633394171968496    0    0
4.49999999999995    -0.308891093206654    0.800162324028069    0.0954137074624169    0.640259744794019    1.21857428802521e-07    1.36164329070576e-07
4.59999999999995    -0.228760668853099    0.802149429606482    0.0523314436141213    0.643443707418046    6.36032636425043e-08    2.02951408503596e-07
4.69999999999994    -0.1485032627225    0.802851665597964    0.0220532190392325    0.644570796953405    6.78013068556834e-08    0
4.79999999999994    -0.0682083711755433    0.802996704552294    0.00465238189842226    0.644803707521828    3.96660332363972e-08    0
4.89999999999994    0.0120918706303436    0.803003527040931    0.00014621333534266    0.644814664440215    4.11698962993703e-08    1.97405238442e-07
4.99999999999994    0.0923917088061768    0.802980679130346    0.0085362278561274    0.644777971056732    4.49742990272106e-08    3.15574088462403e-07
5.09999999999994    0.172680711744824    0.802726070373624    0.0298186282087024    0.644369144057444    5.75614614053162e-08    0
5.19999999999993    0.252912720729507    0.801727432258228    0.0639648443068083    0.642766875635422    8.31332564518653e-08    2.23020159409877e-07
5.29999999999993    0.332974936698506    0.79916507447664    0.110872308469362    0.638664816263239    0    0
5.39999999999993    0.412657558246221    0.793921059688608    0.170286260377736    0.630310649017015    4.62296368404882e-08    0
5.49999999999993    0.491624916496275    0.78460124097049    0.241695058519993    0.615599107332392    1.5123026915032e-07    0
5.59999999999993    0.569389795585414    0.769578460283122    0.324204739316844    0.592251006531787    2.08483168179292e-07    2.16708176914587e-07
5.69999999999992    0.645293509973237    0.747066017628234    0.416403714013628    0.55810763469491    2.17475287904239e-07    3.94247667650072e-08
5.79999999999992    0.718495187219365    0.715229446822469    0.516235334057389    0.511553161601973    0    0
5.89999999999992    0.787974340195082    0.67234070550148    0.620903560805858    0.452042024274203    0    0
5.99999999999992    0.852550879513907    0.616971369130213    0.726843002160021    0.380653670326369    2.90668147849011e-07    0
6.09999999999991    0.910925850941567    0.548210403483228    0.82978590591373    0.300534646487226    3.34696135598663e-07    0
6.19999999999991    0.961744098390509    0.46587917130099    0.924951710788976    0.217043402252092    4.08085105944549e-08    0
6.29999999999991    1.00367671852984    0.370704984159571    1.00736695531879    0.137422185280752    0    6.45239206987946e-08
6.39999999999991    1.03551698414576    0.264409658149585    1.07229542445428    0.0699124673227738    0    0
6.49999999999991    1.05627926723219    0.149675894006368    1.11572589038465    0.0224028732466116    2.96903533416558e-07    7.72717167164815e-08
6.5999999999999    1.0652876443024    0.029973853430952    1.1348377651032    0.00089843188950444    0    6.51659655739959e-08
6.6999999999999    1.0622405307813    -0.090739991698037    1.12835494523444    0.00823374609336358    0    6.12835730476756e-08
6.7999999999999    1.0472405063454    -0.208408112928246    1.09671267813067    0.0434339415343159    3.15749944752709e-07    5.62506499534156e-08
6.8999999999999    1.02078410277931    -0.319275123598954    1.04200018448706    0.101936604549134    3.06833688646168e-07    8.05042042768535e-08
6.9999999999999    0.983713360076672    -0.420237798195946    0.967691974793217    0.176599807032594    0    1.29584425173149e-07
7.09999999999989    0.937137493534099    -0.509085347554916    0.878226681787406    0.259167891095098    1.7974284413181e-07    0
7.19999999999989    0.882337327614886    -0.584601801961171    0.778519159702697    0.341759266856225    3.44825877708379e-07    0
7.29999999999989    0.82066635398772    -0.64653426817361    0.67349326456741    0.418006559922777    0    0
7.39999999999989    0.753460539282149    -0.695456144947312    0.567702784255441    0.483659249545005    3.07736939609995e-07    1.69080581037852e-07
7.49999999999988    0.681965338670905    -0.73256730691733    0.465076723148489    0.536654859164119    0    1.01064592348416e-07
7.59999999999988    0.607284062790986    -0.759473488028357    0.368793932919898    0.576799979017996    0    1.91988031964378e-07
7.69999999999988    0.53034790652612    -0.777978313045224    0.281268901956649    0.605250255568717    1.04308128356934e-07    1.56993474853825e-07
7.79999999999988    0.451905225224648    -0.789908738948274    0.204218332585325    0.623955815866737    0    0
7.89999999999988    0.372526198663674    -0.796982394843383    0.138775768690818    0.635180937690159    1.04971250918548e-07    0
7.99999999999987    0.292618671783207    -0.800715967733185    0.0856256870761818    0.641146060982882    1.15963685633789e-07    0
8.09999999999987    0.212451359903376    -0.802368130845373    0.0451355803247915    0.643794617396212    0    0
8.19999999999987    0.132181399314461    -0.802908140871857    0.0174719223247305    0.644661482678234    3.72994400458425e-08    0
8.29999999999987    0.0518841276041479    -0.803001226475717    0.00269196269724475    0.644810969721491    3.52490523229829e-08    0
8.39999999999987    -0.0284161968055138    -0.803003317426167    0.000807480240890886    0.64481432779738    3.45531971363149e-08    0
8.49999999999986    -0.10871538477257    -0.802959808490195    0.0118190348862514    0.644744454050718    5.84288952550222e-08    3.27656171132565e-07
8.59999999999986    -0.188998254664366    -0.802605481139933    0.0357203402661751    0.644175558355854    0    0
8.69999999999986    -0.269207594660071    -0.801365214945674    0.0724727290226568    0.642186207724858    0    0
8.79999999999986    -0.349213314159613    -0.79835763586196    0.121949938786338    0.637374914739172    0    2.71102866510455e-07
8.89999999999985    -0.428782288167317    -0.792406314100522    0.183854250645992    0.627907766626492    0    3.41428495567727e-07
8.99999999999985    -0.507549975705132    -0.782065385154613    0.257606977838268    0.611626266657144    0    3.32533025807461e-07
9.09999999999985    -0.584995672583091    -0.765668165490204    0.342219936940936    0.586247739645139    0    7.45058059692383e-08
9.19999999999985    -0.660424154787703    -0.741407838167941    0.436160064227073    0.54968558249684    1.47702005517475e-07    0
9.29999999999985    -0.732957319344144    -0.707457707383051    0.5372264319802    0.500496407735632    2.15938340815744e-07    0
9.39999999999984    -0.801539978064532    -0.662133905440371    0.64246633643581    0.438421308733764    3.46271694857545e-07    2.1348221275053e-07
9.49999999999984    -0.864963865865042    -0.604095160017567    0.748162489252164    0.364930962356627    0    0
9.59999999999984    -0.921912829345804    -0.532562638953116    0.849923264912475    0.283622964408746    3.00065138423477e-07    1.97966847651995e-07
9.69999999999984    -0.971029813943801    -0.447529949045158    0.942898899567711    0.20028305529236    0    0
9.79999999999984    -1.01100271133422    -0.349922916733507    1.02212648232523    0.122446047655292    3.00250078433899e-07    8.27987148273471e-08
9.89999999999983    -1.04066186050673    -0.241665872510901    1.08297710791335    0.0584023939364491    1.76312916967261e-07    0
9.99999999999983    -1.05907800596266    -0.125620181710418    1.12164622271373    0.0157804300529616    0    5.64968246523406e-08
10.0999999999998    -1.06564709118831    -0.00538281118418409    1.13560372295805    2.89746562473605e-05    0    5.27558929999291e-08
10.1999999999998    -1.06014854683203    0.115036384167349    1.12391494135029    0.0132333696822988    4.70036575066671e-07    3.10285598951535e-08
10.2999999999998    -1.0427671808535    0.231609374720846    1.08736339346501    0.0536429024585827    0    3.92483687134562e-08
10.3999999999998    -1.01407481563555    0.340687900119138    1.02834773170635    0.116068245287583    2.53757631270981e-07    0
10.4999999999998    -0.974974910905596    0.439334979615223    0.950576076895505    0.193015224313487    3.61180294857646e-07    0
10.5999999999998    -0.92661961617229    0.525538376260658    0.858623913075294    0.276190584922732    1.08482090969093e-07    2.07949962272538e-07
10.6999999999998    -0.87031241414515    0.598284435934889    0.757443698215247    0.357944266281948    2.95591867340764e-07    1.39387599631173e-07
10.7999999999998    -0.807410074697322    0.657502016624754    0.651911028722672    0.432308901865599    0    0
10.8999999999998    -0.739235414487781    0.703909310786702    0.546468998033    0.495488317812144    2.79769053392389e-07    0
10.9999999999998    -0.667008452876115    0.738806566871187    0.444900276208175    0.545835143251913    0    0
11.0999999999998    -0.591799264615457    0.763855722714047    0.350226369599439    0.583475565122944    2.09942501837095e-07    0
11.1999999999998    -0.51450218216986    0.780877974412016    0.264712495457579    0.609770410921827    1.75049008793693e-07    1.15903833404959e-07
11.2999999999998    -0.435828538081093    0.79168740360272    0.1899465146059    0.626768945023164    0    0
11.3999999999998    -0.356313937663658    0.797966967948123    0.126959622173379    0.636751281936225    0    0
11.4999999999998    -0.276335883482817    0.801184555405339    0.0763615205002335    0.641896691820027    6.81840077702818e-08    0
11.5999999999998    -0.196138079203523    0.802541877637565    0.0384701461136491    0.644073465362043    4.30428237031823e-08    1.16857790510044e-07
11.6999999999998    -0.115858575955786    0.802947168791701    0.0134232096225038    0.644724155870647    3.41682440188604e-08    1.95142639483643e-07
11.7999999999998    -0.0355598241452917    0.803003013439635    0.00126450109324511    0.644813839593101    3.21407503015127e-08    0
11.8999999999998    0.0447405123118962    0.803002248986931    0.00200171344193204    0.644812611877999    3.32874543977185e-08    0
11.9999999999998    0.125038525184748    0.802927116881947    0.0156346327803784    0.644691955024389    4.07659795661257e-08    1.80973973892497e-07
12.0999999999998    0.205312999679171    0.802449292812624    0.0421534278372636    0.643924867535515    6.53254908202223e-08    1.84015766311116e-07
12.1999999999998    0.285494394427311    0.800930939902311    0.0815070492494128    0.641490370492666    0    0
12.2999999999998    0.365434077566589    0.797429440224203    0.13354206504694    0.635893712136329    0    2.05127893357518e-07
12.3999999999998    0.444874421494685    0.790710901586415    0.197913250900242    0.625223729887609    1.05367121277235e-07    8.56006539842193e-08
12.4999999999998    0.523420981286136    0.779279720187011    0.273969523650501    0.607276882294704    0    0
12.5999999999998    0.600518793763848    0.761432995402279    0.360622821663579    0.579780206487181    0    0
12.6999999999998    0.675435736984745    0.735348751950866    0.456213434796172    0.54073778699568    2.15681118162425e-07    0
12.7999999999998    0.747256703025046    0.699214804866719    0.558392580215842    0.488901343344805    0    2.35608045769362e-08
12.8999999999998    0.814892784476469    0.65139977227936    0.664050250191801    0.424321663325641    0    1.95000355367398e-07
12.9999999999998    0.877109405472143    0.590658719422149    0.769320909167772    0.348877722829425    2.75167603978804e-07    1.0873764395212e-07
13.0999999999998    0.932575991190583    0.516353831467511    0.869697979345199    0.26662127927118    3.17328265891177e-07    3.87143524192768e-08
13.1999999999998    0.979937160313541    0.428657710873601    0.960276838163409    0.183747433091383    2.06476546236143e-07    0
13.2999999999998    1.01790166662276    0.328697557469396    1.03612380291333    0.108042084286348    0    3.35276126861572e-08
13.3999999999998    1.04534100984937    0.218597720358554    1.092737826873    0.047784963345958    3.17153284755241e-07    3.88038654923433e-08
13.4999999999998    1.06138585677969    0.101389843126241    1.12653993697196    0.010279900289167    8.56006539842193e-08    5.60498368864174e-08
13.5999999999998    1.06550646062209    -0.0192158068486185    1.13530401762737    0.00036924723284675    0    5.77560804079203e-08
13.6999999999998    1.05756418512574    -0.139172539727397    1.11844200566073    0.0193689958141784    2.57665164258936e-07    6.67440625547205e-08
13.7999999999998    1.03782529653957    -0.254498509436105    1.07708134613737    0.0647694913052045    0    7.18507972433638e-08
13.8999999999997    1.00693458693315    -0.361666458211578    1.0139172623623    0.130802626995307    2.41196365002374e-07    0
13.9999999999997    0.96585346286964    -0.457914543629953    0.932872911737351    0.209685729267827    2.77777789269496e-07    0
14.0999999999997    0.915772938035372    -0.541432096488781    0.838640074037873    0.29314871510821    0    0
14.1999999999997    0.858015062724545    -0.611405346695436    0.736189847862247    0.373816497967768    2.04314428579838e-07    4.28003269921096e-08
14.2999999999997    0.793936254409555    -0.667938425510403    0.630334776065829    0.446141740273286    0    0
14.3999999999997    0.724843324067215    -0.711885613916012    0.525397844444841    0.506781127300629    1.772549339141e-07    2.27943935107862e-07
14.4999999999997    0.651928908475968    -0.744638323446205    0.425011301706705    0.554486232744795    1.97405238442e-07    1.41756963658634e-07
14.5999999999997    0.576228790207701    -0.767906270702276    0.332039618664205    0.58968004058387    0    0
14.6999999999997    0.49860015306473    -0.783521328103708    0.248602112636204    0.613905671593499    1.7733320944625e-07    3.17677939017532e-07
14.7999999999997    0.419717621430742    -0.793279586248586    0.176162881739476    0.629292501958653    0    0
14.8999999999997    0.340082966789568    -0.798825887349926    0.115656424300384    0.638122798300434    0    1.92276953169166e-07
14.9999999999997    0.260044363128077    -0.801577238991768    0.0676230707946783    0.642526070069687    0    1.41756963658634e-07
15.0999999999997    0.179821672009402    -0.802677292168257    0.0323358337242568    0.644290835362541    0    0
15.1999999999997    0.0995351050442226    -0.802972778979037    0.0099072371361665    0.644765283781361    4.55491962307598e-08    2.09147763961825e-07
15.2999999999997    0.0192355006187693    -0.803003486580482    0.000370004484056054    0.6448145994606    3.71377649249226e-08    4.36352207194159e-07
15.3999999999997    -0.0610647889394454    -0.80299913277579    0.00372890844822034    0.644807607238692    3.64705254308903e-08    1.42926917174838e-07
15.4999999999997    -0.141360852461603    -0.80287880646232    0.0199828906086736    0.644614377866385    4.89631273899038e-08    1.59100864112844e-07
15.5999999999997    -0.221624159425551    -0.802251112289696    0.0491172680410818    0.643606847170018    0    0
15.6999999999997    -0.301771565645178    -0.800415675546584    0.0910660778319386    0.640665253660725    0    1.72493411642167e-07
15.7999999999997    -0.381634658138027    -0.796369168316574    0.145645012292107    0.634203852245248    0    1.27315577049815e-07
15.8999999999997    -0.46093015022788    -0.788821428127272    0.212456603389077    0.622239245472743    0    0
15.9999999999997    -0.539232703811472    -0.77622933013628    0.290771908859852    0.602531972963764    1.44855842703757e-07    0
16.0999999999997    -0.615952396475738    -0.756857378607993    0.379397354724201    0.57283309155338    0    1.29047841397589e-07
16.1999999999997    -0.690319953345903    -0.728873758893238    0.476541637987553    0.531256956403141    2.50897679336112e-07    0
16.2999999999997    -0.761383627748716    -0.690487887689417    0.579705028603889    0.476773523045768    3.05564651703982e-07    0
16.3999999999998    -0.828021946489659    -0.640129431906025    0.685620343868553    0.409765689592355    1.6891634536914e-07    1.55215461969373e-07
16.4999999999998    -0.888976075134719    -0.576659022530733    0.790278462161876    0.33253562826605    0    0
16.5999999999998    -0.942903971808013    -0.499588405393899    0.889067900051314    0.249588574804015    0    0
16.6999999999998    -0.988455631028412    -0.409275283246504    0.977044534511805    0.167506257476523    1.6989937798666e-07    1.30118796203829e-07
16.7999999999998    -1.02436478395799    -0.307050095393772    1.04932321061321    0.0942797610813196    0    0
16.8999999999998    -1.0495481227911    -0.195233520813625    1.10155126205429    0.0381161276492855    0    3.44463475214447e-08
16.9999999999999    -1.06319960412063    -0.0770179465240897    1.13039339820229    0.00593176408679112    1.40577273548493e-07    5.9829774299074e-08
17.0999999999999    -1.06486595048819    0.043787387624487    1.13393949250904    0.00191733531498052    0    5.87102678137812e-08
17.1999999999999    -1.0544910370824    0.163115782090377    1.11195134728698    0.0266067583669578    0    5.0669426131008e-08
17.2999999999999    -1.03242148247907    0.277047912298252    1.06589411748427    0.076755545708817    0    0
17.3999999999999    -0.999372454093746    0.382190525587996    0.998745302001379    0.146069597849232    1.5123026915032e-07    5.72289954712138e-08
17.4999999999999    -0.956359663421982    0.475964643528564    0.914623805820653    0.226542341889257    2.16195257433458e-07    0
17.6    -0.904608869055016    0.556762999256239    0.81831720597301    0.309985037340794    1.21515292154998e-07    0
17.7    -0.84545665753771    0.623968317080737    0.714796959774854    0.38933646072056    1.32444417734676e-07    0
17.8    -0.78025560135624    0.677852920020259    0.608798803447782    0.459484581180009    0    1.30969254905335e-07
17.9    -0.71029382959484    0.719398240775393    0.504517324360514    0.517533828830777    1.01064592348416e-07    2.16708176914587e-07
18    -0.636734836320776    0.750077715737286    0.405431251784497    0.562616579645665    2.27089981051209e-07    2.58095682795178e-08
18.1    -0.560579224244589    0.771640683559634    0.31424906665465    0.595429344524381    0    5.05322961742078e-08
18.2    -0.482646878842051    0.785923153407773    0.23294800965598    0.617675203062488    7.93757876480464e-08    2.6467918855446e-07
18.3000000000001    -0.403576131337001    0.794698466431122    0.162873693784937    0.63154565254796    0    0
18.4000000000001    -0.323835726882971    0.799570211402668    0.104869578005821    0.63931252296246    0    0
18.5000000000001    -0.243745564608684    0.801902665143815    0.0594119002664049    0.643047884364524    0    0
18.6000000000001    -0.163502854273564    0.802780472490495    0.0267331833556    0.644456487011938    0    0
18.7000000000001    -0.0832112224411848    0.802988471252229    0.00692410754015664    0.644790484963977    1.74979625531062e-08    0
18.8000000000001    -0.00291117334573215    0.803003536433339    8.47493025022037e-06    0.644814679524426    3.6318711890365e-08    0
18.9000000000002    0.0773889689155676    0.802992249245119    0.00598905250981597    0.644796552347741    3.58407970609029e-08    7.81423485405856e-08
19.0000000000002    0.157682006429952    0.802810549828545    0.0248636151517768    0.644504778915962    3.85347024827771e-08    0
19.1000000000002    0.237930811246502    0.802004023582357    0.0566110709404242    0.643210453842317    7.50162846058692e-08    1.62893616475727e-07
19.2000000000002    0.318037367226858    0.799809988436207    0.101147766952606    0.639696017602355    1.21743490087749e-07    1.73456173044783e-07
19.3000000000002    0.397812252315227    0.795165047045474    0.158254588092083    0.632287452042764    0    0
19.4000000000002    0.476945390293834    0.786724136228038    0.227476905322543    0.618934866523775    7.22360589715291e-08    1.49754816608442e-07
19.5000000000002    0.554979608308128    0.772899084236618    0.308002365637836    0.597372994413779    0    0
19.6000000000003    0.631289401376286    0.751925748357659    0.398526308289953    0.565392331043224    0    0
19.7000000000003    0.705068198514355    0.72196815752529    0.497121164556323    0.521238020480393    2.12047241192426e-07    0
19.8000000000003    0.775328128124466    0.68126475940932    0.601133706260988    0.46412167241309    2.1073424255447e-08    2.27700275032761e-07
19.9000000000003    0.840916481048734    0.628315051240433    0.707140528099383    0.394779803615218    0    0
20.0000000000003    0.900552404114394    0.562094444588777    0.81099463255617    0.315950164637589    0    1.54498527596352e-07
20.1000000000003    0.952885513112667    0.482272443644281    0.90799080109994    0.232586709898632    0    7.65272922224333e-08
20.2000000000004    0.996574997932673    0.389397232902949    0.993161726504529    0.151630204992481    1.5012503921695e-07    8.59242871006638e-08
20.3000000000004    1.03038370980017    0.285003308506282    1.06169058942147    0.0812268858595359    0    9.42432183077448e-08
20.4000000000004    1.05327747786687    0.171602784445492    1.10939344538162    0.029447515629446    1.82501207499443e-07    0
20.5000000000004    1.06451671086699    0.0525381516745337    1.13319582771506    0.00276025738137959    0    5.73425526874592e-08
20.6000000000004    1.06372646136938    -0.0682974321339957    1.13151398461747    0.00466453923610089    2.24013572609021e-07    5.60730443279831e-08
20.7000000000004    1.05093335044557    -0.186834233938292    1.10446090707886    0.0349070309713136    3.40125328615705e-07    7.06824137308086e-08
20.8000000000005    1.02656291535206    -0.299231321424224    1.05383141917606    0.089539383721282    0    0
20.9000000000005    0.991397849699134    -0.402241494107167    0.982869696388129    0.161798219581583    2.48675335471014e-07    1.31603492294667e-07
21.0000000000005    0.946504383033733    -0.493475170152736    0.895870547102044    0.243517743557235    0    0
21.1000000000005    0.893138874076584    -0.571529167718789    0.797697048386764    0.326645589553283    0    0
21.2000000000005    0.832648492440291    -0.635978423118553    0.693303511963109    0.404468554672426    1.39785282606585e-07    2.54303934661687e-07
21.3000000000005    0.766378622541812    -0.687255843614838    0.58733619308908    0.472320594582771    0    1.67596666204959e-07
21.4000000000005    0.695596218858709    -0.72646091448168    0.483854099690459    0.527745460269579    0    1.39387599631173e-07
21.5000000000006    0.621434057269397    -0.755140080381123    0.386180287534309    0.570236540998021    6.58017461473334e-08    1.11510079704939e-07
21.6000000000006    0.544856835828529    -0.775074439663143    0.296868971549106    0.600740387019205    1.7297546217209e-07    2.63838935041812e-07
21.7000000000006    0.466647121298688    -0.788097960385799    0.21775953581636    0.621098395164266    8.60856474063646e-08    9.59940159821892e-08
21.8000000000006    0.387407459896845    -0.795956825953916    0.150084539983698    0.633547268782651    0    1.31603492294667e-07
21.9000000000006    0.3075744387355    -0.800210525563636    0.094602035363459    0.640336885222753    3.68784924470323e-08    0
22.0000000000006    0.227440771198318    -0.802168969748559    0.0517293044032832    0.643475056027389    0    0
22.1000000000007    0.147182223310487    -0.802856990605875    0.0216626068586216    0.644579347364716    6.04140562572586e-08    0
22.2000000000007    0.0668870982385096    -0.802997215245989    0.0044738839107692    0.644804527692725    3.41682440188604e-08    0
22.3000000000007    -0.0134131540709446    -0.803003522907511    0.000179912702132194    0.644814657801936    3.59962500315995e-08    2.49344118396662e-07
22.4000000000007    -0.0937129541213701    -0.802979348205889    0.00878211777015471    0.644775833645315    2.61766264635235e-08    3.99423395206935e-07
22.5000000000007    -0.174001533552249    -0.802717490472647    0.0302765336785394    0.644355369510684    7.00166304752696e-08    0
22.6000000000007    -0.254231886552353    -0.801700590331427    0.064633852139973    0.642723836537867    6.8690959045983e-08    3.29008730736667e-07
22.7000000000007    -0.334289861184633    -0.799103950023657    0.111749711290843    0.638567122943477    4.34439770493306e-08    2.56152651275263e-07
22.8000000000008    -0.413963812572732    -0.793804863437953    0.171366038119746    0.630126161217728    0    0
22.9000000000008    -0.492915774255146    -0.784404929413511    0.242965960509583    0.615291093288256    1.81280449935741e-07    2.02951408503596e-07
23.0000000000008    -0.570655850071143    -0.769273674935167    0.325648099220398    0.591781986948198    0    0
23.1000000000008    -0.646522412804743    -0.746622595804681    0.417991230258873    0.557445300566151    8.05903511225579e-08    1.76941485509841e-07
23.2000000000008    -0.719671571425829    -0.714617612489379    0.517927170718501    0.510678332080172    0    3.89715934712351e-07
23.3000000000008    -0.789079997595985    -0.671533955593991    0.622647242606161    0.450957853515674    2.85659574161184e-07    0
23.4000000000009    -0.853565256478081    -0.615949914922663    0.728573647066519    0.379394297693181    1.6221062136499e-07    0
23.5000000000009    -0.911826902727885    -0.54696482350818    0.831428300538215    0.299170518155306    0    0
23.6000000000009    -0.962509497091245    -0.464413720286351    0.926424531990886    0.21568010359021    2.11785292678355e-07    2.35608045769362e-08
23.7000000000009    -1.00428534584409    -0.369039855690822    1.00858905587718    0.136190415088321    2.1073424255447e-08    1.35038561823903e-07
23.8000000000009    -1.03595056853404    -0.262581502025825    1.07319358044587    0.0689490452061419    0    5.96046447753906e-08
23.9000000000009    -1.05652396396776    -0.147736104999357    1.11624288643816    0.0218259567203858    6.14390615465888e-08    6.87666793986214e-08
24.000000000001    -1.06533532825021    -0.0279845710697672    1.1349393616179    0.000783136217962132    0    5.72971568080486e-08
24.100000000001    -1.06208959203544    0.0927117004612226    1.12803430151002    0.00859545940241452    1.50494351064594e-07    5.53334160801506e-08
24.200000000001    -1.04689601105362    0.210296942026449    1.09599125796003    0.0442248038256779    2.14907602993488e-07    4.92105067283768e-08
24.300000000001    -1.02025729059163    0.321023902470372    1.0409249390051    0.10305634595731    0    5.29463231695887e-08
24.400000000001    -0.983020566662244    0.421802454059989    0.966329434480688    0.177917310251037    0    9.27589803784246e-08
24.500000000001    -0.93629867942131    0.510437737719166    0.876655217086009    0.260546684087852    0    0
24.600000000001    -0.881374440487489    0.585730225685705    0.776820904344699    0.343079897281819    2.54631154099629e-07    0
24.7000000000011    -0.819601744957746    0.647441960815513    0.671747020337751    0.419181092624648    0    1.0873764395212e-07
24.8000000000011    -0.752315605499407    0.696158378425562    0.565978770277983    0.484636487852141    2.08882179392519e-07    1.81127276735652e-07
24.9000000000011    -0.680759495385429    0.733087820705438    0.463433490557439    0.537417752866686    1.23553901551493e-07    1.95426896938741e-07
25.0000000000011    -0.606034078540905    0.759840889947417    0.367277304352973    0.577358178036084    2.22521789715708e-07    4.59284633619262e-08
25.1000000000011    -0.529067580241212    0.778222897884378    0.279912504462244    0.605630878791549    0    0
25.2000000000011    -0.450605350032727    0.790059958267844    0.203045181478112    0.624194737658165    0    0
25.3000000000012    -0.371214743403072    0.797067029453641    0.137800385719773    0.635315849442068    0    1.25559416013604e-07
25.4000000000012    -0.291301112717716    0.800756931884794    0.0848563382705913    0.641211663961471    1.09183422399706e-07    0
25.5000000000012    -0.211131105916603    0.802383773254684    0.0445763438855643    0.643819719582387    0    0
25.6000000000012    -0.130860268453459    0.802911890865313    0.0171244098597146    0.644667504492903    5.8280258801438e-08    0
25.7000000000012    -0.0505628474986611    0.803001450106571    0.00255660154717395    0.644811328873303    3.30586719313615e-08    2.17985195492622e-07
25.8000000000012    0.0297374799926952    0.803003275173404    0.000884317716317273    0.644814259939178    3.64199524686506e-08    0
25.9000000000012    0.110036595307807    0.80295764828935    0.0121080523069348    0.644740984946355    2.58766934079114e-08    0
26.0000000000013    0.190318876083024    0.802594242452155    0.036221274593507    0.644157518017398    3.68784924470323e-08    2.22771113928051e-07
26.1000000000013    0.270526160048945    0.801332857763565    0.0731844032708308    0.642134348931621    5.86659302861378e-08    3.13810105452727e-07
26.2000000000013    0.350526902239598    0.798287143106852    0.122869109193677    0.637262362849741    0    2.02403630423637e-07
26.3000000000013    0.430086038011869    0.792275978561417    0.184974000092743    0.627701226205491    0    2.02129184696831e-07
26.4000000000013    0.508836643809364    0.781849397081779    0.258914730083194    0.611288479717175    1.27315577049815e-07    1.85218496541024e-07
26.5000000000013    0.586255270309435    0.765337656518281    0.343695241965626    0.585741728484961    1.93571762096384e-07    2.5852548439648e-07
26.6000000000014    0.661643719026288    0.740932523360479    0.43777241092698    0.548981004173299    2.04857097340636e-07    0
26.7000000000014    0.734120881609127    0.706808221696141    0.538933468814522    0.499577862257267    0    7.06824137308086e-08
26.8000000000014    0.802628801897283    0.661284818684469    0.644212993635123    0.437297611422462    2.34190130911793e-07    0
26.9000000000014    0.865957013390827    0.603028497406401    0.749881549040815    0.36364336868427    2.31328229550422e-07    2.18620907531995e-07
27.0000000000014    0.922788089748282    0.531271514934703    0.851537858581301    0.282249422580982    1.30331931147992e-07    0
27.1000000000014    0.971764977198759    0.446021722955877    0.944327170910084    0.198935377348531    0    4.08085105944549e-08
27.2000000000015    1.01157710398629    0.348221153404631    1.0232882373093    0.121257971678455    9.8843121241194e-08    5.91371501475109e-08
27.3000000000015    1.04105798906552    0.239810434889885    1.0838017365969    0.0575090446820757    0    0
27.4000000000015    1.05928309731985    0.123665042710886    1.1220806802675    0.0152930427886885    0    5.64200104432589e-08
27.5000000000015    1.06565429968312    0.00339162752312494    1.13561908643325    1.15031372588794e-05    3.55448139961856e-07    5.71027685431179e-08
27.6000000000015    1.05995762881403    -0.116996354002581    1.12351017488093    0.0136881468499006    0    5.65888640692953e-08
27.7000000000015    1.04238451904928    -0.233473994252823    1.08656548555362    0.0545101059923699    1.72493411642167e-07    5.36622862923441e-08
27.8000000000015    1.01351278898319    -0.342402321526785    1.02720817343261    0.11723934978693    3.39471869167522e-07    0
27.9000000000016    0.974250720092926    -0.44085821561613    0.949164465601585    0.194355966276234    0    0
28.0000000000016    0.925753759687453    -0.526845658389752    0.857020023575443    0.277566347764118    0    0
28.1000000000016    0.869327044762486    -0.599367277772376    0.755729510755577    0.359241133664275    3.14340339746013e-07    8.26309361041294e-08
28.2000000000016    0.806327449891182    -0.658366367757624    0.650163956448125    0.433446274194425    3.30187675448661e-07    2.40042860710427e-07
28.3000000000016    0.738076600038946    -0.704572463044334    0.544757067525001    0.496422355680339    0    0
28.4000000000016    0.665792368094961    -0.739293533020405    0.443279477413453    0.54655492796579    0    0
28.5000000000017    0.590542090188057    -0.764195691914847    0.348739960283668    0.583995055541249    0    1.9285349705137e-07
28.6000000000017    0.513217100731153    -0.781101252427251    0.263391792482883    0.610119166543368    0    0
28.7000000000017    0.434525748013595    -0.791823024888178    0.18881262568677    0.626983702743026    0    0
28.8000000000017    0.355000870366389    -0.798041005724009    0.126025617960903    0.636869446816934    9.5122645309595e-08    0
28.9000000000017    0.275017558226784    -0.801219038709913    0.0756346573330187    0.64195194799121    0    0
29.0000000000017    0.194817541686268    -0.802554176103949    0.0379538745486814    0.644093205582005    2.66038940420108e-08    3.41591041873325e-07
29.1000000000017    0.114537381519595    -0.802949688092737    0.0131188117653647    0.644728201608248    0    1.56639486861442e-07
29.2000000000018    0.034238540827164    -0.803003083997136    0.00117227767797451    0.644813952908932    3.37242950843645e-08    1.41364827461617e-07
29.3000000000018    -0.0460617941229249    -0.803002090744482    0.00212168887782434    0.644812357739976    4.02628748141551e-08    0
29.4000000000018    -0.126359681237236    -0.802923832682318    0.0159667690423772    0.644686681089334    3.49959251062124e-08    2.64888835469353e-07
29.5000000000018    -0.20663336064798    -0.802434884634349    0.042697345732672    0.643901744078159    0    1.36571398227091e-07
29.6000000000018    -0.286812237828915    -0.800892347658756    0.0822612597684453    0.641428552538301    1.2236884017033e-07    0
29.7000000000018    -0.366746125544712    -0.797348660911595    0.134502720602049    0.635764887057479    0    0
29.8000000000019    -0.446175362198501    -0.790565333042991    0.199072453832957    0.624993545809488    0    3.35027682124333e-07
29.9000000000019    -0.524703038567834    -0.779042829762451    0.275313278682333    0.606907730604317    1.2511652427723e-07    1.70551585290724e-07
30.0000000000019    -0.601771386993917    -0.761075471709584    0.362128802204532    0.579235873638008    0    2.05938144938428e-07
30.1000000000019    -0.676645286470245    -0.734840286042485    0.457848843702414    0.539990245990969    1.22425531783365e-07    0
30.2000000000019    -0.748406648169885    -0.698526568400163    0.560112511024822    0.487939366760903    0    0
30.3000000000019    -0.815963883698013    -0.650507557072447    0.665797059499542    0.423160081808436    0    2.706930357901e-07
30.400000000002    -0.878080375073792    -0.589546517526141    0.771025145089719    0.347565096327265    0    2.54085554256736e-07
30.500000000002    -0.933424507354387    -0.51501742734986    0.87128131092978    0.265242950474062    1.82501207499443e-08    0
30.600000000002    -0.980641195206589    -0.427107653089777    0.961657153736129    0.182420947327838    0    0
30.700000000002    -1.01844106074928    -0.326960789829347    1.03722219422005    0.106903358085836    0    6.99918502124248e-08
30.800000000002    -1.04569911287559    -0.216717230399642    1.0934866346689    0.0469663579520936    3.02093251536985e-07    4.51667444891562e-08
30.900000000002    -1.06155101854229    -0.0994219963785799    1.12689056496822    0.00988473336390557    2.17985195492622e-07    5.66654493852565e-08
31.000000000002    -1.06547314406342    0.0212060888751368    1.1352330207205    0.000449698205383693    3.22361404490232e-07    5.91128530170229e-08
31.1000000000021    -1.05733351474266    0.141118090995672    1.11795416139801    0.0199143156062658    0    5.44325977422389e-08
31.2000000000021    -1.03740494603984    0.256336620344485    1.07620902206783    0.0657084629296385    0    7.61637400845471e-08
31.3000000000021    -1.00633802609436    0.363344797015325    1.01271622276357    0.132019441518122    2.82336701773054e-07    1.21857428802521e-07
31.4000000000021    -0.965098694228549    0.459395307919436    0.931415489601573    0.211044048938427    0    1.83411443607378e-07
31.5000000000021    -0.91488092984982    0.542693893964074    0.837007115802887    0.294516662545943    1.29047841397589e-07    2.31208214896663e-07
31.6000000000021    -0.857008108575635    0.612442828564068    0.734462898164442    0.375086218259545    2.32763578769763e-07    0
31.7000000000022    -0.792836464391945    0.668760127403742    0.628589659269573    0.447240108005119    2.29158349323715e-07    2.22272185834889e-07
31.8000000000022    -0.723671393060681    0.712510697069693    0.523700285134346    0.507671493438758    0    1.33280037492501e-07
31.9000000000022    -0.65070323532654    0.745092925621677    0.423414700464485    0.555163467811479    2.41771053367674e-07    9.54139864062197e-08
32.0000000000022    -0.574964957003656    0.768220038884298    0.330584701782195    0.590162028143403    0    1.02157214289919e-07
32.1000000000022    -0.49731072661448    0.783724479598246    0.24731795880581    0.614224059921601    0    2.44624244561523e-07
32.2000000000022    -0.41841221421638    0.793400669112381    0.175068781005448    0.629484621748026    0    2.26967725332496e-07
32.3000000000021    -0.338768487234073    0.79889022389264    0.114764087942892    0.638225589831186    1.70225793999372e-07    0
32.4000000000021    -0.258725391374225    0.801605946055414    0.0669388281417445    0.642572092751367    0    0
32.5000000000021    -0.178500910058388    0.802686750928911    0.0318625748916756    0.644306020116786    5.43688219760598e-08    0
32.6000000000021    -0.0982138661729722    0.802974362860292    0.00964596350864375    0.644767827410899    3.53412068654043e-08    8.75245043968464e-08
32.7000000000021    -0.0179142140397496    0.803003492204694    0.000320919064663357    0.644814608492928    3.73343047738586e-08    0
32.800000000002    0.0623860674962559    0.802998728051449    0.00389202141764892    0.644806957252144    3.89321799689503e-08    0
32.900000000002    0.142681926937753    0.80287401992452    0.020358132274672    0.644606691869806    4.05526553412475e-08    2.19760555084834e-07
33.000000000002    0.222944182933354    0.802232924446728    0.0497041087038194    0.643577665066426    0    2.77777789269496e-07
33.100000000002    0.303088537990141    0.800370007170259    0.0918626618609884    0.640592148377822    0    3.18201728225687e-07
33.200000000002    0.382944922260538    0.796277054137097    0.146646813485121    0.634057146945241    0    0
33.3000000000019    0.46222792317788    0.788659392196844    0.21365465296537    0.621983636900408    1.84241876287434e-07    3.34696135598663e-07
33.4000000000019    0.540509660441482    0.775970161624718    0.292150693030585    0.602129691732027    1.36977257660406e-07    3.67729743696841e-07
33.5000000000019    0.617197353846759    0.756471398604247    0.380932573595414    0.57224897690644    0    4.17631460942075e-07
33.6000000000019    0.691518714191419    0.728330752894813    0.478198132076898    0.53046568561239    0    2.55066793689485e-07
33.7000000000019    0.762519050313045    0.689759687160336    0.581435302090381    0.475768426031608    2.70487887571325e-07    2.87885652279282e-07
33.8000000000018    0.829074309910078    0.639193209162508    0.687364211352923    0.408567958639611    2.24755751028632e-07    3.81219351454557e-07
33.9000000000018    0.889923791550962    0.575500897761383    0.791964354768493    0.331201283324296    2.30847796571697e-07    3.71260270574719e-07
34.0000000000018    0.943724660959776    0.498206968077075    0.890616235703768    0.24821018304063    3.50889916399616e-07    2.79322256641917e-07
34.1000000000018    0.989127514799586    0.407684353239344    0.97837324053372    0.166206531876251    3.40288497408308e-07    2.62679197844925e-07
34.2000000000018    1.02486828830166    0.305279987118303    1.0503550083665    0.0931958705349862    3.43697148402655e-07    1.87082283638265e-07
34.3000000000017    1.04986750654014    0.193330238741029    1.10222178128899    0.037376581211684    4.17498520795164e-07    1.4456814461896e-07
34.4000000000017    1.06332439105477    0.0750400617084029    1.13065876061225    0.00563101086120507    4.96009498151935e-07    6.45239206987946e-08
34.5000000000017    1.06479193982358    -0.0457739619519242    1.13378187511351    0.00209525559278416    4.99355676177622e-07    8.92127306374017e-08
34.6000000000017    1.05422072147028    -0.165044243879449    1.11138132957752    0.0272396024377681    4.52220168873475e-07    1.70846297023921e-07
34.7000000000017    1.03196379954935    -0.278857240582126    1.06494928358052    0.0777613606251405    4.37241815063989e-07    2.51174089775049e-07
34.8000000000016    0.998741915392651    -0.383831078961945    0.997485413562404    0.147326297177193    4.73214522248519e-07    3.1950744453656e-07
34.9000000000016    0.955575011036275    -0.47740188800033    0.913123601717131    0.227912562666406    3.90995793443976e-07    3.5548718089118e-07
35.0000000000016    0.903691474820449    -0.557978915648831    0.816658281663104    0.311340470308801    0    3.95793467321796e-07
35.1000000000016    0.844428894353082    -0.624960610928348    0.71306015761838    0.390575765212111    1.02157214289919e-07    4.21007251578172e-07
35.2000000000016    0.77913938126695    -0.678632582270603    0.607058175441114    0.460542181719417    2.62573513190539e-07    3.8821743339637e-07
35.3000000000015    0.709109439855631    -0.719986162123993    0.502836197692492    0.518380073650215    3.54039799288414e-07    4.21994991854021e-07
35.4000000000015    0.635500133164219    -0.750501016936656    0.403860419251793    0.563251776423079    2.31807666809917e-07    3.51364198999154e-07
35.5000000000015    0.559309181553725    -0.771929352941192    0.312826760570332    0.595874925932287    1.83260051552189e-07    2.81549150164294e-07
35.6000000000015    0.481353448655965    -0.786107223360973    0.231701142532997    0.617964566620379    7.561513457516e-08    2.83318062749975e-07
35.7000000000015    0.402268348746202    -0.794805941512324    0.161819824403    0.631716484663411    6.18891705790019e-08    3.45629856131768e-07
35.8000000000014    0.322519990796967    -0.799625631042153    0.104019144463684    0.639401149819507    9.30577218293905e-08    0
35.9000000000014    0.242426032841167    -0.801926206278762    0.0587703813991155    0.643085640316698    9.44271076890571e-08    2.23517417907715e-07
36.0000000000014    0.162181902223193    -0.802787513409762    0.0263029694087393    0.644467791686665    7.74062974571442e-08    1.88780716945528e-07
36.1000000000014    0.0818899414904768    -0.802989342199806    0.00670596251731622    0.644791883686466    5.01446076705001e-08    0
36.2000000000014    0.00158987302853681    -0.803003506503419    2.52769624943746e-06    0.644814631456853    5.06818870067999e-08    2.57665164258936e-07
36.3000000000013    -0.0787102449450902    -0.80299134797228    0.00619530265931953    0.644795104918344    5.85919598490962e-08    7.52471755322969e-08
36.4000000000013    -0.1590029540792    -0.802803578259453    0.0252819394059224    0.644493585266483    1.00944369322354e-07    5.49224540411893e-07
36.5000000000013    -0.239250367513882    -0.801981092218974    0.0572407383555585    0.643173672277295    1.75879473002447e-07    7.45579417922609e-07
36.6000000000013    -0.319353224549547    -0.799755892550739    0.101986482030258    0.639609487670907    2.54440327235001e-07    1.13052587141935e-06
36.7000000000013    -0.399120341357321    -0.795059954287266    0.159297046885308    0.632120330913156    3.52113839936766e-07    1.37325337415507e-06
36.8000000000012    -0.478239426747033    -0.786543712912411    0.22871294929558    0.618651012324656    4.99911194956787e-07    1.61727376276078e-06
36.9000000000012    -0.556250692894526    -0.772615489144777    0.309414833346003    0.596934694069745    6.02530438278786e-07    1.82257710116156e-06
37.0000000000012    -0.632525731896532    -0.751509081685102    0.400088801511984    0.564765899859062    8.60920955279725e-07    1.96915335507568e-06
37.1000000000012    -0.706254955046135    -0.721388363298489    0.498796061528329    0.520401170706952    1.05403993318204e-06    2.11622721765243e-06
37.2000000000012    -0.776447596385659    -0.680494558240647    0.602870869934788    0.463072843799713    1.31181008083068e-06    2.14015901260685e-06
37.3000000000011    -0.8419484878925    -0.627333149516903    0.708877256266616    0.393546880487364    1.46570172704056e-06    2.13691432009674e-06
37.4000000000011    -0.901475104200739    -0.560889284990797    0.812657363496731    0.314596790021591    1.73132641179688e-06    2.02550306196969e-06
37.5000000000011    -0.953676534627444    -0.48084558905152    0.909498932702746    0.231212480513578    1.93281904366684e-06    1.80973207052e-06
37.6000000000011    -0.99721289106703    -0.387765857747428    0.994433550114577    0.150362360436851    2.07682845961546e-06    1.50095455013447e-06
37.7000000000011    -1.03084957039608    -0.283201127907129    1.06265083679075    0.0802028788490785    2.22895671451861e-06    1.09928891968447e-06
37.800000000001    -1.05355655535533    -0.169678757654797    1.1099814153374    0.0287908807996181    2.28075403311683e-06    5.8545162334509e-07
37.900000000001    -1.06459976929593    -0.050552808055938    1.13337266879017    0.00255558640235907    2.28464494571316e-06    1.36242338771106e-07
38.000000000001    -1.06361067965136    0.0702773918507364    1.13126767787362    0.00493891180561009    2.27783148702515e-06    5.17825401632287e-07
38.100000000001    -1.05062260482075    0.188742718789902    1.10380785776533    0.0356238138971954    2.23204274168371e-06    9.95667029260948e-07
38.200000000001    -1.02606739458527    0.301009207866014    1.05281429823544    0.0906065432223001    2.10634120004501e-06    1.47472099230682e-06
38.3000000000009    -0.990733072048363    0.403842050796103    0.981552020054178    0.163088401994616    1.94718326086616e-06    1.84742851313696e-06
38.4000000000009    -0.945689779258347    0.494867255158998    0.894329158596704    0.244893600232984    1.73267252557686e-06    2.09362640495447e-06
38.5000000000009    -0.892196163085587    0.572698130149613    0.796013993426863    0.32798314828186    1.49004161171606e-06    2.23542251796787e-06
38.6000000000009    -0.831600072276704    0.636924968598748    0.691558680212262    0.405673415629771    1.28184635446111e-06    2.29234641993843e-06
38.7000000000009    -0.76524616096017    0.687993316316394    0.585601686865424    0.473334803301068    1.07003411408045e-06    2.24471539337647e-06
38.8000000000008    -0.694399559678247    0.727011785481655    0.482190748482092    0.528546136234031    8.6539062928882e-07    2.19262371681379e-06
38.9000000000008    -0.620190489764098    0.75553241964357    0.384636243594277    0.570829237136347    6.67981012901452e-07    1.96968889917992e-06
39.0000000000008    -0.543580712102638    0.775338399996493    0.295479990570205    0.601149634512397    4.40845256819934e-07    1.80961704054597e-06
39.1000000000008    -0.465349773475857    0.788263356305591    0.216550411674089    0.621359118896619    2.39464024901214e-07    1.56982866828213e-06
39.2000000000008    -0.386097345663314    0.796051069718176    0.149071160328308    0.633697305601141    2.27395332783935e-07    1.29969393780504e-06
39.3000000000008    -0.306257450929543    0.800257365048849    0.0937936262498724    0.640411850315952    1.05301246234049e-07    1.01251169916148e-06
39.4000000000007    -0.226120653890648    0.802187661387368    0.0511305501159547    0.643505044082608    1.43677449045158e-07    6.88201382086008e-07
39.5000000000007    -0.145861029943358    0.802861774493027    0.0212754400561576    0.644587028942339    1.43023981306348e-07    4.97127393412956e-07
39.6000000000007    -0.0655657152068729    0.802997412954019    0.00429886301062353    0.644804845210983    1.86464641766216e-07    3.67880669105903e-07
39.7000000000007    0.0147345265764288    0.803003341513182    0.000217106273472115    0.644814366481367    2.0156209469413e-07    1.7850322351919e-07
39.8000000000007    0.0950342444242965    0.802977070622137    0.00903150761335692    0.644772175946159    2.44943148791988e-07    1.11808368458176e-06
39.9000000000006    0.175322209867072    0.80270601125053    0.0307378772729    0.644336940511633    4.75791912676142e-07    3.72780774409446e-06
40.0000000000006    0.255550571858071    0.801670142209155    0.0653060947777936    0.642675016928814    8.98212221141136e-07    4.37806411655209e-06
40.1000000000006    0.335603855499383    0.79903743443585    0.112629947828095    0.638460821671186    1.42994383729417e-06    6.43124518994575e-06
40.2000000000006    0.415268548951689    0.793681878755457    0.172447967752921    0.629930924725988    2.11649607023807e-06    7.82274063693369e-06
40.3000000000006    0.494204379687249    0.784200423546343    0.24423796891069    0.614970304373234    2.93794825128877e-06    9.1087667203358e-06
40.4000000000005    0.571918775720061    0.76895942005282    0.327091086036282    0.591298589790559    3.89206378464457e-06    1.01286854829632e-05
40.5000000000005    0.647747181635115    0.746168575079793    0.419576411340759    0.556767542555149    4.95214260607922e-06    1.08876004981289e-05
40.6000000000005    0.720842696664253    0.713993996878007    0.519614193371247    0.509787427715759    6.0872474588507e-06    1.17442422146632e-05
40.7000000000005    0.790179186582257    0.670714714911706    0.624383146960691    0.449858228943842    7.27281241685113e-06    1.20312505157581e-05
40.8000000000005    0.854571906809209    0.614915791313872    0.730293143979092    0.378121430545084    8.45951664429494e-06    1.1743892435913e-05
40.9000000000004    0.912718974225919    0.545706906567454    0.833055926004027    0.297796027996909    9.59236716999999e-06    1.10221865780008e-05
41.0000000000004    0.963264728532444    0.462936899570317    0.92787893734775    0.214310573079067    1.06332967703797e-05    9.76166102002845e-06
41.1000000000004    1.00488275379043    0.36736511951069    1.00978934899811    0.134957131093757    1.15187614566208e-05    7.78803277350198e-06
41.2000000000004    1.03637208527013    0.260746114079325    1.07406709927547    0.0679885360362227    1.21787072839695e-05    5.36231179247654e-06
41.3000000000004    1.05675600356952    0.145791830677396    1.11673325123852    0.0212552579000317    1.25815667106946e-05    2.78663044355879e-06
41.4000000000003    1.06537006905935    0.025994085734383    1.13501338420893    0.00067569249365197    1.27045136628371e-05    6.96791516886096e-07
41.5000000000003    1.06192574653697    -0.0946814881126057    1.12768629131503    0.00896458420169897    1.25270296486073e-05    3.23751196700521e-06
41.6000000000003    1.04653896239257    -0.212180673282688    1.09524379995102    0.045020638152457    1.20540078845249e-05    6.14510714834078e-06
41.7000000000003    1.01971856738476    -0.322765007434847    1.0398259567977    0.104177250095429    1.13346620734989e-05    8.42684956953251e-06
41.8000000000003    0.982316741129171    -0.423357361252489    0.964946180010593    0.179231455433053    1.03903094758414e-05    1.03141872388474e-05
41.9000000000002    0.935449889322    -0.511778866374595    0.8750664955187    0.261917608206286    9.28218556420511e-06    1.17737279779116e-05
42.0000000000002    0.880402742707102    -0.586846605805928    0.775108989431351    0.34438893890387    8.07241440317324e-06    1.25670977277707e-05
42.1000000000002    0.818529533606387    -0.648337482171696    0.669990597432372    0.420341490951527    6.8178227149658e-06    1.27590360647468e-05
42.2000000000002    0.751164263382783    -0.696848930296627    0.564247750614406    0.485598431807547    5.56840064900584e-06    1.23285790722605e-05
42.3000000000002    0.679548379338574    -0.73359748791693    0.461785999880854    0.538165274412495    4.3785142115081e-06    1.15959090077788e-05
42.4000000000001    0.604779856724173    -0.7601984385132    0.365758675110101    0.577901666033007    3.28475135170337e-06    1.07284117820083e-05
42.5000000000001    0.52778393744788    -0.778458837039959    0.278555884633234    0.605998161057847    2.29045680365566e-06    9.60426945803591e-06
42.6000000000001    0.449302945368908    -0.790203973329968    0.201873136719301    0.624422319532576    1.45782180834583e-06    8.13056705141518e-06
42.7000000000001    0.36990140653033    -0.797145767889706    0.136827050553811    0.635441375310349    8.33133503704927e-07    6.77354077798711e-06
42.8000000000001    0.289982174958417    -0.800793277629117    0.0840896617939235    0.641269873525155    5.56491540754556e-07    5.40104915887931e-06
42.9    0.209809850765267    -0.802396641333506    0.0440201734786152    0.643840370033023    6.86581209589905e-07    3.11948967511386e-06
43    0.12953837931347    -0.802913368469868    0.0167801917159113    0.644669877274502    8.66456396502062e-07    2.62135525374042e-06
43.1    0.0492409972628799    -0.803000328509192    0.00242467581250347    0.644809527587909    1.02981622744786e-06    1.42779253318426e-06
43.2    -0.0310592295066153    -0.803002017099294    0.000964675738760529    0.644812239467218    1.10269050038969e-06    1.29751385138718e-06
43.3    -0.1113579441504    -0.802948750721188    0.0124005917275767    0.644726696363874    1.47412448441296e-06    8.89710388646574e-06
43.3999999999999    -0.19163844191344    -0.80256658490135    0.0367252924283212    0.644113123699011    3.05124813458289e-06    2.2333731448434e-05
43.4999999999999    -0.271841915602516    -0.801281470956928    0.0738980271077194    0.642051996352238    5.41056961592783e-06    2.55605195516606e-05
43.5999999999999    -0.351835302705467    -0.798190110411235    0.123788080303838    0.637107453621343    8.60179452133651e-06    3.55393209921865e-05
43.6999999999999    -0.431381654151385    -0.792112498636637    0.186090131695226    0.627442212434024    1.25236248320213e-05    4.40187124166033e-05
43.7999999999999    -0.510111630273051    -0.781594906860152    0.260213875635723    0.610890600982209    1.72015254319713e-05    5.05220711379575e-05
43.8999999999998    -0.587499092179286    -0.764964183994675    0.345155183819285    0.585170205881861    2.2534391560605e-05    5.55627696163277e-05
43.9999999999998    -0.662842919488805    -0.740408642106738    0.439360736724876    0.548204961159631    2.84329530771425e-05    6.20748501632709e-05
44.0999999999998    -0.735259088526416    -0.706107855404942    0.5406059284687    0.498588307542006    3.4756358759644e-05    6.38548327355539e-05
44.1999999999998    -0.803687024429224    -0.660382646714037    0.645912834940822    0.436105244373013    4.12907049399536e-05    6.55131691394539e-05
44.2999999999998    -0.866914244784679    -0.601908820346699    0.751540310093667    0.362294232120076    4.77815510071542e-05    6.41008596204627e-05
44.3999999999997    -0.923622260620391    -0.52993015554776    0.853078083224431    0.280825973257938    5.39528421898674e-05    5.91528897990752e-05
44.4999999999997    -0.972454267202186    -0.444468761384693    0.945667305339219    0.197552482425939    5.949352008554e-05    5.07847950617177e-05
44.5999999999997    -1.01210148413473    -0.346482037806542    1.02434941829483    0.120049804146076    6.40867553078377e-05    4.02927018092909e-05
44.6999999999997    -1.04140083854044    -0.237927263633823    1.08451571106479    0.056609383524339    6.74688657809712e-05    2.72774710041947e-05
44.7999999999997    -1.05943273655438    -0.12169440606597    1.12239772809752    0.014809528595803    6.93860310586017e-05    1.13160806159421e-05
44.8999999999996    -1.06560510153614    -0.00139696087103994    1.13551423727984    1.95153025178304e-06    6.97136537468483e-05    5.52960815614328e-06
44.9999999999996    -1.05971062900436    0.118946397236529    1.12298662190462    0.0141482458922196    6.84090466276255e-05    2.18327625331226e-05
45.0999999999996    -1.04194734749401    0.235317310915048    1.08565427924577    0.0553742380954817    6.55436362113269e-05    3.57657952986639e-05
45.1999999999996    -1.01289894485367    0.344084605819823    1.0259642762434    0.118394218361758    6.13002820217649e-05    4.89854594033642e-05
45.2999999999996    -0.973478355851441    0.442340807773486    0.947660112437327    0.195665393720029    5.59115555488604e-05    5.91466667082255e-05
45.3999999999995    -0.924844080579398    0.528106827733273    0.855336575852723    0.278896825761378    4.96987983900412e-05    6.52907058791446e-05
45.4999999999995    -0.86830266199205    0.600400817197316    0.753949514670412    0.360481145989975    4.29875825287259e-05    6.85475713656107e-05
45.5999999999995    -0.805210838280839    0.659180243377171    0.648364495386787    0.434518598062997    3.60812287511391e-05    6.93124101177394e-05
45.6999999999995    -0.736888814237558    0.705185622350073    0.543005125405425    0.497286766598084    2.92743940247216e-05    6.80354612740373e-05
45.7999999999995    -0.664552129345272    0.739734087502257    0.44162953313747    0.547206524134397    2.28064718263718e-05    6.26226781817405e-05
45.8999999999994    -0.589265256241326    0.76449233824223    0.34723354249704    0.584448538616474    1.684889128755e-05    5.81842109412483e-05
45.9999999999994    -0.511916399213627    0.781287113315273    0.262058399918474    0.610409555919963    1.16029296056814e-05    4.98743579211622e-05
46.0999999999994    -0.433210846569517    0.791927120609967    0.187671637637945    0.627148566091987    7.24344932169576e-06    4.16460557770253e-05
46.1999999999994    -0.353678647210999    0.798088984521734    0.125088585509901    0.636946028377261    4.11086079825199e-06    3.40929303609203e-05
46.2999999999994    -0.273692417802641    0.801231582528768    0.0749075395725404    0.641972049646932    3.14403466368883e-06    2.8379186185798e-05
46.3999999999993    -0.193491888896102    0.802553694079411    0.0374391110842861    0.644092432120945    3.96291139614918e-06    1.55059739224385e-05
46.4999999999993    -0.113212281061626    0.802940724930589    0.0128170206076306    0.644713807940813    4.94510222526917e-06    1.37387494068425e-05
46.5999999999993    -0.0329142591261997    0.802996904163072    0.00108334848680349    0.644804028139875    5.7425487020889e-06    6.66303552428776e-06
46.6999999999993    0.0473854748364683    0.802992572113649    0.00224538326392713    0.644797070986233    6.2007715795785e-06    1.07952819552552e-05
46.7999999999993    0.127680740830807    0.802872343071307    0.0163023716645177    0.644604003563261    9.24196773233118e-06    6.55320584443248e-05
46.8999999999992    0.207946096792133    0.80232677983124    0.0432415795500994    0.643728278525329    1.94683421504233e-05    0.000129965237085246
46.9999999999992    0.288112608109725    0.800740225380347    0.0830088760430187    0.641184933178547    3.30337820803494e-05    0.000156959798263028
47.0999999999992    0.368027139230125    0.797123672406295    0.135443977890906    0.63540618874304    5.17783404126329e-05    0.000199079233595157
47.1999999999992    0.447428747800506    0.790241928341342    0.200192489915416    0.624482365138683    7.45458737310859e-05    0.000244601800959447
47.2999999999992    0.525918038339352    0.778599962197046    0.276589793309592    0.606217980339231    0.000101286131115413    0.000281435587243265
47.3999999999991    0.602934648281646    0.760481972551004    0.363530207420841    0.57833293300286    0.000131614316447677    0.00032004342504296
47.4999999999991    0.677740689067826    0.734073429769057    0.459332468883578    0.53886392095795    0.000165122520203009    0.000347368743014717
47.5999999999991    0.749415963245076    0.697564734933508    0.561624326164232    0.486596691489874    0.000200493608823047    0.000363410262480945
47.6999999999991    0.816866756766244    0.64933904777679    0.667271354425026    0.421641329593314    0.000236886523279025    0.000361421701324918
47.7999999999991    0.87885545384093    0.588163154719929    0.77238698315798    0.345936017854315    0.000272785690977202    0.000348258834702219
47.899999999999    0.934050564052685    0.513425854348989    0.872450550178845    0.263606210260713    0.000306548047666531    0.000319916744788551
47.999999999999    0.981098530065552    0.425329794931791    0.962554438912876    0.180905510812422    0.000336475984703495    0.000276325356809786
48.099999999999    1.01871310891949    0.325039449371857    1.0377765285172    0.105650688513422    0.000360877792031769    0.000211814688330679
48.199999999999    1.04577408413084    0.214707608996376    1.0936435779989    0.0460993745840339    0.000378099465493734    0.000131236782563199
48.299999999999    1.0614229753288    0.0973829370056617    1.12661888240137    0.00948343901868585    0.000387098857584614    5.09787914062303e-05
48.3999999999989    1.06514293077801    -0.0231987069248786    1.13452961286072    0.00053818262918538    0.000387136074045812    5.12464532440634e-05
48.4999999999989    1.05680881427094    -0.143004455403376    1.11684501290251    0.0204502919886921    0.000378129292096903    0.000133129545264674
48.5999999999989    1.03669972052712    -0.258051954409269    1.07474644061084    0.0665908584944151    0.000360651935657438    0.000217531541798364
48.6999999999989    1.00547144484176    -0.364849762453098    1.01097293905451    0.133115429632276    0.000335652102160041    0.00028367268933471
48.7999999999989    0.964093378664687    -0.46066359315863    0.929476135661874    0.212211056206584    0.000304756923972342    0.000331880646683604
48.8999999999988    0.91376134403043    -0.543713308334847    0.834959866534148    0.295624296335867    0.000269610552516148    0.000366981529081164
48.9999999999988    0.855798785240449    -0.613221483618091    0.732391614638219    0.376040735102233    0.000231989635767848    0.000383577189412355
49.0999999999988    0.791560516538961    -0.669320459771375    0.626568088830266    0.447990023225269    0.000193615182972149    0.000381256743846271
49.1999999999988    0.722349441529017    -0.712880621264082    0.521788740008814    0.508198915737586    0.000155985675307704    0.000368189792426362
49.2999999999988    0.649352536576398    -0.745302118492316    0.421658731299525    0.555475369446586    0.000120587405743533    0.000348736938581332
49.3999999999987    0.573599398641683    -0.768314127124844    0.329016277895585    0.590306694014687    8.81673687444625e-05    0.000309959797760931
49.4999999999987    0.495940395761869    -0.783736162649274    0.245956879746744    0.614242443288011    5.99858729998252e-05    0.000265789017471233
49.5999999999987    0.417044020954955    -0.793359415260923    0.173925716773629    0.62941921095971    3.68693842161805e-05    0.000221757879088213
49.6999999999987    0.337406472224175    -0.798824508596811    0.113843127943559    0.638120626377963    2.10901940042967e-05    0.000175621825144156
49.7999999999987    0.257371068042897    -0.80152428184245    0.0662398669865183    0.642441196010588    1.79158180671722e-05    0.000147063020839897
49.8999999999986    0.1771531171931    -0.802630961920871    0.0313832274467953    0.644216467193735    2.27060098663639e-05    7.8483833199831e-05
49.9999999999986    0.0968719028375335    -0.802917247838115    0.009384166332322    0.644676111712603    2.78021127314748e-05    6.95461705804987e-05
50.0999999999986    0.0165767604439473    -0.802970767584762    0.000274790002525603    0.644762055064801    3.18701990478068e-05    3.83293552872946e-05
50.1999999999986    -0.0637193218937813    -0.802921359260942    0.00406015326870519    0.644682718597077    3.58622624769683e-05    9.71577987047996e-05
50.2999999999986    -0.14399611869642    -0.802530825268089    0.0207348857940745    0.644055944393368    5.99536571466307e-05    0.000467854558399403
50.3999999999985    -0.224210358259188    -0.801678917992567    0.0502703003980039    0.642689660132987    0.000125089129937949    0.000756689668892941
50.4999999999985    -0.304293353747425    -0.799615090467746    0.0925944879048834    0.639385285776531    0.000206809158149061    0.000996430021787308
50.5999999999985    -0.384063723491501    -0.795337464583944    0.147505045034361    0.632563095745667    0.000318327197522895    0.00118877031064554
50.6999999999985    -0.46323780124591    -0.787474870586278    0.214589466211789    0.620118716245664    0.000453551148110327    0.00142983942754113
50.7999999999985    -0.541385938129661    -0.774510520327009    0.293099107290042    0.599869331181752    0.000610970955940857    0.0016688572552609
50.8999999999984    -0.617913216610382    -0.754716390766451    0.38181736593927    0.569600418333835    0.000789099157773826    0.00189416005047487
50.9999999999984    -0.692047594826725    -0.72634419200904    0.478930839680868    0.527579793154905    0.000982942222535003    0.00197683829384146
51.0999999999984    -0.762834374835711    -0.687491286755573    0.581917693824988    0.472648641569706    0.00118760010040416    0.00209098179627934
51.1999999999984    -0.829151961873355    -0.63668983684521    0.687494923777908    0.405378339483351    0.00139567169314712    0.00209550503940836
51.2999999999984    -0.889742965531372    -0.572817812934178    0.791645103107753    0.328124255699282    0.00159949841913294    0.00200221991463736
51.3999999999983    -0.943270322345839    -0.495411711752755    0.889762103735578    0.24543605809683    0.00178961368895738    0.00181492562795582
51.4999999999983    -0.988392413061125    -0.404873924672978    0.976923388049452    0.163925183622478    0.00195597869560983    0.00151285900771757
51.5999999999983    -1.02385459816384    -0.302543087944469    1.04828260049644    0.0915335759892811    0.00208861562001553    0.00112068117962096
51.6999999999983    -1.04858708219591    -0.190749377208281    1.09953961989797    0.0363858095748526    0.00217966736610925    0.000696182092186245
51.7999999999983    -1.06179960841105    -0.0727492385152103    1.12742334961965    0.00529248972883718    0.00222288051641664    0.000194998190295434
51.8999999999982    -1.06305441283389    0.0477257563120309    1.1300895887342    0.00227787188906669    0.00221451768952359    0.00035224070084871
51.9999999999982    -1.05230910991004    0.166565882279374    1.10735910903012    0.0277449135664292    0.0021555116475191    0.000848779666921163
52.0999999999982    -1.02992181500154    0.279939024939411    1.06074314146309    0.0783675466559142    0.00204852313253728    0.00129960451137035
52.1999999999982    -0.996614293921284    0.3844696153546    0.993243663955668    0.147819611063025    0.0019008175738954    0.00165103970619268
52.2999999999982    -0.953405505219777    0.477607843152198    0.908985018506492    0.228113006599683    0.00172079142068044    0.00193772010045502
52.3999999999981    -0.901519727924761    0.557813399933476    0.812740124633319    0.311160290775614    0.00151815538869538    0.00212170456705969
52.4999999999981    -0.842288406023896    0.624493390004406    0.709451457379914    0.389996823284273    0.00130324887832895    0.0021975270367795
52.5999999999981    -0.777056430773594    0.677942010244018    0.603817875296506    0.45961008434547    0.00108567486344688    0.00217142620651902
52.6999999999981    -0.707102897392107    0.719165076201237    0.49999527065693    0.517202692560517    0.0008735883567922    0.00207020119463678
52.7999999999981    -0.633581430315044    0.749580577604883    0.401425884204936    0.561874836414932    0.00067480729024714    0.00194784302798014
52.899999999998    -0.557482514167217    0.771022267046397    0.31078699784567    0.594478327766948    0.000494209944596807    0.00172959116043325
52.999999999998    -0.479617071139932    0.785238045329528    0.230032649030111    0.616600993309388    0.000337788786806629    0.00148508466078213
53.099999999998    -0.400615956251627    0.794024938523718    0.160493188736319    0.630477123099656    0.000210553825544458    0.00123292419150676
53.199999999998    -0.320941654158714    0.798978743075372    0.103003560848415    0.638368012885992    0.000124395669894714    0.000990454284902045
53.299999999998    -0.240908674067491    0.801371427613995    0.0580369997843151    0.642196772410304    0.000102680856596593    0.000779367827890772
53.3999999999979    -0.160707242503384    0.802462075851731    0.0258268333699177    0.643945567198883    0.00012480735647331    0.000428973908054277
53.4999999999979    -0.0804445177797708    0.802724216721863    0.00647134083842086    0.644366231614049    0.000142820170115926    0.000251996667662708
53.5999999999979    -0.000167039597818144    0.802807200174378    5.21829587220797e-08    0.644499443527725    0.000155822756626984    0.000207064967654458
53.6999999999979    0.0801042955394423    0.802475052554721    0.00641672891801408    0.64396647160738    0.000175368593979112    0.000511502372570815
53.7999999999979    0.160285440131905    0.800947617733302    0.0256914986196858    0.641520985034677    0.000276227093654534    0.00197450804651978
53.8999999999978    0.240297563508779    0.799432335605181    0.0577431915479764    0.639099693182037    0.000522034214148092    0.00276296414803469
53.9999999999978    0.320106738812263    0.79613473924973    0.102469019009539    0.633845575142345    0.000833532552803233    0.00387970386883277
54.0999999999978    0.399484106992286    0.790727783130618    0.159589108576444    0.625271358921467    0.00124773275157639    0.00457514008580548
54.1999999999978    0.478124742121739    0.781344314052859    0.22860633349005    0.610528248835419    0.001750560216128    0.00541403109402357
54.2999999999978    0.555571834394167    0.766485995586249    0.30866551077803    0.587540284470606    0.00233401069620945    0.00628514445044383
54.3999999999977    0.631201493085285    0.744702731059912    0.398424257576914    0.554629037292824    0.00298876292485085    0.0068468711636728
54.4999999999977    0.704217933143829    0.713914289113016    0.495936540014327    0.509726534605736    0.00369359620989093    0.00727477875904713
54.5999999999977    0.773637261214607    0.67261068264477    0.598534296107715    0.452460565202839    0.00443668435623383    0.00744545465206385
54.6999999999977    0.838327599663546    0.6191382276912    0.702820074137572    0.383387776938677    0.00518746372802594    0.00745868286480151
54.7999999999977    0.897031313283172    0.552701855510061    0.804700180714952    0.305529601239422    0.00591639285552341    0.00708943969282007
54.8999999999976    0.94842729234238    0.473021532962864    0.899557755400723    0.223789342393349    0.00658988170026251    0.00632232131509958
54.9999999999976    0.991209375445607    0.380619032014842    0.98254746447422    0.144897997503531    0.00717206406477222    0.00521056346429091
55.0999999999976    1.02417646527644    0.277013185408584    1.0489956500663    0.0767514760691432    0.00763007471534959    0.00389501976021438
55.1999999999976    1.04633122954943    0.164855799976766    1.09487202837615    0.0271825443524811    0.0079364000478529    0.00226043502483748
55.2999999999976    1.05696778054163    0.0472780432045939    1.11724597638794    0.00223551663999823    0.00806766910749404    0.000550700229509699
55.3999999999975    1.05573390443441    -0.0718848835159339    1.1146383493748    0.00516955546892701    0.00801700707654142    0.00145567538538802
55.4999999999975    1.04267222933667    -0.188614662574577    1.08722599796877    0.0355861084419843    0.00778589358268288    0.00325845114475491
55.5999999999975    1.01821005983627    -0.299296544631149    1.03680630522636    0.0896011184697389    0.00738777873076548    0.00476412023291961
55.6999999999975    0.983121151524664    -0.40069810950464    0.966574110546796    0.160594904869248    0.00684923146170377    0.00599415620879822
55.7999999999975    0.938453180711351    -0.490553449902952    0.880732815803703    0.240691178001579    0.00620027551406531    0.00696353285993045
55.8999999999974    0.885435915241123    -0.567529029226555    0.784026748076599    0.322146309036152    0.00547613711601272    0.0075571172623434
55.9999999999974    0.825385839777927    -0.631221043657473    0.681283997244583    0.398500353957441    0.00471303921781346    0.00776839760899697
56.0999999999974    0.759616526512556    -0.682060599491431    0.577032823329864    0.465264967643566    0.00394410685235892    0.00763585391136656
56.1999999999974    0.689364201924503    -0.721103051494545    0.475233235488386    0.520043623045111    0.00319884250608465    0.00734929727028687
56.2999999999974    0.615733828329783    -0.749903062297285    0.379134419166807    0.562400109568236    0.00250435962997204    0.00674586728229865
56.3999999999973    0.539666793378065    -0.770139524924563    0.291243771987556    0.593152351947476    0.00187726199357559    0.00612079214187237
56.4999999999973    0.461926742877935    -0.783643456941557    0.213378101095201    0.61412511465003    0.00133615470031061    0.00529594587552857
56.5999999999973    0.383101000449239    -0.792115060239709    0.146767187614147    0.62746589802672    0.000900593659318622    0.00443050427849921
56.6999999999973    0.303615082764636    -0.797098813082241    0.0921824763667117    0.635378680116677    0.000598234515278798    0.00348744886118199
56.7999999999973    0.223756437079415    -0.799835942785732    0.0500671501220232    0.639743107417134    0.000454958842938104    0.00236051799266419
56.8999999999972    0.143690746551663    -0.801292090487985    0.0206472327386227    0.642072018504198    0.00044954871657665    0.00173327020178816
56.9999999999972    0.0635185403001962    -0.80209788191837    0.0040348373637423    0.643362061646261    0.000482080776065376    0.00102443561330021
57.0999999999972    -0.0167135153508969    -0.802379181471659    0.000279586134982535    0.643812889984096    0.000494509451748941    0.000734251296221949
57.1999999999972    -0.0968885154690882    -0.800529083861052    0.00938771844922451    0.640860213360594    0.000577944132899197    0.0036604990341486
57.2999999999972    -0.176700628059674    -0.795546667038872    0.0312245892820362    0.633021195942273    0.00121545273578403    0.01125595422946
57.3999999999971    -0.256114338622514    -0.793108586999594    0.0656005570637311    0.629195873829005    0.00245002360872035    0.0132152584731624
57.4999999999971    -0.335119656133202    -0.786537530638259    0.112321666531055    0.619019104044121    0.00405987736511799    0.0194375137708133
57.5999999999971    -0.413454137097615    -0.778517702791917    0.170981573966567    0.606631961547971    0.00610331741210868    0.0232840715418817
57.6999999999971    -0.490772576830541    -0.766397849675803    0.240931260077181    0.588097566095628    0.00857542467123405    0.0270536893590063
57.7999999999971    -0.566603756036713    -0.74868306344688    0.321170413924866    0.561470618933941    0.0114279293818154    0.0307292928935273
57.899999999997    -0.640315839591217    -0.72408500430579    0.410217642196037    0.525390026681645    0.014603690103271    0.0330292782411079
57.999999999997    -0.711096969367773    -0.689919204655283    0.505983449529581    0.477220348639902    0.0180152625723043    0.0350975738153588
58.099999999997    -0.777967914978021    -0.645548002423849    0.605700946236332    0.418045679584152    0.0216071631891497    0.0362416355967887
58.199999999997    -0.839819568079294    -0.589341232059273    0.7059335064184    0.348644391452967    0.0252309232789471    0.0363497406844214
58.299999999997    -0.895432382458435    -0.520759673024742    0.802626858838291    0.272377090427433    0.0287699023825555    0.0344449325532326
58.399999999997    -0.943548796890264    -0.439553670521391    0.891313112522987    0.194180507118354    0.0320746069332379    0.0311941957666152
58.4999999999969    -0.982947515605548    -0.346587043946683    0.967410174451324    0.120830118724185    0.0349907990221012    0.0265996182770682
58.5999999999969    -1.0125323740202    -0.243676912543654    1.02661869838197    0.0598079162601885    0.0373749908760974    0.0207238643447857
58.6999999999969    -1.03141962128588    -0.133145778654303    1.06535570814314    0.0179204210697922    0.0391059198796254    0.0138788578900236
58.7999999999969    -1.03901416342585    -0.018368817112263    1.08115811112007    0.00038372510345783    0.0400958766027735    0.00680526717727264
58.8999999999969    -1.03507390186405    0.0969411237725563    1.07300210189045    0.00941622873752479    0.0403003668764429    0.00431824724149822
58.9999999999968    -1.01972291271185    0.209260768411638    1.04141272354794    0.0439006380424247    0.0397228503309049    0.0105151721904867
59.0999999999968    -0.993446720080932    0.314936682263708    0.988412312821564    0.0994787255500652    0.0384177977245336    0.0171351018320087
59.1999999999968    -0.957044165590577    0.411317510329391    0.917264349909755    0.169705616517806    0.0364803374270435    0.0228806078205471
59.2999999999968    -0.911552301419375    0.496421901629789    0.832086025728215    0.247184571704074    0.0340356798853182    0.0273837047591861
59.3999999999968    -0.858162846152641    0.569153092607562    0.737418636285741    0.324856290344098    0.0312276443065928    0.0303487647087226
59.4999999999967    -0.798132912930816    0.629341434821997    0.637811347859268    0.397071698752085    0.0281993112653006    0.0316394874843899
59.5999999999967    -0.732699385129362    0.677314653656005    0.537478025049237    0.459787704499928    0.0250925502946921    0.0321335407755553
59.6999999999967    -0.66301588548677    0.714617462530223    0.44007554733148    0.511633167113204    0.0220336770348232    0.0309038728975632
59.7999999999967    -0.590104852257906    0.742164150748955    0.348589690192073    0.551658742251317    0.0191299120161904    0.0291738854868297
59.8999999999967    -0.514831551454898    0.76205482241378    0.265322606922624    0.581440386445432    0.0164645239581036    0.0266989528134374
