0 0 0
1 3.41920365779964e-32 1.10237059593569e-32
2 4.16212678054583e-31 1.3418858471318e-31
2.99999999999998 1.26574292817343e-30 4.08090943454532e-31
3.99999999999996 1.0835706561303e-30 3.4934471884118e-31
4.99999999999994 2.66570512753404e-30 8.59442532391381e-31
5.99999999999992 3.39123336819158e-30 1.09334049705029e-30
6.9999999999999 1.69394825911553e-30 5.46140510488687e-31
7.99999999999987 2.33132563989718e-30 7.5163330446471e-31
8.99999999999985 7.34570718702989e-30 2.36828150203681e-30
9.99999999999983 8.59391958972421e-30 2.77078948248113e-30
10.9999999999998 7.96044414956942e-30 2.56646021368527e-30
11.9999999999998 4.54081356845968e-29 1.46399047952756e-29
12.9999999999998 1.09485409064652e-28 3.52983725243799e-29
13.9999999999997 7.39156274809349e-29 2.38308293765415e-29
14.9999999999997 5.50896281635791e-29 1.77612407036024e-29
15.9999999999997 2.96531198033919e-27 9.56025663037918e-28
16.9999999999999 2.63147235054559e-27 8.48421397027109e-28
18 1.497595302927e-27 4.82827593336066e-28
19.0000000000002 4.93704963353262e-26 1.59173906185062e-26
20.0000000000003 9.13735252491467e-26 2.94591129307024e-26
21.0000000000005 5.87043398736968e-26 1.89265657382502e-26
22.0000000000006 4.73502669870334e-26 1.52660342478766e-26
23.0000000000008 2.68259101490814e-24 8.64874494551432e-25
24.000000000001 2.27579151785002e-24 7.33745701539778e-25
25.0000000000011 1.28995967564503e-24 4.15885895240901e-25
26.0000000000013 5.2512114862429e-23 1.69302606462496e-23
27.0000000000014 8.04771784380092e-23 2.59461564206411e-23
28.0000000000016 5.04253272366557e-23 1.62573279978125e-23
29.0000000000017 4.46229617766963e-23 1.43867431444844e-23
30.0000000000019 2.38977473971609e-21 7.70468858920096e-22
31.000000000002 1.97350448656303e-21 6.36284332814015e-22
32.0000000000022 1.13041278302444e-21 3.64448035321735e-22
33.000000000002 4.81109985994858e-20 1.55113006148229e-20
34.0000000000018 7.0765755140962e-20 2.28152149258411e-20
35.0000000000016 4.33368855970861e-20 1.39719531531551e-20
36.0000000000014 3.83934160654034e-20 1.23783028708088e-20
37.0000000000012 2.13691015830445e-18 6.88943929733473e-19
38.000000000001 1.71666358503849e-18 5.53474943419381e-19
39.0000000000008 9.75312673394112e-19 3.14443716865857e-19
40.0000000000006 4.25788641300733e-17 1.37276931625473e-17
41.0000000000004 6.24943555565135e-17 2.01485300075715e-17
42.0000000000002 3.85586517569868e-17 1.24313986241313e-17
43 3.33391160906528e-17 1.07487667083053e-17
43.9999999999998 1.93963371817739e-15 6.25341843426029e-16
44.9999999999996 1.68909034392922e-15 5.44581043266151e-16
45.9999999999994 1.07202652825821e-15 3.45625285194689e-16
46.9999999999992 4.23399480282755e-14 1.36506633046733e-14
47.999999999999 7.2201692878761e-14 2.32788781025234e-14
48.9999999999988 1.25269400607926e-13 4.03849306158438e-14
49.9999999999986 8.82322973107189e-14 2.8446729922493e-14
50.9999999999984 2.30560623195685e-12 7.4330272463164e-13
51.9999999999982 3.9296961695054e-11 1.26646900808878e-11
52.999999999998 5.81543125396064e-11 1.87484872289012e-11
53.9999999999978 5.05621231104149e-11 1.6301777675345e-11
54.9999999999976 6.78071337917804e-10 2.18695172703516e-10
55.9999999999974 7.8836696022759e-09 2.54079908747147e-09
56.9999999999972 5.12097780047951e-09 1.65104049999108e-09
57.999999999997 1.64590989536918e-08 5.30486596960132e-09
58.9999999999968 3.55153317256378e-06 1.14426240597967e-06
