0    0.999999999999912    -0.380546675183166    1.00000000000026    0.144815772030507    6.57342225316548e-07    6.12736083494574e-06
0.1    0.95714167912048    -0.474523621574184    0.91612019391016    0.225172667458947    7.67373632763847e-07    5.20265032529275e-06
0.2    0.905524016157749    -0.555543112428391    0.819973743839076    0.308628149795642    7.85674233821873e-07    5.38679553424114e-06
0.3    0.84648256929817    -0.622972115644207    0.716532740125823    0.388094256904705    4.37241815063989e-07    5.87248032322483e-06
0.4    0.781370348654053    -0.677069617282117    0.610539621756132    0.458423266674775    6.13576912579336e-07    5.31251997518067e-06
0.5    0.711477090607974    -0.71880709513409    0.506199650460229    0.516683640046071    4.92415179069588e-07    5.5643916848348e-06
0.6    0.637968709081479    -0.749651683834033    0.407004073767366    0.561977647106241    5.27256906418625e-07    5.57136064275864e-06
0.7    0.561848683328932    -0.771349811570612    0.315673942958827    0.594980531840242    6.10083821294733e-07    5.49759960340608e-06
0.8    0.483939920179163    -0.785737387343398    0.234197846343315    0.617383241899752    5.48136940954706e-07    5.52468463993125e-06
0.900000000000001    0.404883670709579    -0.794589762229999    0.163930786807674    0.631372890270948    6.41118022903622e-07    5.49737745736242e-06
1    0.325151321691099    -0.799513973714903    0.105723381997802    0.639222594195625    5.77660287572981e-07    5.49826598768495e-06
1.1    0.245065020743799    -0.801878630234665    0.0600568643924976    0.643009337657839    5.82284443229096e-07    5.55129755856505e-06
1.2    0.164823766340866    -0.802773184320618    0.027166873951133    0.644444785494603    5.871263154145e-07    5.50806059580178e-06
1.3    0.0845324805918257    -0.802987496195331    0.00714574027535954    0.644788919076055    5.93418398919632e-07    5.47795546604647e-06
1.4    0.00423245659231267    -0.803003536413445    1.79136891492877e-05    0.644814679523399    5.86068911916151e-07    5.55868240370415e-06
1.5    -0.0760677032577238    -0.802992996895889    0.00578629547925451    0.644797753094025    5.91096432153992e-07    5.49392294096616e-06
1.6    -0.156361033883549    -0.802816928810135    0.0244487729174734    0.644515021214447    5.8410781865009e-07    5.50540939998804e-06
1.7    -0.236611150851696    -0.802026015817599    0.0559848367076844    0.643245730078439    5.65888640692953e-07    5.49427657311319e-06
1.8    -0.316721288835944    -0.799862609047735    0.100312374802287    0.639780193382863    6.21007121852363e-07    5.49667056931231e-06
1.9    -0.396503771596737    -0.795268146525642    0.157215240890869    0.632451424908717    6.56877597822126e-07    5.51252341555255e-06
2    -0.475650732612463    -0.786901953293625    0.226243619435085    0.619214684127614    5.58545136868695e-07    5.50375553634723e-06
2.1    -0.553707609512257    -0.773179405290519    0.306592116832161    0.597806392795858    6.1848794906174e-07    5.51885381535551e-06
2.2    -0.630051798588    -0.752338523652521    0.39696526890432    0.566013254202377    5.88407214630612e-07    5.54275126064911e-06
2.29999999999999    -0.703879750119949    -0.722543453682141    0.49544670262915    0.522069042489384    4.78116011832191e-07    5.51981934272314e-06
2.39999999999999    -0.774206493701043    -0.682030009164558    0.599395694889364    0.465164933431324    7.07765942039366e-07    5.50605971634757e-06
2.49999999999999    -0.83988179466438    -0.629291704123151    0.705401429009259    0.396008048909145    7.73641540104603e-07    5.56105366473701e-06
2.59999999999999    -0.899626494260086    -0.563294318452246    0.809327829174885    0.317300489231079    4.39521110169668e-07    5.52256413859294e-06
2.69999999999999    -0.952090763356945    -0.483694292081637    0.906476821670013    0.233960168223211    6.34831440572166e-07    5.55475137060437e-06
2.79999999999998    -0.995932902990744    -0.391024210357335    0.991882347259758    0.152899933116326    4.32005197236664e-07    5.54511932350961e-06
2.89999999999998    -1.02991325306147    -0.286802048593915    1.06072130883149    0.082255415108429    0    5.5464343381082e-06
2.99999999999998    -1.05299352138811    -0.173524636963033    1.10879535608567    0.0301107996642034    5.79231730865741e-07    5.572348825792e-06
3.09999999999998    -1.0644286257473    -0.0545227381844867    1.13300829931099    0.00297272900992731    8.32733631589882e-07    5.54916448446475e-06
3.19999999999998    -1.06383721686543    0.0663167069114551    1.13174962398843    0.00439790564644237    6.7615814832082e-07    5.55540613745995e-06
3.29999999999997    -1.05123921790538    0.184923578006964    1.10510389326286    0.0341967297338235    7.35761338211805e-07    5.56110794229483e-06
3.39999999999997    -1.02705383942827    0.297450020597872    1.05483958908433    0.0884765147844868    0    5.55085755558742e-06
3.49999999999997    -0.992058421197273    0.40063658872409    0.984179911068823    0.16050967625526    6.29651206695932e-07    5.54836688126414e-06
3.59999999999997    -0.947315247731248    0.492078156566828    0.897406178584248    0.242140912201023    3.64088765468318e-07    5.55121006075106e-06
3.69999999999997    -0.894078355357526    0.570355025131564    0.799376105518666    0.325304854723259    0    5.51658013581853e-06
3.79999999999996    -0.833694201969164    0.635026752510553    0.695046022397147    0.403258976434891    3.80782256698031e-07    5.54906718379596e-06
3.89999999999996    -0.767508874391854    0.686513542484522    0.589069872270587    0.471300844045346    5.80189297614449e-07    5.54058757895726e-06
3.99999999999996    -0.696791129264248    0.725905666353612    0.485517877821751    0.526939036474848    6.36883020692812e-07    5.52872239638438e-06
4.09999999999996    -0.622676283033778    0.754743991196999    0.387725753453114    0.569638492278454    5.93900542955984e-07    5.52068415092842e-06
4.19999999999995    -0.546131963049666    0.774807329815534    0.298260121064892    0.600326398366151    6.40576638585468e-07    5.50207090824551e-06
4.29999999999995    -0.467943754443872    0.787930036570987    0.218971357323346    0.620833742561145    5.64452170242798e-07    5.51261404487357e-06
4.39999999999995    -0.388717078860295    0.795860648788672    0.151100967398044    0.633394172320628    6.02115710384096e-07    5.50466320596405e-06
4.49999999999995    -0.308891092627762    0.800162324230846    0.0954137071051736    0.640259745148872    6.33321263831757e-07    5.51031764263875e-06
4.59999999999995    -0.228760668253592    0.80214942981746    0.0523314433401809    0.643443707786855    5.92379728306427e-07    5.51167747002746e-06
4.69999999999994    -0.148503262101391    0.802851665820507    0.0220532188550933    0.644570797341138    5.8213546574575e-07    5.51133502659062e-06
4.79999999999994    -0.0682083705315047    0.802996704787408    0.0046523818109097    0.64480370792947    5.88778566649043e-07    5.48040723716626e-06
4.89999999999994    0.0120918712982284    0.80300352728057    0.00014621335183972    0.644814664855441    5.88897788013029e-07    5.51392296890857e-06
4.99999999999994    0.0923917094976058    0.802980679358399    0.00853622798423436    0.644777971453257    5.86835215139173e-07    5.51198967932494e-06
5.09999999999994    0.172680712457918    0.802726070578438    0.0298186284553237    0.644369144416581    5.91265889990835e-07    5.50285780471871e-06
5.19999999999993    0.252912721461757    0.801727432433855    0.0639648446775487    0.642766875947388    5.9677941361272e-07    5.51416458244733e-06
5.29999999999993    0.332974937446235    0.799165074609714    0.110872308967649    0.638664816506337    5.70444009976118e-07    5.51251334553602e-06
5.39999999999993    0.412657559004531    0.79392105976598    0.17028626100396    0.630310649170423    6.17791971694771e-07    5.52150860934891e-06
5.49999999999993    0.491624917259093    0.784601240976948    0.241695059270314    0.615599107373026    5.51116379689288e-07    5.51895439900428e-06
5.59999999999993    0.569389796344537    0.769578460200821    0.324204740181668    0.592251006435492    6.28239035124564e-07    5.51591596409382e-06
5.69999999999992    0.645293510718814    0.747066017437069    0.416403714976232    0.558107634439869    6.47257798981444e-07    5.53043905580772e-06
5.79999999999992    0.718495187939572    0.715229446503642    0.516235335092729    0.511553161176531    6.38928013280581e-07    5.5339710877877e-06
5.89999999999992    0.787974340876237    0.672340705037527    0.620903561879775    0.452042023680616    6.59786668519093e-07    5.50057751318869e-06
5.99999999999992    0.852550880140855    0.616971368507897    0.726843003229361    0.38065366958929    6.43084812970164e-07    5.54820179707968e-06
6.09999999999991    0.910925851498122    0.548210402696499    0.829785906928146    0.300534645655316    7.53724831553726e-07    5.53699961493712e-06
6.19999999999991    0.961744098860098    0.465879170352676    0.924951711692862    0.217043401399209    8.00027233096726e-07    5.54174715695379e-06
6.29999999999991    1.00367671889704    0.370704983063169    1.00736695605666    0.137422184498775    8.53018270812137e-07    5.55979577430455e-06
6.39999999999991    1.03551698439704    0.264409656929724    1.07229542497486    0.0699124667084976    3.40125328615705e-07    5.5500524598488e-06
6.49999999999991    1.05627926735671    0.149675892697885    1.11572589064814    0.0224028728858418    7.1541094089495e-07    5.56174925080121e-06
6.5999999999999    1.06528764429329    0.0299738520760585    1.13483776508446    0.000898431839138959    7.08863132731098e-07    5.55531498646821e-06
6.6999999999999    1.06224053063634    -0.0907399930537296    1.12835494492706    0.00823374637025366    6.9254338971509e-07    5.55542604391156e-06
6.7999999999999    1.04724050606672    -0.208408114239808    1.0967126775474    0.0434339421119027    7.22053136800868e-07    5.55965848729181e-06
6.8999999999999    1.02078410237343    -0.319275124827272    1.04200018365884    0.101936605364309    7.10114989128343e-07    5.55329463369694e-06
6.9999999999999    0.983713359553364    -0.420237799310572    0.967691973764096    0.176599808000166    5.75096025925961e-07    5.54743133926221e-06
7.09999999999989    0.937137492905921    -0.509085348536069    0.878226680610494    0.259167892124851    7.0627417124236e-07    5.54622540800334e-06
7.19999999999989    0.882337326895766    -0.584601802800939    0.778519158433891    0.3417592678688    5.70444009976118e-07    5.53999141633802e-06
7.29999999999989    0.820666353191438    -0.646534268874167    0.673493263260911    0.418006560859314    6.1402910286297e-07    5.53716002050268e-06
7.39999999999989    0.753460538422347    -0.695456145519501    0.567702782960116    0.483659250371377    6.50209910549862e-07    5.52595554560058e-06
7.49999999999988    0.681965337759713    -0.732567307378103    0.465076721905985    0.536654859869556    5.15007068478628e-07    5.50933029842417e-06
7.59999999999988    0.607284061838323    -0.75947348839764    0.368793931763261    0.576799979609212    6.39752856990935e-07    5.50745587262181e-06
7.69999999999988    0.530347905540304    -0.777978313345154    0.281268900911314    0.605250256065765    5.7151344152585e-07    5.51306716913082e-06
7.79999999999988    0.451905224211429    -0.789908739200255    0.204218331669897    0.62395581629529    5.61098471044146e-07    5.50932022257121e-06
7.89999999999988    0.372526197626914    -0.796982395067046    0.138775767918679    0.635180938076995    5.59091488562662e-07    5.4945493595041e-06
7.99999999999987    0.292618670724758    -0.800715967944932    0.0856256864570484    0.641146061352182    5.69360382712687e-07    5.49478172241479e-06
8.09999999999987    0.21245135882365    -0.802368131058945    0.0451355798663752    0.643794617769336    5.99968382632861e-07    5.50568163478811e-06
8.19999999999987    0.132181398212996    -0.802908141094656    0.0174719220338886    0.644661483066536    5.88233246985573e-07    5.51905498081993e-06
8.29999999999987    0.0518841264797908    -0.803001226710655    0.00269196258091732    0.644810970128783    5.88556815152256e-07    5.47416420532554e-06
8.39999999999987    -0.0284161979535969    -0.803003317663024    0.000807480306485533    0.644814328208011    5.89514959559078e-07    5.49441801959907e-06
8.49999999999986    -0.108715385943574    -0.802959808707424    0.011819035141204    0.644744454429752    5.86248142434138e-07    5.50364458868355e-06
8.59999999999986    -0.188998255855451    -0.802605481324644    0.0357203407167518    0.64417555868289    5.90813894416891e-07    5.52500616147812e-06
8.69999999999986    -0.269207595867723    -0.801365215088125    0.0724727296732503    0.642186207983501    6.09002363840931e-07    5.50134444236899e-06
8.79999999999986    -0.349213315378489    -0.798357635942551    0.121949939638003    0.637374914897998    6.05345345290885e-07    5.49718559673672e-06
8.89999999999985    -0.428782289390197    -0.792406314096856    0.183854251695053    0.627907766651052    5.95324235216378e-07    5.52148850207163e-06
8.99999999999985    -0.507549976922453    -0.782065385042191    0.257606979074249    0.611626266511669    5.16245132724047e-07    5.52076459131631e-06
9.09999999999985    -0.584995673782475    -0.765668165240437    0.342219938344513    0.586247739293334    5.4826351685778e-07    5.53866359675532e-06
9.19999999999985    -0.660424155954073    -0.741407837750249    0.4361600657679    0.549685581908124    5.005770037246e-07    5.53393096372374e-06
9.29999999999985    -0.732957320459217    -0.707457706770098    0.53722643361503    0.50049640689882    5.23877019621341e-07    5.51488935955145e-06
9.39999999999984    -0.80153997910739    -0.662133904606427    0.642466338107842    0.438421307660053    6.0519631180621e-07    5.54075789935252e-06
9.49999999999984    -0.864963866812657    -0.604095158945551    0.748162490891722    0.364930961092181    4.67668617560721e-07    5.54350734835476e-06
9.59999999999984    -0.921912830174079    -0.532562637637626    0.849923266439907    0.283622963038292    5.7161056336214e-07    5.54500920347592e-06
9.69999999999984    -0.971029814628379    -0.447529947495255    0.942898900897816    0.20028305393593    7.69685004362163e-07    5.55193000175264e-06
9.79999999999984    -1.01100271185324    -0.349922914974622    1.02212648337517    0.122446046455231    7.49070568535138e-07    5.55824423372431e-06
9.89999999999983    -1.04066186084123    -0.24166587058591    1.08297710860969    0.0584023930368816    3.97891697967609e-07    5.5530178604654e-06
9.99999999999983    -1.05907800609867    -0.125620179676461    1.12164622300215    0.0157804295728368    4.58558873934421e-07    5.55792494709111e-06
10.0999999999998    -1.0656470911182    -0.0053828091074955    1.13560372280879    2.89746647810435e-05    3.39798755973321e-07    5.55817478878433e-06
10.1999999999998    -1.06014854655494    0.115036386215962    1.12391494076295    0.0132333701844974    6.31851406309431e-07    5.55603928380501e-06
10.2999999999998    -1.04276718037575    0.231609376675525    1.08736339246928    0.0536429033949121    7.01621613919351e-07    5.55758816252487e-06
10.3999999999998    -1.01407481496963    0.340687901922681    1.02834773035574    0.116068246547267    2.25002599813662e-07    5.54873205004068e-06
10.4999999999998    -0.974974910068478    0.439334981226137    0.950576075263711    0.193015225759732    8.20985017067871e-07    5.54633049957877e-06
10.5999999999998    -0.926619615184874    0.525538377654525    0.858623911245657    0.276190586418486    5.42103343116678e-07    5.54391288933304e-06
10.6999999999998    -0.870312413029669    0.598284437103954    0.757443696273821    0.357944267711513    5.43432907128646e-07    5.54246081543712e-06
10.7999999999998    -0.80741007347591    0.657502017576775    0.651911026750501    0.432308903148152    3.57317292937094e-07    5.53378551155306e-06
10.8999999999998    -0.73923541318114    0.703909311541057    0.546468996101544    0.495488318904706    6.73113672680571e-07    5.52275511756764e-06
10.9999999999998    -0.66700845150274    0.738806567456093    0.444900274376502    0.545835144146876    6.47000457059279e-07    5.53372030761482e-06
11.0999999999998    -0.591799263190818    0.76385572316158    0.350226367913633    0.583475565837049    6.61131458028526e-07    5.50893732650304e-06
11.1999999999998    -0.514502180705993    0.780877974756023    0.26471249395145    0.609770411489648    4.77302592338531e-07    5.52986689521213e-06
11.2999999999998    -0.43582853658668    0.791687403874726    0.189946513303574    0.626768945484597    5.3512080283469e-07    5.54012668575206e-06
11.3999999999998    -0.356313936144451    0.797966968177135    0.126959621091083    0.636751282332013    5.7538552809679e-07    5.49589288744372e-06
11.4999999999998    -0.276335881941922    0.801184555614356    0.0763615196489236    0.641896692185383    5.51066014929787e-07    5.51452698290662e-06
11.5999999999998    -0.196138077641736    0.802541877847041    0.0384701455013281    0.644073465728691    5.76596239684155e-07    5.51684175727124e-06
11.6999999999998    -0.115858574372688    0.80294716901031    0.013423209256015    0.644724156251829    5.85916637798295e-07    5.49161872277317e-06
11.7999999999998    -0.0355598225395979    0.803003013671956    0.00126450097939515    0.644813839996751    5.89457667477992e-07    5.52342851704306e-06
11.8999999999998    0.0447405139409374    0.803002249216542    0.00200171358804736    0.64481261227717    5.90041546815611e-07    5.50855440382002e-06
11.9999999999998    0.125038526835084    0.802927117071727    0.0156346331934334    0.644691955359483    5.8766971037426e-07    5.5107306627322e-06
12.0999999999998    0.205313001345789    0.802449292951506    0.0421534285219625    0.643924867788503    5.88849273814741e-07    5.48921241056736e-06
12.1999999999998    0.285494396104999    0.800930939975732    0.0815070502077226    0.641490370640751    6.03738434069131e-07    5.50831254419952e-06
12.2999999999998    0.365434079247213    0.797429440207011    0.133542066275554    0.635893712139364    5.43994436748976e-07    5.52244351689025e-06
12.3999999999998    0.444874423167392    0.7907109014453    0.197913252388874    0.625223729694861    5.95230982672696e-07    5.51561404141653e-06
12.4999999999998    0.523420982937001    0.779279719887588    0.273969525378995    0.607276881858816    5.08989727594065e-07    5.5441732209931e-06
12.5999999999998    0.600518795375151    0.761432994904808    0.360622823599153    0.579780205759857    5.7461319818076e-07    5.49105262653482e-06
12.6999999999998    0.67543573853501    0.73534875121844    0.456213436890453    0.540737785949178    3.45067267921847e-07    5.53700964042111e-06
12.7999999999998    0.747256704488522    0.699214803862138    0.558392582403466    0.488901341970698    6.47129140812411e-07    5.54344726568662e-06
12.8999999999998    0.814892785824805    0.651399770975667    0.664050252389725    0.424321661657863    6.42566683588634e-07    5.54182979579857e-06
12.9999999999998    0.87710940667443    0.590658717801241    0.769320911276959    0.348877720945369    4.34184142480298e-07    5.54640556377066e-06
13.0999999999998    0.932575992214917    0.516353829528931    0.869697981255654    0.266621277299948    1.29477286316326e-07    5.5458200361292e-06
13.1999999999998    0.979937161128781    0.428657708637648    0.960276839761195    0.18374743120524    2.46207589534794e-07    5.5463229931037e-06
13.2999999999998    1.01790166720121    0.328697554980951    1.03612380409149    0.108042082681309    6.97972680844687e-07    5.5545839777309e-06
13.3999999999998    1.04534101016903    0.218597717682908    1.09273782754148    0.0477849622070392    5.17050968792959e-07    5.55545274186409e-06
13.4999999999998    1.06138585682559    0.101389840344124    1.12653993706974    0.0102798997558714    5.81336295698022e-07    5.55557014888113e-06
13.5999999999998    1.06550646038837    -0.0192158096418608    1.13530401712997    0.000369247371112152    7.85250194445574e-07    5.56056861840277e-06
13.6999999999998    1.05756418461586    -0.139172542440314    1.11844200458284    0.0193689966001656    7.92007581348319e-07    5.5555948165294e-06
13.7999999999998    1.03782529576622    -0.254498511980222    1.07708134453283    0.0647694926309929    7.70838091157529e-07    5.55388062269339e-06
13.8999999999997    1.00693458591686    -0.36166646051915    1.01391726031574    0.13080262869526    4.18560859715585e-07    5.55069004528768e-06
13.9999999999997    0.965853461636524    -0.457914545652708    0.932872909355662    0.209685731151087    6.3683943886632e-07    5.54633049957877e-06
14.0999999999997    0.915772936615379    -0.541432098201284    0.838640071437334    0.293148716993478    4.23308393697196e-07    5.55272732744752e-06
14.1999999999997    0.858015061149091    -0.611405348096791    0.736189845158823    0.373816499711877    3.79760412495573e-07    5.52440329322755e-06
14.2999999999997    0.793936252708677    -0.667938426618909    0.630334773365486    0.44614174178486    6.2407230113065e-07    5.54216033885542e-06
14.3999999999997    0.724843322268836    -0.711885614764265    0.525397841838295    0.506781128538947    7.56077929435513e-07    5.53639805267523e-06
14.4999999999997    0.651928906604277    -0.744638324073076    0.425011299266659    0.554486233708618    6.40836560137486e-07    5.50078943852142e-06
14.5999999999997    0.57622878828226    -0.767906271157658    0.332039616445604    0.589680041313675    6.01193068545139e-07    5.51518125675533e-06
14.6999999999997    0.498600151100721    -0.783521328431638    0.248602110677947    0.613905672137494    5.33848527600552e-07    5.49684225048218e-06
14.7999999999997    0.419717619438579    -0.793279586491281    0.176162880067586    0.629292502374318    6.30510197810196e-07    5.52629206060323e-06
14.8999999999997    0.340082964775812    -0.798825887546981    0.115656422931081    0.638122798645591    6.12252338890491e-07    5.51091197884898e-06
14.9999999999997    0.260044361096064    -0.801577239169797    0.0676230697382013    0.642526070385354    5.84015745466384e-07    5.50273675104707e-06
15.0999999999997    0.17982166995912    -0.802677292354715    0.0323358329872159    0.644290835692201    5.73815644199603e-07    5.50490522591929e-06
15.1999999999997    0.0995351029747634    -0.802972779179743    0.00990723672454227    0.644765284133782    5.87812858543037e-07    5.49009215119755e-06
15.2999999999997    0.0192354985279535    -0.803003486804942    0.000370004403966761    0.644814599851091    5.89795270230554e-07    5.49518580842196e-06
15.3999999999997    -0.0610647910523063    -0.802999132979169    0.00372890870661005    0.644807607595247    5.90104018556294e-07    5.47255161700426e-06
15.4999999999997    -0.141360854589903    -0.802878806553455    0.0199828912107194    0.644614378043043    5.75997225405182e-07    5.50849393991045e-06
15.5999999999997    -0.221624161557294    -0.802251112286091    0.049117268986336    0.643606847194562    6.02000457485928e-07    5.50377570840943e-06
15.6999999999997    -0.301771567771419    -0.800415675412141    0.091066079115618    0.640665253475616    6.30752265849616e-07    5.49011237346249e-06
15.7999999999997    -0.381634660243738    -0.796369168037297    0.145645013899715    0.634203851831217    6.01769885468782e-07    5.54971738559192e-06
15.8999999999997    -0.460930152295457    -0.788821427651535    0.212456605295434    0.622239244752434    5.65704681656606e-07    5.49798328906738e-06
15.9999999999997    -0.539232705819276    -0.776229329415542    0.290771911025576    0.60253197187526    6.31236123441909e-07    5.50978369273653e-06
16.0999999999997    -0.615952398397419    -0.756857377596824    0.379397357091852    0.572833090053149    5.64525924310524e-07    5.51433571896547e-06
16.1999999999997    -0.690319955151031    -0.728873757566195    0.476541640480188    0.531256954499033    6.82653729636343e-07    5.51082132153629e-06
16.2999999999997    -0.761383629402848    -0.690487885993877    0.579705031122919    0.476773520734866    5.15222597706928e-07    5.52923443830227e-06
16.3999999999998    -0.828021947955381    -0.640129429823202    0.685620346295922    0.409765686956298    3.12924385070801e-07    5.52443343820258e-06
16.4999999999998    -0.888976076372653    -0.576659020059062    0.79027846436351    0.332535625446129    7.70694049655542e-07    5.5363278661536e-06
16.5999999999998    -0.942903972780608    -0.499588402554093    0.889067901885643    0.249588571997364    4.34822930735793e-07    5.55101006056866e-06
16.6999999999998    -0.988455631700517    -0.409275280089753    0.977044535841266    0.167506254923303    8.93572828207311e-07    5.54596517267444e-06
16.7999999999998    -1.02436478430158    -0.30705009199067    1.04932321131726    0.0942797590223226    1.72493411642167e-07    5.55372819653758e-06
16.8999999999998    -1.04954812278571    -0.195233517260007    1.10155126204361    0.038116126292614    7.71270054257365e-07    5.5588265802903e-06
16.9999999999999    -1.06319960375768    -0.0770179429456433    1.13039339743109    0.00593176356644782    7.77292332395612e-07    5.55602898043513e-06
17.0999999999999    -1.06486594977058    0.0437873911167019    1.1339394909813    0.00191733565170841    7.08236374754676e-07    5.5589015927657e-06
17.1999999999999    -1.05449103602558    0.163115785369379    1.11195134505808    0.0266067594675492    0    5.55696510409418e-06
17.2999999999999    -1.03242148110841    0.277047915276472    1.06589411465447    0.0767555473898394    6.31324057707633e-07    5.54979365427198e-06
17.3999999999999    -0.999372452443933    0.382190528187086    0.998745298704107    0.146069599866763    5.53252643815785e-07    5.55326464539012e-06
17.4999999999999    -0.956359661532975    0.475964645706179    0.914623802207764    0.226542343992957    5.45573819846595e-07    5.54508929099003e-06
17.6    -0.904608866969227    0.556763001007823    0.81831720219976    0.309985039321923    6.42048136079625e-07    5.5395154421422e-06
17.7    -0.845456655297246    0.623968318423975    0.714796955986864    0.389336462427694    6.76896625979774e-07    5.55439159461614e-06
17.8    -0.780255599000053    0.677852920993914    0.608798799771304    0.459484582530759    6.10856741451312e-07    5.54778156062536e-06
17.9    -0.710293827157004    0.719398241441938    0.504517320897602    0.517533829820289    5.07624629047389e-07    5.52591034053148e-06
18    -0.63673483382947    0.750077716155375    0.405431248612255    0.562616580303152    6.42350672998744e-07    5.50350337933132e-06
18.1    -0.560579221721122    0.771640683797569    0.314249063825796    0.595429344922031    5.80571882092302e-07    5.51825027496183e-06
18.2    -0.482646876301712    0.785923153517434    0.232948007204071    0.617675203265365    5.20528509459155e-07    5.52964604546338e-06
18.3000000000001    -0.403576128788968    0.794698466474727    0.162873691728653    0.631545652647765    6.02461336788992e-07    5.52110644988988e-06
18.4000000000001    -0.323835724331306    0.799570211438555    0.104869576353525    0.639312523050446    5.864581956466e-07    5.527206072566e-06
18.5000000000001    -0.243745562053744    0.801902665200378    0.0594118990212454    0.643047884485998    5.91617854954436e-07    5.52528747748387e-06
18.6000000000001    -0.163502851710422    0.802780472582857    0.0267331825177838    0.644456487190955    5.86114971140167e-07    5.53174376208113e-06
18.7000000000001    -0.0832112198672269    0.802988471388689    0.00692410711213765    0.64479048521342    5.87932367938771e-07    5.50241392823598e-06
18.8000000000001    -0.00291117075459988    0.80300353662864    8.47491551032149e-06    0.644814679868391    5.89816793379006e-07    5.5034327732965e-06
18.9000000000002    0.0773889715225966    0.802992249316887    0.00598905291367269    0.644796552493028    5.89426398182785e-07    5.4804477530941e-06
19.0000000000002    0.157682009024655    0.802810549483921    0.0248636159704048    0.644504778393113    5.9438521441691e-07    5.51702287254783e-06
19.1000000000002    0.237930813793452    0.802004023037701    0.0566110721527373    0.643210452998977    5.68201421646405e-07    5.50630671561218e-06
19.2000000000002    0.318037369702713    0.7998099874929    0.101147768527758    0.639696016123559    5.81240798975291e-07    5.49230604690601e-06
19.3000000000002    0.397812254684318    0.795165045782997    0.158254589977358    0.632287450065237    5.81049758444585e-07    5.49203314909094e-06
19.4000000000002    0.476945392517701    0.786724134567748    0.22747690744423    0.618934863941842    6.04737516871185e-07    5.51995007823735e-06
19.5000000000002    0.554979610344495    0.772899082116334    0.308002367898536    0.597372991166757    6.39318861379634e-07    5.52129747928532e-06
19.6000000000003    0.631289403179562    0.751925745798965    0.398526310567081    0.565392327226243    5.22657034018504e-07    5.55993056189175e-06
19.7000000000003    0.705068200036584    0.721968154449545    0.497121166703177    0.521238016069842    5.90244004736494e-07    5.52819022413771e-06
19.8000000000003    0.775328129315108    0.681264755864801    0.601133708107634    0.464121667614128    6.08215678690629e-07    5.53178891948026e-06
19.9000000000003    0.840916481859002    0.628315047217353    0.707140529462226    0.394779798590507    3.23564570406205e-07    5.54636552966141e-06
20.0000000000003    0.900552404499543    0.562094440149553    0.810994633250108    0.315950159677641    4.46910642220641e-07    5.53190933740911e-06
20.1000000000003    0.952885513035806    0.482272438885442    0.907990800953653    0.232586705339266    3.77561433891056e-07    5.54563485640161e-06
20.2000000000004    0.996574997367738    0.389397227935225    0.99316172537894    0.151630201154459    6.57511099365658e-07    5.55173502694996e-06
20.3000000000004    1.03038370873566    0.285003303500976    1.06169058722766    0.0812268830373074    0    5.55321966262624e-06
20.4000000000004    1.05327747630816    0.171602779602415    1.10939344209864    0.0294475139981718    7.48477480106018e-07    5.55848828992614e-06
20.5000000000004    1.06451670883736    0.0525381471262275    1.1331958233941    0.00276025693434882    4.28003269921096e-07    5.55802973942312e-06
20.6000000000004    1.06372645890879    -0.0682974361799358    1.13151397938305    0.00466453981963297    6.46442531451102e-07    5.5570289427015e-06
20.7000000000004    1.05093334760846    -0.18683423740375    1.10446090111599    0.0349070322971108    6.86262782792416e-07    5.55606535436769e-06
20.8000000000005    1.02656291220322    -0.299231324184761    1.05383141271178    0.0895393854041459    7.85250194445574e-07    5.5480079419561e-06
20.9000000000005    0.991397846309566    -0.4022414961537    0.982869689667552    0.161798221258743    5.529515539193e-07    5.54763897316729e-06
21.0000000000005    0.946504379474184    -0.493475171518952    0.895870540364165    0.243517744936406    5.95300923449939e-07    5.5449766675929e-06
21.1000000000005    0.893138870414077    -0.57152916844894    0.797697041844946    0.32664559041872    6.42221031770407e-07    5.54828684106086e-06
21.2000000000005    0.83264848873444    -0.635978423304727    0.693303505792219    0.404468554939924    6.86667108982441e-07    5.54596517267444e-06
21.3000000000005    0.766378618841991    -0.687255843362791    0.587336187418467    0.472320594266958    5.56254579273763e-07    5.5369244232286e-06
21.4000000000005    0.695596215202053    -0.726460913880748    0.483854094603738    0.527745459427013    5.62506499534156e-07    5.52826051397444e-06
21.5000000000006    0.621434053681709    -0.755140079623145    0.386180283075524    0.570236539883948    4.93541215708232e-07    5.54058757895726e-06
21.6000000000006    0.544856832324002    -0.775074438771286    0.296868967730614    0.600740385666929    6.84359249910544e-07    5.50500606442701e-06
21.7000000000006    0.466647117882325    -0.788097959485721    0.217759532628318    0.621098393775801    6.61467228216768e-07    5.49951776402609e-06
21.8000000000006    0.387407456563885    -0.795956825128418    0.150084537401699    0.633547267498635    6.33321263831757e-07    5.48851458497259e-06
21.9000000000006    0.307574435473362    -0.800210524905516    0.0946020333570901    0.640336884199948    5.76602256769613e-07    5.51237236337298e-06
22.0000000000006    0.227440767992772    -0.802168969354617    0.0517293029454619    0.643475055425913    5.65864116276782e-07    5.5193567152692e-06
22.1000000000007    0.147182220136699    -0.802856990313039    0.0216626059247198    0.644579346924686    5.93424245435122e-07    5.493124659006e-06
22.2000000000007    0.0668870950861665    -0.802997215155269    0.00447388348941305    0.644804527577568    5.89215195031432e-07    5.51821003658854e-06
22.3000000000007    -0.0134131572254826    -0.803003522969314    0.000179912787103796    0.644814657931363    5.9015144213451e-07    5.49854867176804e-06
22.4000000000007    -0.0937129572564654    -0.802979347526599    0.00878211835810356    0.644775832584395    5.92823214560308e-07    5.49108295459851e-06
22.5000000000007    -0.174001536532766    -0.802717488069631    0.0302765347161134    0.644355365683164    5.91430166372974e-07    5.50872571462646e-06
22.6000000000007    -0.254231889260944    -0.801700587437808    0.0646338535175235    0.64272383192844    5.78632446939619e-07    5.50576229436604e-06
22.7000000000007    -0.33428986352601    -0.799103945625416    0.111749712856495    0.63856711594471    5.05995362890184e-07    5.53193442414769e-06
22.8000000000008    -0.413963814436393    -0.793804857897777    0.171366039663137    0.630126152452384    6.39492494968218e-07    5.50222224323032e-06
22.9000000000008    -0.492915775522557    -0.784404922744307    0.242965961759368    0.615291082855837    6.03267028331672e-07    5.50768769102181e-06
23.0000000000008    -0.570655850626454    -0.769273667235796    0.325648099854446    0.591781975132707    4.94159442150308e-07    5.50423964543614e-06
23.1000000000008    -0.646522412540154    -0.74662258712783    0.417991229917035    0.557445287640233    5.41693589964316e-07    5.54784659930146e-06
23.2000000000008    -0.719671570233934    -0.714617602712579    0.517927169003352    0.510678318137165    6.13124388797312e-07    5.52187052781961e-06
23.3000000000008    -0.789079995390737    -0.67153394500531    0.622647239126348    0.450957839325137    7.09176304000067e-07    5.54455868965437e-06
23.4000000000009    -0.853565253191298    -0.61594990384839    0.728573641456011    0.379394284081591    6.97176907377814e-07    5.54535957781088e-06
23.5000000000009    -0.911826898322054    -0.546964812223847    0.831428292503927    0.299170505841847    5.56454132492478e-07    5.5479116372151e-06
23.6000000000009    -0.962509491565654    -0.464413709172005    0.926424521354559    0.215680093297678    7.64692400295746e-07    5.54783159044388e-06
23.7000000000009    -1.0042853392412    -0.369039845290131    1.00858904261534    0.136190407442613    7.17270764503404e-07    5.55426166978208e-06
23.8000000000009    -1.03595056094347    -0.262581492766257    1.07319356471897    0.0689490403741978    0    5.55353078595436e-06
23.9000000000009    -1.05652395551895    -0.147736097162936    1.11624286858588    0.0218259544358273    6.89812719768447e-07    5.55796521005255e-06
24.000000000001    -1.06533531911328    -0.0279845651903018    1.13493934215063    0.000783135919785485    6.63561942524085e-07    5.55834807400388e-06
24.100000000001    -1.06208958240726    0.0927117043817304    1.12803428105856    0.00859546016025358    7.21129991564921e-07    5.55771582469272e-06
24.200000000001    -1.04689600114565    0.210296943701158    1.0959912372151    0.0442248045609136    5.88171313881592e-07    5.55567069227989e-06
24.300000000001    -1.02025728061663    0.321023902148772    1.04092491865163    0.103056345781698    6.30972247115974e-07    5.55640379224736e-06
24.400000000001    -0.983020556816814    0.421802451875036    0.966329415125237    0.177917308438573    8.93137863486469e-07    5.54810174366815e-06
24.500000000001    -0.936298669879745    0.510437733880982    0.876655199218851    0.260546680200215    5.20795050779024e-07    5.53742568199958e-06
24.600000000001    -0.881374431389791    0.585730220610384    0.776820888308208    0.343079891367048    7.28939462222755e-07    5.5460752737269e-06
24.7000000000011    -0.819601736405124    0.647441954917879    0.671747006318684    0.419181085018362    6.2425017552535e-07    5.52061376462754e-06
24.8000000000011    -0.752315597554889    0.696158372165145    0.565978758324624    0.484636479166014    5.04993295753912e-07    5.51263921942054e-06
24.9000000000011    -0.68075948807805    0.733087814391792    0.463433480608442    0.537417743640347    3.92412962980976e-07    5.53280737179459e-06
25.0000000000011    -0.606034071860897    0.759840883722804    0.367277296256797    0.577358168607078    7.05841754432634e-07    5.51602666493484e-06
25.1000000000011    -0.529067574160581    0.778222892071886    0.279912498028423    0.605630869775142    5.11708999684238e-07    5.51464777776738e-06
25.2000000000011    -0.450605344495071    0.790059953175972    0.203045176487923    0.624194729642631    6.34043971043625e-07    5.4965796771103e-06
25.3000000000012    -0.371214738336743    0.797067025074864    0.13780038195871    0.635315842492106    5.41898505269533e-07    5.51468804213299e-06
25.4000000000012    -0.291301108033436    0.80075692825455    0.0848563355418474    0.641211658178021    5.83088263904914e-07    5.50993481588324e-06
25.5000000000012    -0.21113110152578    0.802383771080564    0.0445763420318408    0.643819716123714    5.92953416476353e-07    5.49970954329275e-06
25.6000000000012    -0.130860264263194    0.802911888958341    0.017124408763378    0.6446675014611    5.87321286648999e-07    5.51795854010747e-06
25.7000000000012    -0.0505628434553123    0.803001449205    0.00255660113863526    0.644811327455407    5.90624848942644e-07    5.48424479193058e-06
25.8000000000012    0.0297374839774547    0.803003274464406    0.000884317953657939    0.644814258830643    5.90391303421587e-07    5.48500388427413e-06
25.9000000000012    0.110036599055045    0.802957643187205    0.0121080531319453    0.644740976783061    5.86941623858549e-07    5.50549006355441e-06
26.0000000000013    0.190318878932407    0.802594230273173    0.0362212756784447    0.644157498498556    5.97174608717926e-07    5.54704607022366e-06
26.1000000000013    0.27052616160648    0.801332843642629    0.0731844041138629    0.642134326330695    5.72205074907385e-07    5.50562113932918e-06
26.2000000000013    0.350526902029368    0.798287123482807    0.122869109046647    0.637262331548424    5.84300828221254e-07    5.47445827398829e-06
26.3000000000013    0.430086035613049    0.792275953967405    0.184973998029642    0.627701187265387    5.41667970100516e-07    5.51590590027083e-06
26.4000000000013    0.508836638772297    0.781849368459478    0.25891472495745    0.611288434991109    6.01054550114235e-07    5.53383065229102e-06
26.5000000000013    0.586255262221694    0.765337624465206    0.343695232483045    0.585741679452442    6.46571326245297e-07    5.5133188887375e-06
26.6000000000014    0.66164370750752    0.740932486955503    0.437772395684757    0.548980950256468    6.77757166276136e-07    5.51371154837699e-06
26.7000000000014    0.734120866339862    0.706808183343137    0.538933446395749    0.499577808071252    3.99701254993727e-07    5.51601660131382e-06
26.8000000000014    0.802628782657443    0.661284778329965    0.644212962750406    0.437297558081522    4.86973960350996e-07    5.53274215632886e-06
26.9000000000014    0.865956990086907    0.603028456607663    0.74988150868045    0.363643319509408    2.73142796454182e-07    5.54875706072133e-06
27.0000000000014    0.922788062429568    0.531271475578371    0.85153780816303    0.282249380794077    7.16651359582606e-07    5.55495123608483e-06
27.1000000000014    0.971764946086888    0.446021686950855    0.944327110443201    0.198935345261333    0    5.55400181099596e-06
27.2000000000015    1.01157706948169    0.348221122067728    1.02328816750145    0.121257949885006    5.3953728050684e-07    5.55867741050863e-06
27.3000000000015    1.04105795173242    0.239810409842688    1.0838016588655    0.0575090326997933    4.44544371669778e-07    5.55658112047053e-06
27.4000000000015    1.05928305788799    0.123665025965351    1.12208059672857    0.0152930386779023    1.79433741849546e-07    5.55799408060116e-06
27.5000000000015    1.06565425898374    0.00339161902771019    1.13561899969036    1.15031105241801e-05    4.24094482384852e-07    5.55833196536147e-06
27.6000000000015    1.05995758773991    -0.116996352997291    1.12351008780766    0.0136881466455489    5.06420298456145e-07    5.55716832371363e-06
27.7000000000015    1.0423844784932    -0.233473985009066    1.08656540100375    0.0545101017068827    4.63854742535155e-07    5.55599104513591e-06
27.8000000000015    1.01351274977019    -0.34240230415866    1.02720809394749    0.117239337923989    8.72958810083676e-07    5.55242490704133e-06
27.9000000000016    0.974250682951199    -0.440858191594394    0.949164393230872    0.194355945126678    0    5.54965737015597e-06
28.0000000000016    0.925753725187241    -0.526845629749443    0.857019959698603    0.27756631761677    7.41098731804383e-07    5.53922983799298e-06
28.1000000000016    0.869327013309778    -0.59936724603728    0.755729456070809    0.359241095653018    8.43134510423745e-07    5.54114360560003e-06
28.2000000000016    0.806327421725953    -0.658366334343479    0.650163911027705    0.433446230227462    6.94864010731223e-07    5.53110650169721e-06
28.3000000000016    0.738076575236512    -0.704572429133366    0.544757030912995    0.496422307925832    3.69236221711751e-07    5.56241106852234e-06
28.4000000000016    0.665792346589111    -0.739293500918168    0.44327944877701    0.54655488053026    6.12535608085009e-07    5.51529197234311e-06
28.5000000000017    0.590542071816749    -0.764195661476864    0.348739938585983    0.583995009050385    6.03726940747586e-07    5.50668979459433e-06
28.6000000000017    0.513217085219083    -0.781101225820643    0.263391776561209    0.610119125009047    6.61467228216768e-07    5.52590029491035e-06
28.7000000000017    0.434525735020447    -0.791823002167888    0.188812614395437    0.626983666792492    6.14187290809581e-07    5.50685108303546e-06
28.8000000000017    0.355000859522857    -0.798040986827642    0.12602561026233    0.636869416687365    6.02253984748161e-07    5.5252774307303e-06
28.9000000000017    0.275017549111738    -0.801219022574962    0.0756346523197773    0.641951922166438    5.91922721969593e-07    5.51904492272086e-06
29.0000000000017    0.194817533817834    -0.802554166356169    0.0379538714832302    0.644093189965846    6.06192991845929e-07    5.49556966260784e-06
29.1000000000017    0.114537374589345    -0.802949679428705    0.0131188101781726    0.644728187725069    5.93880096311325e-07    5.51440618539981e-06
29.2000000000018    0.0342385345324259    -0.803003080134647    0.00117227724727734    0.644813946736079    5.90951510838179e-07    5.50903809120641e-06
29.3000000000018    -0.0460618000666577    -0.803002084987137    0.00212168942572944    0.644812348524142    5.90500743483699e-07    5.51839110695779e-06
29.4000000000018    -0.126359685580195    -0.802923801773562    0.0159667701402713    0.644686631484879    5.87767113949718e-07    5.51076088249928e-06
29.5000000000018    -0.206633360260271    -0.802434826662266    0.0426973455728074    0.643901651070999    5.96889862115379e-07    5.52259429360696e-06
29.6000000000018    -0.286812231332642    -0.800892276558119    0.0822612560423591    0.64142843868064    5.91688222823249e-07    5.49488274670245e-06
29.7000000000018    -0.366746110595718    -0.797348571146705    0.134502709637474    0.635764743939921    6.22424553213438e-07    5.49806406158421e-06
29.8000000000019    -0.446175336941803    -0.790565222238152    0.19907243129547    0.624993370643028    5.81741981879736e-07    5.52897340324981e-06
29.9000000000019    -0.524703001134377    -0.779042701112615    0.275313239399727    0.606907530187183    5.51946734710101e-07    5.50852417194819e-06
