0 0 0
1 1.30795470365061e-22 4.21691993679798e-23
2 2.02869716962044e-22 6.54059851058013e-23
2.99999999999998 1.96802532189857e-22 6.34515345177239e-23
3.99999999999996 2.00397894310556e-22 6.46085658586248e-23
4.99999999999994 2.83711121952202e-22 9.14705091691174e-23
5.99999999999992 2.81189618188747e-22 9.06561017117514e-23
6.9999999999999 2.76604993789661e-22 8.91793428845487e-23
7.99999999999987 2.84965037604427e-22 9.18744294553262e-23
8.99999999999985 3.74590826673049e-22 1.20769383226195e-22
9.99999999999983 3.67814622658286e-22 1.18588134099896e-22
10.9999999999998 3.71779795910286e-22 1.19862414366869e-22
11.9999999999998 4.86464663143161e-22 1.56839655557746e-22
12.9999999999998 4.87140002804118e-22 1.57055167906279e-22
13.9999999999997 4.82894710502447e-22 1.55688071030305e-22
14.9999999999997 4.91718604872906e-22 1.58533154018256e-22
15.9999999999997 6.64437900438793e-22 2.14216813957962e-22
16.9999999999999 6.59463424367712e-22 2.12619707021254e-22
18 6.63694970510602e-22 2.13976529540838e-22
19.0000000000002 1.0947968410096e-21 3.52970099017287e-22
20.0000000000003 1.08069328582069e-21 3.48418926360912e-22
21.0000000000005 1.09685881203265e-21 3.53632635560047e-22
22.0000000000006 1.11397531356175e-21 3.59152891495998e-22
23.0000000000008 3.28984833265094e-21 1.06065587296439e-21
24.000000000001 3.40154190366868e-21 1.09670272135566e-21
25.0000000000011 3.44244403095784e-21 1.10985168377142e-21
26.0000000000013 3.69046800310694e-20 1.18983182095075e-20
27.0000000000014 2.35882240643943e-20 7.60493543446921e-21
28.0000000000016 2.98238195211772e-20 9.61531923191164e-21
29.0000000000017 3.08714423893467e-20 9.95316076702233e-21
