0    5.55259698837891e-17    0.999733122130739    0.999733122130739
0.1    -6.74763632414857e-06    1.30318640592542    1.30320399289995
0.2    -1.38473515491339e-05    1.69523021012534    1.69527715967282
0.3    -2.13661362208417e-05    2.19355563010015    2.19364936771976
0.4    -2.92102585787906e-05    2.81216624021386    2.81233053321899
0.5    -3.70705970357053e-05    3.55517007300521    3.55543366733115
0.6    -4.43844240828824e-05    4.40852403325656    4.40891539022726
0.7    -5.03494219991244e-05    5.33184214271162    5.33237908008626
0.8    -5.4032860650681e-05    6.25465959755661    6.25533554838107
0.900000000000001    -5.460072765163e-05    7.08266835073031    7.0834418306542
1    -5.16344305561501e-05    7.71684286807594    7.7176398188004
1.1    -4.54202182201768e-05    8.08118270885541    8.08191684036405
1.2    -3.70452013027265e-05    8.14699229258314    8.14759592888394
1.3    -2.81832651213691e-05    7.94063675288066    7.94108435163713
1.4    -2.06119061625642e-05    7.53067358224416    7.53098403171755
1.5    -1.56700683940861e-05    7.00251977033213    7.0027392336986
1.6    -1.39126110922522e-05    6.43416776544285    6.43434680008133
1.7    -1.50952262040868e-05    5.88211946780251    5.88229705433107
1.8    -1.84295238930008e-05    5.37862335629937    5.37882161088842
1.9    -2.29253384095426e-05    4.93611094410443    4.93633727332075
2    -2.76504801644658e-05    4.55406229148326    4.55431414246518
2.1    -3.18384417015224e-05    4.22530491075669    4.22557397357138
2.2    -3.48731475346484e-05    3.94068026254705    3.94095511998056
2.29999999999999    -3.62297757567968e-05    3.69214098017907    3.69240852075155
2.39999999999999    -3.54605488399768e-05    3.4747100153304    3.47495645431767
2.49999999999999    -3.23073511635374e-05    3.28767685833826    3.28788929746315
2.59999999999999    -2.69915157616636e-05    3.13520193559383    3.13537118786713
2.69999999999999    -2.06192438689658e-05    3.02630501904383    3.02642982185959
2.79999999999998    -1.53968178479069e-05    2.97409380261808    2.97418538718928
2.89999999999998    -1.41116321521626e-05    2.99402821551769    2.99411271795982
2.99999999999998    -1.86010503973913e-05    3.10093667080665    3.10105203431111
3.09999999999998    -2.80371952894876e-05    3.3044361682618    3.30462146770142
3.19999999999998    -3.87456204451491e-05    3.60279213719785    3.60307133284884
3.29999999999997    -4.61809883787543e-05    3.97673929932629    3.97710661579206
3.39999999999997    -4.74565305842387e-05    4.3870010105127    4.38741741396902
3.49999999999997    -4.24613205561679e-05    4.77973161530598    4.78013753997465
3.59999999999997    -3.32742986278267e-05    5.10033375166958    5.10067318302063
3.69999999999997    -2.2833127353543e-05    5.30980477129241    5.31004725572622
3.79999999999996    -1.37434601408737e-05    5.39490970620917    5.39505799770023
3.89999999999996    -7.59670461219089e-06    5.36746240689564    5.367543957568
3.99999999999996    -4.82451091036727e-06    5.25508873607079    5.25513944278131
4.09999999999996    -4.95294913030459e-06    5.08977923133522    5.08982965042018
4.19999999999995    -7.03736126685348e-06    4.89938932599518    4.89945828402581
4.29999999999995    -1.00632762831636e-05    4.70377305284186    4.70386772453017
4.39999999999995    -1.31864190330734e-05    4.51460515833448    4.51472422285529
4.49999999999995    -1.57971863624988e-05    4.33713854606519    4.33727557740168
4.59999999999995    -1.74692995819162e-05    4.17251316039425    4.17265894470582
4.69999999999994    -1.78719641154045e-05    4.01989846167077    4.02004215120089
4.79999999999994    -1.67133264919656e-05    3.87824818695774    3.87837782598077
4.89999999999994    -1.37685974866439e-05    3.74768021234738    3.74778341436903
4.99999999999994    -9.03483983439762e-06    3.63052970518573    3.63059530828725
5.09999999999994    -3.01979577241498e-06    3.53204625628073    3.53206758846185
5.19999999999993    2.9360781973701e-06    3.46058707167652    3.46056675062768
5.29999999999993    6.60470471077572e-06    3.42706073415783    3.42701546500847
5.39999999999993    5.52183140374044e-06    3.44335448396332    3.44331645692745
5.49999999999993    -1.52829493896176e-06    3.51958026638182    3.51959102431168
5.59999999999993    -1.3018731468411e-05    3.66027289614786    3.66036820160849
5.69999999999992    -2.47135393396342e-05    3.86029113154448    3.86048193917349
5.79999999999992    -3.18125148131252e-05    4.10209437972365    4.10235538390329
5.89999999999992    -3.16852467163431e-05    4.35666597256066    4.35694206538113
5.99999999999992    -2.50342412191343e-05    4.58940743092754    4.58963722134553
6.09999999999991    -1.49449114098569e-05    4.76947607870285    4.76961863962834
6.19999999999991    -4.98394681413189e-06    4.87826170508324    4.87831033131936
6.29999999999991    2.30577671487231e-06    4.91282644201748    4.91280378630809
6.39999999999991    5.95095463474818e-06    4.88335663065463    4.88329850973296
6.49999999999991    6.29278327965095e-06    4.80708749580834    4.80702699626941
6.5999999999999    4.37544174967981e-06    4.70216210033603    4.70212095244333
6.6999999999999    1.37103118702351e-06    4.58360355097217    4.58359098246257
6.7999999999999    -1.76173973846255e-06    4.46176664332998    4.46178236430088
6.8999999999999    -4.3740957808921e-06    4.34256070147926    4.34259869119832
6.9999999999999    -6.06763730861965e-06    4.22854092127855    4.22859223609522
7.09999999999989    -6.581791307812e-06    4.12022870699874    4.12028294432669
7.19999999999989    -5.7042956435572e-06    4.01735141413248    4.01739724671426
7.29999999999989    -3.25296657753502e-06    3.91991289639206    3.91993839916629
7.39999999999989    8.3728414141909e-07    3.82909361790388    3.82908720583052
7.49999999999988    6.3041966885774e-06    3.74796383681367    3.74791658130916
7.59999999999988    1.22629427329076e-05    3.68191530251512    3.68182500138947
7.69999999999988    1.69985641737167e-05    3.63861922978898    3.63849552928675
7.79999999999988    1.81913882149257e-05    3.62725593646258    3.62712396922146
7.89999999999988    1.39032627791508e-05    3.65680209632636    3.65670041477911
7.99999999999987    4.11362837756907e-06    3.73337473495693    3.73334401965078
8.09999999999987    -8.31867729085146e-06    3.8570676472183    3.85713181915422
8.19999999999987    -1.85680763134679e-05    4.01933587891348    4.01948514435571
8.29999999999987    -2.24661148463653e-05    4.20247867001619    4.20266750099537
8.39999999999987    -1.88658584967719e-05    4.38248237477281    4.38264773647719
8.49999999999986    -9.93031548273877e-06    4.53494346446377    4.53503353219677
8.59999999999986    5.26431361841579e-07    4.64171683852292    4.64171195143486
8.69999999999986    9.11306515079822e-06    4.69512833691267    4.69504276367165
8.79999999999986    1.40616124963506e-05    4.69803059056069    4.69789846864721
8.89999999999985    1.52880739660703e-05    4.66046952485843    4.66032702783131
8.99999999999985    1.37657518528225e-05    4.59521332542726    4.59508681403609
9.09999999999985    1.07899617169763e-05    4.51413860771556    4.51404119400113
9.19999999999985    7.48362869388785e-06    4.42629614530186    4.42622989628396
9.29999999999985    4.61445690991906e-06    4.33747584718435    4.33743581717827
9.39999999999984    2.63017146869245e-06    4.25068723499886    4.25066487498509
9.49999999999984    1.78284524229971e-06    4.16702142866529    4.16700657038312
9.59999999999984    2.24622242422206e-06    4.08657378190845    4.08655542324235
9.69999999999984    4.17124690036101e-06    4.00929585538586    4.00926240799956
9.79999999999984    7.64815951222499e-06    3.93574852542148    3.93568832341687
9.89999999999983    1.25552239302741e-05    3.86774688241229    3.86764976277522
9.99999999999983    1.83047317857966e-05    3.80884356545586    3.80870412828846
10.0999999999998    2.35862499055563e-05    3.7645174427305    3.76433986522053
10.1999999999998    2.63605409477805e-05    3.74185828069898    3.74166101108225
10.2999999999998    2.44539135050395e-05    3.74852420798928    3.74834088029885
10.3999999999998    1.68548654970045e-05    3.79086958888809    3.79074180184785
10.4999999999998    5.06547357691907e-06    3.87145271989883    3.87141349861459
10.5999999999998    -6.80624349671651e-06    3.9866162384973    3.98667050662836
10.6999999999998    -1.39422244545312e-05    4.12529332954012    4.12540836267502
10.7999999999998    -1.35865926395309e-05    4.27019649495402    4.2703125313711
10.8999999999998    -6.5112012186746e-06    4.4016638827166    4.4017212033283
10.9999999999998    3.84074358223923e-06    4.50288629547867    4.50285170674823
11.0999999999998    1.35341102549608e-05    4.56415496623769    4.56403142435665
11.1999999999998    1.99547743393194e-05    4.58424517043338    4.58406221892835
11.2999999999998    2.23846300771698e-05    4.56878664979343    4.56858211317379
11.3999999999998    2.15431326680938e-05    4.52701250757234    4.5268174597122
11.4999999999998    1.87624052880319e-05    4.46859317011917    4.468425490153
11.5999999999998    1.53261720310356e-05    4.40157178136746    4.40143686494256
11.6999999999998    1.21600010696715e-05    4.33155140318998    4.33144606113155
11.7999999999998    9.8093368626617e-06    4.26178573248592    4.26170212272231
11.8999999999998    8.55870722485822e-06    4.19373507601092    4.19366329072392
11.9999999999998    8.57037815937866e-06    4.12777234597619    4.12770159344264
12.0999999999998    9.97273904425641e-06    4.06388128173357    4.06380022648685
12.1999999999998    1.28636911610349e-05    4.0022965175224    4.00219355023426
12.2999999999998    1.72087984884622e-05    3.94407523602678    3.94393949277084
12.3999999999998    2.26313659941125e-05    3.89157239911192    3.89139625989968
12.4999999999998    2.8149331666696e-05    3.84873294017083    3.84851626774995
12.5999999999998    3.20372685726338e-05    3.82104081541947    3.82079599184129
12.6999999999998    3.21271160572568e-05    3.81492080368621    3.81467568675429
12.7999999999998    2.6798568422239e-05    3.83643899908954    3.83623338245374
12.8999999999998    1.63920699656667e-05    3.88935627785667    3.88922877074632
12.9999999999998    3.9868454637601e-06    3.97296763802586    3.97293595893615
13.0999999999998    -5.61033152323033e-06    4.08058935421727    4.08063514139232
13.1999999999998    -8.46570156996162e-06    4.19972533524438    4.19979644308909
13.2999999999998    -3.8137692536196e-06    4.31447180087343    4.31450470979874
13.3999999999998    5.76471025221991e-06    4.4095742194753    4.40952337993295
13.4999999999998    1.61814817835153e-05    4.4744271777204    4.4742823743398
13.5999999999998    2.40608943787243e-05    4.50520285030455    4.50498605710092
13.6999999999998    2.79154611975222e-05    4.5044154533096    4.50416397466013
13.7999999999998    2.80304497211158e-05    4.47865121734817    4.47840014717025
13.8999999999997    2.56575710420133e-05    4.4358497759334    4.43562215551207
13.9999999999997    2.22054394244577e-05    4.38322134661549    4.38302668822577
14.0999999999997    1.87744046576376e-05    4.32618264521871    4.32602020526121
14.1999999999997    1.60438907153287e-05    4.26815834171612    4.2680213881814
14.2999999999997    1.43654345620317e-05    4.21090208709263    4.21078110595382
14.3999999999997    1.39135899082677e-05    4.15503633270657    4.1549207113721
14.4999999999997    1.48033444162528e-05    4.10063434976875    4.10051294536073
14.5999999999997    1.7130571208784e-05    4.04777342279951    4.04763474383344
14.6999999999997    2.09140312882087e-05    3.9970422380303    3.99687505299396
14.7999999999997    2.59295994284547e-05    3.94998791863155    3.94978308073396
14.8999999999997    3.14632085443376e-05    3.90944934697878    3.90920334707853
14.9999999999997    3.61020488900164e-05    3.87966025633065    3.87938013907495
15.0999999999997    3.78217861394097e-05    3.8659491851446    3.86565676199796
15.1999999999997    3.46745195924557e-05    3.87386606928051    3.87359742970563
15.2999999999997    2.60789934874046e-05    3.90769104660588    3.90748723462238
15.3999999999997    1.39929141139238e-05    3.96856628372766    3.96845522166741
15.4999999999997    2.73196859788307e-06    4.05287559720687    4.05285345260965
15.5999999999997    -3.08842807876895e-06    4.15175846034447    4.15178410523848
15.6999999999997    -1.24456496587359e-06    4.25245188574613    4.25246247066457
15.7999999999997    6.89669600578276e-06    4.34134342081689    4.34128353937821
15.8999999999997    1.75203938413061e-05    4.40757136090831    4.40741691884195
15.9999999999997    2.66886495352679e-05    4.44555119615679    4.44531391097388
16.0999999999997    3.20898958499142e-05    4.45542160430503    4.45513566545028
16.1999999999997    3.34101050567888e-05    4.44161202384817    4.44131524431493
16.2999999999997    3.16798900507337e-05    4.41057965500865    4.41030021050436
16.3999999999998    2.83673908299729e-05    4.36878357054398    4.36853571559299
16.4999999999998    2.47448906114115e-05    4.32144627938259    4.32123241724365
16.5999999999998    2.16530739118641e-05    4.27212148494672    4.2719364798281
16.6999999999998    1.9542570303672e-05    4.22281651195813    4.22265146580643
16.7999999999998    1.86244081471517e-05    4.17439166858078    4.17423618032826
16.8999999999998    1.90116270776476e-05    4.12704717020323    4.12689024942308
16.9999999999999    2.07938444388494e-05    4.08080711158098    4.08063740377333
17.0999999999999    2.4019426485313e-05    4.03597293335712    4.03577905450364
17.1999999999999    2.85727553975669e-05    3.99353689728971    3.99330869110431
17.2999999999999    3.39557104839935e-05    3.95552458517236    3.95525596899816
17.3999999999999    3.90486622291467e-05    3.92518534663077    3.92487881212696
17.4999999999999    4.2049675769748e-05    3.90689189819555    3.90656334493593
17.6    4.08944040385192e-05    3.90558448024773    3.90526506021074
17.7    3.43268873821749e-05    3.92565862242235    3.92538912039065
17.8    2.32272003172724e-05    3.96939841143489    3.96921401969371
17.9    1.11005034663008e-05    4.03538355289182    4.03529396430806
18    2.74951209514079e-06    4.11760067471831    4.11757803199485
18.1    1.60756576081131e-06    4.20598898486388    4.20597546207786
18.2    7.71425246945252e-06    4.28862054611857    4.28855437962571
18.3000000000001    1.79420775981245e-05    4.3548095701215    4.35465330426277
18.4000000000001    2.80851261263798e-05    4.39779362447383    4.39754660623412
18.5000000000001    3.50448413191979e-05    4.41583161890886    4.41552212551825
18.6000000000001    3.77754902017373e-05    4.41150429627182    4.41117101538703
18.7000000000001    3.69313059627751e-05    4.38992054803231    4.38959630900906
18.8000000000001    3.39458160163212e-05    4.35681273018881    4.35651694910262
18.9000000000002    3.02385851781627e-05    4.31718395166943    4.31692286849491
19.0000000000002    2.68286572471314e-05    4.27467996725147    4.27445060555757
19.1000000000002    2.42957155167548e-05    4.23153334656103    4.23132773529572
19.2000000000002    2.29130332817735e-05    4.18883492179984    4.18864296837013
19.3000000000002    2.2806296235423e-05    4.14693667075813    4.14674752253953
19.4000000000002    2.40594392132801e-05    4.10587763439803    4.10568006892462
19.5000000000002    2.67343286489761e-05    4.06579228308537    4.06557489644283
19.6000000000003    3.07894271852061e-05    4.02729095308771    4.02704296476002
19.7000000000003    3.5896496664051e-05    3.99179524172689    3.99150866908469
19.8000000000003    4.11987810333252e-05    3.96177459920881    3.96144817208878
19.9000000000003    4.51551346196073e-05    3.94077758683067    3.94042171021545
20.0000000000003    4.5739471414663e-05    3.93311080084106    3.93275102047913
20.1000000000003    4.12542633008949e-05    3.9430380736631    3.94271275282218
20.2000000000004    3.16339631798582e-05    3.9735059378792    3.97325455035051
20.3000000000004    1.93996983370135e-05    4.02466404632188    4.02450789481436
20.4000000000004    9.1000611403357e-06    4.09275391527602    4.09267942733215
20.5000000000004    5.01363480916086e-06    4.17006613081342    4.17002431664565
20.6000000000004    8.6106740141666e-06    4.24636738975698    4.24629426221598
20.7000000000004    1.78040690918572e-05    4.31146840584814    4.31131488521866
20.8000000000005    2.84797611530213e-05    4.35787522459057    4.35762700916862
20.9000000000005    3.68877470330801e-05    4.38234843808115    4.3820251400857
21.0000000000005    4.11709814130112e-05    4.38584346019975    4.38548233610843
21.1000000000005    4.14504312480184e-05    4.37219778557392    4.37183534162995
21.2000000000005    3.90044035323854e-05    4.346407315144    4.34606827031857
21.3000000000005    3.53503686464406e-05    4.31321477301339    4.31290983632846
21.4000000000005    3.16895706911648e-05    4.27631767098109    4.27604665022736
21.5000000000006    2.87571831877768e-05    4.23814746287922    4.23790371552278
21.6000000000006    2.69160211740117e-05    4.2000183407097    4.19979225122995
21.7000000000006    2.63224553172433e-05    4.16245066885451    4.16223154277896
21.8000000000006    2.7059868550823e-05    4.12554517246249    4.12532190508394
21.9000000000006    2.91936914555448e-05    4.08935287695719    4.08911411731518
22.0000000000006    3.27296771809949e-05    4.05422525381628    4.05395987553447
22.1000000000007    3.7468917078644e-05    4.02113476709485    4.02083344325482
22.2000000000007    4.27812996067746e-05    3.99193208426283    3.99159053878957
22.3000000000007    4.73962092816949e-05    3.96946161380139    3.96908535676778
22.4000000000007    4.94326506273283e-05    3.9574113542174    3.95702012289128
22.5000000000007    4.69568898576116e-05    3.95976363094172    3.9593917720337
22.6000000000007    3.91406534507368e-05    3.97979108230438    3.97947955125079
22.7000000000007    2.74746110124912e-05    4.01874157479791    4.01852075414181
22.8000000000008    1.59020151383023e-05    4.07463694764966    4.07450735983352
22.9000000000008    9.1236178575525e-06    4.14181214163008    4.14173656569717
23.0000000000008    9.9040617208716e-06    4.21170571604466    4.21162229088419
23.1000000000008    1.74444777433277e-05    4.27486950566344    4.27472036253327
23.2000000000008    2.81085598467232e-05    4.32344768629236    4.32320464134794
23.3000000000008    3.77256079200356e-05    4.35302830960216    4.3526998807138
23.4000000000009    4.3619739227847e-05    4.3631287706515    4.36274815017568
23.5000000000009    4.52373238017114e-05    4.35636685116075    4.35597272823413
23.6000000000009    4.3560014668632e-05    4.33697341660687    4.33659559581346
23.7000000000009    4.01269049040265e-05    4.30937727571196    4.30903144564478
23.8000000000009    3.63080888150384e-05    4.27728112834794    4.27697053981863
23.9000000000009    3.30145746155325e-05    4.24328681494737    4.24300664357877
24.000000000001    3.07266420057661e-05    4.20892289907659    4.20866425488956
24.100000000001    2.9652756572403e-05    4.17488895541404    4.17464136882385
24.200000000001    2.9885307030269e-05    4.14138064666033    4.1411331211934
24.300000000001    3.14888424160716e-05    4.1084257214196    4.1081669904265
24.400000000001    3.44962422938858e-05    4.0762071501021    4.07592593214408
24.500000000001    3.88029580590454e-05    4.04536581851123    4.04505188637235
24.600000000001    4.39671106752076e-05    4.01726283382652    4.01690959447818
24.7000000000011    4.89783354519704e-05    3.99414638511034    3.99375515098935
24.8000000000011    5.21672288467536e-05    3.97912333373153    3.97870819571301
24.9000000000011    5.15331760955548e-05    3.97580901978385    3.97539926876695
25.0000000000011    4.56886016652446e-05    3.98756447609065    3.98720012024764
25.1000000000011    3.51493591692262e-05    4.01637137347592    4.01608903763992
25.2000000000011    2.30137013054366e-05    4.0616369875489    4.06145004525025
25.3000000000012    1.39790745621485e-05    4.11945695485685    4.11934178407498
25.4000000000012    1.18343355337787e-05    4.18288496885744    4.18278596670062
25.5000000000012    1.71804125492442e-05    4.24339644261804    4.24325063852002
25.6000000000012    2.72240792445604e-05    4.29308940169328    4.29285565724461
25.7000000000012    3.76838760934432e-05    4.32667634016336    4.32635026058111
25.8000000000012    4.51441655372689e-05    4.34241366064921    4.3420216090658
25.9000000000012    4.82710610690153e-05    4.3417455471915    4.34132640609497
26.0000000000013    4.75971782129403e-05    4.32810150611794    4.32768951489014
26.1000000000013    4.45798174749721e-05    4.3055339149848    4.30515005226521
26.2000000000013    4.07233123669449e-05    4.27769687461716    4.27734848483267
26.3000000000013    3.71253007608727e-05    4.24732968504256    4.24701432996624
26.4000000000013    3.44104135987288e-05    4.21616317563839    4.21587302578522
26.5000000000013    3.28635456862601e-05    4.18508234293628    4.18480727868631
26.6000000000014    3.25999428752702e-05    4.15440202472639    4.15413116701897
26.7000000000014    3.36839229765556e-05    4.12417136305411    4.12389353587135
26.8000000000014    3.61613378046265e-05    4.09447289174466    4.09417677921774
26.9000000000014    3.99927376074154e-05    4.065706943195    4.06538175869808
27.0000000000014    4.48866895495877e-05    4.03885000709683    4.03848744215836
27.1000000000014    5.00696626135741e-05    4.01565026922194    4.01524816484686
27.2000000000015    5.4117536838211e-05    3.99868337906374    3.99825060469428
27.3000000000015    5.50928472929221e-05    3.99115623949763    3.99071649540194
27.4000000000015    5.12489515436905e-05    3.99635238838606    3.99594279163765
27.5000000000015    4.22556735963241e-05    4.0167037326788    4.01636428997846
27.6000000000015    3.02432034816713e-05    4.05266867186083    4.05242354790759
27.7000000000015    1.95267321154813e-05    4.10183516771681    4.10167497997175
27.8000000000015    1.45571175089699e-05    4.15878256106255    4.15866148305222
27.9000000000016    1.72973283869106e-05    4.21603602067903    4.21589017088276
28.0000000000016    2.6094887449747e-05    4.26591733513426    4.26569470367834
28.1000000000016    3.69176253676031e-05    4.30254254334259    4.30222487576264
28.2000000000016    4.57817471999935e-05    4.32308718249049    4.32269136364275
28.3000000000016    5.05239071907282e-05    4.32787516346364    4.32743786323158
28.4000000000016    5.10786579123812e-05    4.31949935515025    4.31905810922867
28.5000000000017    4.86937669351875e-05    4.30156798676291    4.30114908806266
28.6000000000017    4.49484854395941e-05    4.27762567889723    4.2772411505901
28.7000000000017    4.11242347500136e-05    4.25051046699856    4.25016088339441
28.8000000000017    3.80134219525947e-05    4.2221391847609    4.22181820104584
28.9000000000017    3.60037447571426e-05    4.19358430525252    4.19328234664627
29.0000000000017    3.52512275843412e-05    4.165297628139    4.16500397478135
29.1000000000017    3.58254500789009e-05    4.13738368060181    4.13708724395677
29.2000000000018    3.77766623250201e-05    4.10987694296964    4.10956643983247
29.3000000000018    4.11069867084939e-05    4.0830087937466    4.08267312716841
29.4000000000018    4.56402803836504e-05    4.05745707253076    4.05708672247677
29.5000000000018    5.08087998022288e-05    4.03455508884562    4.03414512787164
29.6000000000018    5.54419979184057e-05    4.0164032934861    4.01595796333002
29.7000000000018    5.7757121735814e-05    4.00578914305564    4.00532644407744
29.8000000000019    5.58286455479005e-05    4.00580677893871    4.00535952637462
29.9000000000019    4.86529382350702e-05    4.01911900481616    4.01872793994521
30.0000000000019    3.7376473822798e-05    4.04695159324704    4.04664908299323
30.1000000000019    2.56357824927601e-05    4.08813019625483    4.08792059679505
30.2000000000019    1.81398392541009e-05    4.13864125607156    4.13849111022095
30.3000000000019    1.80341945956693e-05    4.19213321495988    4.19198201419432
30.400000000002    2.49970061095111e-05    4.24137729386923    4.24116525570129
30.500000000002    3.56159079950803e-05    4.28015654664041    4.27985167417518
30.600000000002    4.5597268567295e-05    4.30475464901361    4.30436209680523
30.700000000002    5.19738333506041e-05    4.31444405883328    4.31399560574808
30.800000000002    5.39545423922539e-05    4.31095412155995    4.31048895554396
30.900000000002    5.24322836798443e-05    4.29738008358824    4.29692946431199
31.000000000002    4.89752346825718e-05    4.2770900276655    4.2766711052066
31.1000000000021    4.50277479433855e-05    4.25297543630212    4.25259244973523
31.2000000000021    4.15667912018791e-05    4.22711782365337    4.22676642281206
31.3000000000021    3.91098591745025e-05    4.20077503138112    4.20044646079167
31.4000000000021    3.78753389519119e-05    4.17454859323826    4.17423238032906
31.5000000000021    3.79482120144007e-05    4.14862476868206    4.14830991484562
31.6000000000021    3.93798148853516e-05    4.12303106525632    4.12270634964333
31.7000000000022    4.21959640806773e-05    4.09788697871108    4.09754116471951
31.8000000000022    4.63046083227772e-05    4.07364256405081    4.07326532467198
31.9000000000022    5.13094002719424e-05    4.05129105828345    4.0508753409846
32.0000000000022    5.62831946438933e-05    4.03251559456298    4.03206169438971
32.1000000000022    5.96547976607701e-05    4.01969400115666    4.01921444170009
32.2000000000022    5.94696571178143e-05    4.01566023935258    4.01518264787971
32.3000000000021    5.42404631986369e-05    4.02314125644949    4.02270484603007
32.4000000000021    4.42021964981036e-05    4.04389125446373    4.04353377251352
32.5000000000021    3.21189742905606e-05    4.07773435373025    4.07747241685365
32.6000000000021    2.25631405224221e-05    4.12192219162188    4.12173618879942
32.7000000000021    1.95684663305811e-05    4.17125113491917    4.17108788813888
32.800000000002    2.41995611696593e-05    4.21912238101536    4.21891818413655
32.900000000002    3.39996599633684e-05    4.25923132346794    4.25894170848134
33.000000000002    4.46913590355221e-05    4.28716829167969    4.28678511004985
33.100000000002    5.26159686091619e-05    4.30124345326967    4.30079084890285
33.200000000002    5.61710937308965e-05    4.30231032691787    4.30182702311231
33.3000000000019    5.57429203058911e-05    4.2928856229233    4.29240705363782
33.4000000000019    5.27763791489872e-05    4.27608929491456    4.27563796571428
33.5000000000019    4.88357793446457e-05    4.25481417414094    4.25439862010253
33.6000000000019    4.50889461949471e-05    4.23127928783466    4.23089773719008
33.7000000000019    4.2208736038554e-05    4.20692127644634    4.20656615377623
33.8000000000018    4.050044472876e-05    4.18249988758549    4.18216111509487
33.9000000000018    4.00790303341095e-05    4.15830373391532    4.157970425711
34.0000000000018    4.0998626625052e-05    4.13438610427878    4.13404710987266
34.1000000000018    4.32963540240072e-05    4.11080064844922    4.11044469850016
34.2000000000018    4.69378026970763e-05    4.08782834643278    4.08744461708342
34.3000000000017    5.16634746274844e-05    4.06618769472608    4.06576756966161
34.4000000000017    5.67671399774836e-05    4.04720146098693    4.04674199096602
34.5000000000017    6.09168126479228e-05    4.03286145481679    4.03237014661437
34.6000000000017    6.22439103871515e-05    4.02570194653345    4.02520082686269
34.7000000000017    5.89628510708777e-05    4.02839083250432    4.0279158096956
34.8000000000016    5.0531993027086e-05    4.04301264465531    4.04260406232825
34.9000000000016    3.87560402528042e-05    4.07016909980454    4.06985362475617
35.0000000000016    2.77288300291579e-05    4.10821873889347    4.10799091301255
35.1000000000016    2.2004151841432e-05    4.15308656335824    4.15290379708515
35.2000000000016    2.39470462780243e-05    4.19893810447924    4.19873700496476
35.3000000000015    3.2313535069511e-05    4.23960341352543    4.23932942923167
35.4000000000015    4.32048481796872e-05    4.27018450801241    4.26981553860694
35.5000000000015    5.24728203560672e-05    4.28814065937026    4.28769066131397
35.6000000000015    5.76798772529317e-05    4.29345683731134    4.29296157375135
35.7000000000015    5.85626391190998e-05    4.28801356379994    4.28751135842866
35.8000000000014    5.63083057631852e-05    4.27460888333319    4.27412751846999
35.9000000000014    5.2532882762132e-05    4.25607835973474    4.25563121509354
36.0000000000014    4.85865524476188e-05    4.23474491310894    4.23433342978985
36.1000000000014    4.53189202981963e-05    4.21221247518584    4.21183070664429
36.2000000000014    4.3148585378245e-05    4.18940344038678    4.18904192232171
36.3000000000013    4.2239177695977e-05    4.16672484836842    4.16637286517334
36.4000000000013    4.26541722849429e-05    4.14428224430235    4.14392871752405
36.5000000000013    4.44349000114465e-05    4.12210099018648    4.12173467617293
36.6000000000013    4.75832857833189e-05    4.10034185635263    4.09995165944276
36.7000000000013    5.19442263425105e-05    4.07950536314512    4.07908157165875
36.8000000000012    5.7002749932095e-05    4.06060813584619    4.06014523057279
36.9000000000012    6.16707871948206e-05    4.04528815099899    4.04478922955846
37.0000000000012    6.42458451678558e-05    4.03576395131215    4.03524542249357
37.1000000000012    6.2809627126808e-05    4.03455720684524    4.03405042060872
37.2000000000012    5.62149235331159e-05    4.04392211039535    4.04346747840804
37.3000000000011    4.53172664888138e-05    4.06503845115993    4.06467003499398
37.4000000000011    3.34741660821917e-05    4.09720449619734    4.09693020437148
37.5000000000011    2.53654569007741e-05    4.13741690451951    4.13720701490311
37.6000000000011    2.44408646884365e-05    4.18069372234266    4.18048936779811
37.7000000000011    3.08124543065653e-05    4.22119342408058    4.2209333014366
37.800000000001    4.13182972769466e-05    4.25373579458068    4.25338429486385
37.900000000001    5.16026284637313e-05    4.27506204748515    4.27462086137453
38.000000000001    5.84471955311761e-05    4.28431907319717    4.28381828959739
38.100000000001    6.08239594934718e-05    4.28270609544939    4.28218514485153
38.200000000001    5.95135823311834e-05    4.27262628335187    4.27211775502405
38.3000000000009    5.60888724702671e-05    4.25679367877194    4.2563161880383
38.4000000000009    5.20546681266749e-05    4.23759465846353    4.23715350826026
38.5000000000009    4.84510864250053e-05    4.21678344318948    4.2163748475083
38.6000000000009    4.58366245036006e-05    4.195445377412    4.19506078493164
38.7000000000009    4.44458846512672e-05    4.17411811648166    4.17374708822768
38.8000000000008    4.4362879268156e-05    4.1529810589062    4.15261259885751
38.9000000000008    4.56311667499687e-05    4.13206225486547    4.13168517042873
39.0000000000008    4.82729732701216e-05    4.11144313834238    4.11104621433364
39.1000000000008    5.22087067666612e-05    4.09145537624148    4.09102817935691
39.2000000000008    5.70819028930587e-05    4.07285986541392    4.07239491877129
39.3000000000008    6.20363948685423e-05    4.05697765428757    4.05647432497684
39.4000000000007    6.55841633241646e-05    4.04571272363528    4.04518208906845
39.5000000000007    6.58105568238111e-05    4.04138279525897    4.04085089895917
39.6000000000007    6.11458946476547e-05    4.04628505035747    4.04579025317348
39.7000000000007    5.15849129665499e-05    4.06200153389553    4.06158247952122
39.8000000000007    3.95910139876244e-05    4.08860151674302    4.08827778580018
39.9000000000006    2.9597462971213e-05    4.12406600469794    4.12382188814144
40.0000000000006    2.58229025970489e-05    4.16430925295287    4.16409418940199
40.1000000000006    2.97442497510277e-05    4.20397834574345    4.20372826481819
40.2000000000006    3.9246288725428e-05    4.23781100740348    4.237478383749
40.3000000000006    5.01049462214708e-05    4.26198149548091    4.26155442417204
40.4000000000005    5.84634480855116e-05    4.27485425995717    4.27435444373795
40.5000000000005    6.2462091891506e-05    4.27691903170162    4.2763847744533
40.6000000000005    6.232429087517e-05    4.27011551259382    4.26958328192217
40.7000000000005    5.94595352110624e-05    4.25696784331201    4.25646163875195
40.8000000000005    5.54764801983019e-05    4.2398785768833    4.23940817589966
40.9000000000004    5.16078430458242e-05    4.22072917760968    4.22029355463337
41.0000000000004    4.8576529242444e-05    4.200763805418    4.20035570819028
41.1000000000004    4.67131854466597e-05    4.1806593186651    4.18026875308157
41.2000000000004    4.61379768958245e-05    4.16068661604179    4.16030270242886
41.3000000000004    4.68996518384339e-05    4.14090223967595    4.14051384414489
41.4000000000003    4.90299494285329e-05    4.12134266894422    4.12093855031286
41.5000000000003    5.25003635470004e-05    4.10221311696799    4.10178240422059
41.6000000000003    5.70801497277975e-05    4.08406480077012    4.08359858932089
41.7000000000003    6.21219502876301e-05    4.0679406589658    4.06743527354655
41.8000000000003    6.63738849857651e-05    4.05544343200643    4.05490511666466
41.9000000000002    6.80281623299732e-05    4.04865282027315    4.04810201292101
42.0000000000002    6.52682821270838e-05    4.04981267021631    4.0492840560862
42.1000000000002    5.73705812193332e-05    4.06075654436795    4.06029063517115
42.2000000000002    4.58476500996837e-05    4.08216107717049    4.08178677934573
42.3000000000002    3.45741203353068e-05    4.11288198004229    4.11259759132177
42.4000000000001    2.81636431297418e-05    4.14973244717989    4.14949871059531
42.5000000000001    2.93303804319275e-05    4.18797112013692    4.18772545776991
42.6000000000001    3.72265245807166e-05    4.22244043943733    4.22212607757431
42.7000000000001    4.81224773547041e-05    4.24891187347096    4.24850295681822
42.8000000000001    5.77517100542471e-05    4.26504837583742    4.26455577661153
42.9    6.34230073034324e-05    4.27062265884613    4.27008098173675
43    6.46664167683556e-05    4.2670506872692    4.2664988531981
43.1    6.25878006951636e-05    4.25659636381831    4.25606357515467
43.2    5.88229279556383e-05    4.24162469317418    4.24112571295817
43.3    5.47831231520281e-05    4.22411484637734    4.22365205132302
43.3999999999999    5.13751449660564e-05    4.20546077653842    4.20502868642302
43.4999999999999    4.90522525697712e-05    4.18648352933722    4.1860728365877
43.5999999999999    4.79904340619765e-05    4.16755976584685    4.16715977903811
43.6999999999999    4.82513810812778e-05    4.14879618650629    4.14839583553213
43.7999999999999    4.98706992468638e-05    4.13021342301634    4.12980149029682
43.8999999999998    5.28514630287049e-05    4.11192679591573    4.11149217619195
43.9999999999998    5.70579805938602e-05    4.09431934640626    4.09385214587615
44.0999999999998    6.20223042519749e-05    4.07819465269645    4.07768880601113
44.1999999999998    6.67294559012764e-05    4.06487567339517    4.06433321570909
44.2999999999998    6.95488632540301e-05    4.05618854665832    4.05562437929039
44.3999999999997    6.8571650768788e-05    4.05425396245833    4.05369798680882
44.4999999999997    6.25273127499189e-05    4.06103161814347    4.06052379910788
44.5999999999997    5.2010675383179e-05    4.07765246925576    4.0772283283978
44.6999999999997    4.01126820932079e-05    4.1037230795452    4.1033938700721
44.7999999999997    3.14567140219534e-05    4.13692253307909    4.1366622732879
44.8999999999996    2.97471240385498e-05    4.17320496536182    4.17295669105578
44.9999999999996    3.55044279690776e-05    4.20768375661576    4.20738498441379
45.0999999999996    4.58383534898338e-05    4.2358981112234    4.2355097958332
45.1999999999996    5.63745783515867e-05    4.25491392754623    4.25443421663255
45.2999999999996    6.36721090708516e-05    4.26380280506231    4.26325986899767
45.3999999999995    6.64654776383268e-05    4.26340911073445    4.26284240935471
45.4999999999995    6.5405711417066e-05    4.25566700718085    4.25511035373285
45.5999999999995    6.20524956140064e-05    4.24284469510691    4.24231816957546
45.6999999999995    5.79613412153918e-05    4.22698277331927    4.2264927985372
45.7999999999995    5.42335818017e-05    4.20961056379155    4.20915398403577
45.8999999999994    5.14713156893326e-05    4.19169446323467    4.19126298138563
45.9999999999994    4.99294780340881e-05    4.17372804998393    4.17331128666672
46.0999999999994    4.96950747103622e-05    4.15588644453707    4.15547341088811
46.1999999999994    5.08069450961023e-05    4.13819924093396    4.13777876377385
46.2999999999994    5.32853395814305e-05    4.12072341791582    4.12028429302145
46.3999999999993    5.70624895773626e-05    4.10371088411961    4.10324257492339
46.4999999999993    6.18179469153894e-05    4.08776320092644    4.08725783790982
46.5999999999993    6.67593080713117e-05    4.0739499973577    4.073406085503
46.6999999999993    7.04739443974278e-05    4.06384239333428    4.06326964369247
46.7999999999993    7.10858168879355e-05    4.0593906662995    4.0588135771192
46.8999999999992    6.69560003034064e-05    4.06257986786843    4.06203587609421
46.9999999999992    5.78646596954898e-05    4.07485700487217    4.07438545173064
47.0999999999992    4.59927553254004e-05    4.09644914023332    4.09607234359722
47.1999999999992    3.56208326782824e-05    4.12583887412424    4.12554495296157
47.2999999999992    3.11097633361019e-05    4.15972109871321    4.15946229088681
47.3999999999991    3.43146400500679e-05    4.19361972519548    4.19333192996832
47.4999999999991    4.3468417836712e-05    4.22301098797117    4.22264386871696
47.5999999999991    5.44382155461106e-05    4.24448796783493    4.24402586828905
47.6999999999991    6.3202894115891e-05    4.25646191545048    4.2559239080306
47.7999999999991    6.76533940847733e-05    4.25917406083162    4.25859780465488
47.899999999999    6.78374773959086e-05    4.25416348426043    4.25358633997404
47.999999999999    6.51114539066177e-05    4.2435382863104    4.24298571639397
48.099999999999    6.11164964334933e-05    4.22935751863809    4.22884058320397
48.199999999999    5.71463121159217e-05    4.2132655463844    4.21278402872547
48.299999999999    5.39752292491078e-05    4.19637108576219    4.19591811002892
48.3999999999989    5.19627551747987e-05    4.1792927221539    4.17885840959292
48.4999999999989    5.12379439042647e-05    4.16228933388715    4.16186282144597
48.5999999999989    5.1847121368346e-05    4.14542075982015    4.14499092583929
48.6999999999989    5.38184237779153e-05    4.12871293064929    4.12826855292068
48.7999999999989    5.71292650723938e-05    4.1123194628736    4.11184962213795
48.8999999999988    6.15751151945398e-05    4.09667500150728    4.09617052610015
48.9999999999988    6.65620016975575e-05    4.08262489522607    4.08208143602939
49.0999999999988    7.09112523497872e-05    4.0714940860469    4.07091669750109
49.1999999999988    7.28726292868734e-05    4.06503387199212    4.06444145575026
49.2999999999988    7.06064373260462e-05    4.06517686625628    4.06460285147416
49.3999999999987    6.32276707215106e-05    4.07356539154617    4.07305030001173
49.4999999999987    5.19775578308907e-05    4.09091702474615    4.09049177509712
49.5999999999987    4.05090199440895e-05    4.11643339212425    4.11609990026892
49.6999999999987    3.34620098096401e-05    4.14755912379076    4.14728156175037
49.7999999999987    3.38614165652267e-05    4.18033719564582    4.18005410095348
49.8999999999986    4.12486531054656e-05    4.21034116218567    4.20999383470835
49.9999999999986    5.2092570499792e-05    4.23382995688614    4.23338887769206
50.0999999999986    6.20447376076754e-05    4.24861993011044    4.24809275380144
50.1999999999986    6.81763853723496e-05    4.25433733543837    4.25375728430079
50.2999999999986    6.98038185369622e-05    4.25206868157616    4.25147510174899
50.3999999999985    6.79348316095192e-05    4.24369672748094    4.24312017700364
50.4999999999985    6.4211418292937e-05    4.23124974764502    4.23070639343967
50.5999999999985    6.01000810304282e-05    4.21646052434715    4.21595373556684
50.6999999999985    5.65647407362854e-05    4.20057239228927    4.20009721059118
50.7999999999985    5.40961736056686e-05    4.18433381778888    4.18388112938033
50.8999999999984    5.28861597332664e-05    4.16810011463634    4.16765926833412
50.9999999999984    5.2997513864004e-05    4.1519797035255    4.1515396376441
51.0999999999984    5.4462015481846e-05    4.13599116870035    4.13554068440451
51.1999999999984    5.72843531118013e-05    4.12021883459999    4.11974681349817
51.2999999999984    6.13466582357422e-05    4.10496282880291    4.10445920819489
51.3999999999983    6.62238783084312e-05    4.0908740972618    4.09033230604453
51.4999999999983    7.09682029671109e-05    4.07904739132921    4.07846846708806
51.5999999999983    7.40167751410757e-05    4.07102147609957    4.07041887293993
51.6999999999983    7.34738987686628e-05    4.06861946940196    4.06802163865687
51.7999999999983    6.79615958759251e-05    4.07357721743756    4.07302356144767
51.8999999999982    5.78348227155251e-05    4.08697890208972    4.08650619002845
51.9999999999982    4.59238954784196e-05    4.10864597954022    4.10826862681268
52.0999999999982    3.67722459475796e-05    4.1367496876588    4.13644546369193
52.1999999999982    3.4300306116308e-05    4.16792713082894    4.16764121828291
52.2999999999982    3.94185864216884e-05    4.19799321648834    4.19766227161691
52.3999999999981    4.95270041146741e-05    4.22301920875148    4.22260092248849
52.4999999999981    6.02687569101121e-05    4.24031477862709    4.23980369242839
52.5999999999981    6.80034242354611e-05    4.24890153756189    4.24832369714943
52.6999999999981    7.12276743283337e-05    4.24936760831351    4.24876230628355
52.7999999999981    7.0448385605223e-05    4.24330589727245    4.24270807128814
52.899999999998    6.71973738197693e-05    4.23265933817988    4.23209052921875
52.999999999998    6.30727478075388e-05    4.21921599728097    4.2186837957553
53.099999999998    5.92355119001074e-05    4.204340944962    4.20384288188886
53.199999999998    5.63334566306874e-05    4.1889138807476    4.18844195533593
53.299999999998    5.46450235042141e-05    4.17339664526066    4.17294055946793
53.3999999999979    5.42630887825656e-05    4.15796204265076    4.15751081940858
53.4999999999979    5.52237810874685e-05    4.1426419862735    4.1421844668311
53.5999999999979    5.75461687550923e-05    4.12747708142135    4.12700206777124
53.6999999999979    6.11734159066169e-05    4.11266245605547    4.11215931561248
53.7999999999979    6.58180277099881e-05    4.09868410966541    4.09814461056557
53.8999999999978    7.07463874175704e-05    4.08642718992868    4.08584903090908
53.9999999999978    7.46167025785009e-05    4.0772160281307    4.07660761669692
54.0999999999978    7.55924816922637e-05    4.0727252728573    4.07210958457746
54.1999999999978    7.19769733614959e-05    4.07470165890524    4.07411513173617
54.2999999999978    6.3355069071957e-05    4.08448251343004    4.08396500087356
54.3999999999977    5.16370395333072e-05    4.10240231632034    4.10197866637519
54.4999999999977    4.09372175119163e-05    4.12730917998804    4.12697127271374
54.5999999999977    3.57235232503025e-05    4.15647565517915    4.1561786978781
54.6999999999977    3.82022010782245e-05    4.18607967598569    4.1857598532886
54.7999999999977    4.69610037541036e-05    4.21215178006537    4.2117561848918
54.8999999999976    5.79906538082823e-05    4.23160232753084    4.23111156921897
54.9999999999976    6.71345295400805e-05    4.2428820303089    4.24231238077406
55.0999999999976    7.20411894166529e-05    4.24605013350442    4.2454383965708
55.1999999999976    7.25717978860786e-05    4.24234907872629    4.24173337360931
55.2999999999976    7.00142805512483e-05    4.23357802656592    4.23298524622963
55.3999999999975    6.60322037311961e-05    4.22154076759996    4.22098328913144
55.4999999999975    6.19769537546898e-05    4.2077055620915    4.20718403286823
55.5999999999975    5.86754324716781e-05    4.19308075219852    4.19258871941571
55.6999999999975    5.65188594142292e-05    4.17824211714802    4.17776984488268
55.7999999999975    5.56480303722416e-05    4.16344036040395    4.16297701167714
55.8999999999974    5.61089689277772e-05    4.14873883399917    4.14827329720331
55.9999999999974    5.79272650451278e-05    4.13415699243313    4.13367805936073
56.0999999999974    6.10858898474427e-05    4.11981161780965    4.11930832383645
56.1999999999974    6.54043076540791e-05    4.10605196690605    4.10551489506069
56.2999999999974    7.03378264628616e-05    4.09357677312612    4.09300094704311
56.3999999999973    7.47764629504454e-05    4.08350271783253    4.08289206371571
56.4999999999973    7.70265343037293e-05    4.07733225849014    4.07670418132259
56.5999999999973    7.5232763860766e-05    4.07675878257172    4.07614541705529
56.6999999999973    6.83655589317685e-05    4.08327274836917    4.08271447608834
56.7999999999973    5.74099465190716e-05    4.09761360028532    4.09714313973914
56.8999999999972    4.57927377003782e-05    4.11923630850806    4.11885906356754
56.9999999999972    3.8151060621347e-05    4.14605819882605    4.14574185785943
57.0999999999972    3.77884492563732e-05    4.1747150881791    4.17439958808282
57.1999999999972    4.4630290594829e-05    4.20133676179582    4.20096176477092
57.2999999999972    5.53695498658698e-05    4.22255565120069    4.22208807507879
57.3999999999971    6.56079527297501e-05    4.23630846099285    4.2357526264095
57.4999999999971    7.21936672634385e-05    4.24211351954392    4.24150105629604
57.5999999999971    7.42232481623713e-05    4.24080959065177    4.240180104049
57.6999999999971    7.25917797559786e-05    4.23399179368802    4.23337713230783
57.7999999999971    6.89355438441447e-05    4.22343411838762    4.22285186906961
57.899999999997    6.47709575015212e-05    4.21068343399361    4.21013800932578
57.999999999997    6.11190884848974e-05    4.19686969986478    4.19635671351694
58.099999999997    5.85106443752353e-05    4.18268712774155    4.18219769294057
58.199999999997    5.71560051168021e-05    4.16847564931973    4.16799916972232
58.299999999997    5.71213439466536e-05    4.15434594762366    4.15387137108461
58.399999999997    5.84358989199357e-05    4.1403162908304    4.13983243289654
58.4999999999969    6.11060270616525e-05    4.12644905193298    4.1259447809321
58.5999999999969    6.50301379611816e-05    4.11298319353804    4.1124482925937
58.6999999999969    6.98227500523655e-05    4.10045531524325    4.09988274508852
58.7999999999969    7.45989702017386e-05    4.08978738292869    4.08917724059046
58.8999999999969    7.78614092188085e-05    4.08229837229828    4.08166271478323
58.9999999999968    7.77320141749877e-05    4.07958100408583    4.07894682528495
59.0999999999968    7.27390352473252e-05    4.08319399202179    4.08260002004332
59.1999999999968    6.30140696827978e-05    4.09417774827755    4.09366179918576
59.2999999999968    5.11299754456254e-05    4.11251038718025    4.11208986357138
59.3999999999968    4.15288518723585e-05    4.13673484184331    4.13639126841455
59.4999999999967    3.83137528715251e-05    4.16401033842848    4.16369127292695
59.5999999999967    4.27693332698678e-05    4.1906920286223    4.190333577745
59.6999999999967    5.26021436008939e-05    4.21326354265375    4.2128203125808
59.7999999999967    6.35051728479723e-05    4.22922574004121    4.22868861872793
59.8999999999967    7.16599393247379e-05    4.23756470767831    4.23695742393655
59.9999999999966    7.53253830261172e-05    4.23867331924925    4.23803480796276
60.0999999999966    7.48514143557881e-05    4.23388312445987    4.2332493476188
60.1999999999966    7.17287041879414e-05    4.22488774351703    4.2242816955417
60.2999999999966    6.75906304668512e-05    4.21328186147282    4.21271234321221
60.3999999999966    6.36564284018184e-05    4.20030508477954    4.19977036597804
60.4999999999965    6.06213885700664e-05    4.18677127553242    4.18626369052623
60.5999999999965    5.87901647367589e-05    4.17311869291936    4.17262804509378
60.6999999999965    5.82638498564115e-05    4.15951926000726    4.15903458903477
60.7999999999965    5.90773586094523e-05    4.14600777434713    4.1455179329095
60.8999999999965    6.12489772383544e-05    4.13261364326101    4.13210743754765
60.9999999999964    6.47318077270343e-05    4.11948997510939    4.11895668556418
61.0999999999964    6.92686742893071e-05    4.10703551196462    4.10646657356388
61.1999999999964    7.41808993756495e-05    4.09599449657185    4.09538685253624
61.2999999999964    7.819455091054e-05    4.08750089901683    4.08686170840376
61.3999999999964    7.95146492755428e-05    4.08301441164549    4.08236514435389
61.4999999999963    7.63971256063668e-05    4.08409281419416    4.08346883596088
61.5999999999963    6.82478213037738e-05    4.0919816574143    4.09142315786481
61.6999999999963    5.67151743463183e-05    4.10709114508094    4.10662530272057
61.7999999999963    4.57343159116787e-05    4.12854694773764    4.12816933246689
61.8999999999963    3.98488080535634e-05    4.15406742087079    4.15373636479239
61.9999999999962    4.15919529792631e-05    4.18033958250014    4.17999185998789
62.0999999999962    4.99120276647101e-05    4.20382823776878    4.20340861553037
62.1999999999962    6.09526087661154e-05    4.2216943637271    4.22117974852448
62.2999999999962    7.04483513425911e-05    4.23242227471745    4.23182598238238
62.3999999999962    7.58125220092394e-05    4.23593115449345    4.23528892993436
62.4999999999961    7.67101115601797e-05    4.23323322253837    4.23258380876945
62.5999999999961    7.43468014419793e-05    4.22588755741113    4.2252592416781
62.6999999999961    7.03991804887163e-05    4.21549976194926    4.21490626827355
62.7999999999961    6.62731893766579e-05    4.20340171021356    4.2028446014598
62.8999999999961    6.28492829788288e-05    4.19052440882818    4.18999769902271
62.999999999996    6.0552897593353e-05    4.17741114048313    4.17690526241753
63.099999999996    5.95390079644348e-05    4.16430711137959    4.16381126347334
63.199999999996    5.98550356456144e-05    4.15127940712826    4.15078248691766
63.299999999996    6.15247254246293e-05    4.13834367774005    4.13783448815083
63.399999999996    6.4536069877483e-05    4.12558953663272    4.12505707232663
63.4999999999959    6.87304990067291e-05    4.11330139027807    4.11273601062266
63.5999999999959    7.36092256636278e-05    4.10206513942744    4.10146128419968
63.6999999999959    7.81276396833011e-05    4.09283558468456    4.09219610747772
63.7999999999959    8.06486866238835e-05    4.08691977600603    4.08626061974157
63.8999999999959    7.93089644026518e-05    4.08582067034131    4.08517263732394
63.9999999999958    7.29490432929964e-05    4.09090414825832    4.09030733670751
64.0999999999959    6.23103084620444e-05    4.10291982616924    4.10240854962711
64.1999999999959    5.05885641547737e-05    4.12151512777445    4.12109814580405
64.299999999996    4.23915407553931e-05    4.14497489387325    4.14462348502572
64.399999999996    4.12722047415204e-05    4.17040069250384    4.17005646344846
64.4999999999961    4.75346597456125e-05    4.19436239142407    4.19396365519961
64.5999999999961    5.81191297224099e-05    4.21378998980344    4.21330021465467
64.6999999999962    6.86073675833378e-05    4.22671795696307    4.22613802876533
64.7999999999962    7.56387183151836e-05    4.23258129391687    4.23194104829575
64.8999999999963    7.80850794916253e-05    4.23202422000058    4.23136335570896
64.9999999999963    7.67154226124205e-05    4.2264154741769    4.22576706142169
65.0999999999964    7.31491295156794e-05    4.21732905309032    4.21671211032091
65.1999999999965    6.89475003916671e-05    4.2061659628819    4.20558599361059
65.2999999999965    6.51886378894194e-05    4.19396762681097    4.19342086437978
65.3999999999966    6.24453374355678e-05    4.18138635328499    4.18086416972936
65.4999999999966    6.09490616388999e-05    4.16875080922271    4.16824267729281
65.5999999999967    6.07712369473738e-05    4.15617438506187    4.155669264042
65.6999999999967    6.19395361486541e-05    4.14367620653879    4.14316292356694
65.7999999999968    6.44618416538708e-05    4.1313027232312    4.13077013479889
65.8999999999968    6.82513432551117e-05    4.11924630031365    4.11868405050156
65.9999999999969    7.29592521307063e-05    4.10795498452005    4.10735560160366
66.0999999999969    7.77602180656345e-05    4.09821551388714    4.09757820718017
66.199999999997    8.12210439617599e-05    4.09117315659503    4.09050863185881
66.299999999997    8.14860498612061e-05    4.08823637358274    4.08757015940393
66.3999999999971    7.70022436154471e-05    4.09081925216721    4.09018929615396
66.4999999999971    6.76922593023026e-05    4.09992131751933    4.09936628921656
66.5999999999972    5.58736323759801e-05    4.11563851330441    4.11517862765332
66.6999999999972    4.58672588246389e-05    4.13680422603119    4.13642475569617
66.7999999999973    4.19279193002054e-05    4.16099107723255    4.16064216846538
66.8999999999973    4.56991926671337e-05    4.18498541149183    4.18460292806175
66.9999999999974    5.5208821171133e-05    4.20560221074769    4.205137863703
67.0999999999974    6.62296879661965e-05    4.22049762753838    4.2199386200794
67.1999999999975    7.47860435719674e-05    4.22863134169457    4.22799890377656
67.2999999999975    7.89000862388072e-05    4.23024138432818    4.22957390417235
67.3999999999976    7.87530948758163e-05    4.22645121469315    4.22578557488735
67.4999999999976    7.57820712755641e-05    4.21875599799336    4.2181166343102
67.5999999999977    7.1648597379308e-05    4.2085968331999    4.20799379628658
67.6999999999977    6.76286522010053e-05    4.19711410955178    4.19654645760059
67.7999999999978    6.4466638902876e-05    4.18507008133003    4.18453052131022
67.8999999999978    6.24958740743322e-05    4.17288507407613    4.17236353047022
67.9999999999979    6.18277396468732e-05    4.16073118648183    4.16021672108099
68.0999999999979    6.24971709874796e-05    4.14864651332618    4.1481279883915
68.199999999998    6.45218751491854e-05    4.13665277315592    4.13611899840854
68.299999999998    6.78638598474468e-05    4.12487109753978    4.12431127618331
68.3999999999981    7.22938825622131e-05    4.11363233164015    4.11303759373069
68.4999999999981    7.71849663047592e-05    4.10356978178075    4.1029363628805
68.5999999999982    8.13288752841253e-05    4.09566607939614    4.09499994174082
68.6999999999982    8.29745800977387e-05    4.09120817802278    4.09052930179092
68.7999999999983    8.034065253306e-05    4.09159955537881    4.09094216463764
68.8999999999983    7.2668541600738e-05    4.09800702550585    4.0974114763955
68.9999999999984    6.13524706639159e-05    4.11089524527487    4.11039084906095
69.0999999999984    5.01360378571479e-05    4.12960719033402    4.12919312680866
69.1999999999985    4.36091133085436e-05    4.15221639553043    4.15185426237219
69.2999999999985    4.46090090074576e-05    4.1758193201893    4.17544677848468
69.3999999999986    5.24490237527352e-05    4.1972325179585    4.19679225955356
69.4999999999986    6.34528179931186e-05    4.21382161745306    4.21328689367049
69.5999999999987    7.327222806192e-05    4.22410010304106    4.22348112994238
69.6999999999988    7.90928925998828e-05    4.22787528978612    4.22720655290601
69.7999999999988    8.03751081536248e-05    4.22597417131057    4.22529489964496
69.8999999999989    7.82292125341382e-05    4.2197625747813    4.21910240901894
69.9999999999989    7.43357468948069e-05    4.21068688471849    4.21006092214086
70.099999999999    7.01520751108921e-05    4.19996983925109    4.19938060738767
70.199999999999    6.66130365364043e-05    4.18848101730135    4.18792303959187
70.2999999999991    6.41805864284814e-05    4.17673839818277    4.17620230155026
70.3999999999991    6.30260948245663e-05    4.16498361415885    4.16445864194138
70.4999999999992    6.31998616264947e-05    4.15328767417564    4.15276273293925
70.5999999999992    6.47243027262894e-05    4.14166426955852    4.14112817159314
70.6999999999993    6.75918100425105e-05    4.13018251910481    4.12962422381646
70.7999999999993    7.16638606698167e-05    4.11907622784195    4.11848589233792
70.8999999999994    7.64845905325485e-05    4.1088420181675    4.10821354003775
70.9999999999994    8.10720805239995e-05    4.10030530950145    4.09964052283264
71.0999999999995    8.38465277434571e-05    4.09461538470538    4.09392880370791
71.1999999999995    8.29437691570326e-05    4.09311937092232    4.09244042973979
71.2999999999996    7.70882881829754e-05    4.09707822065488    4.09644659585259
71.3999999999996    6.6789193778247e-05    4.10724403034725    4.10669542795309
71.4999999999997    5.50063527986864e-05    4.12341440001434    4.12296079699094
71.5999999999997    4.62929131971658e-05    4.14416830581023    4.14378463232428
71.6999999999998    4.44232423026029e-05    4.1669843657603    4.16661416029373
71.7999999999998    5.00743614711113e-05    4.18879150786079    4.18837202674585
71.8999999999999    6.04552696010144e-05    4.20676428860743    4.20625567721724
71.9999999999999    7.11566067477597e-05    4.21901895293204    4.21841857350802
72.1    7.86233712879374e-05    4.22492388516278    4.22425958187397
72.2    8.14987537189543e-05    4.22496532957614    4.22427672687867
72.3000000000001    8.04129400254747e-05    4.22032791302021    4.21964922964442
72.4000000000001    7.69575719116284e-05    4.21242322944563    4.21177492361047
72.5000000000002    7.27338542798255e-05    4.20253426513334    4.20192297656502
72.6000000000002    6.88767172249792e-05    4.19163126670022    4.19105389486476
72.7000000000003    6.60030448736387e-05    4.18033333838726    4.17978154534944
72.8000000000003    6.43676869347655e-05    4.16896083138758    4.16842417319975
72.9000000000004    6.40490332976112e-05    4.15763019784027    4.15709764755964
73.0000000000004    6.50739969478859e-05    4.14636225475055    4.14582264913542
73.1000000000005    6.74517259875766e-05    4.13519175276513    4.13463393874862
73.2000000000005    7.11086987173938e-05    4.12427470539883    4.12368820348931
73.3000000000006    7.57301526221826e-05    4.11398882670196    4.11336576788284
73.4000000000006    8.05473538024545e-05    4.10501227265216    4.10435103016172
73.5000000000007    8.41905639316932e-05    4.09834944155428    4.09765941494666
73.6000000000007    8.48314703156412e-05    4.09525757293809    4.09456281843267
73.7000000000008    8.0847977800902e-05    4.09702959375998    4.09636717419997
73.8000000000008    7.1967257742281e-05    4.10462657130925    4.10403581638748
73.9000000000009    6.02531030142194e-05    4.1182350117936    4.11773876881697
74.000000000001    4.98857652082633e-05    4.13692132826692    4.13650860188396
74.100000000001    4.52416838248147e-05    4.15859464703666    4.15821838041125
74.2000000000011    4.83082111371458e-05    4.18039544288592    4.17999156754503
74.3000000000011    5.74480312482557e-05    4.19941279706149    4.19893032878316
74.4000000000012    6.854325809055e-05    4.21343264332991    4.21285507811588
74.5000000000012    7.74815791424695e-05    4.22139435220927    4.22074024228955
74.6000000000013    8.20498666286097e-05    4.22340921049863    4.22271620703459
74.7000000000013    8.22496207852812e-05    4.22042981523618    4.2197356148302
74.8000000000014    7.94520072026732e-05    4.21378855202428    4.21311901730338
74.9000000000014    7.53399057522832e-05    4.20480095661189    4.20416742572649
75.0000000000015    7.12445602381231e-05    4.19452676829387    4.19392913644186
75.1000000000015    6.79610130249252e-05    4.18368676182058    4.18311814528331
75.2000000000016    6.58535582540132e-05    4.1726873939107    4.17213785747489
75.3000000000016    6.50457809875115e-05    4.1617017340477    4.16116036698229
75.4000000000017    6.55737106463544e-05    4.15077148943533    4.15022716215167
75.5000000000017    6.74545353319932e-05    4.13991319217908    4.13935471800931
75.6000000000018    7.06580504203287e-05    4.12922316145798    4.12863967696917
75.7000000000018    7.49805969228507e-05    4.11897820087279    4.11836056029542
75.8000000000019    7.98438943021862e-05    4.10972219891768    4.10906597886312
75.9000000000019    8.41036992795191e-05    4.10231455731556    4.10162457568581
76.000000000002    8.6055932078667e-05    4.09789999303279    4.09719475651564
76.100000000002    8.38921053335674e-05    4.09775280758846    4.09706532704232
76.2000000000021    7.67037179630654e-05    4.10297066367559    4.10234128574202
76.3000000000021    6.56376200536033e-05    4.11405756502713    4.1135175265793
76.4000000000022    5.42326548609147e-05    4.13053070826443    4.1300827132678
76.5000000000022    4.70952062191353e-05    4.15075404067454    4.15036309785105
76.6000000000023    4.73437285612495e-05    4.17216234395502    4.17176731121429
76.7000000000023    5.46616276486687e-05    4.19186502509351    4.19140678181153
76.8000000000024    6.55803490643705e-05    4.20739940178817    4.20684759253316
76.9000000000024    7.56947986505341e-05    4.21730460353933    4.21666619581785
77.0000000000025    8.19703078840546e-05    4.22129574776599    4.22060376266399
77.1000000000025    8.36537454357495e-05    4.22004634674096    4.21934036043373
77.2000000000026    8.17471307871933e-05    4.21476220637746    4.2140731732693
77.3000000000026    7.79261940666361e-05    4.20675828033035    4.20610269809309
77.4000000000027    7.36968396736849e-05    4.19716769518681    4.19654910478554
77.5000000000027    7.00492061941795e-05    4.18681006167656    4.18622353731952
77.6000000000028    6.74840128776386e-05    4.17618327983647    4.17561966665888
77.7000000000028    6.61911073194243e-05    4.16552683870604    4.16497543353611
77.8000000000029    6.62249834459348e-05    4.15491583967733    4.15436555765434
77.9000000000029    6.76070642540297e-05    4.14436336926735    4.143803030669
78.000000000003    7.03333287590808e-05    4.13392289676274    4.13334143254273
78.100000000003    7.42832108551023e-05    4.12378797329545    4.12317536237908
78.2000000000031    7.9040731758507e-05    4.114383071489    4.11373271519623
78.3000000000032    8.36842384910142e-05    4.10642788789691    4.10574065882571
78.4000000000032    8.66925964716077e-05    4.10094134256521    4.10023036169606
78.5000000000033    8.62095520161125e-05    4.09913988863051    4.09843317952869
78.6000000000033    8.08583999511065e-05    4.10219376740335    4.10153042739132
78.7000000000034    7.09270482318601e-05    4.11085189560502    4.11026879578122
78.8000000000034    5.91319886636961e-05    4.12503145198691    4.12454363820619
78.9000000000035    4.99431730002452e-05    4.14355274742172    4.14313888374799
79.0000000000035    4.73270148618655e-05    4.16420786051665    4.16381372011554
79.1000000000036    5.23299843459863e-05    4.18422671073881    4.18378881261747
79.2000000000036    6.24551133903205e-05    4.20099016161421    4.20046544775148
79.3000000000037    7.33323982350122e-05    4.21268420380877    4.21206639664271
79.4000000000037    8.12256821050792e-05    4.21862193637401    4.21793667114649
79.5000000000038    8.45433190002737e-05    4.21915741601889    4.21844407318459
79.6000000000038    8.37630865310312e-05    4.2153213725907    4.2146152550795
79.7000000000039    8.04383684089925e-05    4.20839012021423    4.20771314259941
79.8000000000039    7.62060532941166e-05    4.19954886114788    4.19890884783212
79.900000000004    7.22582286392671e-05    4.18970935962486    4.18910392141908
80.000000000004    6.92580365675338e-05    4.17946392117341    4.17888503833553
80.1000000000041    6.74859405406446e-05    4.16912678737216    4.16856411045998
80.2000000000041    6.70288158310785e-05    4.15881777633341    4.15826029243928
80.3000000000042    6.79133715509526e-05    4.14856005358775    4.1479966064527
80.4000000000042    7.0149423177963e-05    4.138379826048    4.13779925685922
80.5000000000043    7.36747794351192e-05    4.12840434939022    4.12779607564493
80.6000000000043    7.82055203537257e-05    4.11895446844005    4.11831026886498
80.7000000000044    8.30264036997469e-05    4.11061938427497    4.10993686105351
80.8000000000044    8.68312736135922e-05    4.10428668804609    4.10357398904985
80.9000000000045    8.78267659257233e-05    4.10108638163508    4.10036607458995
81.0000000000045    8.43375294049517e-05    4.10220692015517    4.10151503851325
81.1000000000046    7.59106118058999e-05    4.10857208281951    4.10794836172565
81.2000000000046    6.43538179325539e-05    4.12043871800525    4.11990842020582
81.3000000000047    5.3678274109605e-05    4.13706482913129    4.13662071197092
81.4000000000047    4.83451674123349e-05    4.15664126036924    4.15623937276335
81.5000000000048    5.0673403557187e-05    4.17660787359609    4.17618460917178
81.6000000000048    5.93847417217541e-05    4.19428674490497    4.19378862121581
81.7000000000049    7.05074145370959e-05    4.20757439210838    4.2069811035559
81.8000000000049    7.98121631322111e-05    4.21539294954656    4.21472012398671
81.900000000005    8.48460083570762e-05    4.21774614787856    4.21703049074939
82.000000000005    8.54151643273132e-05    4.21544218425652    4.21472212038714
82.1000000000051    8.28122472853852e-05    4.20967662073486    4.20897945290628
82.2000000000051    7.87361548720625e-05    4.20166014224492    4.20099854920886
82.3000000000052    7.45735937295425e-05    4.19238570863723    4.19176047272614
82.4000000000052    7.11726257770333e-05    4.18254024258859    4.18194492021628
82.5000000000053    6.89309768042863e-05    4.17251943211608    4.17194424008424
82.6000000000054    6.79861298229134e-05    4.16249797571946    4.16193202994039
82.7000000000054    6.83758976220678e-05    4.15252151117046    4.15195368522462
82.8000000000055    7.01164273676299e-05    4.14260337203727    4.14202248367019
82.9000000000055    7.31832520812261e-05    4.13282057421789    4.1322157119839
83.0000000000056    7.73946363221222e-05    4.12340639005681    4.12276818037488
83.1000000000056    8.22168197140686e-05    4.11483141890686    4.11415485782572
83.2000000000057    8.65682889060618e-05    4.10785257183161    4.10714141385889
83.3000000000057    8.87990361653974e-05    4.10349428883902    4.10276558087206
83.4000000000058    8.70920027986141e-05    4.10291896747906    4.10220436685466
83.5000000000058    8.04106118143018e-05    4.1071604851568    4.10650001969037
83.6000000000059    6.96582318437652e-05    4.11674985066003    4.11617635957732
83.7000000000059    5.81378184539279e-05    4.13134725335065    4.13086690624381
83.800000000006    5.04216758962846e-05    4.14956206212322    4.14914362747458
83.900000000006    4.98842435794688e-05    4.16911876553195    4.16870283960807
84.0000000000061    5.66050365516973e-05    4.1873788014393    4.18690477481137
84.1000000000061    6.73743520846307e-05    4.20202670223465    4.20146052272762
84.2000000000062    7.77608640924128e-05    4.21162215378783    4.21096720596132
84.3000000000062    8.45048240084325e-05    4.21579959865468    4.21508714805391
84.4000000000063    8.66176608269886e-05    4.21510055689841    4.21437041584074
84.5000000000063    8.497539493417e-05    4.21059483398251    4.20987930086736
84.6000000000064    8.12426417189187e-05    4.20348688154379    4.20280393227102
84.7000000000064    7.69752154097137e-05    4.19483529845254    4.19418955145764
84.8000000000065    7.32222682814444e-05    4.18541871426551    4.18480582743854
84.9000000000065    7.05264695258459e-05    4.17571910262865    4.17513014671355
85.0000000000066    6.90980698713215e-05    4.165975017552    4.16539933566481
85.1000000000066    6.89964429183653e-05    4.15626592267329    4.15569242711347
85.2000000000067    7.02413449823154e-05    4.14660556111438    4.14602307572549
85.3000000000067    7.28298233114382e-05    4.13703578647015    4.13643323118342
85.4000000000068    7.66544771386461e-05    4.127718174935    4.12708540728252
85.5000000000068    8.133301529576e-05    4.11901833881914    4.1183483689467
85.6000000000069    8.60004737963365e-05    4.1115679424764    4.11086080970795
85.7000000000069    8.92012384831201e-05    4.10627494186576    4.10554243758532
85.800000000007    8.91110009610064e-05    4.10424126133849    4.10350986042039
85.900000000007    8.42863849894567e-05    4.10655313824323    4.10586094354824
86.0000000000071    7.4809893308086e-05    4.11394861228927    4.1133331302199
86.1000000000071    6.31185535623804e-05    4.12644131282923    4.12592043569219
86.2000000000072    5.35205717853134e-05    4.14305823149804    4.14261477754097
86.3000000000072    5.01202985726112e-05    4.16186588075609    4.1614487137435
86.4000000000073    5.43614990532985e-05    4.1803593434517    4.17990486695674
86.5000000000073    6.41245724970433e-05    4.19609938275001    4.19556127109804
86.6000000000074    7.51380802427857e-05    4.2073289350294    4.20669672129447
86.7000000000074    8.34808344062637e-05    4.21330781745498    4.21260441527116
86.8000000000075    8.72869985087363e-05    4.21427202296108    4.21353638486116
86.9000000000076    8.6849633644301e-05    4.21111889293255    4.21038748818862
87.0000000000076    8.36741576077947e-05    4.20501012322989    4.20430648074699
87.1000000000077    7.94381874342657e-05    4.1970496262388    4.19638286717517
87.2000000000077    7.53991895253953e-05    4.18810142310097    4.18746991181051
87.3000000000078    7.22723123579242e-05    4.17873656256536    4.17813259230746
87.4000000000078    7.03662998783865e-05    4.16926519035173    4.16867848010704
87.5000000000079    6.97770356162973e-05    4.1598109770263    4.15923049897293
87.6000000000079    7.05297939985364e-05    4.15040035657577    4.14981494410047
87.700000000008    7.26314319060638e-05    4.14105413263642    4.14045263494156
87.800000000008    7.60240046028056e-05    4.13187763183727    4.13124943582704
87.9000000000081    8.04442255227491e-05    4.12314613499414    4.12248282175876
88.0000000000081    8.52218945649225e-05    4.11537514245014    4.11467376209013
88.1000000000082    8.91196519055716e-05    4.10935210953438    4.10861972674496
88.2000000000082    9.04121982145633e-05    4.10609323324311    4.10535081853587
88.3000000000083    8.74298747193201e-05    4.10668717100869    4.10596913949635
88.4000000000083    7.95836193425369e-05    4.11201272449503    4.11135827886739
88.5000000000084    6.83890231767388e-05    4.12237804595856    4.12181423370167
88.6000000000084    5.75580367865874e-05    4.13720776120508    4.13673152950301
88.7000000000085    5.15118957620164e-05    4.15494934311213    4.15452130652619
88.8000000000085    5.29123787905932e-05    4.17331902099484    4.17287740388814
88.9000000000086    6.09855546882375e-05    4.18985042955352    4.1893394200127
89.0000000000086    7.20411694796291e-05    4.20253228553404    4.20192681847134
89.1000000000087    8.17484802690566e-05    4.2102590901179    4.20957078182174
89.2000000000087    8.73398284308938e-05    4.21292887276571    4.21219302406473
89.3000000000088    8.83527886672896e-05    4.21121866703139    4.2104745869471
89.4000000000088    8.59762455310628e-05    4.20620618261053    4.205482977158
89.5000000000089    8.19364669363628e-05    4.1990154735118    4.19832742490305
89.6000000000089    7.76958711124792e-05    4.19058615373948    4.18993502184637
89.700000000009    7.41693843307666e-05    4.18157905848032    4.18095881419486
89.800000000009    7.1793764114081e-05    4.17238245015984    4.17178339108571
89.9000000000091    7.07208568730799e-05    4.16317369493824    4.16258489015699
90.0000000000091    7.09877707590969e-05    4.15400330643938    4.15341358143374
90.1000000000092    7.26037669727845e-05    4.14488425757188    4.14428243284509
90.2000000000092    7.5538774277535e-05    4.13588055825019    4.13525576675032
90.3000000000093    7.96151167966832e-05    4.12719246721414    4.12653534571031
90.4000000000093    8.43246985255261e-05    4.11923127635555    4.1185366290604
90.5000000000094    8.8647186299507e-05    4.11266578890421    4.11193670103505
90.6000000000094    9.10309263881721e-05    4.10840953117199    4.10766161460431
90.7000000000095    8.97523384921828e-05    4.10751142485892    4.10677417351743
90.8000000000095    8.37545796633465e-05    4.11092675228437    4.11023819207012
90.9000000000096    7.36882289019102e-05    4.11919074134649    4.11858371433676
91.0000000000096    6.24133538151759e-05    4.13208740010486    4.13157163742954
91.1000000000097    5.41870131044738e-05    4.14846498686633    4.14801542537351
91.2000000000098    5.25606537216529e-05    4.1663405492731    4.16590260112615
91.3000000000098    5.8242078687117e-05    4.18332589988904    4.18283863707577
91.4000000000099    6.85967850911276e-05    4.19723649955609    4.19666070519346
91.5000000000099    7.92774963627873e-05    4.20662678695093    4.20595985814378
91.60000000001    8.66757199297172e-05    4.21103054416624    4.21030061922488
91.70000000001    8.93929360145227e-05    4.21085414493795    4.21010137100033
91.8000000000101    8.80963664347519e-05    4.20704411986905    4.206302934564
91.9000000000101    8.4452241827483e-05    4.20071418121709    4.20000472167278
92.0000000000102    8.01133979030676e-05    4.19286644745533    4.19219469171585
92.1000000000102    7.62248427848643e-05    4.18425060054472    4.1836127614755
92.2000000000103    7.33873640436419e-05    4.1753387030615    4.17472591382967
92.3000000000103    7.18337468585144e-05    4.16637065226847    4.16577212323354
92.4000000000104    7.16235276100823e-05    4.15743168759301    4.15683619039809
92.5000000000104    7.27647738095176e-05    4.14853937982209    4.14793568869031
92.6000000000105    7.52367481259232e-05    4.13973088109052    4.13910800817423
92.7000000000105    7.89134833719818e-05    4.13114729545221    4.13049534045344
92.8000000000106    8.34065035514334e-05    4.12311022425243    4.12242249319855
92.9000000000106    8.78863475943245e-05    4.116177017056    4.11545356910904
93.0000000000107    9.10137892541109e-05    4.11114934921143    4.1104010747538
93.1000000000107    9.11651026655754e-05    4.10900169279045    4.10825256596232
93.2000000000108    8.70667437187995e-05    4.11070332228609    4.10998757349867
93.3000000000108    7.86908443126603e-05    4.11693984224344    4.11629196228132
93.4000000000109    6.79140324627627e-05    4.12779611871342    4.12723548622902
93.5000000000109    5.83051954783094e-05    4.14251934851558    4.14203631587811
93.600000000011    5.37379891801984e-05    4.15949906989571    4.15905204768575
93.700000000011    5.63229426699188e-05    4.17654399407352    4.17607355007444
93.8000000000111    6.49929462435571e-05    4.19140355844169    4.19085877051675
93.9000000000111    7.60012310130867e-05    4.20233865922605    4.20169994194688
94.0000000000112    8.51223867311583e-05    4.2084977938914    4.20778138012071
94.1000000000112    8.98332813018241e-05    4.20995836792248    4.2092020471166
94.2000000000113    8.99810368984857e-05    4.20747705857374    4.2067199404031
94.3000000000113    8.69936249122196e-05    4.20211871943597    4.20138766795336
94.4000000000114    8.26833873389949e-05    4.19493163498501    4.19423799002345
94.5000000000114    7.84687241201401e-05    4.1867530797971    4.18609607300683
94.6000000000115    7.51672003117723e-05    4.17814512194745    4.17751705021521
94.7000000000115    7.31281766058781e-05    4.16941923908141    4.16880947961909
94.8000000000116    7.24495499827836e-05    4.16070569069339    4.16010285185899
94.9000000000116    7.31377599185831e-05    4.15203841185514    4.15143111469441
95.0000000000117    7.51651153150431e-05    4.1434417423185    4.14281890458145
95.1000000000117    7.84224719090461e-05    4.13501416274483    4.13436565753817
95.2000000000118    8.25878893655545e-05    4.12700487381109    4.1263232488612
95.3000000000118    8.69684753762847e-05    4.1198726800747    4.11915614429926
95.4000000000119    9.04310114663393e-05    4.11430651467049    4.11356246015688
95.500000000012    9.15702615206621e-05    4.11117959235287    4.11042673771111
95.600000000012    8.91838309941278e-05    4.11141398286257    4.11068070495951
95.7000000000121    8.29121556525326e-05    4.11575646164516    4.11507402574664
95.8000000000121    7.37315462231999e-05    4.12450644400021    4.1238982763663
95.9000000000122    6.4035160485288e-05    4.13727665481561    4.13674682639413
96.0000000000122    5.71385937389629e-05    4.15288788508198    4.15241333184987
96.1000000000123    5.60376939186304e-05    4.16948629008222    4.16901901947394
96.2000000000123    6.16537453745246e-05    4.18490965673737    4.18439365784185
96.3000000000124    7.18191545803395e-05    4.19721317958753    4.19661034227849
96.4000000000124    8.23115903261543e-05    4.20514951709722    4.20445730898535
96.5000000000125    8.93638831816377e-05    4.20839010713106    4.20763801817682
96.6000000000125    9.15199572413541e-05    4.20741544923362    4.20664539474495
96.7000000000126    8.96099850365439e-05    4.20318385317136    4.20243062618364
96.8000000000126    8.55161706158519e-05    4.19676713685773    4.19604941532551
96.9000000000127    8.10012168052337e-05    4.18909089586442    4.18841230791112
97.0000000000127    7.71977895741427e-05    4.18081770063493    4.18017225069204
97.1000000000128    7.46375431308104e-05    4.17234279314182    4.17172001279426
97.2000000000128    7.34854257241372e-05    4.16385287017086    4.16324095013643
97.3000000000129    7.37498368224344e-05    4.15540969476422    4.15479681838991
97.4000000000129    7.5381339400932e-05    4.1470382516359    4.14641308016625
97.500000000013    7.82514043556415e-05    4.13881143237434    4.1381637474427
97.600000000013    8.20400089376603e-05    4.13092644883145    4.13024870194825
97.7000000000131    8.6102579216691e-05    4.12376353282273    4.12305346060927
97.8000000000131    8.94421547137012e-05    4.11790901228548    4.11717244885535
97.9000000000132    9.09189256167113e-05    4.11411984693258    4.11337181223041
98.0000000000132    8.96837599905029e-05    4.11321422703654    4.11247651616217
98.1000000000133    8.55616771100722e-05    4.11589649825595    4.11519223249971
98.2000000000133    7.9073167242749e-05    4.12255354431202    4.12190162912926
98.3000000000134    7.12396284953863e-05    4.13307291722149    4.13248408201156
98.4000000000134    6.3703486162045e-05    4.14672548193324    4.14619719384832
98.5000000000135    5.90111017378521e-05    4.1621529249624    4.1616617274891
98.6000000000135    5.98502405501701e-05    4.177517478475    4.17701745754939
98.7000000000136    6.6918729657784e-05    4.19085523573472    4.19029437984937
98.8000000000136    7.75441622655956e-05    4.20056297982083    4.19991157205907
98.9000000000137    8.71365820853885e-05    4.20580747534371    4.2050745798291
99.0000000000137    9.22548608601859e-05    4.20664416754124    4.20586807239506
99.1000000000138    9.23001624221755e-05    4.20381087525125    4.2030349220187
99.2000000000138    8.88623133702907e-05    4.19835419565719    4.19760811102365
99.3000000000139    8.41097222798133e-05    4.19128903649693    4.19058403948032
99.4000000000139    7.96904530542516e-05    4.18340093138012    4.18273423027877
99.500000000014    7.64758370866817e-05    4.17519302407207    4.17455447014299
99.600000000014    7.47741570431518e-05    4.16692686311029    4.16630375281554
99.7000000000141    7.46160673317074e-05    4.15870541301165    4.15808484682964
99.8000000000142    7.59210130517941e-05    4.15056660369303    4.14993642109455
99.9000000000142    7.85079959170988e-05    4.14257330022825    4.1419229010343
100.000000000014    8.19894405709606e-05    4.13489248934491    4.13421450988802
100.100000000014    8.56485107478416e-05    4.12785331134142    4.12714628291994
100.200000000014    8.84702566447298e-05    4.12196574695052    4.12123646873492
100.300000000014    8.94860372238124e-05    4.11787910344599    4.11714218402452
100.400000000014    8.8345177029218e-05    4.11627338448434    4.11554614293092
