0 0 0
1 2.5605809697661e-22 8.25545785693003e-23
2 2.65099300308357e-22 8.54690445517329e-23
2.99999999999998 2.49503669761305e-22 8.04430234144707e-23
3.99999999999996 2.57152084984622e-22 8.29061975214461e-23
4.99999999999994 2.667568817538e-22 8.60043399636322e-23
5.99999999999992 2.59845579874629e-22 8.37747405341015e-23
6.9999999999999 2.53308912759591e-22 8.1668526891464e-23
7.99999999999987 2.66508307266781e-22 8.59238693507504e-23
8.99999999999985 2.68815623309458e-22 8.66670903229449e-23
9.99999999999983 2.56381594227875e-22 8.26607018494799e-23
10.9999999999998 2.62893209236913e-22 8.47572006544801e-23
11.9999999999998 2.73249314164277e-22 8.80975156806899e-23
12.9999999999998 2.65756939497258e-22 8.56807088109215e-23
13.9999999999997 2.59613774765622e-22 8.37009950706586e-23
14.9999999999997 2.73034369802908e-22 8.80279886615743e-23
15.9999999999997 2.74882907140983e-22 8.8623091043929e-23
16.9999999999999 2.62409963969778e-22 8.46044337967202e-23
18 2.69865756789115e-22 8.70052367580606e-23
19.0000000000002 2.79763694963816e-22 9.01977566565419e-23
20.0000000000003 2.7223963702105e-22 8.7770918232786e-23
21.0000000000005 2.66918310283843e-22 8.60557662011862e-23
22.0000000000006 2.80387110345087e-22 9.03986292449581e-23
23.0000000000008 2.8191838983542e-22 9.08912404570956e-23
24.000000000001 2.69818383086526e-22 8.69930647525908e-23
25.0000000000011 2.77738080012369e-22 8.95433805147145e-23
26.0000000000013 2.87329761216451e-22 9.26370564673107e-23
27.0000000000014 2.79884350992023e-22 9.0235807352181e-23
28.0000000000016 2.750162125893e-22 8.86663312376733e-23
29.0000000000017 2.88680595482772e-22 9.30725665337014e-23
