0.75 2.351656147184651e-06 8.677259358487995e-07 18
1.5 4.472223531508632e-06 1.536101875464756e-05 62
2.25 1.010373905556837e-05 5.786848279821943e-05 98
3 2.58188111923676e-05 0.0001897407016997785 210
3.75 4.022746688425496e-05 0.0005536530989666238 350
4.5 5.260392921637074e-05 0.0009555704971566552 450
5.25 7.097565934968386e-05 0.001917396886960913 602
6 8.472800991007975e-05 0.003062547826378433 762
6.75 0.0001263930061559822 0.005289567743447145 1142
7.5 0.000138299020152931 0.007964720524861992 1250
8.25 0.0001622556022638116 0.01053266233890114 1458
9 0.0001966973931876044 0.01637347658976879 1814
9.75 0.0002426911761802713 0.02242528272848825 2178
10.5 0.0002775961896858013 0.02938065158603512 2498
11.25 0.0003032418006532903 0.03713991482128804 2622
12 0.0003850764118769706 0.05238082872129372 3338
12.75 0.0004177765038485833 0.06589383354180113 3722
13.5 0.0004886063458070228 0.08238621086844794 4170
14.25 0.000498243367327464 0.09877820894870148 4358
15 0.0005716327231553673 0.1208859869909153 5034
15.75 0.0006404950179662228 0.1561050758472407 5714
16.5 0.0006800780198320644 0.1729425054899685 5982
17.25 0.0007417200975524293 0.2230061526052488 6602
18 0.0008065652353912247 0.2537228918419553 7130
18.75 0.0009111736927069688 0.3202930190080042 8034
19.5 0.0009518286767546912 0.3618633599808517 8606
20.25 0.001045644151615683 0.416339359846839 9066
21 0.001142778314459333 0.4855604812529937 9962
21.75 0.001193300739482803 0.555330375263926 10550
22.5 0.001265650824029139 0.6370440356167758 11226
23.25 0.001375930542090397 0.7253796931585899 12146
24 0.001386048327679574 0.7774758016303673 12303
24.75 0.001400125895421981 0.8367996708563754 12584
25.5 0.001368605236504408 0.8602853356351469 12120
26.25 0.001279514929713549 0.8514574365087789 11180
27 0.00126208666561084 0.8859299833247153 11096
27.75 0.001170274480065317 0.8464570256515331 10056
28.5 0.001095206270239717 0.8785621993611016 9716
29.25 0.0009771953453806151 0.8032485041000849 8604
30 0.0008976412758365854 0.7863879445158786 8060
30.75 0.0008297497589328342 0.7559898014418365 7320
31.5 0.0007199993228310479 0.6710950980306388 6356
32.25 0.0006167741114510244 0.6066325588787184 5348
33 0.0005106351386772501 0.4873209058276181 4308
33.75 0.0003961560959549218 0.4167028536011201 3563
34.5 0.0002867591310682562 0.2843241871881432 2448
35.25 0.0002002993718405137 0.2522086941025724 1868
36 0.0001468725420939826 0.1883763339095523 1358
36.75 0.0001230041920871604 0.1551641439507921 1062
37.5 8.302709988808836e-05 0.1103214057959122 776
38.25 4.915727512774642e-05 0.06851809846669679 432
39 2.538781991100998e-05 0.02848986537634204 200
39.75 2.14703709065344e-05 0.02060262630781954 168
40.5 5.670661715401499e-06 0.008770686158292035 56
41.25 2.218937839268351e-07 0.0004226588185415727 7


0.75 2.371405768975976e-08 1.069722225335127e-07 18
1.5 1.911902415913988e-07 5.117182249907413e-07 62
2.25 4.329334677162038e-07 1.797175829891586e-06 98
3 7.712407517258734e-07 9.223456716318571e-06 210
3.75 1.415614581056886e-06 2.205626520013951e-05 350
4.5 1.851998186040898e-06 3.723582195270166e-05 450
5.25 2.6091288000608e-06 7.34113093730063e-05 602
6 3.272408389509893e-06 0.0001097322767863733 762
6.75 4.637196754497668e-06 0.0001997274057019621 1142
7.5 5.291489245732542e-06 0.0002913238691311277 1250
8.25 5.933260075454815e-06 0.0004011496554183274 1458
9 7.794491078117622e-06 0.0005787290365472184 1814
9.75 9.322537381024658e-06 0.0008139947989974822 2178
10.5 1.03620438978588e-05 0.001094574973711582 2498
11.25 1.19494187745044e-05 0.001313743121428094 2622
12 1.474949235154166e-05 0.001906280804625828 3338
12.75 1.657839541827884e-05 0.002322602651004135 3722
13.5 1.943656732895681e-05 0.002893366867205848 4170
14.25 2.075989858329581e-05 0.003321436242880974 4358
15 2.298749071060172e-05 0.004208224340037939 5034
15.75 2.673731104751826e-05 0.005280358833736638 5714
16.5 2.737735922311031e-05 0.006053409453612519 5982
17.25 3.162008004590861e-05 0.0074467196257933 6602
18 3.447752000816903e-05 0.008435252725685375 7130
18.75 3.992084022189883e-05 0.01052509240147264 8034
19.5 4.08604466557657e-05 0.0121198140735687 8606
20.25 4.813620190690493e-05 0.01304562016285921 9066
21 5.240345091456779e-05 0.01529018776410117 9962
21.75 5.759870835132124e-05 0.01679261341990893 10550
22.5 6.089623792796664e-05 0.01946087023012428 11226
23.25 6.518472260714363e-05 0.02272769031149489 12146
24 6.750980640096641e-05 0.02384764872295846 12303
24.75 6.971895568986511e-05 0.02490919026339012 12584
25.5 6.732557160340119e-05 0.02593190823562678 12120
26.25 6.270540405763848e-05 0.0257897186560691 11180
27 6.258459393211738e-05 0.0265644862885272 11096
27.75 5.785245837366446e-05 0.02537926089348845 10056
28.5 5.565112778339992e-05 0.02604516942886902 9716
29.25 4.901148602918469e-05 0.02406673428014945 8604
30 4.595968061794951e-05 0.02330641987128836 8060
30.75 4.235846145721095e-05 0.02256305215965201 7320
31.5 3.779111600979647e-05 0.01940255614662952 6356
32.25 3.335764685517967e-05 0.01712421061451092 5348
33 2.554777658115844e-05 0.01460901827995375 4308
33.75 2.064861900417151e-05 0.01214185673378372 3563
34.5 1.424317622012755e-05 0.00846697205434275 2448
35.25 1.11987258874363e-05 0.007098191124369369 1868
36 8.330297104028135e-06 0.005218573304788042 1358
36.75 6.808957342114468e-06 0.00434855587456134 1062
37.5 4.50524455291142e-06 0.003186705041705448 776
38.25 2.996637383048535e-06 0.00178070694613118 432
39 1.109866207377748e-06 0.0009557006421491823 200
39.75 9.429931158922379e-07 0.0006739475236742669 168
40.5 4.559470127365946e-07 0.0001595895316884499 56
41.25 2.230286977932143e-08 6.090297593360579e-06 7


0.75 1.736034347587429e-08 1.040222815639342e-08 18
1.5 4.819758550145147e-08 1.410786892729235e-07 62
2.25 1.082056608306237e-07 5.149842035105785e-07 98
3 2.351636816455898e-07 2.11104444415062e-06 210
3.75 3.890213556597918e-07 5.606427743119652e-06 350
4.5 5.031796755473733e-07 9.521676714635789e-06 450
5.25 7.125132984166681e-07 1.878850644451672e-05 602
6 8.379380255628303e-07 3.002284002257917e-05 762
6.75 1.205343061296834e-06 5.349922682206171e-05 1142
7.5 1.418653821130722e-06 7.538006166763979e-05 1250
8.25 1.61853926634354e-06 0.0001019496439448308 1458
9 2.093165540804051e-06 0.0001496073108847464 1814
9.75 2.442011534791577e-06 0.0002156508407872459 2178
10.5 2.734463041470414e-06 0.0002887309442246812 2498
11.25 3.120247252401046e-06 0.0003486820847970488 2622
12 3.898423505204742e-06 0.0005009046376186401 3338
12.75 4.339458966684518e-06 0.0006159916736133777 3722
13.5 4.935010143796638e-06 0.0007932287014140808 4170
14.25 5.356642999734004e-06 0.000895374661360776 4358
15 6.088303138313897e-06 0.001104524543462428 5034
15.75 6.940425148469337e-06 0.001414207676875884 5714
16.5 7.393177147254343e-06 0.001558564860838827 5982
17.25 8.469575154825093e-06 0.001932498681499863 6602
18 9.224129261682214e-06 0.002193081045026759 7130
18.75 1.087525708984405e-05 0.002684153581656439 8034
19.5 1.125018516991149e-05 0.003057825061567542 8606
20.25 1.255515990393985e-05 0.003473371598408719 9066
21 1.372011115146051e-05 0.004056289466096351 9962
21.75 1.500765058942812e-05 0.00449331820145616 10550
22.5 1.602606524486242e-05 0.005155076165433361 11226
23.25 1.803064449491886e-05 0.005690188486879318 12146
24 1.794851392802961e-05 0.00620565096418298 12303
24.75 1.814464043218213e-05 0.006681841946523528 12584
25.5 1.784328670236153e-05 0.006793124929110239 12120
26.25 1.697102224802078e-05 0.006623796443540848 11180
27 1.621594626816097e-05 0.007108625094488247 11096
27.75 1.506847830047172e-05 0.006764912005060149 10056
28.5 1.454534709825504e-05 0.006935483592073318 9716
29.25 1.327201542061141e-05 0.006173141020990986 8604
30 1.20289212459383e-05 0.006176596756743012 8060
30.75 1.110131832507577e-05 0.005965696492284781 7320
31.5 9.903002508247643e-06 0.005130265446915433 6356
32.25 8.333466336664915e-06 0.004761592125113333 5348
33 6.849618397817841e-06 0.00380289656375353 4308
33.75 5.414812588875585e-06 0.003215244486701367 3563
34.5 3.69526532801029e-06 0.002273238877653126 2448
35.25 3.028683863664562e-06 0.001820230220895979 1868
36 2.15181373996588e-06 0.001404931601487947 1358
36.75 1.714542866087259e-06 0.001198910907343182 1062
37.5 1.266392079989626e-06 0.0007891421751170072 776
38.25 7.916688701262437e-07 0.0004674978763265867 432
39 3.049428469186813e-07 0.0002431840044304428 200
39.75 2.766547382789742e-07 0.0001585592970738443 168
40.5 7.265110335549033e-08 7.488165545978599e-05 56
41.25 2.334682234948596e-09 4.0494075324759e-06 7


0.75 4.422966811014268e-09 1.009969574151224e-08 18
1.5 1.93024001854306e-08 6.656958756772748e-08 62
2.25 4.732130978447706e-08 2.324119218822891e-07 98
3 9.650543273122089e-08 1.018503047119419e-06 210
3.75 1.698086167960012e-07 2.527662731434832e-06 350
4.5 2.08736827609588e-07 4.469409467144099e-06 450
5.25 3.015090733807612e-07 8.638597972957765e-06 602
6 3.902996485302555e-07 1.255373926075093e-05 762
6.75 5.265348269115064e-07 2.394041029567749e-05 1142
7.5 6.340720720600116e-07 3.289366306718435e-05 1250
8.25 6.61877872913243e-07 4.856987615818666e-05 1458
9 9.134680041958431e-07 6.707542595865292e-05 1814
9.75 1.091221149318241e-06 9.440662545202495e-05 2178
10.5 1.155000570927576e-06 0.0001326428006842254 2498
11.25 1.38371200271873e-06 0.0001538474502037358 2622
12 1.723338474107513e-06 0.0002214071703753231 3338
12.75 1.908294328660748e-06 0.0002737118934503216 3722
13.5 2.238831428719506e-06 0.0003410581721436549 4170
14.25 2.375763614081334e-06 0.0003942173175300783 4358
15 2.60003324614499e-06 0.0005045547263454454 5034
15.75 3.040675832746491e-06 0.0006301178519369644 5714
16.5 3.259184449848532e-06 0.0006890493808224515 5982
17.25 3.722277862149978e-06 0.0008579551127313155 6602
18 4.065614928213485e-06 0.0009700586240804839 7130
18.75 4.737119628884986e-06 0.001204746639991059 8034
19.5 4.988587009378543e-06 0.0013468158898652 8606
20.25 5.486641824386831e-06 0.001553590516774496 9066
21 5.942973801432802e-06 0.001832904738210196 9962
21.75 6.457709132161933e-06 0.002039023853378058 10550
22.5 7.202744321245593e-06 0.002235498004963828 11226
23.25 7.726675660199583e-06 0.00258953767903396 12146
24 7.898776169296506e-06 0.00275201282121601 12303
24.75 8.024444348278712e-06 0.00294936070256869 12584
25.5 7.971870852468216e-06 0.002974547269582027 12120
26.25 7.152430364563828e-06 0.003064924738231218 11180
27 7.326215424000556e-06 0.003078328598560361 11096
27.75 6.570083538832152e-06 0.003031205998880084 10056
28.5 6.38379808608514e-06 0.003074775208872285 9716
29.25 5.833612854260247e-06 0.002741667872654457 8604
30 5.406461373901419e-06 0.00268430948805477 8060
30.75 5.035465962513292e-06 0.002579257130023386 7320
31.5 4.233882180148892e-06 0.002340187804433232 6356
32.25 3.900740366005602e-06 0.001982070373271513 5348
33 3.015332796643152e-06 0.001679576093310039 4308
33.75 2.391763793288742e-06 0.001419372634363211 3563
34.5 1.618483120313674e-06 0.001012216501498766 2448
35.25 1.294572350893406e-06 0.0008319152212312778 1868
36 9.27017748872488e-07 0.0006355948502427892 1358
36.75 7.774060874948053e-07 0.0005164408067439887 1062
37.5 5.01870632566516e-07 0.0003866691332161849 776
38.25 3.366212206305344e-07 0.0002151958613315292 432
39 1.348057762358589e-07 0.0001073489316530311 200
39.75 1.257457102771958e-07 6.77036916440844e-05 168
40.5 3.901428880097837e-08 2.826234705834682e-05 56
41.25 2.48357117724374e-09 7.880728533424733e-07 7


0.75 3.450548388700197e-09 3.770842748827167e-09 18
1.5 1.094962822904848e-08 3.335665185715341e-08 62
2.25 2.300394265944404e-08 1.375766891993427e-07 98
3 5.139350759810803e-08 5.441453960232829e-07 210
3.75 9.351896139242263e-08 1.313675058699617e-06 350
4.5 1.13657870841234e-07 2.364486682411694e-06 450
5.25 1.671326079950067e-07 4.460821758506826e-06 602
6 1.972062114917608e-07 7.14131454609118e-06 762
6.75 2.912147300642858e-07 1.239021746493358e-05 1142
7.5 3.232784758362926e-07 1.862802780890192e-05 1250
8.25 3.607719823467116e-07 2.568192173917063e-05 1458
9 4.790839961923707e-07 3.679039235566754e-05 1814
9.75 5.824147203067461e-07 5.07672907089028e-05 2178
10.5 6.594249903374308e-07 6.720436337981212e-05 2498
11.25 7.543190463043763e-07 8.109827335110922e-05 2622
12 9.428777312788515e-07 0.0001163422762508218 3338
12.75 1.026864648164437e-06 0.0001462785399915621 3722
13.5 1.176615456056206e-06 0.0001870336326939066 4170
14.25 1.250067192307889e-06 0.0002157106911074405 4358
15 1.421016037658447e-06 0.0002656065443990914 5034
15.75 1.650376735314959e-06 0.0003339662703940488 5714
16.5 1.745806821052553e-06 0.0003694296080164803 5982
17.25 2.00980873651947e-06 0.0004579626173431135 6602
18 2.192600516885956e-06 0.0005190031174750732 7130
18.75 2.446907600117694e-06 0.0006701980752102793 8034
19.5 2.698052604158383e-06 0.0007181620315884947 8606
20.25 2.940263070524706e-06 0.0008345081612114678 9066
21 3.278615546057151e-06 0.0009553426034154424 9962
21.75 3.451563465743007e-06 0.001093580752012387 10550
22.5 3.742380606785649e-06 0.001232918765260599 11226
23.25 4.234145529359945e-06 0.001363089722649197 12146
24 4.277274426691383e-06 0.001462441917279685 12303
24.75 4.300901567845811e-06 0.00158377513977627 12584
25.5 4.133965434256756e-06 0.00164659258565188 12120
26.25 3.898029030481073e-06 0.001623657758853831 11180
27 3.871877032240659e-06 0.00167625212219038 11096
27.75 3.570165703229842e-06 0.001602079088361742 10056
28.5 3.501257059344285e-06 0.00161683645993105 9716
29.25 3.033585196308809e-06 0.001516060960722049 8604
30 3.000327926648423e-06 0.001392022322146131 8060
30.75 2.773122833134885e-06 0.001345426919520001 7320
31.5 2.317353286067947e-06 0.001233009033679272 6356
32.25 1.986727728152517e-06 0.001121824952371966 5348
33 1.608589276597757e-06 0.0009043544824838357 4308
33.75 1.283528728763639e-06 0.0007608965557416444 3563
34.5 8.482507758211076e-07 0.0005546563742060969 2448
35.25 7.1038130523569e-07 0.0004358103934307391 1868
36 4.783270486449595e-07 0.0003535927391195652 1358
36.75 4.267992767829372e-07 0.0002705609742392191 1062
37.5 2.976424181158325e-07 0.0001883592745389708 776
38.25 1.827906968128834e-07 0.0001141087094834407 432
39 8.724698972502197e-08 4.75057231132373e-05 200
39.75 6.865866514849681e-08 3.549699110524264e-05 168
40.5 2.207896654428557e-08 1.440023893926675e-05 56
41.25 6.021391077260131e-10 9.261930392616914e-07 7


0.75 2.802283094749781e-09 1.06415134937535e-09 18
1.5 6.124267281404442e-09 2.183207957303759e-08 62
2.25 1.399857127291178e-08 8.084898004070949e-08 98
3 3.549830305769754e-08 2.689568432602233e-07 210
3.75 5.680535394178497e-08 7.653023687650454e-07 350
4.5 7.301186758517815e-08 1.296094318882931e-06 450
5.25 9.379300585365095e-08 2.821260717744997e-06 602
6 1.126143815862401e-07 4.389281273266608e-06 762
6.75 1.674553573432612e-07 7.616682876924368e-06 1142
7.5 1.863690616770135e-07 1.134948949230785e-05 1250
8.25 2.235802359948291e-07 1.464721869908193e-05 1458
9 2.843318692753838e-07 2.18202491535606e-05 1814
9.75 3.492708778787943e-07 2.988594708125817e-05 2178
10.5 3.88489748322574e-07 4.018749907471498e-05 2498
11.25 4.504254305387251e-07 4.78606004030697e-05 2622
12 5.328081654551561e-07 7.248783781605632e-05 3338
12.75 6.047174786119707e-07 8.763051793228716e-05 3722
13.5 6.945782163718629e-07 0.0001116671231274675 4170
14.25 7.840288489347668e-07 0.0001211563906519833 4358
15 8.476668810723541e-07 0.0001574187116308107 5034
15.75 9.833960758098639e-07 0.000197924633739292 5714
16.5 1.029569408419704e-06 0.0002216894967383233 5982
17.25 1.197126686939008e-06 0.0002711993455886995 6602
18 1.270571304653766e-06 0.0003156724561240369 7130
18.75 1.461323457619789e-06 0.0003948775914396562 8034
19.5 1.564930333036969e-06 0.0004356606964032087 8606
20.25 1.763388412699693e-06 0.0004911193980834856 9066
21 1.958760288818615e-06 0.0005632703125497953 9962
21.75 2.060043363731845e-06 0.0006463510411312622 10550
22.5 2.295486505509258e-06 0.0007113680435846526 11226
23.25 2.411808944351136e-06 0.0008417089410351435 12146
24 2.522546184706406e-06 0.0008751163601628939 12303
24.75 2.571083138008639e-06 0.000933502414863512 12584
25.5 2.486410583440234e-06 0.000972092531271126 12120
26.25 2.377710130233049e-06 0.0009334531469537405 11180
27 2.342027409443509e-06 0.0009792240863432844 11096
27.75 2.119201131094458e-06 0.0009543377337041494 10056
28.5 2.029878856772375e-06 0.0009836242773822658 9716
29.25 1.840521129656522e-06 0.0008813098668902624 8604
30 1.713102064214412e-06 0.0008610263810338829 8060
30.75 1.601818761963921e-06 0.0008225598093731072 7320
31.5 1.386811932387523e-06 0.0007268808279487706 6356
32.25 1.198234995654549e-06 0.0006577161667036017 5348
33 9.838465927671629e-07 0.0005216533836435405 4308
33.75 7.739660341675141e-07 0.0004442759131775932 3563
34.5 5.38911251412054e-07 0.0003089260924448702 2448
35.25 4.070996538410384e-07 0.0002683233436469589 1868
36 3.073206528007795e-07 0.0001951046747553832 1358
36.75 2.507197249797553e-07 0.0001624971995851256 1062
37.5 1.67245490070965e-07 0.000118333679130397 776
38.25 9.864231022085269e-08 7.440639605240709e-05 432
39 4.800982884775352e-08 3.07759217691845e-05 200
39.75 3.855238101765739e-08 2.260715189078896e-05 168
40.5 1.315586191423484e-08 8.519127013315502e-06 56
41.25 7.591344755117608e-10 2.733568445795521e-07 7


0.75 1.154578281673822e-09 1.73088438942601e-09 18
1.5 4.504683952575698e-09 1.187997275307549e-08 62
2.25 8.371152752429678e-09 5.495251632980007e-08 98
3 2.059298556198114e-08 1.991975204368187e-07 210
3.75 3.630944484701332e-08 5.004467252595895e-07 350
4.5 4.436381759647113e-08 8.902168377927312e-07 450
5.25 6.466504138981504e-08 1.696167834375191e-06 602
6 7.521819272654627e-08 2.734157359523472e-06 762
6.75 1.093072832403068e-07 4.856495121979739e-06 1142
7.5 1.223778070410704e-07 7.183740901432605e-06 1250
8.25 1.412476438396299e-07 9.636053530999676e-06 1458
9 1.797719759847929e-07 1.4378642398214e-05 1814
9.75 2.234519761399709e-07 1.945206711387747e-05 2178
10.5 2.548947720013841e-07 2.548891644154328e-05 2498
11.25 2.765282057891415e-07 3.249751595681336e-05 2622
12 3.637607160375843e-07 4.431740981341456e-05 3338
12.75 3.923509075174515e-07 5.627017246403721e-05 3722
13.5 4.500912066518135e-07 7.167235797601545e-05 4170
14.25 4.821166173230203e-07 8.200360317875962e-05 4358
15 5.489219951647133e-07 0.0001011243094098457 5034
15.75 6.226079960464919e-07 0.0001299721406410787 5714
16.5 6.637912263130877e-07 0.0001427004774585685 5982
17.25 7.818269292103792e-07 0.0001725242539184553 6602
18 8.267762143741798e-07 0.0002018610642882278 7130
18.75 9.581793412726876e-07 0.0002514340517477221 8034
19.5 1.047570255785531e-06 0.0002715637729730557 8606
20.25 1.140297223199496e-06 0.0003161233658691252 9066
21 1.241398650536287e-06 0.0003721078825530058 9962
21.75 1.353186833806957e-06 0.0004103499380729385 10550
22.5 1.454503126617373e-06 0.0004684582131214298 11226
23.25 1.570187024776334e-06 0.0005395184779647501 12146
24 1.645471105584175e-06 0.0005596789411846541 12303
24.75 1.647826801574669e-06 0.0006067211604398625 12584
25.5 1.6079034480574e-06 0.00062334802536066 12120
26.25 1.503651169360503e-06 0.0006165503367962777 11180
27 1.487855801134207e-06 0.0006403598888600748 11096
27.75 1.411948490483103e-06 0.0005954095293905611 10056
28.5 1.347169868369588e-06 0.0006175541039704143 9716
29.25 1.188811950730631e-06 0.0005691126767207453 8604
30 1.129410985653087e-06 0.0005442582715289412 8060
30.75 1.081290877602122e-06 0.0005070805300981506 7320
31.5 8.978291156239541e-07 0.0004675761598139167 6356
32.25 7.80776564016348e-07 0.0004209598051173588 5348
33 6.225753332593162e-07 0.0003433486217583719 4308
33.75 5.001090380927639e-07 0.0002877863559736654 3563
34.5 3.392983063496976e-07 0.0002037334086692792 2448
35.25 2.719710372851948e-07 0.0001672638259241492 1868
36 1.959643903636489e-07 0.0001273723136428379 1358
36.75 1.675939051779439e-07 0.0001011443400019821 1062
37.5 1.084956607962392e-07 7.59642548300989e-05 776
38.25 6.391136715652987e-08 4.780276873920156e-05 432
39 2.968233994131265e-08 2.073687131733047e-05 200
39.75 2.295469070112379e-08 1.590429577036605e-05 168
40.5 8.58131378632737e-09 5.433611946834264e-06 56
41.25 2.866084099228956e-10 3.165247469481647e-07 7


0.75 6.00677608623005e-10 1.305744454536168e-09 18
1.5 2.684616669904075e-09 9.223239371452908e-09 62
2.25 6.600621433233444e-09 3.233332906630192e-08 98
3 1.430882935232661e-08 1.316865293403551e-07 210
3.75 2.313711529140029e-08 3.632803794007545e-07 350
4.5 3.089861225833344e-08 5.927522684519391e-07 450
5.25 4.138935651685372e-08 1.223166381970428e-06 602
6 5.308251726482033e-08 1.799645944958248e-06 762
6.75 7.198039754725709e-08 3.416359476450287e-06 1142
7.5 8.586134575726638e-08 4.758235516914602e-06 1250
8.25 9.765081933872438e-08 6.458297014227916e-06 1458
9 1.250188918226226e-07 9.570404328206055e-06 1814
9.75 1.47590909767257e-07 1.359476857508257e-05 2178
10.5 1.726723092489442e-07 1.744098491348316e-05 2498
11.25 1.911933598444017e-07 2.177514150818499e-05 2622
12 2.38337261270243e-07 3.13314529239772e-05 3338
12.75 2.711955678961073e-07 3.765655868426254e-05 3722
13.5 3.165197724151308e-07 4.720622432983666e-05 4170
14.25 3.216557790010094e-07 5.691902671261877e-05 4358
15 3.806272716493307e-07 6.750053725301638e-05 5034
15.75 4.361903242967035e-07 8.622862619310753e-05 5714
16.5 4.483332617101085e-07 9.801867809600825e-05 5982
17.25 5.126463267011876e-07 0.0001218470805566555 6602
18 5.63332535666541e-07 0.0001374960206537341 7130
18.75 6.486839349453627e-07 0.0001720904299082729 8034
19.5 6.869805297619366e-07 0.0001923528782480752 8606
20.25 7.51461225280319e-07 0.0002221605705772668 9066
21 8.291655774371628e-07 0.0002568175789836703 9962
21.75 9.182090122645548e-07 0.0002812896283078055 10550
22.5 9.738403566553705e-07 0.0003251750977917092 11226
23.25 1.052595014494051e-06 0.000371215091451592 12146
24 1.08273717202691e-06 0.0003921257200736395 12303
24.75 1.138781216489907e-06 0.0004072412440091372 12584
25.5 1.081332466339754e-06 0.0004277723497068572 12120
26.25 1.041419409890154e-06 0.0004129858760248498 11180
27 1.014773061427986e-06 0.0004356429750629481 11096
27.75 9.343526636444312e-07 0.0004173282963453482 10056
28.5 9.153066174301556e-07 0.0004203992753794965 9716
29.25 7.857848613402836e-07 0.0003973860507311879 8604
30 7.803237314259671e-07 0.0003644898323907912 8060
30.75 7.065960063906384e-07 0.0003589134825782894 7320
31.5 6.003139469743373e-07 0.0003234411410731819 6356
32.25 5.340806664278234e-07 0.0002847514901885483 5348
33 4.311111216369884e-07 0.0002304811517044667 4308
33.75 3.279642692343661e-07 0.0002031826317472736 3563
34.5 2.153542565972322e-07 0.0001482548568277837 2448
35.25 1.867140471048476e-07 0.0001129478565056052 1868
36 1.332985726640173e-07 8.664596632516527e-05 1358
36.75 9.88271795276839e-08 7.886769556941342e-05 1062
37.5 7.649799861217065e-08 4.990761544971734e-05 776
38.25 5.256588821734668e-08 2.646057355087852e-05 432
39 2.202737006328813e-08 1.28909021120387e-05 200
39.75 1.632156936643619e-08 1.034377728860979e-05 168
40.5 4.260165765913909e-09 4.782996533609453e-06 56
41.25 2.851129242498185e-10 1.533054418633314e-07 7


0.75 8.674019769574424e-10 3.575598829452631e-10 18
1.5 2.495217569952586e-09 5.097126715321129e-09 62
2.25 4.810770987455694e-09 2.288957863598579e-08 98
3 9.207910680202339e-09 1.042342961613505e-07 210
3.75 1.710938831193454e-08 2.489535615376084e-07 350
4.5 2.022134500398954e-08 4.573406805301001e-07 450
5.25 3.045297259684632e-08 8.486132357387593e-07 602
6 3.928766700928184e-08 1.229498365697333e-06 762
6.75 5.333787548675026e-08 2.339131046502943e-06 1142
7.5 6.236353826065637e-08 3.321369040777002e-06 1250
8.25 6.864522717299578e-08 4.655870034210841e-06 1458
9 8.974479882575963e-08 6.762033472183783e-06 1814
9.75 1.083692946430455e-07 9.41387305859009e-06 2178
10.5 1.184360501361008e-07 1.287315951590731e-05 2498
11.25 1.362389145766497e-07 1.550239672881248e-05 2622
12 1.749825636662041e-07 2.16098394865887e-05 3338
12.75 1.945214208149248e-07 2.657762266168568e-05 3722
13.5 2.208908164084743e-07 3.42996514244095e-05 4170
14.25 2.330267330100306e-07 3.984753140374765e-05 4358
15 2.651595434912476e-07 4.917165279267331e-05 5034
15.75 3.10324772875354e-07 6.12484994618575e-05 5714
16.5 3.138000250183592e-07 7.08926385642766e-05 5982
17.25 3.752415457704444e-07 8.444212881151252e-05 6602
18 3.908305967618815e-07 0.0001001286221100795 7130
18.75 4.634883199769495e-07 0.0001218452263654451 8034
19.5 4.841097309473618e-07 0.0001381975051887828 8606
20.25 5.476828374050964e-07 0.0001542669353414982 9066
21 6.04541606851144e-07 0.0001782173869308878 9962
21.75 6.374107579402068e-07 0.0002038187858779133 10550
22.5 6.947635718215696e-07 0.0002298734253087089 11226
23.25 7.779966557113542e-07 0.0002559798889203989 12146
24 7.737363013758572e-07 0.0002786490959949707 12303
24.75 8.149134182648259e-07 0.0002879010175550756 12584
25.5 8.003414266086502e-07 0.0002944957990939765 12120
26.25 7.279213188341411e-07 0.0002988186673452253 11180
27 7.336248880491331e-07 0.0003049461075497767 11096
27.75 6.876315147358593e-07 0.0002871975858316642 10056
28.5 6.585919098524383e-07 0.0002957596466687613 9716
29.25 5.661285522040322e-07 0.0002797635020761713 8604
30 5.4616453997438e-07 0.0002639077467183622 8060
30.75 5.0241911080705e-07 0.0002555328892067434 7320
31.5 4.344724914240954e-07 0.0002274771599119679 6356
32.25 3.791112553048872e-07 0.0002024512399995707 5348
33 3.004155355775185e-07 0.0001671757351072454 4308
33.75 2.40759176618791e-07 0.0001398639479430546 3563
34.5 1.583809282055724e-07 0.0001024416528864752 2448
35.25 1.33746058801924e-07 7.999104552222935e-05 1868
36 9.539464556343412e-08 6.136830263604745e-05 1358
36.75 8.180358239578335e-08 4.8618489169992e-05 1062
37.5 5.218495965245999e-08 3.706357000441827e-05 776
38.25 3.002711001046005e-08 2.377603297201327e-05 432
39 1.332429218288838e-08 1.076444020182478e-05 200
39.75 1.278586990758562e-08 6.559657232621552e-06 168
40.5 5.575849915514264e-09 1.657697945277664e-06 56
41.25 1.787929122029751e-10 1.258518853931822e-07 7


0.75 2.895978301130135e-10 8.033694064628657e-10 18
1.5 1.373885792748687e-09 4.979280842786641e-09 62
2.25 3.511592652068657e-09 1.657929193873574e-08 98
3 7.472559692854105e-09 6.886169385404173e-08 210
3.75 1.348368253822334e-08 1.698505232260921e-07 350
4.5 1.514192090320315e-08 3.321300005174999e-07 450
5.25 2.088330846774325e-08 6.633276308493369e-07 602
6 2.544750361555388e-08 1.025652166032139e-06 762
6.75 4.015032085295807e-08 1.677986495501578e-06 1142
7.5 4.583914119701208e-08 2.440413359093116e-06 1250
8.25 5.046242613116124e-08 3.422046784499147e-06 1458
9 6.466130380288698e-08 5.078635995263168e-06 1814
9.75 7.677656101326319e-08 7.157405511998496e-06 2178
10.5 9.133731237304296e-08 9.022697101949044e-06 2498
11.25 1.008554649386049e-07 1.129129180007967e-05 2622
12 1.278617518896684e-07 1.598186475070439e-05 3338
12.75 1.383878798754742e-07 2.019790671359645e-05 3722
13.5 1.580196917065801e-07 2.586809068690855e-05 4170
14.25 1.740378260343256e-07 2.885389708151586e-05 4358
15 1.945025008438208e-07 3.612027797324003e-05 5034
15.75 2.310657529333015e-07 4.443786986032221e-05 5714
16.5 2.432216822153082e-07 4.940269376703317e-05 5982
17.25 2.712174325632855e-07 6.297867293267893e-05 6602
18 3.037467891128819e-07 6.954345046736935e-05 7130
18.75 3.442776204601678e-07 8.872099792987925e-05 8034
19.5 3.643370505962869e-07 9.883753379937054e-05 8606
20.25 4.018290081444267e-07 0.0001135663502619454 9066
21 4.45394522893025e-07 0.0001310578598801314 9962
21.75 4.718010619540714e-07 0.0001492055889192147 10550
22.5 5.104349082153057e-07 0.0001689627647283553 11226
23.25 5.697936835528322e-07 0.0001880848588211178 12146
24 5.958362847596514e-07 0.0001955263201514618 12303
24.75 5.897605365074669e-07 0.0002145432762815722 12584
25.5 5.78149112836012e-07 0.0002194851238897966 12120
26.25 5.366786781855539e-07 0.0002190348863392196 11180
27 5.313482794727413e-07 0.0002274247595538613 11096
27.75 4.956744684341485e-07 0.0002153600241884977 10056
28.5 4.597491120056302e-07 0.0002284165267591311 9716
29.25 4.332600867233261e-07 0.0001975160442842506 8604
30 4.074400116610077e-07 0.0001906464723442724 8060
30.75 3.630632905682354e-07 0.0001906805647877596 7320
31.5 3.085446418214688e-07 0.000172410899190764 6356
32.25 2.882739079579965e-07 0.0001440456369429064 5348
33 2.107110365582861e-07 0.0001284228767098641 4308
33.75 1.757470183700251e-07 0.0001039203027865061 3563
34.5 1.238040078025986e-07 7.091192114150373e-05 2448
35.25 9.974016071899569e-08 5.778879492594842e-05 1868
36 7.275388762955928e-08 4.341486821302763e-05 1358
36.75 5.696301489666193e-08 3.778226875807356e-05 1062
37.5 4.105494007371067e-08 2.543145645608171e-05 776
38.25 2.393490373967919e-08 1.62337416363043e-05 432
39 1.011329062670489e-08 7.694481684241663e-06 200
39.75 9.069690356061207e-09 5.04577636151688e-06 168
40.5 1.616207944709138e-09 2.922643666746753e-06 56
41.25 1.181615245889069e-10 1.014812015778457e-07 7


