0    0.0724078862920012    1.88093591585266e-10    2.96018510042805e-10    1.8846846839794e-10    0.250000000001691    2.79601160804423e-12    0.322407886969069
0.1    0.0669605534977447    1.72016174016468e-10    1.54458378988277e-10    1.70912025643808e-10    0.212986667586147    2.78209304836995e-12    0.27994722158406
0.2    0.0613993588448147    1.13768109311316e-10    9.82584928433263e-11    1.13797110103026e-10    0.178289811382325    1.96912585881939e-12    0.239689170554932
0.3    0.0557617969502759    6.85506611400227e-11    7.00277885307076e-11    6.83867805313692e-11    0.146274098123573    1.38371677643447e-12    0.202035895282197
0.4    0.0500963661351892    4.40659457589835e-11    4.55069252107953e-11    4.39676276595595e-11    0.117284450651741    9.93133083862096e-13    0.167380816921464
0.5    0.0444636102853402    2.88480565007327e-11    2.88809730053638e-11    2.87158642194611e-11    0.091616580586843    7.11072766218307e-13    0.136080190959339
0.6    0.0389359882329685    1.84670554600757e-11    1.85252303469439e-11    1.8424081279681e-11    0.0694822124045706    4.95322033144942e-13    0.108418200693451
0.7    0.0335959011365128    1.16906997175948e-11    1.2209936044526e-11    1.16413014375513e-11    0.0509737090703091    3.3529996567486e-13    0.0845696102426991
0.8    0.0285313131088176    7.68394352615801e-12    7.87810621769471e-12    7.64699732891929e-12    0.0360358098696685    2.29106951610354e-13    0.0645671230019243
0.900000000000001    0.023828831592847    5.1154943626447e-12    5.16344888307598e-12    5.0886702949266e-12    0.024453838919953    1.53665040664434e-13    0.0482826705283213
1    0.0195648996642818    3.44670391239395e-12    3.46517918186077e-12    3.43477231079428e-12    0.0158660892674849    1.01912280295012e-13    0.0354309889422152
1.1    0.0157966897165542    2.35624960508559e-12    2.41308922197619e-12    2.34780851971126e-12    0.00980211386546325    6.60034114454656e-14    0.0255988035892006
1.2    0.0125549198399338    1.68836964263471e-12    1.69872504097059e-12    1.67595543753638e-12    0.00573989884215179    4.28478264065931e-14    0.0182948186871915
1.3    0.00984064865469    1.23012796593831e-12    1.23335499027029e-12    1.22797864161932e-12    0.00316760217159779    2.72526247200197e-14    0.0130082508300065
1.4    0.00762700780971299    9.2412239292748e-13    9.24808454941421e-13    9.22201888999418e-13    0.00163413339924342    1.70313636551261e-14    0.00926114121174457
1.5    0.00586525365120206    7.06603553037357e-13    7.17156517057285e-13    7.07810181966414e-13    0.000778324519318975    1.02901088871226e-14    0.00664357817266289
1.6    0.00449325037129419    5.64438547807006e-13    5.63398760634908e-13    5.6364894054765e-13    0.000335332899643678    6.05885113941494e-15    0.00482858327263541
1.7    0.00344411141028532    4.56700004741511e-13    4.55050184140706e-13    4.56399989068454e-13    0.000126152108654636    3.34869318285591e-15    0.00357026352031146
1.8    0.00265322640606638    3.76018706833624e-13    3.75344884015901e-13    3.7616173075381e-13    3.88097962396981e-05    1.69033771953879e-15    0.0026920362034353
1.9    0.00206283865333519    3.14709533108651e-13    3.14800422672955e-13    3.1526792847882e-13    8.5112997333465e-06    7.26313046194301e-16    0.00207134995401405
2    0.00162420503747299    2.69651859912811e-13    2.66587422509694e-13    2.6923400193937e-13    9.26695140862075e-07    2.21920952189167e-16    0.00162513173341955
2.1    0.00129788870281686    2.32097900528816e-13    2.29038382965499e-13    2.32153015195501e-13    9.01049308919163e-09    2.03266646586726e-17    0.00129789771400326
2.2    0.00105289081107871    2.01170270633063e-13    1.99262708294386e-13    2.0188445003601e-13    1.02334147824278e-08    2.02125769434607e-17    0.00105290104509583
2.29999999999999    0.000865251858920062    1.76313712775749e-13    1.75142944307623e-13    1.76958106958354e-13    6.65829034737494e-07    1.52557153068978e-16    0.000865917688483366
2.39999999999999    0.000716590984508365    1.56832688288628e-13    1.5497748478791e-13    1.5656140178203e-13    4.44625983388002e-06    3.70635052929867e-16    0.000721037244810988
2.49999999999999    0.000592897985459427    1.39275123152181e-13    1.38219948031566e-13    1.3934651832661e-13    1.4960895544265e-05    6.40711341609143e-16    0.000607858881421174
2.59999999999999    0.000483776974869173    1.24285688149648e-13    1.24431671647353e-13    1.24382375173345e-13    3.58409826984189e-05    9.34270903593101e-16    0.000519617957941626
2.69999999999999    0.000382237253200911    1.12088704065118e-13    1.12239932072616e-13    1.11943315005015e-13    6.96652482864266e-05    1.23270142283054e-15    0.000451902501824842
2.79999999999998    0.000284974890558896    1.01369204463551e-13    1.01612356493284e-13    1.01187144287852e-13    0.000116755234918162    1.51176901956677e-15    0.000401730125782738
2.89999999999998    0.000192832727893701    9.17472773437634e-14    9.2301060743427e-14    9.16523184018073e-14    0.000174005286445791    1.75139057207296e-15    0.000366838014616944
2.99999999999998    0.000110805027773178    8.32981470022883e-14    8.41201946556749e-14    8.29684694414421e-14    0.000234289989363471    1.92717576181747e-15    0.000345095017388963
3.09999999999998    4.67980972763386e-05    7.56111730088149e-14    7.65062016273881e-14    7.52552344443146e-14    0.000287199725657416    2.02691561653994e-15    0.000333997823163154
3.19999999999998    8.75357687583745e-06    6.8679274516937e-14    6.93325243267168e-14    6.83212337626196e-14    0.000321549026246854    2.04061434786089e-15    0.000330302603331065
3.29999999999997    8.38026938758574e-07    6.19570287524046e-14    6.28443233373394e-14    6.17343357652924e-14    0.000329131087601951    1.96139056313755e-15    0.000329969114729206
3.39999999999997    2.05858976035823e-05    5.58513976899324e-14    5.68797159513588e-14    5.55920100809437e-14    0.000308043127972117    1.8008789815678e-15    0.000328629025745823
3.49999999999997    5.89224564470095e-05    5.03889005693278e-14    5.1136887034725e-14    5.01874105237541e-14    0.000263633646177237    1.584178419588e-15    0.000322556102777543
3.59999999999997    0.000103344668347423    4.53918132006936e-14    4.5950129195812e-14    4.52130314449864e-14    0.000206346789193074    1.33261257713399e-15    0.000309691457678384
3.69999999999997    0.000142414715729379    4.08747369915687e-14    4.13397696381657e-14    4.06877266114048e-14    0.00014768009582714    1.07084333744539e-15    0.000290094811680492
3.79999999999996    0.000169044837626069    3.67775790510332e-14    3.72140566865878e-14    3.66870563435277e-14    9.65002460604928e-05    8.22309952645572e-16    0.000265545083798063
3.89999999999996    0.000181274520196045    3.33365018815734e-14    3.34791291956354e-14    3.32600042477048e-14    5.73197698481135e-05    6.05658482416582e-16    0.00023859429014484
3.99999999999996    0.000180995275143957    3.02574354028071e-14    3.03030985719665e-14    3.01607478279517e-14    3.06452673654398e-05    4.22401979751732e-16    0.00021164054260054
4.09999999999996    0.00017193502818165    2.75032353348442e-14    2.74754960549957e-14    2.75056408794837e-14    1.44601002356518e-05    2.78010670120204e-16    0.000186395128500065
4.19999999999995    0.000157978783762613    2.51283908147636e-14    2.50289941458229e-14    2.51562636458751e-14    5.79848251893143e-06    1.68768047582604e-16    0.000163777266357027
4.29999999999995    0.000142236376527634    2.30894339653094e-14    2.28886655295054e-14    2.30934639407241e-14    1.83292287320775e-06    9.11924853437226e-17    0.000144069299470004
4.39999999999995    0.000126764515721993    2.12315081299661e-14    2.10414947053192e-14    2.12400776004077e-14    3.86157216267586e-07    4.01963361247243e-17    0.000127150673001813
4.49999999999995    0.00011266947129269    1.9561666078434e-14    1.94139218096518e-14    1.9596720653481e-14    3.32519686383967e-08    1.13468010525041e-17    0.000112702723319912
4.59999999999995    0.000100348923900273    1.81108093466126e-14    1.79606432665383e-14    1.81440632900403e-14    3.99692066779272e-11    3.79050502707148e-19    0.000100348963923695
4.69999999999994    8.97316184054561e-05    1.68410961316426e-14    1.66525509183931e-14    1.68600232138912e-14    4.23247121661662e-09    3.76265138141037e-18    8.97358509270301e-05
4.79999999999994    8.04606009059431e-05    1.56533617856962e-14    1.55049756088196e-14    1.56830383143234e-14    1.11262334103154e-07    1.86230599854599e-17    8.05718632869062e-05
4.89999999999994    7.20188846710667e-05    1.45767243826379e-14    1.45358756741935e-14    1.4562378332092e-14    6.22639590540063e-07    4.23462277156473e-17    7.26415243053241e-05
4.99999999999994    6.38218641292809e-05    1.36372926873214e-14    1.35694359563032e-14    1.36417272090842e-14    1.98346593390743e-06    7.31344653963602e-17    6.58053301041099e-05
5.09999999999994    5.53092554670511e-05    1.27824490089105e-14    1.27246518375816e-14    1.27746048598916e-14    4.68172969668287e-06    1.08410224647265e-16    5.9990985202124e-05
5.19999999999993    4.60652082880068e-05    1.19743597367434e-14    1.19454117169942e-14    1.19922568123321e-14    9.11222480757994e-06    1.46311883112296e-16    5.51774331316451e-05
5.29999999999993    3.59753624131856e-05    1.12485018379327e-14    1.12919558519392e-14    1.12130001879873e-14    1.53959125438862e-05    1.82986001496438e-16    5.13712749910082e-05
5.39999999999993    2.53891706661113e-05    1.05596721087356e-14    1.06508227255055e-14    1.05297940872992e-14    2.31861075768414e-05    2.16693548558033e-16    4.85752782749097e-05
5.49999999999993    1.52023017660499e-05    9.9541348409538e-15    1.00292405914822e-14    9.91449903787504e-15    3.15484174438697e-05    2.44514213728302e-16    4.6750719240062e-05
5.59999999999993    6.74332616854488e-06    9.34266068172139e-15    9.4674604974463e-15    9.31157864802667e-15    3.90361546319144e-05    2.62810473603834e-16    4.57794808288438e-05
5.69999999999992    1.39919292327505e-06    8.7845120485585e-15    8.92487049539622e-15    8.7484342499336e-15    4.40390955055663e-05    2.70152097519103e-16    4.54382884555693e-05
5.79999999999992    6.93973386001125e-08    8.26293883673455e-15    8.39915561276931e-15    8.21939667452983e-15    4.53340240571775e-05    2.6567343552906e-16    4.54034214209248e-05
5.89999999999992    2.71433486751954e-06    7.76606762852103e-15    7.88500471408084e-15    7.72695041941244e-15    4.25864392519895e-05    2.49882453846402e-16    4.5300774143137e-05
5.99999999999992    8.28639493025454e-06    7.29176917126054e-15    7.39580699523901e-15    7.25838693043794e-15    3.65082473950216e-05    2.24650025454322e-16    4.47946423474467e-05
6.09999999999991    1.51186236263639e-05    6.83808657124864e-15    6.93741233769619e-15    6.81220817757493e-15    2.85595608150354e-05    1.92738898304044e-16    4.36781844621798e-05
6.19999999999991    2.15470305399413e-05    6.42737562058186e-15    6.48971414512217e-15    6.41119689981431e-15    2.03710243045921e-05    1.58353576100689e-16    4.191805486402e-05
6.29999999999991    2.64193558563896e-05    6.05140537526785e-15    6.09061984291165e-15    6.02100994398831e-15    1.3212683605387e-05    1.23689301667743e-16    3.96320394800633e-05
6.39999999999991    2.92793228027166e-05    5.6900404983074e-15    5.69736030182182e-15    5.6842350816951e-15    7.74081340386654e-06    9.22544168467374e-17    3.7020136223747e-05
6.49999999999991    3.025027309528e-05    5.35228493131841e-15    5.35586046592992e-15    5.3534013301219e-15    4.0398456469075e-06    6.47429509426617e-17    3.42901187583137e-05
6.5999999999999    2.977988251145e-05    5.05453665530046e-15    5.04218245829287e-15    5.04959593630453e-15    1.82809023584298e-06    4.24107460991665e-17    3.16079727624817e-05
6.6999999999999    2.83995915756473e-05    4.77380103666523e-15    4.74919423213296e-15    4.77557248825033e-15    6.80613710638792e-07    2.52306122101907e-17    2.90802053006099e-05
6.7999999999999    2.6572023172578e-05    4.5181267136227e-15    4.47931962287343e-15    4.52445904664753e-15    1.86900020082877e-07    1.29080417953368e-17    2.67589232061957e-05
6.8999999999999    2.46280770135713e-05    4.27546605801459e-15    4.24221611294815e-15    4.28178974471592e-15    2.88708589942131e-08    4.94880187416348e-18    2.46569478853699e-05
6.9999999999999    2.27629992328589e-05    4.05823043731396e-15    4.0264473085812e-15    4.05539725509999e-15    8.96888077487903e-10    8.49941154134285e-19    2.27638961330773e-05
7.09999999999989    2.10590645046529e-05    3.85146779016294e-15    3.81548765974863e-15    3.8576849069866e-15    1.29064894819478e-11    9.96324723071501e-20    2.10590774226672e-05
7.19999999999989    1.95136100465106e-05    3.66115523987759e-15    3.62549048199109e-15    3.66928300468431e-15    6.78739482945513e-09    2.23004656455096e-18    1.95203974522983e-05
7.29999999999989    1.80631468316731e-05    3.48538793562938e-15    3.45162627620398e-15    3.49190182047807e-15    6.67859835868426e-08    6.82434662044966e-18    1.81299328256957e-05
7.39999999999989    1.66029308159682e-05    3.31963830505031e-15    3.29822773268047e-15    3.31876969693055e-15    2.74169593361453e-07    1.34623897756893e-17    1.68771004192798e-05
7.49999999999988    1.5006557015314e-05    3.16168826015903e-15    3.15215669778661e-15    3.16069555762359e-15    7.53475612181445e-07    2.17509839757018e-17    1.57600326369918e-05
7.59999999999988    1.31523597604636e-05    3.01701503565479e-15    3.0133489249082e-15    3.01544525551671e-15    1.63293810654674e-06    3.12202708549894e-17    1.47852978760874e-05
7.69999999999988    1.09620312241618e-05    2.88306942990973e-15    2.8831953079995e-15    2.87933967794884e-15    3.00368998637735e-06    4.12470777961507e-17    1.3965721219226e-05
7.79999999999988    8.4500534423253e-06    2.75278265688321e-15    2.76594492241987e-15    2.74590504306175e-15    4.86589441520429e-06    5.10005706046993e-17    1.33159478658452e-05
7.89999999999988    5.76942105548209e-06    2.62732759449121e-15    2.65434687714607e-15    2.62015910906094e-15    7.07628597055959e-06    5.9758628375917e-17    1.28457070340033e-05
7.99999999999987    3.22440924123928e-06    2.51244382905269e-15    2.54215025178958e-15    2.50603147517188e-15    9.32716700977649e-06    6.6832516004849e-17    1.25515762586432e-05
8.09999999999987    1.21831392324604e-06    2.40479398420649e-15    2.43906582620551e-15    2.39195388561385e-15    1.11910624076231e-05    7.12697464865331e-17    1.24093763381762e-05
8.19999999999987    1.28886319773293e-07    2.29887759791511e-15    2.33654797965847e-15    2.28501919502339e-15    1.22418422051807e-05    7.27846557085013e-17    1.23707285319472e-05
8.29999999999987    1.54341548131449e-07    2.19717371926455e-15    2.23133611296701e-15    2.1875249577795e-15    1.22132459219448e-05    7.12536720347749e-17    1.23675874767635e-05
8.39999999999987    1.212871039973e-06    2.09980109202966e-15    2.1298936507571e-15    2.09306535699779e-15    1.11131844870346e-05    6.66638894005156e-17    1.2326055533397e-05
8.49999999999986    2.96269454542401e-06    2.00900440017078e-15    2.03600146564456e-15    1.99838382995229e-15    9.22273316485185e-06    5.94304006084333e-17    1.21854277163787e-05
8.59999999999986    4.9360065393997e-06    1.91879506850219e-15    1.94135679730161e-15    1.91229358122109e-15    6.97782025732748e-06    5.07148995479509e-17    1.19138268025503e-05
8.69999999999986    6.7080068105734e-06    1.83582923563074e-15    1.85109935799593e-15    1.83042710516908e-15    4.80477791275342e-06    4.12452149123071e-17    1.15127847288854e-05
8.79999999999986    8.01270060206219e-06    1.75687714125271e-15    1.76680328901824e-15    1.75170309001922e-15    2.99707980743702e-06    3.18991820310216e-17    1.10097804148065e-05
8.89999999999985    8.76806904482903e-06    1.68247969871849e-15    1.68475153429006e-15    1.67994446789393e-15    1.67633319270208e-06    2.34041188752886e-17    1.04444022426017e-05
8.99999999999985    9.03152687093622e-06    1.61026674911595e-15    1.60845011233738e-15    1.61157744318671e-15    8.23886782577943e-07    1.60896516584438e-17    9.85541365836055e-06
9.09999999999985    8.93077648916489e-06    1.54597140360055e-15    1.53792747544527e-15    1.54615271460623e-15    3.42193479641715e-07    1.0181387976816e-17    9.27296997344683e-06
9.19999999999985    8.60521580943645e-06    1.48337763273004e-15    1.47351867290227e-15    1.48291754808391e-15    1.11084571754151e-07    5.69591173904046e-18    8.71630038563611e-06
9.29999999999985    8.17135843228181e-06    1.42286438553646e-15    1.41218904159995e-15    1.42432637303596e-15    2.36278950870839e-08    2.58173976452973e-18    8.19498633163085e-06
9.39999999999984    7.70978564421577e-06    1.36739314137508e-15    1.35503082617304e-15    1.36871966825939e-15    1.94573391544928e-09    7.28128054949515e-19    7.71173138222309e-06
9.49999999999984    7.26522597205794e-06    1.3138064753252e-15    1.3006927013026e-15    1.31688255853954e-15    9.847072238658e-13    1.61163734581942e-20    7.26522696069657e-06
9.59999999999984    6.85207556036637e-06    1.2645369564227e-15    1.25202625995119e-15    1.26542641430618e-15    4.24590791867207e-10    3.28954054511879e-19    6.85250015494055e-06
9.69999999999984    6.46075870793469e-06    1.21645971897501e-15    1.20649573496231e-15    1.21649975673722e-15    9.87090710378785e-09    1.55812972259924e-18    6.4706296186795e-06
9.79999999999984    6.06335427530222e-06    1.1695583585182e-15    1.16047281573211e-15    1.17328388495001e-15    5.45673562867431e-08    3.60519321543701e-18    6.11792163509588e-06
9.89999999999983    5.61913996788655e-06    1.12714410194315e-15    1.12256958222144e-15    1.12673610152934e-15    1.75511093255729e-07    6.32100312075478e-18    5.79465106452505e-06
9.99999999999983    5.08208525512457e-06    1.08658546663479e-15    1.08321502892954e-15    1.08608658779916e-15    4.21302031771855e-07    9.61884951850627e-18    5.50338729016193e-06
10.0999999999998    4.41268246107828e-06    1.04756768224214e-15    1.04776004371897e-15    1.0456318066585e-15    8.36132566148134e-07    1.32439821401466e-17    5.24881503038062e-06
10.1999999999998    3.59519115492639e-06    1.00890380508937e-15    1.01271054261006e-15    1.0084306443395e-15    1.4416963390975e-06    1.69764579855754e-17    5.03688749707091e-06
10.2999999999998    2.65759361797017e-06    9.74058354999246e-16    9.81345897753591e-16    9.70739619027852e-16    2.21558961360289e-06    2.04989791568586e-17    4.8731832345197e-06
10.3999999999998    1.68573097295047e-06    9.40162184488329e-16    9.48788755150009e-16    9.37004049133742e-16    3.0748100155835e-06    2.3576993125063e-17    4.7605409913835e-06
10.4999999999998    8.18663687257477e-07    9.06679396416235e-16    9.19089502040669e-16    9.02671074835259e-16    3.87777424738368e-06    2.58234857549982e-17    4.69643793739542e-06
10.5999999999998    2.15631958528913e-07    8.74325913446417e-16    8.89229367521505e-16    8.70378526490391e-16    4.45543002058782e-06    2.71261288748055e-17    4.67106198177779e-06
10.6999999999998    2.43358626763035e-12    8.45436635898661e-16    8.57956557911856e-16    8.41050145760287e-16    4.66731512480484e-06    2.7335981933675e-17    4.66731756096289e-06
10.7999999999998    2.0538138283182e-07    8.15312336170767e-16    8.28297886331441e-16    8.11656663718703e-16    4.45824752555923e-06    2.63480478328275e-17    4.66362891087266e-06
10.8999999999998    7.5599526619245e-07    7.86617616205013e-16    7.98705086742362e-16    7.83814660378571e-16    3.88311798029288e-06    2.42662793469485e-17    4.63911324887873e-06
10.9999999999998    1.49564886037705e-06    7.60022891945676e-16    7.70237374578548e-16    7.56679407804241e-16    3.08344151967262e-06    2.1293671742991e-17    4.5790903823579e-06
11.0999999999998    2.24848420516076e-06    7.34665875540613e-16    7.40738526237752e-16    7.32489617908611e-16    2.22985442051061e-06    1.78754096954895e-17    4.47833862789714e-06
11.1999999999998    2.87686973279402e-06    7.09302969675113e-16    7.14143554782354e-16    7.07583483253483e-16    1.46388127046476e-06    1.42341668497662e-17    4.34075100540405e-06
11.2999999999998    3.31027719489547e-06    6.85859423769768e-16    6.88480997916396e-16    6.83966254160922e-16    8.65866413627718e-07    1.07608149166057e-17    4.17614361059225e-06
11.3999999999998    3.54183475521388e-06    6.63732036588057e-16    6.62960485676048e-16    6.62483919975421e-16    4.54384006651724e-07    7.67547685080274e-18    3.99621876386245e-06
11.4999999999998    3.6060823390629e-06    6.4117174892954e-16    6.38365222941446e-16    6.42300210724921e-16    2.05344889348949e-07    5.08987594540677e-18    3.81142723033878e-06
11.5999999999998    3.55401044705709e-06    6.20348049139547e-16    6.17459090407638e-16    6.20592413240522e-16    7.53956973312538e-08    3.03574358748013e-18    3.62940614624978e-06
11.6999999999998    3.43488654031322e-06    6.00355238687625e-16    5.96748024259771e-16    6.00767520742193e-16    1.98768991619906e-08    1.5390706971715e-18    3.45476344127462e-06
11.7999999999998    3.28689649034447e-06    5.82273394879039e-16    5.76395019311926e-16    5.82554590781741e-16    2.73421273839241e-09    5.64227920091223e-19    3.28963070482465e-06
11.8999999999998    3.13442625313604e-06    5.63523658605917e-16    5.57790190416333e-16    5.64408295751167e-16    4.98826882618336e-11    7.53703943806802e-20    3.1344761375101e-06
11.9999999999998    2.98887119031126e-06    5.45283445278536e-16    5.40500104966941e-16    5.46669391119106e-16    1.15640483364613e-11    3.59502808705038e-20    2.98888275599208e-06
12.0999999999998    2.85063002635262e-06    5.29103188823123e-16    5.24364051648573e-16    5.29391688887843e-16    1.55058192724346e-09    4.1155350138935e-19    2.85218060986313e-06
12.1999999999998    2.71113611384217e-06    5.12128454656679e-16    5.09021863672837e-16    5.12832782258106e-16    1.27874050161731e-08    1.16764544853805e-18    2.72392352039349e-06
12.2999999999998    2.55482367661494e-06    4.97284954149366e-16    4.94048265722358e-16    4.97337379542081e-16    4.94078434270706e-08    2.26672224961953e-18    2.60423152153295e-06
12.3999999999998    2.36168574774368e-06    4.82437553747307e-16    4.7983234920772e-16    4.82405844826604e-16    1.32319815358456e-07    3.65763997233486e-18    2.49400556455046e-06
12.4999999999998    2.11149133647419e-06    4.67731831307459e-16    4.67085595365966e-16    4.67256215841283e-16    2.83493146298976e-07    5.25477660580851e-18    2.3949844841805e-06
12.5999999999998    1.79055700208584e-06    4.53279557388965e-16    4.54455287891662e-16    4.53143011826018e-16    5.19020875788789e-07    6.95783359070996e-18    2.30957787924247e-06
12.6999999999998    1.40079769678784e-06    4.40122774379191e-16    4.4306712360781e-16    4.38846333281078e-16    8.3960158340465e-07    8.61338799469294e-18    2.24039928152314e-06
12.7999999999998    9.68418276365732e-07    4.27285180885833e-16    4.30936045016507e-16    4.26182311919821e-16    1.22105464801786e-06    1.01318946953359e-17    2.18947292567813e-06
12.8999999999998    5.46906641106476e-07    4.14507531472599e-16    4.20156466323297e-16    4.12952254390848e-16    1.61030973272473e-06    1.13205345941421e-17    2.15721637509015e-06
12.9999999999998    2.08430152695335e-07    4.02731006232107e-16    4.08687508331449e-16    4.00993560810293e-16    1.93306407671608e-06    1.21466058306489e-17    2.14149423063598e-06
13.0999999999998    2.2160696428174e-08    3.90732101862156e-16    3.97659820920379e-16    3.89063983419911e-16    2.11504600829901e-06    1.25169287582746e-17    2.13720670591716e-06
13.1999999999998    2.69950243940972e-08    3.80248153416206e-16    3.86483148660306e-16    3.77717756172544e-16    2.10985910655091e-06    1.23948847375318e-17    2.13685413210186e-06
13.2999999999998    2.13240575054833e-07    3.69376876722832e-16    3.74591248118441e-16    3.67542881402793e-16    1.91891692752078e-06    1.17677560202812e-17    2.13215750369889e-06
13.3999999999998    5.25111272670535e-07    3.58384451959859e-16    3.63521546814046e-16    3.57117431053927e-16    1.59109612768856e-06    1.06317048882941e-17    2.11620740144875e-06
13.4999999999998    8.83155026516653e-07    3.48492437392792e-16    3.52310516288822e-16    3.47452373621219e-16    1.20203192351315e-06    9.14842537243718e-18    2.08518695108721e-06
13.5999999999998    1.21328605504158e-06    3.38732963964558e-16    3.41186876799296e-16    3.38378222190568e-16    8.25610672094121e-07    7.48129413918169e-18    2.03889672816148e-06
13.6999999999998    1.46729200332754e-06    3.29380027658375e-16    3.31252023336913e-16    3.28829840387868e-16    5.12721791350015e-07    5.78939730700767e-18    1.9800137956728e-06
13.7999999999998    1.62813227888922e-06    3.21220822020553e-16    3.21457884693931e-16    3.19861844364653e-16    2.84537251120779e-07    4.23759471207277e-18    1.91266953097678e-06
13.8999999999997    1.70318279058751e-06    3.12049723551598e-16    3.11261577565066e-16    3.1201469321115e-16    1.37897707608231e-07    2.91119752474697e-18    1.84108049913398e-06
13.9999999999997    1.71284834486595e-06    3.03616701202451e-16    3.02223646894949e-16    3.03724265934199e-16    5.58264610997516e-08    1.8289718563078e-18    1.7686748068771e-06
14.0999999999997    1.68052538299254e-06    2.95282261962565e-16    2.93495588736017e-16    2.958243112175e-16    1.72484661024926e-08    1.00707239610221e-18    1.69777384998064e-06
14.1999999999997    1.62637413633747e-06    2.87755782919391e-16    2.85262303372526e-16    2.8809597522516e-16    3.29074992866922e-09    4.37083666699279e-19    1.62966488712769e-06
14.2999999999997    1.56466637470893e-06    2.80064927757481e-16    2.77727592885177e-16    2.80311223160841e-16    1.9389072930541e-10    1.05554019537886e-19    1.56486026627645e-06
14.3999999999997    1.50339747848024e-06    2.72463250979405e-16    2.703192575443e-16    2.73010490171887e-16    1.38471298154647e-17    2.81041730804149e-23    1.50339747930988e-06
14.4999999999997    1.44489890626805e-06    2.65694388087944e-16    2.6299159891644e-16    2.66205113387762e-16    2.09294813149827e-10    1.09049780097523e-19    1.4451082018762e-06
14.5999999999997    1.38667864009521e-06    2.5905231891094e-16    2.56676887099432e-16    2.5892001561131e-16    3.15709953647608e-09    4.21821343273782e-19    1.38983574040676e-06
14.6999999999997    1.32224826505492e-06    2.51908658357626e-16    2.50103563358781e-16    2.52414327696285e-16    1.53547104938236e-08    9.27861149283899e-19    1.33760297630409e-06
14.7999999999997    1.24212738990125e-06    2.45292350308308e-16    2.44572114412495e-16    2.45349179617275e-16    4.66063085581081e-08    1.6006779359816e-18    1.28873369919617e-06
14.8999999999997    1.13551126732258e-06    2.39385140813475e-16    2.38483889989411e-16    2.3931238364124e-16    1.08406411145769e-07    2.4150504967897e-18    1.24391767918795e-06
14.9999999999997    9.9315888244616e-07    2.33066003461012e-16    2.33294393278577e-16    2.3281811716375e-16    2.1103354724932e-07    3.29969003249658e-18    1.20419243039796e-06
15.0999999999997    8.1170743952491e-07    2.26752606869957e-16    2.28220262717045e-16    2.26631720168795e-16    3.59095707513589e-07    4.19015885269089e-18    1.17080314772429e-06
15.1999999999997    5.98640175638944e-07    2.21486328916239e-16    2.23093599764589e-16    2.20879854499582e-16    5.46271147681981e-07    5.00199465202161e-18    1.14491132399139e-06
15.2999999999997    3.75672548332148e-07    2.15837973095031e-16    2.18411326993877e-16    2.15006117367988e-16    7.51493988289043e-07    5.66222802290258e-18    1.12716653727611e-06
15.3999999999997    1.77315956200221e-07    2.10337645834346e-16    2.13696142681472e-16    2.09403922302948e-16    9.39921236130595e-07    6.14255617088379e-18    1.1172371929704e-06
15.4999999999997    4.24227352575929e-08    2.05213169580925e-16    2.08590297980834e-16    2.0431469632234e-16    1.07106455482874e-06    6.46107500890986e-18    1.11348729071091e-06
15.5999999999997    4.01875251882139e-10    2.00138533992478e-16    2.03877509557756e-16    1.98967818305308e-16    1.1126190840143e-06    6.5520369680791e-18    1.11302095987572e-06
15.6999999999997    5.85187998192071e-08    1.95365456785809e-16    1.98457182246962e-16    1.94446690295042e-16    1.05369707055586e-06    6.41659784252175e-18    1.11221587096975e-06
15.7999999999997    1.97889306659872e-07    1.90542297515287e-16    1.93484012954155e-16    1.8969578743302e-16    9.09733817968447e-07    5.983817662394e-18    1.10762312520803e-06
15.8999999999997    3.81037131129272e-07    1.85826097259949e-16    1.88164341371985e-16    1.85550465816383e-16    7.15827136993773e-07    5.29705195945195e-18    1.09686426868788e-06
15.9999999999997    5.66503727594748e-07    1.81972213035363e-16    1.83317603380937e-16    1.81223291744179e-16    5.12614566102918e-07    4.42415372444472e-18    1.0791182942486e-06
16.0999999999997    7.22255219474049e-07    1.77450544006107e-16    1.78470621535253e-16    1.7717636450586e-16    3.32771779453548e-07    3.49791926637657e-18    1.05502699946419e-06
16.1999999999997    8.32074798455271e-07    1.73293473504144e-16    1.740508265445e-16    1.72981002796631e-16    1.94095648926846e-07    2.60772287192786e-18    1.02617044790505e-06
16.2999999999997    8.94508552195803e-07    1.69491353661288e-16    1.69387276946759e-16    1.69294175742788e-16    9.99213510359533e-08    1.83645252231247e-18    9.94429903741765e-07
16.3999999999998    9.17629351537939e-07    1.65515081099171e-16    1.64915934085256e-16    1.6568383474467e-16    4.38683441261142e-08    1.20065662075022e-18    9.61497696161368e-07
16.4999999999998    9.13283639662328e-07    1.61922114166205e-16    1.61028397128598e-16    1.61761996305135e-16    1.53463219195611e-08    7.03226472354732e-19    9.28629962067305e-07
16.5999999999998    8.92919146353422e-07    1.57844394019558e-16    1.57035208694249e-16    1.58213733284697e-16    3.68722207846978e-09    3.4447246453433e-19    8.96606368905329e-07
16.6999999999998    8.65407817925598e-07    1.54693183248084e-16    1.5333925722549e-16    1.54633057640888e-16    4.03201314854173e-10    1.14261238017137e-19    8.65811019703232e-07
16.7999999999998    8.36356620745658e-07    1.50972337495232e-16    1.49589894698803e-16    1.51356552992212e-16    2.10855111304746e-12    8.33712192343809e-21    8.36358729748699e-07
16.8999999999998    8.08204609624317e-07    1.47539991105141e-16    1.46227525819249e-16    1.47930969692946e-16    1.71106885370393e-11    2.39853004588556e-20    8.08221720754576e-07
16.9999999999999    7.80587294370492e-07    1.44240362993272e-16    1.43001633946038e-16    1.44592663089679e-16    7.51444304668493e-10    1.60659914951592e-19    7.81338739107155e-07
17.0999999999999    7.50731001038403e-07    1.41294613160574e-16    1.40010998319718e-16    1.41232616788442e-16    4.97265413222448e-09    4.17018300126117e-19    7.55703655593583e-07
17.1999999999999    7.13897179370071e-07    1.37705748778542e-16    1.37100825361751e-16    1.37994837622778e-16    1.75373663874527e-08    7.87292026479885e-19    7.31434546171113e-07
17.2999999999999    6.64094938595462e-07    1.34771997669797e-16    1.34540728576789e-16    1.34610149784058e-16    4.47254058834522e-08    1.25011764901046e-18    7.08820344884087e-07
17.3999999999999    5.95385276202501e-07    1.31577054015531e-16    1.31592718958052e-16    1.31813344711697e-16    9.29486903927786e-08    1.77627396013943e-18    6.88333966992039e-07
17.4999999999999    5.04020118444157e-07    1.28900389762695e-16    1.29202280819116e-16    1.28656905162226e-16    1.6657274309623e-07    2.30594941520312e-18    6.70592861929453e-07
17.6    3.91256627664677e-07    1.25887977789266e-16    1.26924490709867e-16    1.25595168545309e-16    2.64990405378877e-07    2.77699608627196e-18    6.56247033424739e-07
17.7    2.65925243984262e-07    1.23138319743826e-16    1.24470932522146e-16    1.22869757440226e-16    3.79863761557601e-07    3.15641511546675e-18    6.45789005915498e-07
17.8    1.45036134475008e-07    1.20468352335137e-16    1.22311434651342e-16    1.19964628831655e-16    4.94279043155008e-07    3.42964952681791e-18    6.39315177996191e-07
17.9    5.06998671772288e-08    1.17774795667763e-16    1.20127659216586e-16    1.17122293424919e-16    5.8561653191431e-07    3.62173581959976e-18    6.36316399450185e-07
18    3.21455991717235e-09    1.15167497352247e-16    1.17591729021304e-16    1.14618111691436e-16    6.3239551848417e-07    3.76148535042803e-18    6.35610078752481e-07
18.1    1.29470522081775e-08    1.12714702702245e-16    1.14791093289911e-16    1.1237885914527e-16    6.22558045191939e-07    3.81347236525864e-18    6.35505097743815e-07
18.2    7.54789793862269e-08    1.10495387123428e-16    1.12149269573177e-16    1.10053174399755e-16    5.58712936833804e-07    3.70421819104894e-18    6.34191916556433e-07
18.3000000000001    1.73175526327377e-07    1.08276685509079e-16    1.09664897151213e-16    1.07713168437294e-16    4.57040085908152e-07    3.39195259395194e-18    6.30215612564576e-07
18.4000000000001    2.82328773258431e-07    1.05880796083349e-16    1.07105601166913e-16    1.05616276879099e-16    3.40492176530571e-07    2.91031146577483e-18    6.22820950110515e-07
18.5000000000001    3.81643767172938e-07    1.0383530468814e-16    1.04578757734579e-16    1.03647572577249e-16    2.30382558044759e-07    2.33497073105075e-18    6.12026325532093e-07
18.6000000000001    4.57804347411131e-07    1.01711547617301e-16    1.02215966073276e-16    1.01636466817702e-16    1.40635602608544e-07    1.76361353366705e-18    5.98439950327002e-07
18.7000000000001    5.06559284743789e-07    9.98752673202034e-17    1.0008137162911e-16    9.95092260216813e-17    7.63939938616818e-08    1.25439240003439e-18    5.82953278906191e-07
18.8000000000001    5.30508366311742e-07    9.77744602732652e-17    9.7520642275534e-17    9.79112060174589e-17    3.59515708419752e-08    8.41496379940648e-19    5.66459937447765e-07
18.9000000000002    5.35766335440733e-07    9.56833133282991e-17    9.55446858320809e-17    9.58353498211714e-17    1.39153745371357e-08    5.17172648425554e-19    5.49681710265449e-07
19.0000000000002    5.29132051094534e-07    9.40135589169717e-17    9.35410519625676e-17    9.3907813739327e-17    3.97561039446366e-09    2.77141799553902e-19    5.33107661770738e-07
19.1000000000002    5.163697489211e-07    9.19753468763072e-17    9.13061112895274e-17    9.23305477320554e-17    6.41626992596435e-10    1.13447130414688e-19    5.17011376189422e-07
19.2000000000002    5.01484318844403e-07    9.03143273162727e-17    8.97020813214753e-17    9.02364437358996e-17    2.13691905845422e-11    2.12073832343159e-20    5.01505688305261e-07
19.3000000000002    4.86606202999769e-07    8.84022260462191e-17    8.76592393912427e-17    8.87007667938095e-17    2.46289115655202e-13    2.35410845154074e-21    4.8660644955365e-07
19.4000000000002    4.72136036087426e-07    8.668253894245e-17    8.59249328985572e-17    8.69555496701816e-17    1.55355304498993e-10    6.11716486106764e-20    4.7229139165155e-07
19.5000000000002    4.56947838957307e-07    8.51031895824643e-17    8.43835469484516e-17    8.51177250614784e-17    1.60214341383865e-09    2.02866175064257e-19    4.58549982625953e-07
19.6000000000003    4.38608058207992e-07    8.31595433089419e-17    8.26992782385805e-17    8.35147702004734e-17    6.81612004686627e-09    4.29676565050262e-19    4.45424178504661e-07
19.7000000000003    4.13700893293703e-07    8.16203725828342e-17    8.14435281618569e-17    8.1575131405471e-17    1.93384043129422e-08    7.31809240418305e-19    4.33039297852016e-07
19.8000000000003    3.78441651711769e-07    8.00909920142293e-17    7.98312781495097e-17    8.0096663488862e-17    4.31788418138228e-08    1.08742768147549e-18    4.21620493766698e-07
19.9000000000003    3.29767362394323e-07    7.81289576440729e-17    7.84171752961913e-17    7.85278652673412e-17    8.17181248233633e-08    1.45035179138394e-18    4.11485487454211e-07
20.0000000000003    2.6693716555807e-07    7.69527875377153e-17    7.7558645013187e-17    7.65391960523147e-17    1.36064355731334e-07    1.75442557147888e-18    4.0300152152221e-07
20.1000000000003    1.93287875700009e-07    7.53918397445411e-17    7.61146813023271e-17    7.52500565297294e-17    2.0321057583117e-07    1.97702548934847e-18    3.96498451759912e-07
20.2000000000004    1.17262270826111e-07    7.36433624424076e-17    7.51245545380931e-17    7.35882512568467e-17    2.74882520356372e-07    2.09873998618554e-18    3.92144791406937e-07
20.3000000000004    5.15496106786639e-08    7.24377750214964e-17    7.41291179798289e-17    7.19313612672777e-17    3.38269224485813e-07    2.17963751094398e-18    3.89818835385155e-07
20.4000000000004    9.71948584832151e-09    7.10275663131604e-17    7.26212741616566e-17    7.07055605634268e-17    3.79312377818882e-07    2.29253054307037e-18    3.89031863883851e-07
20.5000000000004    1.24020472702844e-09    6.95398993941201e-17    7.11451465797977e-17    6.93720656435383e-17    3.87723025564703e-07    2.41825396408281e-18    3.88963230504207e-07
20.6000000000004    2.73412681737075e-08    6.8345262061993e-17    6.97315546342125e-17    6.79679703484629e-17    3.61287416450488e-07    2.48253982450172e-18    3.88628684832723e-07
20.7000000000004    8.02526410440441e-08    6.72048044125637e-17    6.81085866149408e-17    6.6854702667706e-17    3.06879313236565e-07    2.40239045558722e-18    3.8713195448518e-07
20.8000000000005    1.46395462201384e-07    6.57544705411604e-17    6.65758920371353e-17    6.57931544237314e-17    2.37496730074165e-07    2.13840107513797e-18    3.83892192475811e-07
20.9000000000005    2.11593223279744e-07    6.4745422917842e-17    6.53144042438497e-17    6.45939850279085e-17    1.67154264043272e-07    1.74279612919465e-18    3.78747487519412e-07
21.0000000000005    2.65437067925277e-07    6.36214025958662e-17    6.40462470035031e-17    6.34863612130182e-17    1.06469904442881e-07    1.31642021489275e-18    3.71906972560629e-07
21.1000000000005    3.03075576223818e-07    6.23873830124192e-17    6.27738701459508e-17    6.24283950102607e-17    6.07280314803046e-08    9.34161824668414e-19    3.63803607892647e-07
21.2000000000005    3.24554696616627e-07    6.1485180729111e-17    6.16397231316686e-17    6.12663060398306e-17    3.03758973368133e-08    6.25973320580122e-19    3.54930594138457e-07
21.3000000000005    3.32923591167172e-07    6.03333668704662e-17    6.02699105202503e-17    6.03753978011307e-17    1.27982799958532e-08    3.96888250147447e-19    3.457218713444e-07
21.4000000000005    3.3230613653077e-07    5.90863084638316e-17    5.90818983394827e-17    5.93492355289489e-17    4.18902157944832e-09    2.28580240992164e-19    3.36495158287965e-07
21.5000000000006    3.2655984898292e-07    5.82751513013993e-17    5.80316968868091e-17    5.824239982195e-17    8.85827319672354e-10    1.08688710615272e-19    3.2744567647725e-07
21.6000000000006    3.18599752966141e-07    5.72976001010458e-17    5.68600331105124e-17    5.73191572058939e-17    6.90065915736091e-11    3.21200703337516e-20    3.18668759729224e-07
21.7000000000006    3.10193111352791e-07    5.60198760205046e-17    5.58399021695173e-17    5.63029304701852e-17    1.1947016913618e-14    4.52581486738794e-22    3.10193123467971e-07
21.8000000000006    3.01990970752013e-07    5.51521811446863e-17    5.48520721717844e-17    5.53091095943451e-17    2.33528909946242e-11    2.15554176096065e-20    3.02014323808343e-07
21.9000000000006    2.93634658540625e-07    5.4429684815465e-17    5.38543448193596e-17    5.43760482064754e-17    4.89686022527112e-10    1.05891535282392e-19    2.94124344725918e-07
22.0000000000006    2.83874462723069e-07    5.30304291490645e-17    5.27598958839212e-17    5.35816073520401e-17    2.6621460213731e-09    2.62811783969947e-19    2.86536608904076e-07
22.1000000000007    2.70728434106471e-07    5.22398912471843e-17    5.21110103774765e-17    5.23834838042303e-17    8.57778260762174e-09    4.90292462082513e-19    2.79306216871317e-07
22.2000000000007    2.51779928424867e-07    5.14709717763458e-17    5.12050277766335e-17    5.14974105655928e-17    2.07636943327731e-08    7.73035809917438e-19    2.72543622912587e-07
22.3000000000007    2.24744217555629e-07    5.04130802026764e-17    5.04636793123372e-17    5.05213964907289e-17    4.16729890436226e-08    1.06534516875435e-18    2.66417206751715e-07
22.4000000000007    1.88382960760725e-07    4.93756679788883e-17    4.98540339064369e-17    4.95150648530179e-17    7.27548375665264e-08    1.30540211263445e-18    2.61137798477302e-07
22.5000000000007    1.43655136531949e-07    4.86089057603314e-17    4.93481532309663e-17    4.85192979513997e-17    1.13263451296632e-07    1.43688073947367e-18    2.56918587976495e-07
22.6000000000007    9.46677696509684e-08    4.7800854328068e-17    4.88125130624976e-17    4.76357110146218e-17    1.59242130651435e-07    1.45519828314478e-18    2.53909900448108e-07
22.7000000000007    4.870025194266e-08    4.68803356013446e-17    4.82514734295292e-17    4.67719176624133e-17    2.03421072002062e-07    1.42768857660574e-18    2.52121324088054e-07
22.8000000000008    1.46759170501561e-08    4.60290751539818e-17    4.76352441410991e-17    4.58543060286881e-17    2.36683905635154e-07    1.45980724962424e-18    2.51359822826288e-07
22.9000000000008    2.11310443097908e-10    4.52819257839719e-17    4.67626162499194e-17    4.50386051120913e-17    2.51009532254282e-07    1.60501026663906e-18    2.51220842836068e-07
23.0000000000008    8.49106298349197e-09    4.46069641353434e-17    4.56859985434411e-17    4.43352290009329e-17    2.42665559892442e-07    1.79490158819851e-18    2.51156623012357e-07
23.1000000000008    3.67554743209569e-08    4.37787868264824e-17    4.45362540280846e-17    4.37407690483931e-17    2.13853907263883e-07    1.8895066103657e-18    2.50609381718786e-07
23.2000000000008    7.74007926987215e-08    4.29687888182215e-17    4.35891268897244e-17    4.30849461604645e-17    1.7175586298357e-07    1.78446618811841e-18    2.49156655813719e-07
23.3000000000008    1.21037241846629e-07    4.24068626022633e-17    4.29009040664805e-17    4.2327398975282e-17    1.25566961955068e-07    1.49393922868262e-18    2.46604203930826e-07
23.4000000000009    1.59721874247702e-07    4.18445011357478e-17    4.22614914152303e-17    4.16204256801865e-17    8.3270024738512e-08    1.12239862264312e-18    2.42991899113063e-07
23.5000000000009    1.88837740582461e-07    4.11256048166612e-17    4.14404052758479e-17    4.11254565945458e-17    4.96889788140139e-08    7.76986995393243e-19    2.38526719520944e-07
23.6000000000009    2.07238322557217e-07    4.03230702207423e-17    4.07608683849551e-17    4.04838301810528e-17    2.62491513525119e-08    5.0661877910162e-19    2.33487474031804e-07
23.7000000000009    2.1624756832256e-07    3.98359912945864e-17    4.01685104577368e-17    3.97452561839376e-17    1.18958751536734e-08    3.18625045422923e-19    2.28143443596301e-07
23.8000000000009    2.18358844346591e-07    3.92666782928336e-17    3.9373038798969e-17    3.9218989773922e-17    4.34819826322133e-09    1.92245156543195e-19    2.22707042727863e-07
23.9000000000009    2.1619648361013e-07    3.85016795299688e-17    3.85693143452814e-17    3.87238870023353e-17    1.12296278576506e-09    1.03847108572712e-19    2.17319446511794e-07
24.000000000001    2.11913652318329e-07    3.79668918747046e-17    3.79727120998827e-17    3.80535187656975e-17    1.44302884796721e-10    4.12918085875187e-20    2.1205795531716e-07
24.100000000001    2.06951603165898e-07    3.74074451145853e-17    3.73523307563813e-17    3.74433962470866e-17    1.80641865010202e-12    5.25230117965682e-21    2.06953409696756e-07
24.200000000001    2.02008249147565e-07    3.68200533008235e-17    3.66634344242062e-17    3.69360781046091e-17    1.62423922725111e-12    5.70040776269581e-21    2.02009873497217e-07
24.300000000001    1.97089525667812e-07    3.60874306883737e-17    3.59505083806138e-17    3.6478342518341e-17    1.33420424695526e-10    5.87351231558958e-20    1.97222946201082e-07
24.400000000001    1.91578170834462e-07    3.56017645142288e-17    3.54720765178463e-17    3.58034699459756e-17    1.0175252836571e-09    1.80577035478604e-19    1.92595696225177e-07
24.500000000001    1.84317226758934e-07    3.50384688066144e-17    3.4846688038445e-17    3.52944326119225e-17    3.83486289286328e-09    3.80470995838522e-19    1.88152089757358e-07
24.600000000001    1.73758516155366e-07    3.44433678201985e-17    3.43873579757108e-17    3.46463177148965e-17    1.01887271309745e-08    6.45667912179933e-19    1.83947243390463e-07
24.7000000000011    1.58260537971274e-07    3.38415313807456e-17    3.38392934975604e-17    3.41405459161344e-17    2.18117888199934e-08    9.36032034404135e-19    1.80072326894024e-07
24.8000000000011    1.36612373148834e-07    3.33527101367651e-17    3.35579687947832e-17    3.34638890031822e-17    4.00378403019853e-08    1.171626660076e-18    1.76650213552365e-07
24.9000000000011    1.08771941864986e-07    3.27420443751729e-17    3.3345313927903e-17    3.28461054845049e-17    6.50453498027905e-08    1.27538138575376e-18    1.73817291767985e-07
25.0000000000011    7.6616396246858e-08    3.22060838565417e-17    3.32199022792566e-17    3.22535454220811e-17    9.50726282202244e-08    1.21708872525344e-18    1.71689024565979e-07
25.1000000000011    4.42730328565281e-08    3.17459470675271e-17    3.31867844691886e-17    3.15913659149451e-17    1.26040298818903e-07    1.065863679902e-18    1.70313331773021e-07
25.2000000000011    1.75310240491667e-08    3.11928556823066e-17    3.2921812548026e-17    3.10335413647421e-17    1.52094754277269e-07    9.83895008470014e-19    1.69625778422568e-07
25.3000000000012    2.16796934689615e-09    3.07317449432083e-17    3.2335365800046e-17    3.05663171542133e-17    1.67260692469534e-07    1.09780851621074e-18    1.69428661911161e-07
25.4000000000012    1.74313491132007e-09    3.0213940959092e-17    3.14315926759004e-17    3.02122471323237e-17    1.67670747808475e-07    1.38468847921887e-18    1.69413882813037e-07
25.5000000000012    1.60134781801161e-08    2.97395600140672e-17    3.05833167586974e-17    2.97689983741902e-17    1.5321831264252e-07    1.65396171678157e-18    1.69231790914382e-07
25.6000000000012    4.09653755075223e-08    2.93184142062535e-17    2.9850903124518e-17    2.93519731019571e-17    1.27616672835699e-07    1.71520885467771e-18    1.68582048433458e-07
25.7000000000012    7.04729113327128e-08    2.90118950550362e-17    2.92935519950991e-17    2.89727243848052e-17    9.68138757942478e-08    1.51321145542533e-18    1.67286787215752e-07
25.8000000000012    9.85817706494187e-08    2.8521974537281e-17    2.88921667036018e-17    2.85946409635246e-17    6.67337780656485e-08    1.14615386729383e-18    1.65315548802222e-07
25.9000000000012    1.21214213803704e-07    2.81141723585426e-17    2.86259806130568e-17    2.8134378153994e-17    4.15452227489628e-08    7.6255162396859e-19    1.62759436638304e-07
26.0000000000013    1.36710303884615e-07    2.76937943245608e-17    2.8297612155224e-17    2.77121707404341e-17    2.30663503313208e-08    4.65205588914186e-19    1.59776654300105e-07
26.1000000000013    1.45394109895274e-07    2.73426656314361e-17    2.78477822878333e-17    2.73660823021605e-17    1.11434682442246e-08    2.76147073605006e-19    1.56537578222331e-07
26.2000000000013    1.4872105792192e-07    2.6926690564202e-17    2.74687749765989e-17    2.69207461796286e-17    4.46621972788236e-09    1.65996411040272e-19    1.53187277731285e-07
26.3000000000013    1.48482774830885e-07    2.65906877507403e-17    2.69055928326375e-17    2.66568552596772e-17    1.34652686931137e-09    9.96258165360905e-20    1.4982930178045e-07
26.4000000000013    1.46284160148817e-07    2.61721404072746e-17    2.64644265481991e-17    2.62866766100052e-17    2.41465873157426e-10    5.04626839820903e-20    1.46525626100948e-07
26.5000000000013    1.43293973553276e-07    2.58319626461638e-17    2.60091258411438e-17    2.59562752499406e-17    1.14064197706587e-11    1.36339070477468e-20    1.43305380050858e-07
26.6000000000014    1.40176613151292e-07    2.53975722081725e-17    2.55442000930669e-17    2.56589854698293e-17    4.00760810770426e-15    3.17577069573846e-22    1.40176617235501e-07
26.7000000000014    1.37108754658299e-07    2.51243860851348e-17    2.51819339704757e-17    2.52747135048802e-17    2.92544417140092e-11    3.30014900256065e-20    1.37138009175627e-07
26.8000000000014    1.33820080167205e-07    2.46651945607999e-17    2.46823028235248e-17    2.5035915327645e-17    3.69253795317136e-10    1.38486358817861e-19    1.34189334037045e-07
26.9000000000014    1.29640841419467e-07    2.43033845196794e-17    2.42778316285582e-17    2.4702030942935e-17    1.69972183458754e-09    3.36931707970306e-19    1.31340563327675e-07
27.0000000000014    1.23578436766689e-07    2.39475002587314e-17    2.38872566880591e-17    2.43628898235563e-17    5.04087084605279e-09    6.27065832343653e-19    1.28619307685566e-07
27.1000000000014    1.14475205635427e-07    2.36311851312179e-17    2.35842421037752e-17    2.39756932654833e-17    1.16004051793258e-08    9.66201726382477e-19    1.2607561088691e-07
27.2000000000015    1.01308462732813e-07    2.32447329918644e-17    2.34164925914349e-17    2.35494719285845e-17    2.24734808892185e-08    1.26229726069349e-18    1.23781943693505e-07
27.3000000000015    8.36572421919026e-08    2.28832366146187e-17    2.33881589032163e-17    2.31411257784239e-17    3.81681650592831e-08    1.39664370270761e-18    1.21825407321995e-07
27.4000000000015    6.22536895239312e-08    2.2535100636312e-17    2.36248601546949e-17    2.2639449771875e-17    5.80359980743819e-08    1.29146184310618e-18    1.20289687668404e-07
27.5000000000015    3.93751621159506e-08    2.22048111759328e-17    2.38958957119128e-17    2.21839191958993e-17    7.98522191475578e-08    1.0052446238157e-18    1.19227381332798e-07
27.6000000000015    1.87192863405676e-08    2.18662985495677e-17    2.39744223174988e-17    2.18031811541112e-17    9.99098568113351e-08    7.4759524254019e-19    1.18629143220294e-07
27.7000000000015    4.51462251033298e-09    2.15397573413967e-17    2.36979607374667e-17    2.14575848911984e-17    1.13887793694319e-07    7.62252899462252e-19    1.18402416272109e-07
27.8000000000015    4.09609628354056e-11    2.12778684815324e-17    2.29741676469819e-17    2.12029654958007e-17    1.18333278361096e-07    1.11404377175323e-18    1.18374239390501e-07
27.9000000000016    6.2464032088975e-09    2.09442628424596e-17    2.19689088806071e-17    2.10588293325322e-17    1.1207853220517e-07    1.59984991227176e-18    1.18324935479639e-07
28.0000000000016    2.1281023637046e-08    2.0689602518239e-17    2.12213192092715e-17    2.07784711759957e-17    9.67625489519901e-08    1.88938038436074e-18    1.18043572653615e-07
28.1000000000016    4.12634647608961e-08    2.04000754493142e-17    2.06971175289195e-17    2.05679401886249e-17    7.61185468412917e-08    1.80753751506777e-18    1.17382011665661e-07
28.2000000000016    6.1812555041416e-08    2.01036351493867e-17    2.04973463497969e-17    2.03048250320585e-17    5.44713926391068e-08    1.41691812654987e-18    1.16283947742846e-07
28.3000000000016    7.94755553333218e-08    1.9899111100931e-17    2.04754451363258e-17    1.99850677548916e-17    3.53044548513972e-08    9.28986481991998e-19    1.14780010246008e-07
28.4000000000016    9.24342106256853e-08    1.96539978678986e-17    2.04433707039077e-17    1.96563345600953e-17    2.05238857488312e-08    5.25340222227925e-19    1.12958096434796e-07
28.5000000000017    1.00429480769732e-07    1.93812851206183e-17    2.02523208794113e-17    1.94048307527697e-17    1.04973431104174e-08    2.7509526601791e-19    1.10926823939463e-07
28.6000000000017    1.04235270253584e-07    1.91073262282024e-17    1.99631641524834e-17    1.91769710507263e-17    4.55139209280858e-09    1.52233589486574e-19    1.08786662404793e-07
28.7000000000017    1.05060970709849e-07    1.88958312721322e-17    1.96877344831105e-17    1.88990842500035e-17    1.55348584436495e-09    9.67559634259972e-20    1.06614456611793e-07
28.8000000000017    1.04105918756802e-07    1.86278818881047e-17    1.92953857148658e-17    1.87383728101795e-17    3.53899960597885e-10    6.12989572840185e-20    1.04459818774123e-07
28.9000000000017    1.02315553026428e-07    1.84008999306895e-17    1.89168562428234e-17    1.85830679891798e-17    3.33616583303953e-11    2.63490898548837e-20    1.02348914740685e-07
29.0000000000017    1.00291417662878e-07    1.8148680192184e-17    1.85819988597438e-17    1.84061638961457e-17    5.3575516519753e-14    1.44721873290394e-21    1.00291471293532e-07
29.1000000000017    9.82842353987944e-08    1.79362356611082e-17    1.82600021178099e-17    1.82309925970326e-17    4.16122223095351e-12    1.67192650574842e-20    9.82883966754693e-08
29.2000000000018    9.62167288790169e-08    1.76382060300969e-17    1.78617107257353e-17    1.81329828765446e-17    1.22146928251616e-10    1.13156138140053e-19    9.63388758610146e-08
29.3000000000018    9.37127200321956e-08    1.74137203995702e-17    1.75228055437336e-17    1.79633175908049e-17    7.33933911260538e-10    3.28914357652574e-19    9.44466539966849e-08
29.4000000000018    9.01384645415302e-08    1.7184087046693e-17    1.72161960763996e-17    1.7752777985616e-17    2.48694674719416e-09    6.78442883933527e-19    9.26254113415558e-08
29.5000000000018    8.46867626134454e-08    1.69643812553514e-17    1.69282734661135e-17    1.75487773851242e-17    6.21601760708032e-09    1.12479828017322e-18    9.09027802730919e-08
29.6000000000018    7.65482129281276e-08    1.66804148181073e-17    1.68134671380315e-17    1.72709950562137e-17    1.27736360890659e-08    1.55587354007904e-18    8.93218490695142e-08
29.7000000000018    6.5202771990393e-08    1.64756673239124e-17    1.69541522318638e-17    1.69357489242653e-17    2.27355092531929e-08    1.79904407923285e-18    8.79382812957506e-08
29.8000000000019    5.08085057255097e-08    1.62573674305993e-17    1.74554630595316e-17    1.65014028823712e-17    3.60025680705871e-08    1.69926770406145e-18    8.68110738480103e-08
29.9000000000019    3.45580779588546e-08    1.59862106320154e-17    1.80888823200321e-17    1.61233365748675e-17    5.14282335080905e-08    1.26419395489208e-18    8.59863115184078e-08
