0 0 0
9.99999999999983 8.44038072236119e-23 1.01232088965561e-27
20.0000000000003 9.77111618844357e-23 7.83336702941616e-29
30.0000000000019 1.03436397055327e-22 1.76837818535043e-29
40.0000000000006 4.64397761233062e-22 2.6911685879315e-29
49.9999999999986 1.52605611307e-19 3.54059933020829e-27
59.9999999999966 1.89441277146724e-17 2.26033125632798e-25
69.9999999999989 1.22490076199087e-14 7.73852493097778e-23
80.000000000004 9.15642752755206e-13 3.44530629793972e-21
90.0000000000091 2.96039667744857e-12 7.03770794999142e-21
100.000000000014 4.81439294079313e-12 7.39494965757487e-21
110.000000000019 8.6946303911247e-12 9.39575605097975e-21
120.000000000024 2.07140520649016e-11 1.55818422231481e-20
130.000000000027 1.26953896699144e-08 6.97618536509039e-18
140.000000000018 7.2075071176261e-08 2.96748030653716e-17
150.000000000009 1.70913434977164e-07 5.28035216051738e-17
159.999999999999 2.60164885414379e-07 6.29397142653474e-17
169.99999999999 1.29466220784225e-06 2.45382741718218e-16
179.999999999981 7.06636915482483e-07 1.05669786361418e-16
189.999999999972 3.61920262980738e-06 4.40648115295719e-16
199.999999999963 1.96991453098117e-06 1.95134542239616e-16
209.999999999954 2.82433267756313e-06 2.28362263108147e-16
219.999999999945 3.69463456430114e-06 2.50593350457231e-16
229.999999999936 1.38265271931599e-06 7.82461084669463e-17
239.999999999927 5.12499094442963e-06 2.43118890983969e-16
249.999999999918 1.48018922481244e-06 6.01865445906479e-17
259.999999999909 4.06549107329562e-06 1.4067902365937e-16
269.999999999899 3.08944000617443e-06 9.16120300876303e-17
279.99999999989 2.71019761351421e-06 6.99574330940969e-17
289.999999999881 4.99692123737831e-06 1.11296433578584e-16
299.999999999872 1.33756373927758e-06 2.61351793671779e-17
309.999999999863 5.34503677812645e-06 9.14055477568783e-17
319.999999999854 2.59327486818764e-06 3.90174045297231e-17
329.999999999845 3.83648270592468e-06 5.10941047297464e-17
339.999999999836 4.3185846563447e-06 5.09635883321313e-17
349.999999999827 2.3130371945397e-06 2.42868986440268e-17
359.999999999818 5.71604708890049e-06 5.37771090989668e-17
369.999999999808 1.82400667388252e-06 1.52859700192222e-17
379.999999999799 4.75323829270292e-06 3.58976033522508e-17
389.99999999979 3.68722109533528e-06 2.51519603082479e-17
399.999999999781 3.43868724306215e-06 2.11700398224376e-17
409.999999999772 4.62640025729286e-06 2.57379258056164e-17
419.999999999763 1.94640083406976e-06 9.81824910508192e-18
429.999999999754 5.84781926843235e-06 2.6837599871621e-17
439.999999999745 2.39765223695609e-06 1.00436453019222e-17
449.999999999736 4.36033074832029e-06 1.67183044485649e-17
459.999999999727 3.96000259668423e-06 1.39079308277969e-17
469.999999999718 2.76740705404989e-06 8.88861364116181e-18
479.999999999708 5.8701259140184e-06 1.73287648428658e-17
489.999999999699 1.74109759696443e-06 4.74008757918094e-18
499.99999999969 5.25432248450944e-06 1.31634307882048e-17
509.999999999681 3.40978135775033e-06 7.89394245492366e-18
519.999999999672 3.72475351135669e-06 7.98866947549668e-18
529.999999999663 4.81413526205558e-06 9.55525113369501e-18
539.999999999654 2.35857397842261e-06 4.33826841710959e-18
549.999999999645 5.96341259701072e-06 1.01859243130659e-17
559.999999999636 2.15948755362987e-06 3.43512026176471e-18
569.999999999627 4.69836631115426e-06 6.96453407960495e-18
579.999999999618 4.23604629561212e-06 5.85032212689499e-18
589.999999999608 3.28713282882169e-06 4.23355672201754e-18
599.999999999599 5.44145866769544e-06 6.56051839966734e-18
609.99999999959 1.88999347521869e-06 2.12881891123889e-18
619.999999999581 5.61119057730842e-06 5.92848035399336e-18
629.999999999572 3.2539884402388e-06 3.22021970925495e-18
639.999999999563 4.23357497854318e-06 3.93573613031557e-18
649.999999999554 4.39826195216196e-06 3.84179835800731e-18
659.999999999545 2.73526152095618e-06 2.24518606677928e-18
669.999999999536 6.15725903963966e-06 4.7593780956367e-18
679.999999999527 1.99873915072956e-06 1.45618054991118e-18
