0 0 0
1 3.52827507798881e-38 1.13753583863737e-38
2 5.2065073386481e-37 1.67859819729055e-37
2.99999999999998 2.80094648400277e-36 9.03059276714116e-37
3.99999999999996 3.87171346368264e-36 1.24824592079122e-36
4.99999999999994 1.62836164777042e-35 5.2499552323079e-36
5.99999999999992 5.85967612918815e-35 1.88917143589439e-35
6.9999999999999 7.28144697449172e-35 2.34758833178362e-35
7.99999999999987 1.41596576893097e-34 4.56515817308715e-35
8.99999999999985 3.54360487971392e-34 1.142470516926e-34
9.99999999999983 5.47775301900341e-34 1.76609756400728e-34
10.9999999999998 6.32597294186715e-34 2.03950402303005e-34
11.9999999999998 1.24428792539388e-33 4.01167246596621e-34
12.9999999999998 2.16428061059238e-33 6.97769537444836e-34
13.9999999999997 2.22139090886624e-33 7.16189384193059e-34
14.9999999999997 3.10263263780022e-33 1.00030816928341e-33
15.9999999999997 1.04252649661009e-32 3.36113735001022e-33
16.9999999999999 1.35373011586725e-32 4.36460446135292e-33
18 1.60659155569211e-32 5.17968193937871e-33
19.0000000000002 1.21813506143238e-31 3.92735196891952e-32
20.0000000000003 2.56685949501627e-31 8.27563602692007e-32
21.0000000000005 3.23105098593961e-31 1.04170661009109e-31
22.0000000000006 4.84593156915927e-31 1.56235987682811e-31
23.0000000000008 6.42623659593545e-30 2.0718358100141e-30
24.000000000001 8.84617353464464e-30 2.8521249670162e-30
25.0000000000011 1.12942073520412e-29 3.64127780495632e-30
26.0000000000013 1.28811208357893e-28 4.15296039278042e-29
27.0000000000014 2.44075072427597e-28 7.86907561349221e-29
28.0000000000016 3.08089719044382e-28 9.93293625053392e-29
29.0000000000017 4.83457061439763e-28 1.55869809791519e-28
30.0000000000019 6.29740200208042e-27 2.03029684978533e-27
31.000000000002 8.60025900400983e-27 2.77283894651456e-27
32.0000000000022 1.1078862452416e-26 3.57185420224829e-27
33.000000000002 1.28660466578265e-25 4.14809759560362e-26
34.0000000000018 2.38362838410397e-25 7.68493128209056e-26
35.0000000000016 2.99364913947394e-25 9.65162219609832e-26
36.0000000000014 4.70522295812738e-25 1.51699642400211e-25
37.0000000000012 6.19634673228498e-24 1.99771431195349e-24
38.000000000001 8.3661950126829e-24 2.69737196950413e-24
39.0000000000008 1.07778925604294e-23 3.47482496176825e-24
40.0000000000006 1.25092049763267e-22 4.03304638683913e-23
41.0000000000004 2.32466714613396e-22 7.49485927260095e-23
42.0000000000002 2.91373533555383e-22 9.39395849624806e-23
43 4.54026166163512e-22 1.46381245703404e-22
43.9999999999998 6.12216299424611e-21 1.97379561990354e-21
44.9999999999996 8.14953885805558e-21 2.62751570000759e-21
45.9999999999994 1.06526808824303e-20 3.4344607478055e-21
46.9999999999992 1.2977494469462e-19 4.18402228198223e-20
47.999999999999 2.27244147455401e-19 7.32650677713813e-20
48.9999999999988 2.87670479289067e-19 9.27454651253541e-20
49.9999999999986 4.57525497915441e-19 1.47509509847893e-19
50.9999999999984 5.99764792978569e-18 1.93364944163565e-18
51.9999999999982 8.33350343417888e-18 2.68681331645198e-18
52.999999999998 1.11547623104567e-17 3.59633459760478e-18
53.9999999999978 1.40175361601115e-16 4.51933446272702e-17
54.9999999999976 2.51721785993076e-16 8.11591158731233e-17
55.9999999999974 4.4824338179879e-16 1.4451275131526e-16
56.9999999999972 6.96237913515535e-16 2.24472179826731e-16
57.999999999997 7.36621654376599e-15 2.37464523703616e-15
58.9999999999968 5.42089197443654e-14 1.74735719594827e-14
