0 0 0
2.99999999999998 2.7472330605453e-19 8.0856946041744e-21
5.99999999999992 1.94644469383873e-19 2.13610014740384e-21
8.99999999999985 1.35667073281745e-19 7.82921398462756e-22
11.9999999999998 1.10821811724161e-19 3.96104399990293e-22
14.9999999999997 9.38240713427326e-20 2.28753086831707e-22
18 8.89975367040577e-20 1.57708457513511e-22
21.0000000000005 6.62316459122893e-20 8.91922102731312e-23
24.000000000001 7.23774740425148e-20 7.65407368557983e-23
27.0000000000014 6.67809255407626e-20 5.68619665842629e-23
30.0000000000019 6.77519660191975e-20 4.73680106454076e-23
33.000000000002 6.85733807224383e-20 3.99918359026282e-23
36.0000000000014 7.8217308385247e-20 3.85515232485871e-23
39.0000000000008 8.1324618887248e-20 3.42526985513904e-23
42.0000000000002 9.09181201677176e-20 3.30404911710894e-23
44.9999999999996 4.31861842517972e-19 1.36585127688495e-22
47.999999999999 4.33917119410291e-18 1.20376204332524e-21
50.9999999999984 2.89950633739728e-17 7.10731197622267e-21
53.9999999999978 9.29398147906433e-17 2.02683461895416e-20
56.9999999999972 1.13427031479348e-16 2.21515424138083e-20
59.9999999999966 5.06784124375918e-17 8.91823334822296e-21
62.999999999996 9.8058528192904e-17 1.56411610833628e-20
65.9999999999969 2.64278240795702e-16 3.84223998884508e-20
68.9999999999984 3.4189479153752e-16 4.55411735118508e-20
71.9999999999999 1.6304016025865e-16 1.99924240247896e-20
75.0000000000015 2.51465823742348e-16 2.85092737135938e-20
78.000000000003 2.26133489633465e-16 2.37947962962753e-20
81.0000000000045 1.81981457089766e-16 1.78328174991345e-20
84.0000000000061 1.36331604448703e-16 1.24774529308941e-20
87.0000000000076 1.40323941425652e-16 1.20244070522877e-20
90.0000000000091 2.15111481361084e-16 1.72936196656033e-20
93.0000000000107 2.09347988121533e-16 1.58166332744271e-20
96.0000000000122 1.47790952720156e-16 1.05080038011142e-20
99.0000000000137 2.08247190569746e-16 1.39503233364107e-20
102.000000000015 1.58450201862284e-16 1.00107944011162e-20
105.000000000017 1.39524260726811e-16 8.32139854574081e-21
108.000000000018 9.01383747018889e-17 5.07945833021377e-21
111.00000000002 1.06966442983701e-16 5.70059914821162e-21
114.000000000021 2.23916047883264e-16 1.12969295114947e-20
117.000000000023 2.58592172784407e-16 1.23644717602602e-20
120.000000000024 1.74410477807101e-16 7.91321474092047e-21
123.000000000026 8.70790809848078e-17 3.75406818807164e-21
126.000000000028 1.03944767608815e-16 4.26415890144136e-21
129.000000000028 1.59176469624104e-16 6.22331957239956e-21
132.000000000025 1.76664373041313e-16 6.59318113291179e-21
135.000000000022 1.50209595496563e-16 5.35968343238495e-21
138.000000000019 5.22893762234179e-17 1.78659552886036e-21
141.000000000017 5.8641914642967e-17 1.92146668225765e-21
144.000000000014 1.25750579065523e-16 3.95672219618795e-21
147.000000000011 2.34656637504231e-16 7.09877397030294e-21
150.000000000009 2.23612110093888e-16 6.51060297806962e-21
153.000000000006 1.24901502727978e-16 3.50301332146704e-21
156.000000000003 8.21297600545618e-17 2.22033843927871e-21
159 7.15592454019437e-17 1.86575378318443e-21
161.999999999998 1.24180641649966e-16 3.12375531899705e-21
164.999999999995 1.31657610072919e-16 3.19610114143026e-21
167.999999999992 1.03287882944677e-16 2.42024882762299e-21
170.999999999989 1.01223505592651e-16 2.28979700449841e-21
173.999999999987 9.74008532435859e-17 2.12741756176741e-21
176.999999999984 1.23240122994076e-16 2.59956925519327e-21
179.999999999981 1.50703058760288e-16 3.07074463467185e-21
182.999999999979 1.21726071766642e-16 2.3967808786808e-21
185.999999999976 1.07792779383302e-16 2.05187821542166e-21
188.999999999973 1.14829960118264e-16 2.11433302423403e-21
191.99999999997 8.68715129539838e-17 1.54822274782845e-21
194.999999999968 7.48246808427075e-17 1.29168540114348e-21
197.999999999965 9.06071600425018e-17 1.51626491040568e-21
200.999999999962 1.07298857957324e-16 1.74208113429974e-21
203.999999999959 1.26706895652642e-16 1.99754381267954e-21
206.999999999957 1.4105085764775e-16 2.16095319765605e-21
209.999999999954 1.23305357898342e-16 1.83718169531654e-21
212.999999999951 8.68694914535908e-17 1.25959345099456e-21
215.999999999949 7.27174153763515e-17 1.02670170155013e-21
218.999999999946 8.62289021485336e-17 1.18605183673673e-21
221.999999999943 1.15687108457569e-16 1.55072220579069e-21
224.99999999994 1.34953842021658e-16 1.76335139049833e-21
227.999999999938 1.45647430573848e-16 1.85534949161081e-21
230.999999999935 1.21868767580301e-16 1.51361604679411e-21
233.999999999932 8.15392289861749e-17 9.87410826469477e-22
236.999999999929 4.54165512767853e-17 5.36227118888238e-22
239.999999999927 2.36375519285007e-17 2.72104204383984e-22
242.999999999924 3.66500500605767e-17 4.11349374222661e-22
245.999999999921 8.57702859990121e-17 9.38647225206531e-22
248.999999999919 1.36461062457826e-16 1.4563222127609e-21
251.999999999916 1.45002135179598e-16 1.50936241427184e-21
254.999999999913 1.31714920875884e-16 1.33766476410998e-21
257.99999999991 1.12279325400696e-16 1.11291702637381e-21
260.999999999908 7.48470700511932e-17 7.24397570077221e-22
263.999999999905 3.68965355486109e-17 3.48851164390562e-22
266.999999999902 2.92379886544318e-17 2.70199217389065e-22
269.999999999899 5.93368690589748e-17 5.36265121804353e-22
272.999999999897 9.33683281167912e-17 8.25668499191731e-22
275.999999999894 1.04537817960626e-16 9.05003657580171e-22
278.999999999891 1.00819403698933e-16 8.54848714305225e-22
281.999999999889 8.96867746693467e-17 7.45092385804129e-22
284.999999999886 7.62802707181001e-17 6.21104980722508e-22
287.999999999883 6.7792654491991e-17 5.41134198086158e-22
290.99999999988 6.96131054400499e-17 5.44811121299192e-22
293.999999999878 8.59333532172372e-17 6.59447351171746e-22
296.999999999875 1.08394611810248e-16 8.15630526798743e-22
299.999999999872 1.18394558351039e-16 8.73513042670353e-22
302.999999999869 1.1101528040159e-16 8.03055790519645e-22
305.999999999867 9.73430342620113e-17 6.90342442321334e-22
308.999999999864 8.47210908698592e-17 5.89014907838937e-22
311.999999999861 7.23867324808288e-17 4.93357831757847e-22
314.999999999859 6.14594334255734e-17 4.10652744556978e-22
317.999999999856 5.86946250966679e-17 3.8451096181179e-22
320.999999999853 6.76975189504467e-17 4.34887758370329e-22
323.99999999985 7.92957702088489e-17 4.99628379550294e-22
326.999999999848 8.23647545158882e-17 5.09162264010507e-22
329.999999999845 7.66023291911533e-17 4.6475232584166e-22
332.999999999842 6.78186282352694e-17 4.03976609662691e-22
335.999999999839 6.04852960042571e-17 3.5387977356634e-22
338.999999999837 5.55918386376075e-17 3.19585386324563e-22
341.999999999834 5.29858075273802e-17 2.9941162771966e-22
344.999999999831 5.62414861626968e-17 3.12497865046893e-22
347.999999999829 6.86871232478557e-17 3.75381769715594e-22
350.999999999826 8.49144204644718e-17 4.5654896731401e-22
353.999999999823 9.43618823218395e-17 4.99209367348675e-22
356.99999999982 9.3152177831295e-17 4.84956712274655e-22
359.999999999818 8.7196923577406e-17 4.46737071893593e-22
362.999999999815 8.27711060492889e-17 4.17315807864017e-22
365.999999999812 7.85601949731562e-17 3.89763472805531e-22
368.999999999809 6.87939199822638e-17 3.35836572398439e-22
371.999999999807 5.2224820706283e-17 2.5084069053957e-22
374.999999999804 3.69102285036268e-17 1.74413016242735e-22
377.999999999801 3.34427950586487e-17 1.55462275037598e-22
380.999999999798 4.34301804858478e-17 1.98609713289187e-22
383.999999999796 5.85064801505713e-17 2.632186157724e-22
386.999999999793 7.05153129156769e-17 3.12133972666865e-22
389.99999999979 7.83994197049889e-17 3.41492362897856e-22
392.999999999788 8.53091660128089e-17 3.65731963761111e-22
395.999999999785 9.26557342429142e-17 3.91063069437572e-22
398.999999999782 9.734744471864e-17 4.04603255318643e-22
401.999999999779 9.41443100558848e-17 3.85443782540269e-22
404.999999999777 8.11805666011443e-17 3.27502897075904e-22
407.999999999774 6.31556559086034e-17 2.51131192135217e-22
410.999999999771 4.86331536837342e-17 1.90662072963358e-22
413.999999999768 4.38551447720149e-17 1.69549859722667e-22
416.999999999766 4.87470699003959e-17 1.85887944461695e-22
419.999999999763 5.83332318823883e-17 2.19433120240421e-22
422.99999999976 6.73624309664865e-17 2.49989092309486e-22
425.999999999758 7.36153082762666e-17 2.6952537179035e-22
428.999999999755 7.75060105873641e-17 2.79953790811346e-22
431.999999999752 7.89057642666955e-17 2.8116091072349e-22
434.999999999749 7.52746684065535e-17 2.64579442115451e-22
437.999999999747 6.46888484360961e-17 2.24264020952777e-22
440.999999999744 5.03421856305282e-17 1.72127194413582e-22
443.999999999741 3.92680530452055e-17 1.32408752426252e-22
446.999999999738 3.60289449897793e-17 1.19805012617412e-22
449.999999999736 3.95354357234068e-17 1.29646229043617e-22
452.999999999733 4.61775501122026e-17 1.49340667712026e-22
455.99999999973 5.40278572724829e-17 1.72339066333878e-22
458.999999999728 6.31127358860219e-17 1.98594379787188e-22
461.999999999725 7.31728772170152e-17 2.27178366174587e-22
464.999999999722 8.23861170395817e-17 2.52426312099666e-22
467.999999999719 8.75699012458416e-17 2.64853073247075e-22
470.999999999717 8.5254034378895e-17 2.54591446726076e-22
473.999999999714 7.4039353328372e-17 2.18361863489109e-22
476.999999999711 5.73494595480408e-17 1.67081059803114e-22
479.999999999708 4.29014606851895e-17 1.2349204213031e-22
482.999999999706 3.75083590531247e-17 1.06692095906687e-22
485.999999999703 4.19194482269615e-17 1.17843548440335e-22
488.9999999997 5.10507410653193e-17 1.41842602931631e-22
491.999999999698 5.88368317379902e-17 1.61575976790778e-22
494.999999999695 6.2319037914607e-17 1.69146075133372e-22
497.999999999692 6.19150512815863e-17 1.66083965764172e-22
500.999999999689 5.95325994778787e-17 1.57813279262365e-22
503.999999999687 5.68483545818311e-17 1.4891083481389e-22
506.999999999684 5.41758544031998e-17 1.40215919943504e-22
509.999999999681 5.02152313986033e-17 1.28404399378747e-22
512.999999999678 4.37461153021854e-17 1.10514051185245e-22
515.999999999676 3.64274492743957e-17 9.09150460308193e-23
518.999999999673 3.30937441507306e-17 8.16008331999661e-23
521.99999999967 3.80598133976825e-17 9.27231363916182e-23
524.999999999668 5.1118209733824e-17 1.23060583480254e-22
527.999999999665 6.74702356211359e-17 1.6052502537883e-22
530.999999999662 8.12646666253913e-17 1.91116362745437e-22
533.999999999659 8.89415387916937e-17 2.06801511115114e-22
536.999999999657 8.97475429681765e-17 2.06355513187733e-22
539.999999999654 8.44133080817115e-17 1.91972641839666e-22
542.999999999651 7.43894803383408e-17 1.6736294120421e-22
545.999999999648 6.18796570176918e-17 1.37749149717919e-22
548.999999999646 4.92942280142467e-17 1.08590059756425e-22
551.999999999643 3.82065042624113e-17 8.32966086196986e-23
554.99999999964 2.92330415983451e-17 6.30790620210277e-23
557.999999999638 2.30596178966784e-17 4.92483985280137e-23
560.999999999635 2.1113096023453e-17 4.46284985240631e-23
563.999999999632 2.46904280208564e-17 5.16520649876876e-23
566.999999999629 3.33811151758553e-17 6.91078866685677e-23
569.999999999627 4.46667814036212e-17 9.15046596511318e-23
572.999999999624 5.51853646427735e-17 1.11860876518976e-22
575.999999999621 6.2381822001779e-17 1.25105587578015e-22
578.999999999618 6.53329855379835e-17 1.29626274500962e-22
581.999999999616 6.46383426672268e-17 1.26876922506963e-22
584.999999999613 6.18285659265186e-17 1.20065565038118e-22
587.99999999961 5.85776700155025e-17 1.12543263118645e-22
590.999999999608 5.58369561287034e-17 1.06146267126619e-22
593.999999999605 5.33013718702183e-17 1.00269606844864e-22
596.999999999602 4.98437156602696e-17 9.28012846567356e-23
599.999999999599 4.4919546938689e-17 8.27875792234255e-23
602.999999999597 3.9833999326825e-17 7.26855746331554e-23
605.999999999594 3.74767620167067e-17 6.77172447732943e-23
608.999999999591 4.0312908929512e-17 7.21436778411339e-23
611.999999999588 4.81809183328384e-17 8.54105722073412e-23
614.999999999586 5.79663963456445e-17 1.01800240528473e-22
617.999999999583 6.55901027063738e-17 1.141263286265e-22
620.99999999958 6.85668624432758e-17 1.18211623247526e-22
623.999999999578 6.70802238588969e-17 1.14589885564976e-22
626.999999999575 6.31355927915226e-17 1.06862363163013e-22
629.999999999572 5.88883275012972e-17 9.87549666100985e-23
632.999999999569 5.54194560993201e-17 9.2075175010485e-23
635.999999999567 5.24794000771428e-17 8.63745592732013e-23
638.999999999564 4.90136936067255e-17 7.99091029957847e-23
641.999999999561 4.40413329306894e-17 7.11196460561242e-23
644.999999999558 3.74711400268154e-17 5.99310788957061e-23
647.999999999556 3.04654127752501e-17 4.82585971642339e-23
650.999999999553 2.50812992411016e-17 3.9348625490776e-23
653.99999999955 2.33067359010515e-17 3.62148647037447e-23
656.999999999548 2.60483506587858e-17 4.0090382521873e-23
659.999999999545 3.26826486545268e-17 4.98280877337645e-23
662.999999999542 4.13800231951496e-17 6.25027129156021e-23
665.999999999539 4.99352744773977e-17 7.47359631607804e-23
668.999999999537 5.66218878505908e-17 8.39824545143772e-23
671.999999999534 6.06634187240731e-17 8.918300900669e-23
674.999999999531 6.2178057027303e-17 9.06169274122608e-23
677.999999999528 6.17633194308656e-17 8.92439484200774e-23
680.999999999526 6.00488955025433e-17 8.60355581073701e-23
683.999999999523 5.74448138148438e-17 8.16177903995754e-23
686.99999999952 5.4110495802835e-17 7.62427905191092e-23
689.999999999518 5.00880802131533e-17 6.99910958344917e-23
692.999999999515 4.5539302056198e-17 6.31073967849206e-23
695.999999999512 4.09679847771252e-17 5.62997777313165e-23
698.999999999509 3.72640825738292e-17 5.0780209878938e-23
701.999999999507 3.54787109923763e-17 4.79382514501978e-23
704.999999999504 3.63873000643987e-17 4.87462422804761e-23
707.999999999501 4.00275904052778e-17 5.31614238814423e-23
710.999999999498 4.54657306031932e-17 5.9860727359257e-23
713.999999999496 5.09924120221987e-17 6.65530451123248e-23
716.999999999493 5.47407204994987e-17 7.08227624668241e-23
719.99999999949 5.54428097319958e-17 7.11075925298155e-23
722.999999999487 5.29183228200152e-17 6.72832636350068e-23
725.999999999485 4.80382868391787e-17 6.05554663796936e-23
728.999999999482 4.22239607665927e-17 5.27758735076487e-23
731.999999999479 3.67914462787428e-17 4.56024602908278e-23
734.999999999477 3.24982383730338e-17 3.99508371205461e-23
737.999999999474 2.94926681605581e-17 3.59638529186451e-23
740.999999999471 2.76126864691423e-17 3.34046033181555e-23
743.999999999468 2.67819830372148e-17 3.21469478386197e-23
746.999999999466 2.72347720409107e-17 3.24388381132796e-23
749.999999999463 2.94513351517698e-17 3.48116948569059e-23
752.99999999946 3.38704974846428e-17 3.97321366192127e-23
755.999999999457 4.05447646778557e-17 4.72023638937118e-23
758.999999999455 4.88993935542582e-17 5.64985065162122e-23
761.999999999452 5.76998610791585e-17 6.61603305505131e-23
764.999999999449 6.52682884647312e-17 7.42661181596477e-23
767.999999999447 6.99138166050687e-17 7.89382779881828e-23
770.999999999444 7.04454819583865e-17 7.89191182707477e-23
773.999999999441 6.65678718160431e-17 7.3989116133879e-23
776.999999999438 5.89909885873589e-17 6.50485081105769e-23
779.999999999436 4.92146744422622e-17 5.38365204136725e-23
782.999999999433 3.90882514101958e-17 4.24181448953799e-23
785.99999999943 3.03140817204424e-17 3.26345011992627e-23
788.999999999427 2.40495954434825e-17 2.56852533258983e-23
791.999999999425 2.07116874114983e-17 2.19464047773386e-23
794.999999999422 2.00331354173426e-17 2.10623850979817e-23
797.999999999419 2.13503308314126e-17 2.22751819530094e-23
800.999999999417 2.40033422477011e-17 2.48541709676066e-23
803.999999999414 2.76517770368713e-17 2.84195183654407e-23
806.999999999411 3.23334243791426e-17 3.29887253034282e-23
809.999999999408 3.82315401942246e-17 3.87262457889599e-23
812.999999999406 4.52847568943678e-17 4.55457240950653e-23
815.999999999403 5.28640925975883e-17 5.27959679587468e-23
818.9999999994 5.97133239271886e-17 5.92211370660746e-23
821.999999999397 6.4227673325029e-17 6.32560898099746e-23
824.999999999395 6.49852124594079e-17 6.35574993624404e-23
827.999999999392 6.1313935771443e-17 5.95484587512141e-23
830.999999999389 5.36420518773652e-17 5.17314067103961e-23
833.999999999387 4.34641148631171e-17 4.16188454113949e-23
836.999999999384 3.29214037004761e-17 3.12980889503401e-23
839.999999999381 2.41620807304609e-17 2.28047167476573e-23
842.999999999378 1.87373114398578e-17 1.75558909728637e-23
845.999999999376 1.72593646252815e-17 1.60526482440012e-23
848.999999999373 1.94107703558171e-17 1.79209476046337e-23
851.99999999937 2.42295136940036e-17 2.22054623472977e-23
854.999999999367 3.05030644917979e-17 2.77502853937811e-23
857.999999999365 3.71190408744958e-17 3.35237562392971e-23
860.999999999362 4.32902070715876e-17 3.88159950407514e-23
863.999999999359 4.86290053244375e-17 4.32935302375575e-23
866.999999999357 5.30778292318588e-17 4.69239398293392e-23
869.999999999354 5.67293422137673e-17 4.98072643791566e-23
872.999999999351 5.96079206005644e-17 5.19806940142602e-23
875.999999999348 6.15116490049501e-17 5.32837358496374e-23
878.999999999346 6.20029045000895e-17 5.33566114871375e-23
881.999999999343 6.05684392370055e-17 5.17836420932974e-23
884.99999999934 5.68763876135257e-17 4.83135649459857e-23
887.999999999337 5.10009307383965e-17 4.30443251208008e-23
890.999999999335 4.35043014270086e-17 3.64812448965929e-23
893.999999999332 3.53408800137436e-17 2.94444473737404e-23
896.999999999329 2.76284173675856e-17 2.28692197629149e-23
