0    0.999999999999998    -0.618829172863144    1.00000000007689    0.382949557131378    8.76898836289358e-06    0.000109292702896963
0.1    0.939314626315155    -0.595794128047034    0.882311967274342    0.354970652348575    8.04758590486498e-06    9.66087418766126e-05
0.2    0.880697007836617    -0.577209885046486    0.775627219667605    0.333171258878125    7.43205031145114e-06    8.65028732968813e-05
0.3    0.823771182541713    -0.561769759762346    0.678598961237454    0.3155852685467    7.16112816663326e-06    7.45872413864076e-05
0.4    0.76827209020985    -0.548537591983351    0.590242004639026    0.30089349469646    6.60403930678489e-06    6.98395797948795e-05
0.5    0.714014948536507    -0.536828025654721    0.509817346775759    0.288184332754248    6.49373559237017e-06    6.02154610172395e-05
0.6    0.660874339777921    -0.526128589467763    0.436754893014728    0.276811295708257    6.15017335651316e-06    5.52532269121091e-05
0.7    0.608769691035153    -0.516047749751699    0.370600536755571    0.266305282719259    5.7040362399104e-06    5.19178797631402e-05
0.8    0.557655057927874    -0.506279589501366    0.310979163663629    0.256319024799409    5.57572301860114e-06    4.5318180826083e-05
0.900000000000001    0.507511856778366    -0.496579415165013    0.257568284798105    0.24659111741603    5.24214929997414e-06    4.30163205093304e-05
