0    0.191474778565689    6.10987824839301e-09    3.05627228131458e-08    1.20447211643472e-09    0.495464813640446    3.24688701376366e-08    0.686939662552078
0.1    0.177485326174287    4.67042203751012e-09    2.43229891056874e-08    9.04988367546811e-10    0.43762224698574    2.42966874365064e-08    0.615107627355114
0.2    0.166585629439062    3.53670610723661e-09    1.84117243097142e-08    7.43371446545677e-10    0.385080519523677    1.95260469662329e-08    0.551666191180589
0.3    0.15779263427335    2.99351539524031e-09    1.4546183123864e-08    5.89030372111439e-10    0.337205849601346    1.52456778014334e-08    0.494998517249103
0.4    0.15044674734823    2.18982762531204e-09    1.19333955359957e-08    4.50213118438511e-10    0.293535996325775    1.16071625102865e-08    0.443982769854603
0.5    0.144092166377124    1.93325222439036e-09    9.47150643110653e-09    3.73885861278562e-10    0.253725440282007    9.24544447675547e-09    0.397817627683219
0.6    0.138405647854129    1.56246211698211e-09    7.08287430656324e-09    3.50444791806885e-10    0.217508561237744    7.84469830850276e-09    0.355914225932352
0.7    0.133152641359629    1.20687277964545e-09    6.23018501912855e-09    2.60680718564362e-10    0.184674344373354    5.72960120358528e-09    0.317826999160323
0.8    0.128159512399704    1.11350304697897e-09    4.69748638126039e-09    2.50176924273537e-10    0.155048648591421    4.89034122390795e-09    0.283208171942633
0.900000000000001    0.123295558708015    8.91986823459122e-10    3.72926002439882e-09    2.30110686625623e-10    0.128481538218462    3.96680537105415e-09    0.25177710574464
