0    0    0.4462449195088    0.4462449195088
0.1    -2.12961022827307e-06    0.455039192269186    0.45504113038555
0.2    -3.80153628938289e-06    0.461539394371162    0.461542903502016
0.3    -5.07372524660215e-06    0.465316618247333    0.465321340048637
0.4    -5.9879514199162e-06    0.466069101001876    0.466074682633568
0.5    -6.57444686721591e-06    0.463617667706951    0.463623763806476
0.6    -6.85490098911292e-06    0.457902789874876    0.457909067674484
0.7    -6.8446626745853e-06    0.448980539238283    0.448986685521029
0.8    -6.55485368733487e-06    0.437015910311831    0.437021639500088
0.900000000000001    -5.99319626732205e-06    0.422272780477589    0.422277842035227
