0    -3.37153647797786e-22    4.96308367531817e-23    1.29875475987081e-11    6.11254456262916e-08    3.60382402438134e-06    0.000247235607521028
0.1    -7.22392224363158e-12    -1.98445015526583e-10    1.10150098901829e-11    4.86459782113748e-08    3.31888684503264e-06    0.000220558332899339
0.2    -3.9238100402782e-12    1.47218656526505e-10    1.00698132524721e-11    3.68234486194284e-08    3.17329690581526e-06    0.000191894368388983
0.3    4.4053470130048e-12    1.090745472201e-10    8.98656262206558e-12    2.90923662477279e-08    2.99775960044267e-06    0.00017056484470053
0.4    6.13269292571585e-12    1.28953475310646e-10    7.86603139491676e-12    2.38667910719913e-08    2.80464461115471e-06    0.000154488805652626
0.5    1.0926757424086e-12    3.82968764087366e-11    7.25392981997264e-12    1.89430128622131e-08    2.69331205395354e-06    0.000137633618212309
0.6    4.13472409677593e-12    -1.22688767602551e-10    7.18453773976241e-12    1.41657486131265e-08    2.68039880236977e-06    0.00011901995048357
0.7    6.10552587933703e-12    2.36516108313444e-10    6.18413046972463e-12    1.24603700382571e-08    2.4867911994551e-06    0.000111626027601994
0.8    -4.13703735799113e-12    2.6377995639771e-10    6.29024909332225e-12    9.39497276252078e-09    2.50803690030772e-06    9.69276676829233e-05
0.900000000000001    -5.38610206493516e-12    -1.99301712177216e-10    6.1603943603794e-12    7.45852004879763e-09    2.4820141740833e-06    8.63627237224366e-05
