0.75 8.227987056990644e-15 4.503613135766614e-15 18
1.5 8.336574016411514e-14 1.447713981555584e-13 62
2.25 9.744314864212657e-14 5.264965263507996e-13 98
3 2.27053376431596e-13 2.090145245742747e-12 210
3.75 3.450594787911036e-13 4.888128129996679e-12 350
4.5 5.331478471730152e-13 9.070981548647676e-12 450
5.25 6.968166238967522e-13 1.679302447855483e-11 602
6 8.052452038430366e-13 3.186974530769532e-11 762
6.75 1.376587945624577e-12 5.939310992813914e-11 1142
7.5 1.381774979790275e-12 7.639236497458611e-11 1250
8.25 1.601507525657096e-12 1.086965485885848e-10 1458
9 1.951340530882116e-12 1.579227019093363e-10 1814
9.75 2.562913367352852e-12 2.144328038399082e-10 2178
10.5 2.900153290858955e-12 3.088659945501278e-10 2498
11.25 2.9853258148381e-12 3.72432170881805e-10 2622
12 3.642242871706229e-12 5.300909140866704e-10 3338
12.75 4.307070305823443e-12 6.71316823943286e-10 3722
13.5 4.636718066718754e-12 8.310793035778585e-10 4170
14.25 4.937607552142289e-12 9.698181352963208e-10 4358
15 5.817752103735392e-12 1.259779135346176e-09 5034
15.75 6.539820468964896e-12 1.507741601246593e-09 5714
16.5 6.662224759219855e-12 1.73843217884574e-09 5982
17.25 7.495474511611648e-12 2.187379311770174e-09 6602
18 8.10337739210219e-12 2.630481486028461e-09 7130
18.75 9.272519872860616e-12 3.081863387068585e-09 8034
19.5 9.693035811553308e-12 3.68763493990752e-09 8606
20.25 1.012585454117622e-11 4.181675515319039e-09 9066
21 1.151668982963542e-11 4.945757924037451e-09 9962
21.75 1.198362108037445e-11 5.557370891695747e-09 10550
22.5 1.291889116609768e-11 6.404090409289902e-09 11226
23.25 1.383193874369462e-11 7.315428466978686e-09 12146
24 1.357462301563763e-11 7.923758056938843e-09 12303
24.75 1.416048518212099e-11 8.37884995751896e-09 12584
25.5 1.355823653245057e-11 8.648853956122755e-09 12120
26.25 1.292337487888396e-11 8.49160368559491e-09 11180
27 1.251753153984933e-11 8.786159468701401e-09 11096
27.75 1.095058336434178e-11 8.481130142467641e-09 10056
28.5 1.105886809222223e-11 8.62363607463644e-09 9716
29.25 9.923548561772e-12 7.998218587574885e-09 8604
30 9.08579701901733e-12 8.110787119617039e-09 8060
30.75 8.209310106775518e-12 7.52864122958519e-09 7320
31.5 7.20492827541213e-12 6.77937546411679e-09 6356
32.25 6.036194059755674e-12 5.986234430119899e-09 5348
33 4.915076710210353e-12 4.89413857697172e-09 4308
33.75 4.025455739274589e-12 4.128834498124913e-09 3563
34.5 2.770405299939834e-12 3.123255100148888e-09 2448
35.25 2.040718671401389e-12 2.430703520077843e-09 1868
36 1.646264976579301e-12 1.77438229997195e-09 1358
36.75 1.243994730761073e-12 1.4700469372673e-09 1062
37.5 9.226180770958033e-13 1.069277624692033e-09 776
38.25 4.917760371473575e-13 6.25551030108318e-10 432
39 2.34302280468129e-13 2.913629331143706e-10 200
39.75 1.901443819610735e-13 2.440455823180846e-10 168
40.5 5.596031021669188e-14 7.87328637878365e-11 56
41.25 1.104648037195867e-14 2.669449540277941e-13 7


0.75 5.288009103050194e-15 6.022395692229519e-15 18
1.5 6.574325539046265e-14 1.877875801126837e-13 62
2.25 1.018794596548253e-13 5.08855755765015e-13 98
3 2.355278661744519e-13 1.964984988988102e-12 210
3.75 3.205027341990312e-13 5.242405538716349e-12 350
4.5 4.874574877864483e-13 1.001465775576785e-11 450
5.25 7.05556514837583e-13 1.648559537038642e-11 602
6 8.651431625535795e-13 2.966902238321716e-11 762
6.75 1.40534538190499e-12 5.820644620330797e-11 1142
7.5 1.412788998065359e-12 7.432608619060473e-11 1250
8.25 1.666872979964618e-12 1.042741871906245e-10 1458
9 1.947236533011025e-12 1.581809963912329e-10 1814
9.75 2.427212135107451e-12 2.261115595026456e-10 2178
10.5 2.909289723295019e-12 3.072444082597749e-10 2498
11.25 3.243985605205093e-12 3.421243645859069e-10 2622
12 3.999886903907663e-12 4.847385342748957e-10 3338
12.75 4.577977607851922e-12 6.3342184920341e-10 3722
13.5 5.054866966173807e-12 7.64888156391354e-10 4170
14.25 5.397055028747875e-12 8.906802382277269e-10 4358
15 6.374112761892136e-12 1.156521273480394e-09 5034
15.75 6.986349106125667e-12 1.415896721524484e-09 5714
16.5 7.612931644399914e-12 1.534861184623898e-09 5982
17.25 8.392127887591782e-12 1.980098917781619e-09 6602
18 9.231881193637405e-12 2.361008301523798e-09 7130
18.75 1.06183827290279e-11 2.740107155752601e-09 8034
19.5 1.177357275109406e-11 3.129016360519024e-09 8606
20.25 1.235692189476121e-11 3.551573738480101e-09 9066
21 1.434184379820287e-11 4.115514683533713e-09 9962
21.75 1.525669877568704e-11 4.561405917040556e-09 10550
22.5 1.667635734021373e-11 5.208012159503901e-09 11226
23.25 1.749103890071356e-11 6.154967489074024e-09 12146
24 1.836678605837434e-11 6.292998876853456e-09 12303
24.75 1.876279601431243e-11 6.682809484581034e-09 12584
25.5 1.768725662626454e-11 7.071864903496372e-09 12120
26.25 1.698883215097455e-11 6.819941567030705e-09 11180
27 1.668270612557856e-11 6.99614041344742e-09 11096
27.75 1.502096716402601e-11 6.654023968410489e-09 10056
28.5 1.455849466780704e-11 6.986212220541647e-09 9716
29.25 1.334544343949063e-11 6.328458383784173e-09 8604
30 1.25553009622162e-11 6.380755238550331e-09 8060
30.75 1.12434776791315e-11 5.956551985547179e-09 7320
31.5 9.937745252305886e-12 5.331812758666323e-09 6356
32.25 8.566611028198931e-12 4.593930985914217e-09 5348
33 6.856851810182007e-12 3.776616230641633e-09 4308
33.75 5.336982771016786e-12 3.336084371315146e-09 3563
34.5 3.870942385616815e-12 2.439550018022856e-09 2448
35.25 2.933736326165487e-12 1.860543675070315e-09 1868
36 2.137794748782115e-12 1.45295291407843e-09 1358
36.75 1.73922597030869e-12 1.138202207135659e-09 1062
37.5 1.141038059183544e-12 9.21200688035953e-10 776
38.25 7.949072666892769e-13 4.168542790313632e-10 432
39 3.520009561345455e-13 2.095580086133075e-10 200
39.75 2.116829491862091e-13 2.288127402515021e-10 168
40.5 6.624331329036813e-14 7.146081620546725e-11 56
41.25 8.023996090097712e-15 2.375575898071333e-12 7


0.75 5.320430200434433e-15 6.751627459732758e-15 18
1.5 5.401487897114907e-14 2.118319967316298e-13 62
2.25 8.995652955422675e-14 5.754582981379745e-13 98
3 2.058232520497232e-13 2.291253197508491e-12 210
3.75 3.29468967530801e-13 5.106648866771002e-12 350
4.5 4.886057333430791e-13 9.931328233844747e-12 450
5.25 6.380321649910335e-13 1.827118518279946e-11 602
6 7.861514006953745e-13 3.227298775277236e-11 762
6.75 1.395776849405643e-12 5.832675174224226e-11 1142
7.5 1.376614660777246e-12 7.643816691940822e-11 1250
8.25 1.627295637778146e-12 1.067034132231764e-10 1458
9 1.888927034186376e-12 1.619525446232468e-10 1814
9.75 2.510295774095688e-12 2.187318905983906e-10 2178
10.5 2.839061410331661e-12 3.144260492394736e-10 2498
11.25 3.167113856381912e-12 3.504553536767313e-10 2622
12 3.983424175955907e-12 4.858431377985548e-10 3338
12.75 4.550587242166754e-12 6.356381005995435e-10 3722
13.5 4.824514670253119e-12 8.00558802819021e-10 4170
14.25 5.433928819332734e-12 8.829989096834228e-10 4358
15 6.333228309929697e-12 1.16124243671091e-09 5034
15.75 7.037212749199435e-12 1.408835715159582e-09 5714
16.5 7.25956618985135e-12 1.60755405196166e-09 5982
17.25 8.399572485140767e-12 1.978364224987715e-09 6602
18 9.617804932833754e-12 2.257808358927442e-09 7130
18.75 1.06526763771809e-11 2.725869791673568e-09 8034
19.5 1.170037680517111e-11 3.141238485028075e-09 8606
20.25 1.245720497823709e-11 3.528827683796672e-09 9066
21 1.398137972529349e-11 4.232251048292443e-09 9962
21.75 1.502518915834136e-11 4.638815072096347e-09 10550
22.5 1.636698210900124e-11 5.307427946702908e-09 11226
23.25 1.791988271157941e-11 5.982721030488001e-09 12146
24 1.807078494501679e-11 6.370207754621596e-09 12303
24.75 1.832291978042633e-11 6.854407818080668e-09 12584
25.5 1.803539832245156e-11 6.910699480356342e-09 12120
26.25 1.693831924963191e-11 6.851714755806221e-09 11180
27 1.641461778767477e-11 7.091249243999288e-09 11096
27.75 1.48618958913404e-11 6.705796488418597e-09 10056
28.5 1.454205845386855e-11 6.985815833930652e-09 9716
29.25 1.301667283444304e-11 6.490404090943557e-09 8604
30 1.267062296691471e-11 6.319133690016229e-09 8060
30.75 1.155444398519106e-11 5.793133631383141e-09 7320
31.5 1.007103496038364e-11 5.246693255259421e-09 6356
32.25 8.39823315958684e-12 4.68619113367952e-09 5348
33 6.648507496350535e-12 3.903180645307158e-09 4308
33.75 5.729558824382302e-12 3.106715769856314e-09 3563
34.5 3.927026565518683e-12 2.396817085397851e-09 2448
35.25 2.895626354443633e-12 1.883426464781209e-09 1868
36 2.209804059238914e-12 1.402503758864252e-09 1358
36.75 1.629091788617174e-12 1.209879417540692e-09 1062
37.5 1.217692528243567e-12 8.668119503758028e-10 776
38.25 6.904841296623899e-13 4.879867853808165e-10 432
39 3.714677647698118e-13 1.960879888085735e-10 200
39.75 2.688185263090049e-13 1.888713187022166e-10 168
40.5 8.812052332515739e-14 5.608878373047807e-11 56
41.25 1.648871668792408e-15 6.829887062707008e-12 7


0.75 8.057573148535818e-15 4.267024945853362e-15 18
1.5 6.456655817705123e-14 1.785634270425588e-13 62
2.25 8.552846848063544e-14 5.948822415820482e-13 98
3 2.125647540101248e-13 2.195895964052726e-12 210
3.75 3.301219909623491e-13 5.064806358934949e-12 350
4.5 4.982781720582407e-13 9.792220307336541e-12 450
5.25 6.127338756245331e-13 1.898610606765297e-11 602
6 8.756851689403829e-13 2.909112528186587e-11 762
6.75 1.451904273475929e-12 5.558753449201419e-11 1142
7.5 1.41524200428587e-12 7.412507465338463e-11 1250
8.25 1.626296519832422e-12 1.064429746163094e-10 1458
9 1.961235536865495e-12 1.56721428858838e-10 1814
9.75 2.535165467819969e-12 2.159143560066703e-10 2178
10.5 2.925814142615142e-12 3.04565785448634e-10 2498
11.25 3.171095629937115e-12 3.489663955356176e-10 2622
12 3.911525364274597e-12 4.933810370655062e-10 3338
12.75 4.577072884152193e-12 6.30991779000378e-10 3722
13.5 5.006766993317089e-12 7.703846216577966e-10 4170
14.25 5.229084627867986e-12 9.174289360703912e-10 4358
15 6.389867366381662e-12 1.151068700719166e-09 5034
15.75 7.100219909906072e-12 1.394275614644304e-09 5714
16.5 7.327302320141853e-12 1.589092238019862e-09 5982
17.25 8.540380727540194e-12 1.942637950571205e-09 6602
18 9.429615907074156e-12 2.303671343745497e-09 7130
18.75 1.038991167231451e-11 2.788594671064004e-09 8034
19.5 1.149219380930443e-11 3.204818883567874e-09 8606
20.25 1.222738458306225e-11 3.581575339605494e-09 9066
21 1.413857817301584e-11 4.174250979881273e-09 9962
21.75 1.468803032272143e-11 4.719687638039074e-09 10550
22.5 1.618046851882368e-11 5.371279952816381e-09 11226
23.25 1.740626245840313e-11 6.132704945349455e-09 12146
24 1.811494500420594e-11 6.341372181158621e-09 12303
24.75 1.849338032101839e-11 6.786274541041135e-09 12584
25.5 1.759779803287922e-11 7.056284494469532e-09 12120
26.25 1.724286679904579e-11 6.696550885725419e-09 11180
27 1.637527924479738e-11 7.109877282978254e-09 11096
27.75 1.472982439535556e-11 6.757111263773601e-09 10056
28.5 1.503496376185192e-11 6.754108022935426e-09 9716
29.25 1.320215434722968e-11 6.375545589942324e-09 8604
30 1.30982189770944e-11 6.097176906378965e-09 8060
30.75 1.133408209913436e-11 5.890098657534012e-09 7320
31.5 1.002752401676286e-11 5.270830960551182e-09 6356
32.25 8.572738938884052e-12 4.57795613518276e-09 5348
33 6.618701985869264e-12 3.913890793011721e-09 4308
33.75 5.632500075408361e-12 3.151354666870926e-09 3563
34.5 3.927748875095625e-12 2.394647282200241e-09 2448
35.25 3.080790799045136e-12 1.766145934432522e-09 1868
36 2.163193853040154e-12 1.431879569535403e-09 1358
36.75 1.739522007961842e-12 1.134220445297273e-09 1062
37.5 1.289100610757674e-12 8.184057152250876e-10 776
38.25 5.949897295784795e-13 5.522994823019659e-10 432
39 2.912411507493379e-13 2.509152031385426e-10 200
39.75 3.131544009954083e-13 1.57785710599844e-10 168
40.5 1.067952995154774e-13 4.295442000402946e-11 56
41.25 1.279691920821919e-15 7.081831266799548e-12 7


0.75 4.039491829193858e-15 7.090236422930263e-15 18
1.5 6.141236699784963e-14 1.899095913837184e-13 62
2.25 8.599921768633028e-14 5.876155831834229e-13 98
3 2.271454569921157e-13 2.049381486988985e-12 210
3.75 3.137660896439795e-13 5.256470956359534e-12 350
4.5 4.79351302394286e-13 1.016244657128381e-11 450
5.25 6.482661465391524e-13 1.796541077011883e-11 602
6 7.72530571456468e-13 3.278376327515341e-11 762
6.75 1.335329138944356e-12 6.061904369805351e-11 1142
7.5 1.394742047602484e-12 7.507841423445503e-11 1250
8.25 1.620515917987038e-12 1.067079867143161e-10 1458
9 2.012780517367353e-12 1.521622230012023e-10 1814
9.75 2.451948921953719e-12 2.230302981068637e-10 2178
10.5 3.002915353752589e-12 2.968753123838498e-10 2498
11.25 3.130622234196868e-12 3.53731902756161e-10 2622
12 3.882896424424409e-12 4.972733823231977e-10 3338
12.75 4.503103179772039e-12 6.388712321838145e-10 3722
13.5 5.029771518165204e-12 7.661119360990162e-10 4170
14.25 5.209606115523737e-12 9.176323921786914e-10 4358
15 6.380812028072195e-12 1.148826493433579e-09 5034
15.75 7.122199902729894e-12 1.388516617922624e-09 5714
16.5 7.314100088929954e-12 1.590242570906376e-09 5982
17.25 8.348881876902477e-12 1.979757896349077e-09 6602
18 9.412392130672314e-12 2.296653311059965e-09 7130
18.75 1.058823872521116e-11 2.734556397519445e-09 8034
19.5 1.15901909351263e-11 3.167398494387103e-09 8606
20.25 1.23030130268158e-11 3.543179784289387e-09 9066
21 1.373331991723693e-11 4.280530954379624e-09 9962
21.75 1.502050722440975e-11 4.618254584983358e-09 10550
22.5 1.643014238060101e-11 5.289136283922936e-09 11226
23.25 1.786439432631942e-11 5.981113836862571e-09 12146
24 1.816220128530318e-11 6.343258559203895e-09 12303
24.75 1.839527812302691e-11 6.823091223583982e-09 12584
25.5 1.813817142711537e-11 6.858265839948474e-09 12120
26.25 1.661859537598395e-11 6.943396788884977e-09 11180
27 1.625724882548342e-11 7.138647538700846e-09 11096
27.75 1.494637149554536e-11 6.655638167619643e-09 10056
28.5 1.481245327444774e-11 6.825851076824275e-09 9716
29.25 1.321642811124288e-11 6.354226439454917e-09 8604
30 1.279431188346226e-11 6.232740841143026e-09 8060
30.75 1.115868408886914e-11 5.988427914400733e-09 7320
31.5 9.41225242718789e-12 5.587651220947556e-09 6356
32.25 8.32219973747483e-12 4.712206840041723e-09 5348
33 6.99732128495605e-12 3.678982821892797e-09 4308
33.75 5.365121543967153e-12 3.298267536958944e-09 3563
34.5 3.798928866064631e-12 2.469534007656743e-09 2448
35.25 2.855166707175881e-12 1.902339865795498e-09 1868
36 1.998142935045642e-12 1.535871909459269e-09 1358
36.75 1.687525186511301e-12 1.168959327569851e-09 1062
37.5 1.172319392445153e-12 8.956098321647053e-10 776
38.25 7.433874646063431e-13 4.503078518638325e-10 432
39 3.317768767086934e-13 2.224954720351641e-10 200
39.75 3.342450198868209e-13 1.428398858006456e-10 168
40.5 1.104499836644784e-13 4.031326531966751e-11 56
41.25 7.333452146164434e-15 2.839933281041998e-12 7


0.75 7.258138394491469e-15 5.404118816647275e-15 18
1.5 6.286358706508288e-14 1.905457142829865e-13 62
2.25 9.457116628437257e-14 5.367222072388393e-13 98
3 2.243776287144503e-13 2.101233703140627e-12 210
3.75 3.325321733483045e-13 4.986769757734249e-12 350
4.5 5.013089041696969e-13 9.686093214588596e-12 450
5.25 6.814799577464551e-13 1.6954666398814e-11 602
6 8.729590099386309e-13 2.930389529254192e-11 762
6.75 1.309294498955764e-12 6.162353616726449e-11 1142
7.5 1.371844642958604e-12 7.639530701115719e-11 1250
8.25 1.620573132362586e-12 1.066747343060006e-10 1458
9 1.981414535513085e-12 1.546309445164383e-10 1814
9.75 2.446761796342919e-12 2.232742362939838e-10 2178
10.5 2.944709082939432e-12 3.015662358783966e-10 2498
11.25 3.078343102005256e-12 3.589313059150939e-10 2622
12 3.889601353504784e-12 4.949651939202471e-10 3338
12.75 4.505490343201987e-12 6.38988616890126e-10 3722
13.5 4.866420860855569e-12 7.893847447071564e-10 4170
14.25 5.200484634503997e-12 9.185611108921563e-10 4358
15 6.293225896073916e-12 1.164325908945032e-09 5034
15.75 6.989734429664433e-12 1.409283878998528e-09 5714
16.5 7.300898502204212e-12 1.588245729604149e-09 5982
17.25 8.512439805702164e-12 1.944312725537789e-09 6602
18 9.164631699485433e-12 2.360853245195767e-09 7130
18.75 1.04968440992447e-11 2.755755395986065e-09 8034
19.5 1.151988854683818e-11 3.175222805954977e-09 8606
20.25 1.237125278613711e-11 3.531944197057722e-09 9066
21 1.415753148254351e-11 4.153651398733792e-09 9962
21.75 1.488017750164843e-11 4.658694134723937e-09 10550
22.5 1.602007223632488e-11 5.40717661518317e-09 11226
23.25 1.790710193997602e-11 5.962038742491394e-09 12146
24 1.800972198070736e-11 6.368411707315188e-09 12303
24.75 1.830488662776714e-11 6.837203182417689e-09 12584
25.5 1.75787929401492e-11 7.038918750831261e-09 12120
26.25 1.67052503980462e-11 6.902736335730932e-09 11180
27 1.638723756721472e-11 7.088600156507227e-09 11096
27.75 1.486938258642423e-11 6.682120060767547e-09 10056
28.5 1.478945928801159e-11 6.831493364848492e-09 9716
29.25 1.330477784809813e-11 6.31403668298313e-09 8604
30 1.244835335009029e-11 6.399041769983305e-09 8060
30.75 1.159514373270401e-11 5.740288735581985e-09 7320
31.5 9.73951486048933e-12 5.397756323209992e-09 6356
32.25 8.443965375855041e-12 4.62587122230714e-09 5348
33 6.737352484490828e-12 3.845556101789589e-09 4308
33.75 5.248882773890334e-12 3.36875387860526e-09 3563
34.5 3.91747493464908e-12 2.39958850585801e-09 2448
35.25 3.146447447335438e-12 1.712435800728168e-09 1868
36 2.20726668622655e-12 1.398535310309919e-09 1358
36.75 1.631894873151285e-12 1.202406213790901e-09 1062
37.5 1.356335747851433e-12 7.706707969092748e-10 776
38.25 6.308842471447731e-13 5.267376688821612e-10 432
39 2.944179645106907e-13 2.482220072995964e-10 200
39.75 3.214781464308329e-13 1.514283002116918e-10 168
40.5 9.892254881374587e-14 4.827685688945224e-11 56
41.25 1.088555775569798e-14 3.486439639115576e-13 7


0.75 6.369213693004849e-15 5.141814496836844e-15 18
1.5 7.571639047766913e-14 1.590213453888931e-13 62
2.25 1.048722114586166e-13 4.764559190392196e-13 98
3 2.3667397170228e-13 1.933685702115609e-12 210
3.75 3.18228511025454e-13 5.203306986046023e-12 350
4.5 4.710890006671301e-13 1.024681279337448e-11 450
5.25 6.236595461927049e-13 1.854530020889864e-11 602
6 8.475434103081197e-13 3.006962931248563e-11 762
6.75 1.346957794154149e-12 5.987391823110728e-11 1142
7.5 1.393337803678573e-12 7.502408792417068e-11 1250
8.25 1.675860048076492e-12 1.029149669296557e-10 1458
9 1.993093798262897e-12 1.531883526774633e-10 1814
9.75 2.410134446910048e-12 2.25931596244011e-10 2178
10.5 2.884088747077347e-12 3.07501855475708e-10 2498
11.25 3.13558034991421e-12 3.514520544323485e-10 2622
12 3.946166198996557e-12 4.878816723194281e-10 3338
12.75 4.405416308884159e-12 6.525860039752184e-10 3722
13.5 4.974402834741433e-12 7.724175611047139e-10 4170
14.25 5.290749820459846e-12 9.029044150217906e-10 4358
15 6.292667400189126e-12 1.163044316035578e-09 5034
15.75 7.046367311712284e-12 1.396442453786972e-09 5714
16.5 7.335465103023452e-12 1.584861301668896e-09 5982
17.25 8.453132722125721e-12 1.953951957024401e-09 6602
18 9.294797015056385e-12 2.326346796683215e-09 7130
18.75 1.027773659186048e-11 2.804639251860429e-09 8034
19.5 1.148276579384499e-11 3.180751751528458e-09 8606
20.25 1.215943066385135e-11 3.57915591373607e-09 9066
21 1.373841674821622e-11 4.262275448947751e-09 9962
21.75 1.499626277176951e-11 4.614573366672102e-09 10550
22.5 1.632266736478697e-11 5.283091584215179e-09 11226
23.25 1.773195151044351e-11 5.995425343726599e-09 12146
24 1.819489858167026e-11 6.288477696247003e-09 12303
24.75 1.845346361250424e-11 6.764389371367759e-09 12584
25.5 1.780225281950886e-11 6.962512494535416e-09 12120
26.25 1.686408865501115e-11 6.832258049080445e-09 11180
27 1.649920403497978e-11 7.024656906196127e-09 11096
27.75 1.539830691847613e-11 6.435402710273508e-09 10056
28.5 1.497457035375556e-11 6.745425760786524e-09 9716
29.25 1.331913233525538e-11 6.291399768770956e-09 8604
30 1.305863655469842e-11 6.078181912819602e-09 8060
30.75 1.146505168822018e-11 5.821298895948052e-09 7320
31.5 9.828476652717567e-12 5.345521426663027e-09 6356
32.25 8.642792509350023e-12 4.507193050070617e-09 5348
33 6.72080714625782e-12 3.831420650424619e-09 4308
33.75 5.650591156130859e-12 3.120437501309309e-09 3563
34.5 3.773725949618732e-12 2.477698743365812e-09 2448
35.25 2.984823452342357e-12 1.817372121753687e-09 1868
36 2.188995041850899e-12 1.408375929331741e-09 1358
36.75 1.729045375861066e-12 1.136710035518249e-09 1062
37.5 1.277518947358369e-12 8.217028714850295e-10 776
38.25 7.998584794399878e-13 4.103897804524471e-10 432
39 3.334051071906032e-13 2.207255157563074e-10 200
39.75 2.680471351874951e-13 1.881776951459748e-10 168
40.5 8.271214315318167e-14 5.950885941321916e-11 56
41.25 6.875251966513397e-15 3.148489117961876e-12 7


0.75 4.614153405772521e-15 7.056632934398374e-15 18
1.5 6.928725293556187e-14 1.805592101531401e-13 62
2.25 1.105534073590466e-13 4.43879959138987e-13 98
3 2.295800577360738e-13 2.032276683242068e-12 210
3.75 2.98704046182701e-13 5.486442305440404e-12 350
4.5 4.861548801465639e-13 9.905419698935769e-12 450
5.25 6.616095868379657e-13 1.758666013947337e-11 602
6 8.763791462907844e-13 2.895532185185671e-11 762
6.75 1.297259135301063e-12 6.215985905453356e-11 1142
7.5 1.383251210980236e-12 7.553412164543039e-11 1250
8.25 1.625313266638737e-12 1.059182140515217e-10 1458
9 1.967569895804199e-12 1.548529783002473e-10 1814
9.75 2.514089430260885e-12 2.163029206675396e-10 2178
10.5 2.84782851717755e-12 3.107599744449154e-10 2498
11.25 3.168592535831265e-12 3.473309140611547e-10 2622
12 3.841568456242074e-12 5.011522167443853e-10 3338
12.75 4.517484257117969e-12 6.347954617365557e-10 3722
13.5 4.974680183848166e-12 7.716246334435966e-10 4170
14.25 5.386343163546037e-12 8.850179581705977e-10 4358
15 6.4425506820993e-12 1.132007277913801e-09 5034
15.75 6.87968715935739e-12 1.426952418960879e-09 5714
16.5 7.421465893281219e-12 1.55667711484472e-09 5982
17.25 8.201323864088357e-12 2.008944418122434e-09 6602
18 9.354610252737919e-12 2.305453012494398e-09 7130
18.75 1.033586168216013e-11 2.788165375728614e-09 8034
19.5 1.152167384784875e-11 3.166407045194615e-09 8606
20.25 1.258012911750304e-11 3.45895564182647e-09 9066
21 1.396628062640545e-11 4.181663678299755e-09 9962
21.75 1.498933782478736e-11 4.61138943282224e-09 10550
22.5 1.642751335567384e-11 5.241425554787125e-09 11226
23.25 1.79411508624803e-11 5.919458317838991e-09 12146
24 1.816709294305687e-11 6.338427930227686e-09 12303
24.75 1.832178359561371e-11 6.786516803139803e-09 12584
25.5 1.770388594444499e-11 6.958055743539379e-09 12120
26.25 1.661937560639518e-11 6.92723900098393e-09 11180
27 1.624675699572461e-11 7.119817405351596e-09 11096
27.75 1.511219295265117e-11 6.537665401886851e-09 10056
28.5 1.445197993755065e-11 6.974442066372218e-09 9716
29.25 1.256470535069801e-11 6.644028686479453e-09 8604
30 1.281119244490997e-11 6.204763430849649e-09 8060
30.75 1.136699748172892e-11 5.841621345788122e-09 7320
31.5 1.023184115078568e-11 5.113453251134994e-09 6356
32.25 8.536765460811665e-12 4.56548800782405e-09 5348
33 6.80458657469601e-12 3.786695514345755e-09 4308
33.75 5.53355388796051e-12 3.193737777335345e-09 3563
34.5 4.002939426560336e-12 2.331440892461247e-09 2448
35.25 2.98634759946924e-12 1.810641459196352e-09 1868
36 2.185001535459443e-12 1.407494125687062e-09 1358
36.75 1.581475095817372e-12 1.232649053366839e-09 1062
37.5 1.188814258799751e-12 8.815347823476529e-10 776
38.25 6.934452864266713e-13 4.827862585622883e-10 432
39 3.614143491255378e-13 2.010538049769486e-10 200
39.75 2.37451461002585e-13 2.091196299046821e-10 168
40.5 7.395456772033686e-14 6.553135752438955e-11 56
41.25 1.270112358294625e-15 7.063852595826073e-12 7


0.75 7.971476804213884e-15 4.595510654407301e-15 18
1.5 6.708157086653022e-14 1.86228187536352e-13 62
2.25 1.15498654213269e-13 4.175928191351304e-13 98
3 2.123954520030108e-13 2.175067420031292e-12 210
3.75 3.340486515792306e-13 4.965852725734383e-12 350
4.5 4.859399155118813e-13 9.929934444537475e-12 450
5.25 6.39259298418959e-13 1.802293114974736e-11 602
6 8.104409770332775e-13 3.137751268747592e-11 762
6.75 1.333676442906129e-12 6.00870275160267e-11 1142
7.5 1.364910045261579e-12 7.629776105093011e-11 1250
8.25 1.634482577021577e-12 1.051124654500742e-10 1458
9 1.948412081786627e-12 1.564843596764428e-10 1814
9.75 2.453169057380703e-12 2.213304383457454e-10 2178
10.5 3.019018558681162e-12 2.929482096764889e-10 2498
11.25 3.118959511060874e-12 3.523110318129205e-10 2622
12 3.888116756216018e-12 4.934482402334503e-10 3338
12.75 4.517982169014797e-12 6.352790425867989e-10 3722
13.5 5.029495774223779e-12 7.611676103244587e-10 4170
14.25 5.400737290265506e-12 8.812158251578026e-10 4358
15 6.382119912507155e-12 1.142213009526226e-09 5034
15.75 6.977166808891889e-12 1.402611555413832e-09 5714
16.5 7.195349218631601e-12 1.607487517365922e-09 5982
17.25 8.705110336301979e-12 1.888064208559242e-09 6602
18 9.507153487111341e-12 2.266815243933159e-09 7130
18.75 1.055997922302656e-11 2.721614274493149e-09 8034
19.5 1.14479575659009e-11 3.191110501644986e-09 8606
20.25 1.221320416776727e-11 3.561176254710043e-09 9066
21 1.400201399218906e-11 4.183162178862985e-09 9962
21.75 1.484737294891212e-11 4.636188458844536e-09 10550
22.5 1.637930431563675e-11 5.267262742796364e-09 11226
23.25 1.758721287267069e-11 6.021739193215846e-09 12146
24 1.784664771379967e-11 6.377485066043561e-09 12303
24.75 1.877594818535835e-11 6.631733997791228e-09 12584
25.5 1.815853808682861e-11 6.776807057783877e-09 12120
26.25 1.737862968293655e-11 6.600851591562021e-09 11180
27 1.671759751938759e-11 6.899191388738861e-09 11096
27.75 1.502715008010322e-11 6.59276481323042e-09 10056
28.5 1.485328816466577e-11 6.782567952739009e-09 9716
29.25 1.300845216915368e-11 6.435958546874808e-09 8604
30 1.244166427881039e-11 6.363701650577106e-09 8060
30.75 1.146111293857011e-11 5.773458035934626e-09 7320
31.5 9.652774567666404e-12 5.407689938165157e-09 6356
32.25 8.35821658881679e-12 4.662380606001345e-09 5348
33 6.762797239425877e-12 3.795091778741726e-09 4308
33.75 5.746260659765146e-12 3.052791828825863e-09 3563
34.5 3.86726780167026e-12 2.417336052203998e-09 2448
35.25 2.844628866964428e-12 1.895727173171812e-09 1868
36 2.177760260672939e-12 1.40891637210531e-09 1358
36.75 1.698623268833604e-12 1.152275347049058e-09 1062
37.5 1.26066004911586e-12 8.310373854388238e-10 776
38.25 6.603114549514754e-13 5.038267474800879e-10 432
39 2.552575472653139e-13 2.740650031158848e-10 200
39.75 2.448978195801181e-13 2.037121558865916e-10 168
40.5 7.726799259289245e-14 6.312019965345977e-11 56
41.25 2.116549857888303e-15 6.465240799239405e-12 7


0.75 4.736138376834141e-15 6.273079482099713e-15 18
1.5 7.369882335436264e-14 1.607177126517214e-13 62
2.25 1.000521426614114e-13 5.037897299205353e-13 98
3 2.380119991867644e-13 1.92149399344115e-12 210
3.75 3.466470696736157e-13 4.750460380956128e-12 350
4.5 5.141767064560507e-13 9.30728362064565e-12 450
5.25 6.856937729046394e-13 1.690458089638514e-11 602
6 8.261182977210462e-13 3.061723916790726e-11 762
6.75 1.331128537324906e-12 6.040748451628987e-11 1142
7.5 1.357989249566514e-12 7.626505941679131e-11 1250
8.25 1.64238882235761e-12 1.046612869144283e-10 1458
9 1.985184876281897e-12 1.530089815770196e-10 1814
9.75 2.345951629634456e-12 2.303431748019691e-10 2178
10.5 2.847085003083135e-12 3.098388483224835e-10 2498
11.25 3.158015618765969e-12 3.476031667445731e-10 2622
12 3.817644239374083e-12 5.013336060363118e-10 3338
12.75 4.554911808939482e-12 6.284635805176853e-10 3722
13.5 4.915481604092539e-12 7.768844526718828e-10 4170
14.25 5.101333864032574e-12 9.301271722347648e-10 4358
15 6.152798624611547e-12 1.181729144108958e-09 5034
15.75 7.100269680088057e-12 1.38078258752945e-09 5714
16.5 7.171779771751786e-12 1.606285152238574e-09 5982
17.25 8.428842958751761e-12 1.951028905824562e-09 6602
18 9.185645475002973e-12 2.33945639496245e-09 7130
18.75 1.040892649661063e-11 2.763916035893875e-09 8034
19.5 1.16489718704049e-11 3.124764003668758e-09 8606
20.25 1.226070061249772e-11 3.531700035255866e-09 9066
21 1.37587650003624e-11 4.233976007540224e-09 9962
21.75 1.45548826914023e-11 4.713126506386807e-09 10550
22.5 1.621612644820419e-11 5.283287606367472e-09 11226
23.25 1.792772652383658e-11 5.898783445170815e-09 12146
24 1.822187264031824e-11 6.260489613669754e-09 12303
24.75 1.858085283593484e-11 6.675105713482283e-09 12584
25.5 1.746170578756432e-11 7.060852984704452e-09 12120
26.25 1.64126293595624e-11 7.000160897456179e-09 11180
27 1.632515507209914e-11 7.061852384780696e-09 11096
27.75 1.483776430963802e-11 6.648526028709599e-09 10056
28.5 1.45099095814221e-11 6.918757609558103e-09 9716
29.25 1.245402162044021e-11 6.689073601560534e-09 8604
30 1.214852138016145e-11 6.510281083226084e-09 8060
30.75 1.131028179748529e-11 5.857716582566263e-09 7320
31.5 9.623300295237505e-12 5.432661467722016e-09 6356
32.25 8.57797180393595e-12 4.526512722295354e-09 5348
33 6.758878686070527e-12 3.79777700057077e-09 4308
33.75 5.389270508224515e-12 3.265887154735383e-09 3563
34.5 3.949442867213203e-12 2.364714365480244e-09 2448
35.25 3.036718142734433e-12 1.769770799908938e-09 1868
36 2.329256848058399e-12 1.308676696338795e-09 1358
36.75 1.83514945092641e-12 1.061610989079317e-09 1062
37.5 1.307747376112828e-12 7.968231035502979e-10 776
38.25 6.521191259553903e-13 5.0955085668691e-10 432
39 3.203896801632076e-13 2.286191528712391e-10 200
39.75 2.536102207489064e-13 1.973149892030894e-10 168
40.5 8.746446086789497e-14 5.590196786342455e-11 56
41.25 8.005963634972214e-15 2.338616121780934e-12 7


