0 0 0
9.99999999999983 2.91148727752211e-23 3.83130741489874e-28
20.0000000000003 2.80804017289708e-23 3.05557633984088e-29
30.0000000000019 2.96543228205028e-23 6.6077768077113e-30
40.0000000000006 3.28449394906111e-23 2.33963859268269e-30
49.9999999999986 8.68348109337205e-23 2.56380662622592e-30
59.9999999999966 1.87610984360431e-21 2.78361906089779e-29
69.9999999999989 9.17117528405198e-20 7.63149523519138e-28
80.000000000004 5.59312874761878e-18 2.72844866540656e-26
90.0000000000091 1.19409511346478e-15 3.61196640046336e-24
100.000000000014 5.90227070105772e-14 1.16659358492582e-22
110.000000000019 7.45764461635893e-13 1.01973398698342e-21
120.000000000024 1.24486898094113e-12 1.22659437703659e-21
130.000000000027 2.65295439171506e-12 1.89990426712728e-21
140.000000000018 4.72800501058145e-12 2.50264478746862e-21
150.000000000009 1.00516064308191e-11 4.01529874172378e-21
159.999999999999 9.66682589389154e-09 2.99202984136661e-18
169.99999999999 2.74511614483926e-08 6.7367871121308e-18
179.999999999981 8.48401955185533e-08 1.66606037846216e-17
189.999999999972 2.61348681552004e-07 4.13322432803587e-17
199.999999999963 2.22029911342353e-07 2.85469964215221e-17
209.999999999954 3.55665858148856e-07 3.75453860129765e-17
219.999999999945 4.57582085645901e-07 4.00818225640515e-17
229.999999999936 5.28543730177081e-07 3.87463987168734e-17
239.999999999927 5.23724951377999e-07 3.23269551196542e-17
249.999999999918 6.71860322738935e-07 3.51980456085649e-17
259.999999999909 7.93721115079152e-07 3.5643857936582e-17
269.999999999899 6.62374141922623e-07 2.5669925423813e-17
279.99999999989 7.56241849162077e-07 2.54169764946285e-17
289.999999999881 9.59490080886003e-07 2.80543927947477e-17
299.999999999872 8.30369197400835e-07 2.11933466084954e-17
309.999999999863 1.09920779971048e-06 2.45810136486685e-17
319.999999999854 1.27096745074822e-06 2.49939177547826e-17
329.999999999845 9.9002534017481e-07 1.71865374818241e-17
339.999999999836 1.35034574126009e-06 2.07666072987837e-17
349.999999999827 1.57515067793049e-06 2.15298033957304e-17
359.999999999818 1.12506554196369e-06 1.37318939265143e-17
369.999999999808 1.45251586162643e-06 1.59119605482277e-17
379.999999999799 1.74530677763884e-06 1.72278402940895e-17
389.99999999979 1.28374153244802e-06 1.14449805720326e-17
399.999999999781 1.6353866533044e-06 1.31829616631946e-17
409.999999999772 1.86582445757206e-06 1.3616648763722e-17
419.999999999763 1.28309574996208e-06 8.49030591217013e-18
429.999999999754 1.45769759618072e-06 8.75622355496486e-18
439.999999999745 1.70390977242498e-06 9.31238743104259e-18
449.999999999736 1.33927322423415e-06 6.70046662522121e-18
459.999999999727 1.46470090216933e-06 6.73426637585544e-18
469.999999999718 1.61155575176788e-06 6.79910572373674e-18
479.999999999708 1.21897656826833e-06 4.71180047294101e-18
489.999999999699 1.39209520490961e-06 4.94460780094008e-18
499.99999999969 1.7428662668843e-06 5.7339287041265e-18
509.999999999681 1.26048260749201e-06 3.82713421735799e-18
519.999999999672 1.39985382482557e-06 3.91636413523629e-18
529.999999999663 1.72150696410013e-06 4.48346718220605e-18
539.999999999654 1.20411503323337e-06 2.90053206438258e-18
549.999999999645 1.36967695511839e-06 3.0694225254115e-18
559.999999999636 1.74138262952674e-06 3.62740053578816e-18
569.999999999627 1.23055218032069e-06 2.39020699387689e-18
579.999999999618 1.50503803640881e-06 2.71958543405651e-18
589.999999999608 1.94549644909403e-06 3.29360369537465e-18
599.999999999599 1.42029731216041e-06 2.24059324443451e-18
609.99999999959 1.58146056462184e-06 2.33468264145698e-18
619.999999999581 1.80153091845758e-06 2.49739508806761e-18
629.999999999572 1.37046598895903e-06 1.7823571742769e-18
639.999999999563 1.63505608436123e-06 1.99396047550225e-18
649.999999999554 1.95401511203826e-06 2.23635582403492e-18
659.999999999545 1.51608131017566e-06 1.6315421292304e-18
669.999999999536 1.54058591071773e-06 1.56056850978629e-18
679.999999999527 1.87899658348534e-06 1.79508548847391e-18
