0 0 0
2.99999999999998 1.81970694125391e-18 5.65675050528895e-20
5.99999999999992 1.13108836820955e-18 1.3212467812103e-20
8.99999999999985 8.8929565909599e-19 5.44139999476423e-21
11.9999999999998 7.26213212546792e-19 2.73693331605705e-21
14.9999999999997 5.86308731011251e-19 1.49819592279283e-21
18 6.10891136994361e-19 1.12745140688577e-21
21.0000000000005 5.75344337104027e-19 8.01818309532603e-22
24.000000000001 8.36689739188661e-19 9.09916234890141e-22
27.0000000000014 1.11093767706982e-18 9.66878422042368e-22
30.0000000000019 1.14525916669635e-18 8.13805398388405e-22
33.000000000002 1.40557398517989e-18 8.28909297213439e-22
36.0000000000014 3.86482039867171e-18 1.91774046438602e-21
39.0000000000008 6.48530871536034e-18 2.7400233377503e-21
42.0000000000002 1.6070548882592e-17 5.84224617566118e-21
44.9999999999996 2.68620372747895e-17 8.48274863314398e-21
47.999999999999 3.58855390664485e-17 9.93010502504021e-21
50.9999999999984 5.98775041097755e-17 1.46371221992533e-20
53.9999999999978 1.09702048785834e-16 2.38702702528266e-20
56.9999999999972 8.27480111498545e-16 1.61411400896577e-19
59.9999999999966 8.10427406090137e-15 1.42660030301651e-18
62.999999999996 3.06049603998445e-14 4.89165461061366e-18
65.9999999999969 4.55893046183354e-14 6.65339165764724e-18
68.9999999999984 6.87972898191104e-14 9.21468041063579e-18
71.9999999999999 6.47295959026981e-14 7.9931459174687e-18
75.0000000000015 6.07457189178085e-14 6.94338060457204e-18
78.000000000003 6.6212954707469e-14 7.02971363920887e-18
81.0000000000045 7.64744625821013e-14 7.56357986505892e-18
84.0000000000061 1.21178853224848e-13 1.1192421529062e-17
87.0000000000076 1.37959755396111e-13 1.19240010125349e-17
90.0000000000091 1.64293109952483e-13 1.33106089984862e-17
93.0000000000107 2.49970661495888e-13 1.90104504484959e-17
96.0000000000122 3.073702585154e-13 2.1969175043117e-17
99.0000000000137 6.35789856258923e-13 4.27535926841158e-17
102.000000000015 4.82853688436963e-12 3.05765445537629e-16
105.000000000017 8.83024559254234e-11 5.26992848023586e-15
108.000000000018 2.46285528699086e-09 1.3859020347739e-13
111.00000000002 3.51664060566171e-08 1.86581819746074e-12
114.000000000021 2.74700451679917e-07 1.37514788986612e-11
117.000000000023 1.45201753827476e-06 6.86415642453207e-11
120.000000000024 4.498680513162e-06 2.01003463211276e-10
123.000000000026 9.67194366439094e-06 4.09204925067522e-10
126.000000000028 1.23351927408107e-05 4.94550854436676e-10
129.000000000028 1.18221536430457e-05 4.49444114906652e-10
132.000000000025 9.45113189864061e-06 3.40873479511187e-10
135.000000000022 8.07337567297433e-06 2.76434166728436e-10
138.000000000019 1.00642169732448e-05 3.27479437845373e-10
141.000000000017 1.59984532578039e-05 4.95331681059824e-10
144.000000000014 2.35915607369814e-05 6.95822528630483e-10
147.000000000011 2.87006765566382e-05 8.07360337591433e-10
150.000000000009 3.05916021954233e-05 8.21645888402738e-10
153.000000000006 2.84891668270924e-05 7.31204553558907e-10
156.000000000003 2.4909138101021e-05 6.11689573799633e-10
159 2.26126405474004e-05 5.3166625962155e-10
161.999999999998 2.20451728604353e-05 4.96528956174608e-10
164.999999999995 2.38742935057456e-05 5.15690129089098e-10
167.999999999992 2.60304407130787e-05 5.39651130867394e-10
170.999999999989 2.62478793357316e-05 5.2268152164732e-10
173.999999999987 2.39748632875216e-05 4.58834757927422e-10
176.999999999984 2.06826797025187e-05 3.80712396754538e-10
179.999999999981 1.79360397727724e-05 3.17794286622045e-10
182.999999999979 1.87758169969168e-05 3.20446942890304e-10
185.999999999976 2.29874093823797e-05 3.78105257902906e-10
188.999999999973 2.86690526101409e-05 4.54731342811422e-10
191.99999999997 3.42458584558296e-05 5.24139589858125e-10
194.999999999968 3.73215913351248e-05 5.51595569144569e-10
197.999999999965 3.64734968919967e-05 5.20805111215477e-10
200.999999999962 3.13521554636398e-05 4.32729954560406e-10
203.999999999959 2.50316357251423e-05 3.34160539645942e-10
206.999999999957 1.9980009683199e-05 2.58071650349625e-10
209.999999999954 1.67991394090692e-05 2.10112124284985e-10
212.999999999951 1.76805826240981e-05 2.14225901531842e-10
215.999999999949 2.17122627293538e-05 2.54983669690231e-10
218.999999999946 2.75010051904477e-05 3.13167778343155e-10
221.999999999943 3.28518480819803e-05 3.62849477567463e-10
224.99999999994 3.64466756314783e-05 3.90721633679884e-10
227.999999999938 3.75114851012192e-05 3.90564621507767e-10
230.999999999935 3.58189335165053e-05 3.62314322710014e-10
233.999999999932 3.22500470920259e-05 3.16954957272662e-10
236.999999999929 2.81382712242443e-05 2.68835424808202e-10
239.999999999927 2.51338359896902e-05 2.33564738055098e-10
242.999999999924 2.41762992450239e-05 2.18636418876312e-10
245.999999999921 2.55699158980997e-05 2.25091135331954e-10
248.999999999919 2.77645450742354e-05 2.37962223689208e-10
251.999999999916 3.02292728562831e-05 2.52312261255452e-10
254.999999999913 3.12728560281148e-05 2.54339298993185e-10
257.99999999991 3.08695795734896e-05 2.44762532238043e-10
260.999999999908 2.90262775791324e-05 2.24427529201581e-10
263.999999999905 2.70298839512411e-05 2.03841202374265e-10
266.999999999902 2.64064877606708e-05 1.94274301263886e-10
269.999999999899 2.70563729227053e-05 1.94261622807194e-10
272.999999999897 2.93916689414684e-05 2.06025690455366e-10
275.999999999894 3.28241255740067e-05 2.24722214203545e-10
278.999999999891 3.59686829018797e-05 2.40588460536642e-10
281.999999999889 3.77881720508534e-05 2.46951162960765e-10
284.999999999886 3.78422519834831e-05 2.41680027728711e-10
287.999999999883 3.60549256377578e-05 2.25097110521576e-10
290.99999999988 3.29550992655594e-05 2.01231950251231e-10
293.999999999878 2.93081565458444e-05 1.75078704532973e-10
296.999999999875 2.56186100661689e-05 1.49733982217439e-10
299.999999999872 2.21776607547452e-05 1.26846175392841e-10
302.999999999869 1.99551153906285e-05 1.11716564603302e-10
305.999999999867 2.02376546087128e-05 1.109279431024e-10
308.999999999864 2.29257800660828e-05 1.23069122481251e-10
311.999999999861 2.75951757989575e-05 1.45123649738422e-10
314.999999999859 3.28810494310136e-05 1.69434824262899e-10
317.999999999856 3.76248243402962e-05 1.89986034075035e-10
320.999999999853 4.05895872707116e-05 2.00885704833924e-10
323.99999999985 4.14878539087064e-05 2.01298769053672e-10
326.999999999848 4.01594293408384e-05 1.9107863137981e-10
329.999999999845 3.67993128045686e-05 1.71741020472688e-10
332.999999999842 3.22096143690074e-05 1.47467740907076e-10
335.999999999839 2.84955903581065e-05 1.28004571102252e-10
338.999999999837 2.55741886114721e-05 1.12735822708155e-10
341.999999999834 2.3838176210551e-05 1.03138935714094e-10
344.999999999831 2.35953693399863e-05 1.00221177690112e-10
347.999999999829 2.44170350545049e-05 1.01832123190264e-10
350.999999999826 2.65146676754114e-05 1.08603078014577e-10
353.999999999823 2.88745936367687e-05 1.16171395115601e-10
356.99999999982 3.10259959367004e-05 1.22630784448968e-10
359.999999999818 3.25414470481661e-05 1.26366945208556e-10
362.999999999815 3.32752336801189e-05 1.26977349046746e-10
365.999999999812 3.31498956088826e-05 1.24335737662995e-10
368.999999999809 3.22470868718626e-05 1.18902512066706e-10
371.999999999807 3.09275370399928e-05 1.12119591225134e-10
374.999999999804 3.01715152083438e-05 1.07553202793876e-10
377.999999999801 3.00066865371444e-05 1.05194763525352e-10
380.999999999798 3.01882790584292e-05 1.04089948865391e-10
383.999999999796 3.08717970469696e-05 1.04714303779053e-10
386.999999999793 3.22069317149488e-05 1.07486971757278e-10
389.99999999979 3.34680386185643e-05 1.09920444532292e-10
392.999999999788 3.43846541862468e-05 1.1114581276832e-10
395.999999999785 3.47929321886262e-05 1.10692786708684e-10
398.999999999782 3.41072272998606e-05 1.06810612418632e-10
401.999999999779 3.25239406218758e-05 1.00270180569335e-10
404.999999999777 2.99457101532828e-05 9.09065234160442e-11
407.999999999774 2.70530690245722e-05 8.08805324815397e-11
410.999999999771 2.47203666756033e-05 7.27968644454311e-11
413.999999999768 2.26811015333473e-05 6.57980478072571e-11
416.999999999766 2.21686797085657e-05 6.33572775357458e-11
419.999999999763 2.25162381894806e-05 6.33958667640343e-11
422.99999999976 2.43896612166451e-05 6.76597202393601e-11
425.999999999758 2.75125189469525e-05 7.52065462766106e-11
428.999999999755 3.12711779656302e-05 8.42487513859382e-11
431.999999999752 3.51988952141224e-05 9.34853261046927e-11
434.999999999749 3.85436989323233e-05 1.00932383471879e-10
437.999999999747 4.04268846328322e-05 1.04384210987577e-10
440.999999999744 4.1159154313482e-05 1.04786497921842e-10
443.999999999741 4.01556359759058e-05 1.008032716052e-10
446.999999999738 3.75226547509268e-05 9.28834973838089e-11
449.999999999736 3.39379966869547e-05 8.28545061069658e-11
452.999999999733 2.97514642629796e-05 7.16470360304757e-11
455.99999999973 2.59443734875241e-05 6.16404632610718e-11
458.999999999728 2.29787821669997e-05 5.38698276523805e-11
461.999999999725 2.10572470371982e-05 4.8715598369383e-11
464.999999999722 2.07082787007716e-05 4.72786511389243e-11
467.999999999719 2.18409805082679e-05 4.92087405967708e-11
470.999999999717 2.36630000760926e-05 5.2612320609321e-11
473.999999999714 2.61218385138485e-05 5.73201204551266e-11
476.999999999711 2.87544668784448e-05 6.22834364418663e-11
479.999999999708 3.12781152358569e-05 6.68877855559428e-11
482.999999999706 3.3168505994243e-05 7.00383164116067e-11
485.999999999703 3.47421990121156e-05 7.24458226730794e-11
488.9999999997 3.56595726418869e-05 7.34374164027206e-11
491.999999999698 3.58344333399727e-05 7.28823983976024e-11
494.999999999695 3.52842644544375e-05 7.08756465580821e-11
497.999999999692 3.40432806803025e-05 6.75362350138004e-11
500.999999999689 3.2609284360071e-05 6.3892672449967e-11
503.999999999687 3.0778229198354e-05 5.95703590555893e-11
506.999999999684 2.93645618427737e-05 5.61522258355576e-11
509.999999999681 2.8035647372968e-05 5.29757911011265e-11
512.999999999678 2.7280886011747e-05 5.09441993953961e-11
515.999999999676 2.72274822508687e-05 5.02510960647138e-11
518.999999999673 2.77858747867076e-05 5.06815124148214e-11
521.99999999967 2.85219259469572e-05 5.14144793525134e-11
524.999999999668 2.98821680203428e-05 5.32360916478792e-11
527.999999999665 3.09654706244554e-05 5.45231424432973e-11
530.999999999662 3.16321064116308e-05 5.50550546660049e-11
533.999999999659 3.14620840569597e-05 5.41354306570141e-11
536.999999999657 3.05133908899618e-05 5.19122182827945e-11
539.999999999654 2.90794871349443e-05 4.89225491528567e-11
542.999999999651 2.73305203953279e-05 4.54722514607892e-11
545.999999999648 2.56597189521469e-05 4.22210494585816e-11
548.999999999646 2.45208457346882e-05 3.9900870036883e-11
551.999999999643 2.41480112668635e-05 3.88597925994132e-11
554.99999999964 2.42892937164175e-05 3.86552871094815e-11
557.999999999638 2.56005433078168e-05 4.02945001145017e-11
560.999999999635 2.72468121108232e-05 4.24208730509614e-11
563.999999999632 2.93745502461512e-05 4.52431110678442e-11
566.999999999629 3.17651348444641e-05 4.84081139902115e-11
569.999999999627 3.38644842985427e-05 5.10655170780759e-11
572.999999999624 3.55653693721555e-05 5.30695751934414e-11
575.999999999621 3.66257165756144e-05 5.40806895336789e-11
578.999999999618 3.69866421556969e-05 5.40428948049487e-11
581.999999999616 3.67639610107897e-05 5.31557280829605e-11
584.999999999613 3.53872022697025e-05 5.06315601390375e-11
587.99999999961 3.33809584602704e-05 4.72666366532118e-11
590.999999999608 3.09091268846547e-05 4.33177015421373e-11
593.999999999605 2.81628634590056e-05 3.90678064675872e-11
596.999999999602 2.53852534213953e-05 3.48600371868134e-11
599.999999999599 2.30528041565362e-05 3.13415238316845e-11
602.999999999597 2.08714439419643e-05 2.80952160927546e-11
605.999999999594 1.95266048942055e-05 2.60261284397426e-11
608.999999999591 1.94226900957409e-05 2.56322817805822e-11
611.999999999588 2.00797516645426e-05 2.62377386222217e-11
614.999999999586 2.15527004864693e-05 2.7883917554304e-11
617.999999999583 2.39784888310565e-05 3.07169430961547e-11
620.99999999958 2.67977242907521e-05 3.39920795846288e-11
623.999999999578 2.97963297798579e-05 3.74290061227279e-11
626.999999999575 3.2448048808242e-05 4.03705304347827e-11
629.999999999572 3.47148472667653e-05 4.27825417545505e-11
632.999999999569 3.59839898976231e-05 4.39309790465547e-11
635.999999999567 3.6751527617009e-05 4.44494123647827e-11
638.999999999564 3.63889073599995e-05 4.36001368178158e-11
641.999999999561 3.5624618076587e-05 4.22858095420555e-11
644.999999999558 3.3881947964899e-05 3.984010553654e-11
647.999999999556 3.20795075639448e-05 3.73661512312946e-11
650.999999999553 2.97950738888837e-05 3.43810654667979e-11
653.99999999955 2.77015881356886e-05 3.16697308345352e-11
656.999999999548 2.59357856003856e-05 2.93793899079956e-11
659.999999999545 2.43817373389059e-05 2.73692343999873e-11
662.999999999542 2.35602026741753e-05 2.62112250933423e-11
665.999999999539 2.3301085757628e-05 2.56932744197449e-11
668.999999999537 2.35098303541303e-05 2.56942489682157e-11
671.999999999534 2.42771692596587e-05 2.6298287842545e-11
674.999999999531 2.53240479566714e-05 2.71880445797807e-11
677.999999999528 2.66189175887332e-05 2.8323198839883e-11
680.999999999526 2.79091637161988e-05 2.94311887189241e-11
683.999999999523 2.87236088585005e-05 3.00212871879214e-11
686.99999999952 2.94348190121216e-05 3.04941892813814e-11
689.999999999518 2.96748008262339e-05 3.04761005144164e-11
692.999999999515 2.94255092235779e-05 2.99616123036224e-11
695.999999999512 2.907564194302e-05 2.93544931802673e-11
698.999999999509 2.83148684596816e-05 2.83456998979019e-11
701.999999999507 2.76077748024699e-05 2.74052326872985e-11
704.999999999504 2.68523988295999e-05 2.64308502942908e-11
707.999999999501 2.64193147875898e-05 2.57842979568564e-11
710.999999999498 2.60386456897832e-05 2.51969071121469e-11
713.999999999496 2.61007921793171e-05 2.50429677817535e-11
716.999999999493 2.64043822681054e-05 2.51205946222815e-11
719.99999999949 2.70267433335833e-05 2.54979648463105e-11
722.999999999487 2.81223501592864e-05 2.63127262547805e-11
725.999999999485 2.92918189283231e-05 2.71834400804088e-11
728.999999999482 3.03655935027727e-05 2.79518420909983e-11
731.999999999479 3.15006719480048e-05 2.87630741733172e-11
734.999999999477 3.23360181681095e-05 2.92885766387334e-11
737.999999999474 3.25342078194318e-05 2.92314257644269e-11
740.999999999471 3.25902967629924e-05 2.90461153949701e-11
743.999999999468 3.19009106742196e-05 2.82024295412069e-11
746.999999999466 3.10341589389993e-05 2.72154349113592e-11
749.999999999463 2.98286897637004e-05 2.5948390222752e-11
752.99999999946 2.82836666197721e-05 2.44079875978988e-11
755.999999999457 2.66922956436566e-05 2.28525871226151e-11
758.999999999455 2.48479743725965e-05 2.11073539992774e-11
761.999999999452 2.32709546890356e-05 1.96144761887037e-11
764.999999999449 2.15156203215742e-05 1.79951745616083e-11
767.999999999447 2.03069499244254e-05 1.68537956595169e-11
770.999999999444 1.97663014825505e-05 1.62792283435397e-11
773.999999999441 1.97937517164268e-05 1.61769048078063e-11
776.999999999438 2.04707559694003e-05 1.66021318480911e-11
779.999999999436 2.16737694611886e-05 1.74430683574099e-11
782.999999999433 2.32418969730815e-05 1.85618670139198e-11
785.99999999943 2.50706959512651e-05 1.98695398476327e-11
788.999999999427 2.70411294736301e-05 2.12687005486888e-11
791.999999999425 2.93038562894499e-05 2.28751043685341e-11
794.999999999422 3.12687432951153e-05 2.42272260944211e-11
797.999999999419 3.33925863903069e-05 2.56815707934056e-11
800.999999999417 3.47854556137019e-05 2.65562327022548e-11
803.999999999414 3.5944461997956e-05 2.72399686151709e-11
806.999999999411 3.61893118344229e-05 2.72247948467636e-11
809.999999999408 3.56033280905435e-05 2.65880125355709e-11
812.999999999406 3.45144336223329e-05 2.55860507065432e-11
815.999999999403 3.27139512685142e-05 2.40740897465409e-11
818.9999999994 3.07110813155731e-05 2.24355709620711e-11
821.999999999397 2.82169405703452e-05 2.04638941968503e-11
824.999999999395 2.5688962961974e-05 1.84959412969145e-11
827.999999999392 2.34545488466288e-05 1.67657693897597e-11
830.999999999389 2.15277978771232e-05 1.52788069780464e-11
833.999999999387 2.04013551068815e-05 1.43769600532585e-11
836.999999999384 1.97622154783902e-05 1.38287331746563e-11
839.999999999381 1.98521619173167e-05 1.37944679311597e-11
842.999999999378 2.01547136952127e-05 1.39069253631031e-11
845.999999999376 2.09268948057113e-05 1.43388160422659e-11
848.999999999373 2.21637117276572e-05 1.50802933952368e-11
851.99999999937 2.35000630866257e-05 1.58778632997237e-11
854.999999999367 2.51046268474182e-05 1.68436889135961e-11
857.999999999365 2.64660403341539e-05 1.76337383942827e-11
860.999999999362 2.77655029774887e-05 1.8371671736909e-11
863.999999999359 2.88741928970972e-05 1.89739225315572e-11
866.999999999357 2.9514175920555e-05 1.9262137765553e-11
869.999999999354 3.00297504452619e-05 1.94659004194628e-11
872.999999999351 3.02472374741204e-05 1.94749508478235e-11
875.999999999348 2.99685223065539e-05 1.91661829270647e-11
878.999999999346 2.96884764587907e-05 1.88600290617663e-11
881.999999999343 2.92377839779274e-05 1.84498438369374e-11
884.99999999934 2.85494248912326e-05 1.78954409630445e-11
887.999999999337 2.78121326323423e-05 1.73168274538603e-11
890.999999999335 2.7259163603162e-05 1.68592261731948e-11
893.999999999332 2.668701198345e-05 1.63953679797387e-11
896.999999999329 2.61764416207937e-05 1.59749428284414e-11
