0    1    8.89962231422223e-06    8.89962231422223e-06
1.99999999999989    1.00001779924519    8.89962293228598e-06    8.89946452853477e-06
3.99999999999967    1.00003559849171    8.89962354356366e-06    8.89930674166641e-06
6.00000000000034    1.00005339773949    8.89962419162984e-06    8.89914899718999e-06
8.00000000000101    1.00007119698856    8.89962481850524e-06    8.8989912371279e-06
9.9999999999999    1.00008899623887    8.89962546144763e-06    8.89883349873589e-06
11.9999999999988    1.0001067954904    8.89962610509131e-06    8.89867576664889e-06
13.9999999999977    1.00012459474318    8.89962672615343e-06    8.8985180175863e-06
15.9999999999966    1.00014239399727    8.89962733499693e-06    8.89836026191011e-06
17.999999999999    1.00016019325259    8.899627967434e-06    8.8982025354276e-06
20.0000000000015    1.00017799250918    8.89962860137199e-06    8.89804481604842e-06
22.0000000000039    1.00019579176706    8.89962925177067e-06    8.8978871187286e-06
24.0000000000063    1.00021359102617    8.89962986038999e-06    8.89772938524002e-06
26.0000000000088    1.00023139028653    8.8996304909468e-06    8.89757167928647e-06
28.0000000000112    1.00024918954814    8.89963112628916e-06    8.8974139837189e-06
30.0000000000137    1.00026698881102    8.89963176236739e-06    8.89725629448796e-06
32.0000000000161    1.00028478807515    8.89963238311206e-06    8.8970985955286e-06
34.0000000000115    1.00030258734057    8.89963301738554e-06    8.89694091569468e-06
36.0000000000068    1.00032038660723    8.89963366877152e-06    8.89678325856809e-06
38.0000000000021    1.00033818587514    8.89963427240694e-06    8.89662555930633e-06
39.9999999999975    1.0003559851443    8.89963490392959e-06    8.89646789352274e-06
41.9999999999928    1.00037378441473    8.8996355534808e-06    8.89631025136022e-06
43.9999999999882    1.00039158368642    8.89963616962108e-06    8.8961525813983e-06
45.9999999999835    1.0004093829594    8.89963679698041e-06    8.8959949282499e-06
47.9999999999788    1.0004271822336    8.89963743005636e-06    8.89583728641458e-06
49.9999999999742    1.00044498150906    8.89963805469794e-06    8.89567964174681e-06
51.9999999999695    1.00046278078583    8.89963867934607e-06    8.89552200268332e-06
53.9999999999648    1.00048058006383    8.8996393345326e-06    8.89536439974158e-06
55.9999999999602    1.00049837934313    8.89963993623598e-06    8.89520674893945e-06
57.9999999999555    1.00051617862362    8.8996405950847e-06    8.89504916085178e-06
59.9999999999509    1.00053397790542    8.89964118365815e-06    8.89489150812168e-06
61.9999999999462    1.00055177718848    8.89964181605744e-06    8.89473390479117e-06
63.9999999999415    1.00056957647274    8.89964247817273e-06    8.89457633675628e-06
65.9999999999511    1.00058737575833    8.89964304825705e-06    8.89441868233863e-06
67.9999999999606    1.00060517504515    8.89964373944442e-06    8.89426115454868e-06
69.9999999999702    1.00062297433323    8.89964434375662e-06    8.89410354553068e-06
71.9999999999797    1.00064077362256    8.89964499123224e-06    8.89394598524439e-06
73.9999999999893    1.00065857291318    8.89964561070455e-06    8.8937884025671e-06
75.9999999999988    1.00067637220503    8.89964624679885e-06    8.89363084209547e-06
78.0000000000084    1.00069417149816    8.89964688797826e-06    8.89347329229913e-06
80.0000000000179    1.00071197079252    8.89964750418628e-06    8.89331572314275e-06
82.0000000000275    1.00072977008816    8.89964812543441e-06    8.89315816461657e-06
84.000000000037    1.00074756938505    8.8996487521993e-06    8.89300061719663e-06
86.0000000000466    1.00076536868322    8.89964940698245e-06    8.89284310336638e-06
88.0000000000561    1.00078316798263    8.89965004826616e-06    8.89268558163899e-06
90.0000000000657    1.00080096728331    8.89965064605585e-06    8.89252802204427e-06
92.0000000000752    1.00081876658525    8.89965128467194e-06    8.89237050883566e-06
94.0000000000848    1.00083656588845    8.89965192857609e-06    8.89221300650199e-06
96.0000000000943    1.00085436519292    8.89965255796621e-06    8.89205549525756e-06
98.0000000001039    1.00087216449862    8.89965317041535e-06    8.89189797267821e-06
100.000000000113    1.00088996380561    8.8996538020404e-06    8.8917404748489e-06
102.000000000123    1.00090776311388    8.89965446342642e-06    8.89158301234379e-06
104.000000000133    1.00092556242342    8.89965507713573e-06    8.89142550779509e-06
106.000000000142    1.00094336173419    8.89965567094429e-06    8.89126798895505e-06
108.000000000152    1.00096116104623    8.89965634437252e-06    8.89111055524911e-06
110.000000000161    1.00097896035953    8.8996569420994e-06    8.89095305150353e-06
112.000000000171    1.00099675967408    8.89965759548714e-06    8.89079560895361e-06
114.00000000018    1.00101455898989    8.89965822469786e-06    8.89063814783907e-06
116.00000000019    1.00103235830699    8.89965886633871e-06    8.89048070473009e-06
118.000000000199    1.00105015762533    8.89965950556787e-06    8.89032326479972e-06
120.000000000209    1.00106795694492    8.89966009018384e-06    8.89016577590201e-06
122.000000000218    1.00108575626578    8.89966073595504e-06    8.89000835368223e-06
124.000000000228    1.00110355558788    8.89966139013567e-06    8.88985094544941e-06
126.000000000238    1.00112135491125    8.89966198272347e-06    8.88969348127871e-06
128.000000000247    1.00113915423587    8.89966264805174e-06    8.88953609535377e-06
130.000000000257    1.00115695356181    8.89966327639198e-06    8.88937867806813e-06
132.000000000266    1.00117475288899    8.89966387332631e-06    8.88922123499962e-06
134.000000000276    1.00119255221737    8.8996645266702e-06    8.88906385386092e-06
136.000000000285    1.00121035154704    8.89966516959383e-06    8.8889064678989e-06
138.000000000295    1.00122815087798    8.89966579942723e-06    8.88874907444728e-06
140.000000000304    1.00124595021018    8.89966643159481e-06    8.88859168891179e-06
142.000000000314    1.00126374954363    8.89966704983267e-06    8.88843429504871e-06
144.000000000324    1.00128154887836    8.89966765368031e-06    8.88827689239833e-06
146.000000000333    1.00129934821437    8.89966830028102e-06    8.88811953803013e-06
148.000000000343    1.00131714755162    8.89966893221904e-06    8.88796217460191e-06
150.000000000352    1.00133494689012    8.89966958660862e-06    8.88780483917856e-06
152.000000000362    1.00135274622989    8.89967020095611e-06    8.88764746934939e-06
154.000000000371    1.0013705455709    8.89967083740554e-06    8.88749012717532e-06
156.000000000381    1.00138834491318    8.8996714537201e-06    8.88733277047649e-06
158.00000000039    1.00140614425673    8.89967210654398e-06    8.88717545581822e-06
160.0000000004    1.00142394360156    8.89967267857493e-06    8.88701806606279e-06
162.000000000409    1.00144174294765    8.89967335520835e-06    8.88686078634294e-06
164.000000000419    1.00145954229498    8.89967394891205e-06    8.88670342939391e-06
166.000000000429    1.00147734164358    8.89967459575909e-06    8.88654613109199e-06
168.000000000438    1.00149514099347    8.89967522627179e-06    8.88638882206003e-06
170.000000000448    1.00151294034461    8.89967590543377e-06    8.88623156718423e-06
172.000000000457    1.00153073969699    8.89967648179371e-06    8.88607421524203e-06
174.000000000467    1.00154853905062    8.89967712404642e-06    8.88591693467254e-06
176.000000000476    1.00156633840553    8.89967774998362e-06    8.88575964339185e-06
178.000000000486    1.00158413776169    8.89967842033595e-06    8.88560240203551e-06
180.000000000495    1.00160193711911    8.89967906705402e-06    8.88544514266013e-06
182.000000000505    1.00161973647779    8.89967964996438e-06    8.88528782515836e-06
184.000000000515    1.00163753583771    8.89968029529968e-06    8.88513057555946e-06
186.000000000524    1.00165533519889    8.89968095088605e-06    8.88497334177219e-06
188.000000000534    1.00167313456138    8.89968156052258e-06    8.88481606768825e-06
190.000000000543    1.00169093392512    8.8996821831897e-06    8.88465881219101e-06
192.000000000553    1.00170873329009    8.89968279677458e-06    8.88450155320472e-06
194.000000000562    1.00172653265637    8.89968344221899e-06    8.88434433160007e-06
196.000000000572    1.00174433202388    8.89968408691717e-06    8.88418711482663e-06
198.000000000581    1.00176213139266    8.89968469781198e-06    8.88402986988495e-06
200.000000000591    1.00177993076266    8.89968532421709e-06    8.88387264600292e-06
202.0000000006    1.00179773013397    8.89968595177468e-06    8.88371542884661e-06
204.00000000061    1.00181552950653    8.89968660377685e-06    8.88355824166614e-06
206.00000000062    1.00183332888034    8.89968723403611e-06    8.88340103835684e-06
208.000000000629    1.00185112825543    8.89968785478672e-06    8.88324383113108e-06
210.000000000639    1.00186892763176    8.89968850955604e-06    8.88308666343544e-06
212.000000000648    1.00188672700935    8.89968911799519e-06    8.88292945507019e-06
214.000000000658    1.00190452638823    8.89968975028834e-06    8.8827722760879e-06
216.000000000667    1.00192232576835    8.89969038977431e-06    8.88261510985828e-06
218.000000000677    1.00194012514974    8.89969101572868e-06    8.88245793569617e-06
220.000000000686    1.00195792453237    8.89969165408949e-06    8.8823007794894e-06
222.000000000696    1.00197572391631    8.89969226851727e-06    8.88214360496885e-06
224.000000000706    1.00199352330147    8.89969290249818e-06    8.88198645553575e-06
226.000000000715    1.00201132268794    8.89969354070562e-06    8.88182931589213e-06
228.000000000725    1.00202912207561    8.89969418202932e-06    8.88167218493058e-06
230.000000000734    1.00204692146461    8.89969478626142e-06    8.88151502252358e-06
232.000000000744    1.00206472085485    8.89969545483744e-06    8.88135792990016e-06
234.000000000753    1.00208252024636    8.89969604576281e-06    8.88120076535693e-06
236.000000000763    1.00210031963914    8.89969669239945e-06    8.88104366198016e-06
238.000000000772    1.00211811903314    8.89969731413704e-06    8.88088653932697e-06
240.000000000782    1.00213591842843    8.89969797485919e-06    8.88072946114524e-06
242.000000000791    1.00215371782498    8.89969859840454e-06    8.88057235143519e-06
244.000000000801    1.0021715172228    8.89969923627169e-06    8.8804152615855e-06
246.000000000811    1.0021893166219    8.8996998675932e-06    8.88025817077321e-06
248.00000000082    1.00220711602219    8.89970047383541e-06    8.88010106050608e-06
250.00000000083    1.00222491542377    8.89970110776498e-06    8.87994398343398e-06
252.000000000839    1.00224271482663    8.89970175349094e-06    8.8797869236998e-06
254.000000000849    1.00226051423073    8.89970236808471e-06    8.87962983847121e-06
256.000000000858    1.0022783136361    8.89970303817938e-06    8.87947281418543e-06
258.000000000811    1.00229611304273    8.89970363079035e-06    8.87931571815932e-06
260.000000000764    1.00231391245061    8.89970425725316e-06    8.87915866147541e-06
262.000000000716    1.00233171185975    8.89970490653159e-06    8.87900163312089e-06
264.000000000669    1.00234951127016    8.8997055092258e-06    8.87884456385698e-06
266.000000000622    1.00236731068186    8.89970616115381e-06    8.87868754927755e-06
268.000000000575    1.00238511009479    8.89970678961814e-06    8.87853051685548e-06
270.000000000527    1.00240290950899    8.89970743074845e-06    8.87837350263458e-06
272.00000000048    1.00242070892447    8.89970804596073e-06    8.87821646812299e-06
274.000000000433    1.00243850834122    8.89970868189507e-06    8.87805945984839e-06
276.000000000385    1.00245630775925    8.89970932773625e-06    8.8779024670206e-06
278.000000000338    1.00247410717854    8.89970995009048e-06    8.87774545632776e-06
280.000000000291    1.00249190659906    8.89971058343925e-06    8.87758846216662e-06
282.000000000243    1.00250970602085    8.89971121934087e-06    8.8774314761156e-06
284.000000000196    1.00252750544388    8.89971182116534e-06    8.87727446163671e-06
286.000000000149    1.00254530486819    8.89971248121929e-06    8.87711751080351e-06
288.000000000102    1.00256310429375    8.8997131218491e-06    8.87696054615776e-06
290.000000000054    1.00258090372059    8.89971374046965e-06    8.87680356512144e-06
292.000000000007    1.00259870314869    8.89971435338284e-06    8.8766465839553e-06
293.99999999996    1.00261650257807    8.8997149650806e-06    8.87648960713932e-06
295.999999999912    1.00263430200866    8.89971559854768e-06    8.87633265759823e-06
297.999999999865    1.00265210144054    8.89971627714297e-06    8.87617575862707e-06
