0    1.50438265982176e-18    -1.05077787188377e-23    1.7733405187809e-12    1.29228729578303e-10    1.33166832161049e-06    1.13678814903351e-05
1.99999999999989    3.26904542160658e-12    2.09679482174088e-12    1.90083380278687e-12    1.18128147787803e-10    1.37870729408971e-06    1.08686773706739e-05
3.99999999999967    3.81503868227902e-12    -1.74885224580998e-12    1.88475322532415e-12    1.19078140536019e-10    1.37286314879146e-06    1.09122930924722e-05
6.00000000000034    9.21549933331014e-14    -6.41391339825229e-13    1.88067306576161e-12    1.19293703122246e-10    1.37137633994524e-06    1.09221656791245e-05
8.00000000000101    2.64500917204563e-12    2.28161643270398e-12    1.87287322131339e-12    1.20209332901058e-10    1.36852958364311e-06    1.09640016828279e-05
9.9999999999999    4.24185116663546e-12    -1.25831792738704e-12    1.88285180533924e-12    1.19577332915203e-10    1.37217047239811e-06    1.09351421076821e-05
11.9999999999988    3.59278400195768e-13    -1.23356502132512e-12    1.88357648118954e-12    1.19256329489219e-10    1.37243450888901e-06    1.09204546374781e-05
13.9999999999977    1.99531389387727e-12    2.2848354318189e-12    1.89266755935981e-12    1.18697254497867e-10    1.37574254835555e-06    1.08948269604368e-05
15.9999999999966    4.51554426227488e-12    -6.6913703484912e-13    1.88420175556293e-12    1.19155211754168e-10    1.37266228750649e-06    1.09158239154984e-05
17.999999999999    7.80384555359156e-13    -1.72879493450636e-12    1.89604119631969e-12    1.18246279158012e-10    1.37696811739382e-06    1.08741104996229e-05
20.0000000000015    1.37033886275905e-12    2.10859844631737e-12    1.8888346073393e-12    1.19489749039029e-10    1.37434879391566e-06    1.09311366764406e-05
22.0000000000039    4.61313249551548e-12    -2.62688655697834e-14    1.90626883819689e-12    1.17916547750691e-10    1.38067694924468e-06    1.0858938610688e-05
24.0000000000063    1.32248316950414e-12    -2.08472650869109e-12    1.89091465758098e-12    1.18553263598568e-10    1.37510532599479e-06    1.08882167317961e-05
26.0000000000088    8.21154112400349e-13    1.76391939418317e-12    1.87980129893025e-12    1.18910655639422e-10    1.37105845934066e-06    1.09046162536524e-05
28.0000000000112    4.52909276445453e-12    6.15505762401498e-13    1.87209433787744e-12    1.19805720823231e-10    1.36824498459045e-06    1.0945579967422e-05
30.0000000000137    1.94088192596981e-12    -2.27764654824625e-12    1.8796721157948e-12    1.19026622020327e-10    1.37101134779805e-06    1.09099322646991e-05
32.0000000000161    3.8953579384503e-13    1.28264095799876e-12    1.88999160178801e-12    1.18914375134631e-10    1.37476965408313e-06    1.09047867991369e-05
34.0000000000115    4.27019920026685e-12    1.21183628791556e-12    1.87843897624131e-12    1.19401710071408e-10    1.37056155506532e-06    1.09271089530308e-05
36.0000000000068    2.58665724265576e-12    -2.28858477388716e-12    1.88265115135005e-12    1.18935598842581e-10    1.37209735490721e-06    1.09057598929454e-05
38.0000000000021    1.08792426063553e-13    6.99103818449316e-13    1.87798379173378e-12    1.19544802857724e-10    1.37039548734435e-06    1.09336545975133e-05
39.9999999999975    3.85713985919852e-12    1.70765706186228e-12    1.88373175293475e-12    1.18693845694615e-10    1.37249107571593e-06    1.08946705179465e-05
41.9999999999928    3.21038332303168e-12    -2.12117816746377e-12    1.88738341724073e-12    1.1892733240741e-10    1.3738207369342e-06    1.0905380892358e-05
43.9999999999882    1.20462865461953e-15    6.36350191714187e-14    1.88778611703873e-12    1.18900533226343e-10    1.37396729110948e-06    1.09041521094647e-05
45.9999999999835    3.32284587961411e-12    2.07057358418523e-12    1.89400023674439e-12    1.18946349684857e-10    1.37622681151522e-06    1.09062527792479e-05
47.9999999999788    3.76261144713472e-12    -1.7888132980927e-12    1.88096941393137e-12    1.19053095889032e-10    1.3714843834026e-06    1.09111454893163e-05
49.9999999999742    7.43662653292809e-14    -5.78399900717862e-13    1.87732191244625e-12    1.19237646823538e-10    1.37015397399206e-06    1.09195992061768e-05
51.9999999999695    2.71076626877274e-12    2.26918544500649e-12    1.88668479613483e-12    1.18135456639847e-10    1.37356645129658e-06    1.08690136001314e-05
53.9999999999648    4.19963418619606e-12    -1.31197505984174e-12    1.89242053316555e-12    1.18740572319059e-10    1.37565276619789e-06    1.08968147785973e-05
55.9999999999602    3.21104216267097e-13    -1.17567212581691e-12    1.88906274354717e-12    1.18454021407225e-10    1.37443178933953e-06    1.08836584569355e-05
57.9999999999555    2.06698506852305e-12    2.29493307579911e-12    1.88249527972137e-12    1.18754706659497e-10    1.37204055323343e-06    1.08974633130601e-05
59.9999999999509    4.48949402048922e-12    -7.3693297978491e-13    1.88021947807849e-12    1.19024318869824e-10    1.37121095315722e-06    1.09098267112646e-05
61.9999999999462    7.22304230167189e-13    -1.67743246256738e-12    1.89270461963159e-12    1.1831950675479e-10    1.3757560174795e-06    1.08774770399568e-05
63.9999999999415    1.44203090431207e-12    2.13927017711487e-12    1.882006511204e-12    1.18941822007884e-10    1.37186242429842e-06    1.09060452047421e-05
65.9999999999511    4.60826191004792e-12    -1.08654199701305e-13    1.87790894097729e-12    1.19679882353455e-10    1.37036817715388e-06    1.09398300879609e-05
67.9999999999606    1.24743718063815e-12    -2.04745805176202e-12    1.88896317377406e-12    1.18454425906631e-10    1.37439556670287e-06    1.0883677039798e-05
69.9999999999702    8.85863295439651e-13    1.81666129358836e-12    1.87214556462896e-12    1.19096165421631e-10    1.3682637043451e-06    1.09131189593822e-05
71.9999999999797    4.54749667449429e-12    5.334363842033e-13    1.89870171979279e-12    1.17902068376367e-10    1.37793385899763e-06    1.08582718872004e-05
73.9999999999893    1.85226573650004e-12    -2.25939176580729e-12    1.88936623410123e-12    1.18752705860101e-10    1.37454219073035e-06    1.08973715115204e-05
75.9999999999988    4.39485317257782e-13    1.35480830682493e-12    1.89456880212535e-12    1.18269880264698e-10    1.37643336276231e-06    1.0875195642594e-05
78.0000000000084    4.31444663344392e-12    1.12924064226613e-12    1.87777331773208e-12    1.18535430387638e-10    1.37031869202513e-06    1.08873977785161e-05
80.0000000000179    2.4923541326541e-12    -2.29668191758213e-12    1.89080560694084e-12    1.18148545319462e-10    1.37506567368058e-06    1.08696156932735e-05
82.0000000000275    1.3850505645503e-13    7.907927063323e-13    1.8902623852951e-12    1.18152067121022e-10    1.37486813378414e-06    1.08697776941859e-05
84.000000000037    3.92427862277011e-12    1.63723545981642e-12    1.89922582042479e-12    1.1792299143734e-10    1.37812402214365e-06    1.08592353062883e-05
86.0000000000466    3.11726759386136e-12    -2.15636325697409e-12    1.8894241755574e-12    1.17956957202518e-10    1.37456326720442e-06    1.0860799105154e-05
88.0000000000561    5.82228049935295e-15    1.6519277405531e-13    1.88246157670107e-12    1.19126364063894e-10    1.37202827110124e-06    1.09145024652475e-05
90.0000000000657    3.41118316925122e-12    2.02280299218008e-12    1.88458808261353e-12    1.18958904984495e-10    1.37280300210988e-06    1.09068283650423e-05
92.0000000000752    3.67810771050702e-12    -1.85277891860883e-12    1.86964648172354e-12    1.19853823459182e-10    1.36735016791969e-06    1.0947777101274e-05
94.0000000000848    4.9868394540469e-14    -4.75678640609092e-13    1.87691715061002e-12    1.19405349592505e-10    1.37000625933242e-06    1.0927275488085e-05
96.0000000000943    2.81394824356716e-12    2.25071941245229e-12    1.86971850566663e-12    1.19381949096869e-10    1.36737650471943e-06    1.09262046977376e-05
98.0000000001039    4.13221683255226e-12    -1.40211069331408e-12    1.89313073158993e-12    1.18257225882762e-10    1.37591087341181e-06    1.08746138268336e-05
100.000000000113    2.6670229484949e-13    -1.07705745660927e-12    1.8711506803028e-12    1.19643717351456e-10    1.36790009880208e-06    1.09381770579679e-05
102.000000000123    2.17758246754189e-12    2.30211873127982e-12    1.88011333023153e-12    1.18961502435258e-10    1.37117224673882e-06    1.09069474389149e-05
104.000000000133    4.4468286820165e-12    -8.47972519446543e-13    1.87010206348447e-12    1.19019206456969e-10    1.36751675070717e-06    1.09095924056295e-05
106.000000000142    6.40106511158882e-13    -1.59612858210221e-12    1.86736996984693e-12    1.19421801786632e-10    1.36651746049823e-06    1.09280282661892e-05
108.000000000152    1.55198383713491e-12    2.18121826676723e-12    1.89342133367183e-12    1.18097893838575e-10    1.37601647289174e-06    1.08672854861999e-05
110.000000000161    4.59598520236436e-12    -2.28318419031889e-13    1.86121606285019e-12    1.20027597375441e-10    1.36426392711567e-06    1.09557107197772e-05
112.000000000171    1.13937201748005e-12    -1.9886425967124e-12    1.87732612058179e-12    1.18530536679698e-10    1.37015550963403e-06    1.08871730343416e-05
114.00000000018    9.84682499007103e-13    1.88934367509497e-12    1.88827123470539e-12    1.18234578098852e-10    1.37414381878478e-06    1.0873572462574e-05
116.00000000019    4.57023775788871e-12    4.12253259742522e-13    1.8861875681911e-12    1.18610793964744e-10    1.37338544049739e-06    1.08908582749361e-05
118.000000000199    1.72651844252638e-12    -2.22908108319601e-12    1.88747335209418e-12    1.18529159901399e-10    1.3738534682022e-06    1.08871098047826e-05
120.000000000209    5.18166524968511e-13    1.45628124079518e-12    1.87390314689741e-12    1.19359920397478e-10    1.36890582104728e-06    1.09251965839282e-05
122.000000000218    4.37235695862579e-12    1.01425925695671e-12    1.87140101674486e-12    1.19131311770688e-10    1.36799159965467e-06    1.09147291203532e-05
124.000000000228    2.35744286477546e-12    -2.30339320595631e-12    1.88928333594603e-12    1.18340942176093e-10    1.37451203557498e-06    1.08784623075179e-05
126.000000000238    1.87733071529389e-13    9.13910277570105e-13    1.89079477144703e-12    1.18460763112436e-10    1.3750617336858e-06    1.08839681693965e-05
128.000000000247    4.01629478661404e-12    1.54155606346539e-12    1.8848954494395e-12    1.18501938157561e-10    1.37291494617233e-06    1.08858595506997e-05
130.000000000257    2.984153722427e-12    -2.20256235547447e-12    1.87761476448037e-12    1.19306904348728e-10    1.37026083811494e-06    1.09227699943157e-05
132.000000000266    1.94727905496882e-14    3.00836923549874e-13    1.89834786110179e-12    1.17768326503838e-10    1.37780545110759e-06    1.08521116149733e-05
134.000000000276    3.53158387495844e-12    1.94963448668228e-12    1.87794610992132e-12    1.18890168003219e-10    1.37038173875342e-06    1.09036768112053e-05
136.000000000285    3.5572898462474e-12    -1.93061643818859e-12    1.88963881540449e-12    1.18219895619999e-10    1.37464134063829e-06    1.08728972964889e-05
138.000000000295    2.26281092365172e-14    -3.32154110676375e-13    1.88986006073104e-12    1.1877239397453e-10    1.37472181212456e-06    1.08982748164345e-05
140.000000000304    2.95461988483289e-12    2.20987181308333e-12    1.86358399068122e-12    1.19411171018328e-10    1.36513149208144e-06    1.09275418561689e-05
142.000000000314    4.03595264411909e-12    -1.5182571247652e-12    1.87901522013656e-12    1.192096495271e-10    1.37077176076846e-06    1.09183171563707e-05
144.000000000324    1.99988839443169e-13    -9.40375112999418e-13    1.89123329309949e-12    1.18023838073625e-10    1.37522117970145e-06    1.08638776720665e-05
146.000000000333    2.32797963149352e-12    2.30403771947732e-12    1.89636683299483e-12    1.17582230716652e-10    1.37708635640232e-06    1.08435340510669e-05
148.000000000343    4.38242782747809e-12    -9.90223113368768e-13    1.88989547303579e-12    1.17930698566418e-10    1.37473469186479e-06    1.08595901656746e-05
150.000000000352    5.34904465663294e-13    -1.47669870357164e-12    1.88414673829126e-12    1.18416602534519e-10    1.37264224701521e-06    1.08819392818797e-05
152.000000000362    1.70156295990371e-12    2.22489385273734e-12    1.86706113521072e-12    1.19302014569651e-10    1.36640445520637e-06    1.09225461578171e-05
154.000000000371    4.57177992936603e-12    -3.87138257282382e-13    1.87946769041348e-12    1.18262106339294e-10    1.37093679299688e-06    1.0874838221293e-05
156.000000000381    1.00158900454966e-12    -1.90304012660519e-12    1.88084794137071e-12    1.19386001079557e-10    1.37144009762356e-06    1.09263901211495e-05
158.00000000039    1.12087235096544e-12    1.98090390517094e-12    1.87439449517718e-12    1.18579413002454e-10    1.36908527680927e-06    1.08894174776454e-05
160.0000000004    4.5904886674707e-12    2.45555434309619e-13    1.88572811246334e-12    1.18821026851302e-10    1.37321815908554e-06    1.09005058071313e-05
162.000000000409    1.56550113244598e-12    -2.18470622921277e-12    1.87729234044298e-12    1.19111055620885e-10    1.3701431824596e-06    1.09138011536256e-05
164.000000000419    6.28502174404043e-13    1.583458116756e-12    1.87529999202003e-12    1.19230922647801e-10    1.3694159309792e-06    1.09192913070308e-05
166.000000000429    4.43781183128537e-12    8.55671167007196e-13    1.87478051826038e-12    1.19054501058552e-10    1.36922624801042e-06    1.09112098806022e-05
168.000000000438    2.18384063860952e-12    -2.30433802303813e-12    1.87872051230854e-12    1.1928234851249e-10    1.37066425951207e-06    1.0921645870128e-05
170.000000000448    2.63255892059076e-13    1.07412509333568e-12    1.89165578383493e-12    1.17830682442159e-10    1.37537477940918e-06    1.08549842211842e-05
172.000000000457    4.12544138250655e-12    1.40383951491954e-12    1.8936240048607e-12    1.18111705424855e-10    1.37609011508828e-06    1.08679209338702e-05
174.000000000467    2.80975709760641e-12    -2.24965105129109e-12    1.88240978154803e-12    1.18536303697533e-10    1.37200939557283e-06    1.08874378848987e-05
176.000000000476    4.92303902307699e-14    4.77021131193263e-13    1.88938430101309e-12    1.18153910559188e-10    1.37454876269017e-06    1.08698624903532e-05
178.000000000486    3.67838817823984e-12    1.84794928854755e-12    1.89312730279898e-12    1.17629156593242e-10    1.37590962740488e-06    1.08456976074957e-05
180.000000000495    3.3971533694839e-12    -2.02317577886808e-12    1.88593587793085e-12    1.18390271698838e-10    1.373293806117e-06    1.08807293734765e-05
182.000000000505    3.5392418482758e-15    -1.5014658486069e-13    1.86817968491934e-12    1.19668643033035e-10    1.3668136979557e-06    1.09393163878295e-05
184.000000000515    3.12939367391856e-12    2.1502300556097e-12    1.86845427794204e-12    1.19108366219522e-10    1.3669141443164e-06    1.09136779419001e-05
186.000000000524    3.90321128754481e-12    -1.65490362941437e-12    1.87340597778019e-12    1.18480063130141e-10    1.36872421537903e-06    1.08848547592578e-05
188.000000000534    1.28969186142188e-13    -7.64908830471275e-13    1.87860378882272e-12    1.18768637708429e-10    1.37062167968506e-06    1.08981024820117e-05
190.000000000543    2.51827901209671e-12    2.29408616904187e-12    1.88210903163412e-12    1.18605457359067e-10    1.37189978920757e-06    1.0890613268272e-05
192.000000000553    4.28894361248423e-12    -1.16030673380863e-12    1.86994387030952e-12    1.18472272082247e-10    1.36745890990959e-06    1.08844968685854e-05
194.000000000562    4.1483479098242e-13    -1.32331170211115e-12    1.88630272410362e-12    1.18475479499031e-10    1.37342736397068e-06    1.08846442063592e-05
196.000000000572    1.89326996897811e-12    2.26854764817779e-12    1.86699140820438e-12    1.18820795390086e-10    1.36637894019221e-06    1.09004951901316e-05
198.000000000581    4.52730840668549e-12    -5.81371887541474e-13    1.86951537614967e-12    1.18818789848423e-10    1.36730222559944e-06    1.09004031965988e-05
200.000000000591    8.38961690284117e-13    -1.78113563423034e-12    1.8879945507351e-12    1.17994984256414e-10    1.3740431400558e-06    1.08625496204349e-05
202.0000000006    1.29749335191737e-12    2.07353169641201e-12    1.87146148327143e-12    1.19342354374658e-10    1.36801369995689e-06    1.09243926318425e-05
204.00000000061    4.60062264705222e-12    4.18774816514041e-14    1.87315462237571e-12    1.18980111504426e-10    1.36863239124118e-06    1.0907800488844e-05
206.00000000062    1.37207220124061e-12    -2.10929463726407e-12    1.87248197391623e-12    1.18813400642853e-10    1.3683866317362e-06    1.0900155991675e-05
208.000000000629    7.77301208319002e-13    1.7281993206198e-12    1.87746389062604e-12    1.18405861489497e-10    1.3702057840432e-06    1.08814457444539e-05
210.000000000639    4.50423568695277e-12    6.59447504016662e-13    1.85836769731329e-12    1.19707417394361e-10    1.36321960714076e-06    1.09410884922095e-05
212.000000000648    1.97139585139339e-12    -2.28102107918713e-12    1.86547284477535e-12    1.19298803006886e-10    1.365823138174e-06    1.09223991415293e-05
214.000000000658    3.69729675988933e-13    1.25694822484485e-12    1.88806124209247e-12    1.18376881484165e-10    1.37406740813263e-06    1.08801140381966e-05
216.000000000667    4.24604786370595e-12    1.22696777792281e-12    1.87219045879099e-12    1.19342038626696e-10    1.36828010976297e-06    1.0924378180322e-05
218.000000000677    2.59393760048005e-12    -2.28510849838389e-12    1.87048923919507e-12    1.19130460288843e-10    1.36765830498277e-06    1.09146901141919e-05
220.000000000686    1.03980436777678e-13    6.89913585790137e-13    1.88555011307608e-12    1.18337719637078e-10    1.37315334652619e-06    1.08783141909525e-05
222.000000000696    3.84577252286405e-12    1.70578372037344e-12    1.87906507490027e-12    1.18532007717011e-10    1.37078994557353e-06    1.08872405924094e-05
224.000000000706    3.19457177225402e-12    -2.12238022815976e-12    1.8889558624278e-12    1.17784506215824e-10    1.37439290685655e-06    1.08528570531367e-05
226.000000000715    -1.11223701389837e-16    7.56824481364478e-14    1.86476883255783e-12    1.19794278752123e-10    1.365565389338e-06    1.09450572749585e-05
228.000000000725    3.33282764638535e-12    2.05683387291682e-12    1.88378084351674e-12    1.18144089226679e-10    1.3725089593535e-06    1.08694107120246e-05
230.000000000734    3.72840526267141e-12    -1.80911452614772e-12    1.87668458109646e-12    1.19052813960423e-10    1.36992137770113e-06    1.0911132570014e-05
232.000000000744    6.40231334759656e-14    -5.43351317295487e-13    1.86907136915139e-12    1.18697390443486e-10    1.36713984988786e-06    1.08948331994338e-05
234.000000000753    2.74555076256267e-12    2.26083833563448e-12    1.87336503278763e-12    1.18610366768835e-10    1.36870925794344e-06    1.08908386623267e-05
236.000000000763    4.15781408072325e-12    -1.3536484034242e-12    1.87333402370507e-12    1.18680029614121e-10    1.36869793003708e-06    1.08940364243066e-05
238.000000000772    2.89087245311428e-13    -1.12417376828494e-12    1.88172532090866e-12    1.18379563167256e-10    1.37175993559682e-06    1.08802372753196e-05
240.000000000782    2.12637995918353e-12    2.29745707658647e-12    1.87873081228981e-12    1.18051882785808e-10    1.3706680168025e-06    1.08651683275411e-05
242.000000000791    4.45171747956747e-12    -8.08618096025674e-13    1.87031496157945e-12    1.1874942609416e-10    1.36759458962063e-06    1.08972210262139e-05
244.000000000801    6.60686690840703e-13    -1.61773183913414e-12    1.87558036170337e-12    1.18811794295565e-10    1.3695182954977e-06    1.09000823068252e-05
246.000000000811    1.52008609859016e-12    2.16971470117134e-12    1.87362678143693e-12    1.18773019582537e-10    1.36880487339672e-06    1.08983035185543e-05
248.00000000082    4.58831910542267e-12    -2.04356652775e-13    1.87459177463854e-12    1.18837498918759e-10    1.36915732281483e-06    1.09012613453104e-05
250.00000000083    1.15084690975375e-12    -1.99894556240977e-12    1.87719437437103e-12    1.18951342596627e-10    1.3701074316891e-06    1.09064816781867e-05
252.000000000839    9.70870041852999e-13    1.88102945424448e-12    1.87251180261269e-12    1.18857074560284e-10    1.36839753091408e-06    1.09021591696453e-05
254.000000000849    4.55902719666476e-12    4.16793231461666e-13    1.88641991136732e-12    1.17758140859388e-10    1.37347002564546e-06    1.08516423116222e-05
256.000000000858    1.72250322891545e-12    -2.23160126587892e-12    1.88698944411976e-12    1.18233067188711e-10    1.37367734352605e-06    1.08735029860991e-05
258.000000000811    5.18365605274552e-13    1.45923253103925e-12    1.87795261596039e-12    1.18776027556402e-10    1.37038411256119e-06    1.08984415196119e-05
260.000000000764    4.36712474467278e-12    1.00176579702467e-12    1.88327205201309e-12    1.18023511048052e-10    1.3723235959474e-06    1.08638626210042e-05
262.000000000716    2.33576722885113e-12    -2.30364857688033e-12    1.87780836151172e-12    1.18520594599954e-10    1.3703314786964e-06    1.0886716428747e-05
264.000000000669    1.94174862535146e-13    9.31907164213504e-13    1.87219467721761e-12    1.18712527630423e-10    1.36828165127563e-06    1.08955278729588e-05
266.000000000622    4.02546740368271e-12    1.51834849725558e-12    1.87436868423361e-12    1.18372200970418e-10    1.36907585042517e-06    1.08798989411858e-05
268.000000000575    2.94602232226839e-12    -2.21267123707094e-12    1.87267800626466e-12    1.18334154151565e-10    1.36845825886506e-06    1.08781503092925e-05
270.000000000527    2.31089696749413e-14    3.38970219576976e-13    1.87753894378674e-12    1.18215815549591e-10    1.37023317132039e-06    1.08727096691483e-05
272.00000000048    3.55992622534211e-12    1.92422634951923e-12    1.89690649044013e-12    1.17482391226095e-10    1.37728228422044e-06    1.08389294317332e-05
274.000000000433    3.50724080955694e-12    -1.95965426264354e-12    1.87336205752766e-12    1.18500346825327e-10    1.36870817105596e-06    1.08857864587416e-05
276.000000000385    1.46642360268894e-14    -2.7461275182715e-13    1.86873534137997e-12    1.18761781617586e-10    1.36701694992416e-06    1.08977879231331e-05
278.000000000338    3.00525329632188e-12    2.19231771474658e-12    1.88951154447997e-12    1.17875856201775e-10    1.37459504744886e-06    1.0857064806004e-05
280.000000000291    3.9820262594825e-12    -1.56595212820663e-12    1.88214636064899e-12    1.17860436752882e-10    1.37191339399874e-06    1.0856354671476e-05
282.000000000243    1.69271154163215e-13    -8.75983299461915e-13    1.87914930501555e-12    1.18383073825906e-10    1.37082066843753e-06    1.08803986060211e-05
284.000000000196    2.40043154349318e-12    2.30014591148469e-12    1.87035600217543e-12    1.18969119897255e-10    1.36760959420796e-06    1.09072966356128e-05
286.000000000149    4.33512414971202e-12    -1.06501399959235e-12    1.87706940598971e-12    1.18725115834111e-10    1.37006182560165e-06    1.08961055351951e-05
288.000000000102    4.76338561014505e-13    -1.40514432643864e-12    1.87298394049706e-12    1.18592161571908e-10    1.36857003492581e-06    1.08900028269926e-05
290.000000000054    1.78875915510465e-12    2.24918948739264e-12    1.87538924038303e-12    1.18375014309887e-10    1.36944851687817e-06    1.0880028231116e-05
292.000000000007    4.54174093155999e-12    -4.85954461660363e-13    1.88982146580756e-12    1.17937112425421e-10    1.37470777468774e-06    1.08598854701797e-05
293.99999999996    9.12071246968139e-13    -1.84092860905229e-12    1.86294139311931e-12    1.1899882444788e-10    1.36489611074194e-06    1.09086582331594e-05
295.999999999912    1.21461177264229e-12    2.03147777168478e-12    1.86693721630356e-12    1.18948920939663e-10    1.36635910956896e-06    1.09063706584573e-05
297.999999999865    4.58947394710596e-12    1.30890327332261e-13    1.89449476812064e-12    1.17640016473823e-10    1.37640646907067e-06    1.08461982497935e-05
