0 0 0
2.99999999999998 2.84550230276467e-19 8.37492206197209e-21
5.99999999999992 2.10482053613902e-19 2.30990760297041e-21
8.99999999999985 1.48835838181687e-19 8.58917029681621e-22
11.9999999999998 1.31393073142559e-19 4.69631128998078e-22
14.9999999999997 1.09048044645595e-19 2.65870743233642e-22
18 1.03235222362501e-19 1.82938397656716e-22
21.0000000000005 8.63251886308905e-20 1.16251586229807e-22
24.000000000001 1.05797357490274e-19 1.1188297502674e-22
27.0000000000014 1.04481612896046e-19 8.89629705466158e-23
30.0000000000019 1.93552656270063e-19 1.35320107461715e-22
33.000000000002 1.63443868273504e-19 9.53200705678582e-23
36.0000000000014 3.91799214539049e-19 1.93108847225103e-22
39.0000000000008 7.1444633695653e-19 3.00913937013688e-22
42.0000000000002 3.61971856811141e-18 1.31543917568291e-21
44.9999999999996 5.23285962193618e-17 1.6549980796237e-20
47.999999999999 1.85655090411898e-16 5.15039387989997e-20
50.9999999999984 1.72752495106613e-16 4.23453338520307e-20
53.9999999999978 1.24942290014533e-16 2.72474512380123e-20
56.9999999999972 1.95586053827293e-16 3.8196646593092e-20
59.9999999999966 2.28373756823537e-16 4.01885166608597e-20
62.999999999996 3.03948695477391e-16 4.84823455665116e-20
65.9999999999969 6.40522308604753e-16 9.31229575649413e-20
68.9999999999984 8.57576316491232e-16 1.14230916599835e-19
71.9999999999999 1.53623255440633e-15 1.88376457104774e-19
75.0000000000015 4.3809746970638e-15 4.96679224558974e-19
78.000000000003 2.62209114889453e-14 2.75905735424988e-18
81.0000000000045 2.29585448794778e-13 2.24969962893567e-17
84.0000000000061 2.34840130614204e-12 2.14908755075828e-16
87.0000000000076 2.74329911231042e-11 2.3497102533979e-15
90.0000000000091 3.91493606230353e-10 3.14206588661878e-14
93.0000000000107 7.94213592506337e-09 5.96851067172463e-13
96.0000000000122 9.65120391615604e-08 6.78409057446514e-12
99.0000000000137 3.42941830943481e-07 2.25956492399801e-11
102.000000000015 1.15439160513922e-06 7.14735121056698e-11
105.000000000017 3.73544237802254e-06 2.1773060552484e-10
108.000000000018 5.52810023454623e-06 3.03319004503842e-10
111.00000000002 7.15201388663389e-06 3.69650485629014e-10
114.000000000021 8.12615991952864e-06 3.96170228132344e-10
117.000000000023 7.21775890797779e-06 3.32096867659592e-10
120.000000000024 5.80242284877371e-06 2.52353098115625e-10
123.000000000026 5.07178494762959e-06 2.08780929002696e-10
126.000000000028 5.98374747205736e-06 2.33406347548131e-10
129.000000000028 8.55438551645166e-06 3.1657931871242e-10
132.000000000025 1.24347984615452e-05 4.37200926908322e-10
135.000000000022 1.69135680405197e-05 5.65526035695348e-10
138.000000000019 1.9969523332354e-05 6.35749177574431e-10
141.000000000017 2.12005020701388e-05 6.43339195319661e-10
144.000000000014 2.03187534875185e-05 5.88318987784386e-10
147.000000000011 1.76241613069985e-05 4.87437685953228e-10
150.000000000009 1.42151104334795e-05 3.75910641435072e-10
153.000000000006 1.14528705270251e-05 2.89844143677678e-10
156.000000000003 9.71412991868306e-06 2.35452924648683e-10
159 8.98783233337833e-06 2.0883510423882e-10
161.999999999998 9.90496153183174e-06 2.20833257449806e-10
164.999999999995 1.24804894079565e-05 2.67193009968321e-10
167.999999999992 1.53368209620727e-05 3.15440838894238e-10
170.999999999989 1.79620556021651e-05 3.55277770447284e-10
173.999999999987 1.97928742938174e-05 3.76804737287756e-10
176.999999999984 1.97826723425215e-05 3.62673180962236e-10
179.999999999981 1.75377393449474e-05 3.09810251988755e-10
182.999999999979 1.45546596320171e-05 2.47885159540338e-10
185.999999999976 1.21139695170724e-05 1.99074569047803e-10
188.999999999973 1.06685615314296e-05 1.69254746804682e-10
191.99999999997 1.07581539353023e-05 1.64885061767322e-10
194.999999999968 1.23255159324501e-05 1.82571116435204e-10
197.999999999965 1.56439812435182e-05 2.24098668333718e-10
200.999999999962 1.92261973436977e-05 2.66508425090026e-10
203.999999999959 2.17619879125719e-05 2.92009421543551e-10
206.999999999957 2.25724302652414e-05 2.933328665232e-10
209.999999999954 2.2051766142763e-05 2.7771696021871e-10
212.999999999951 2.0335960693184e-05 2.48345302647253e-10
215.999999999949 1.83675046864584e-05 2.17582552063641e-10
218.999999999946 1.57040425236644e-05 1.80491235368354e-10
221.999999999943 1.37039637487696e-05 1.52882066769827e-10
224.99999999994 1.28100015940666e-05 1.38807246205844e-10
227.999999999938 1.27165158766219e-05 1.33906471812938e-10
230.999999999935 1.38705339303692e-05 1.4199036495034e-10
233.999999999932 1.59617161516124e-05 1.58899673266322e-10
236.999999999929 1.84092246425848e-05 1.7827717940819e-10
239.999999999927 2.0473199666506e-05 1.92920980932838e-10
242.999999999924 2.19237118327897e-05 2.01092299534774e-10
245.999999999921 2.22825130630135e-05 1.99041353583552e-10
248.999999999919 2.22976718685723e-05 1.94077375264314e-10
251.999999999916 2.13215595162696e-05 1.80888276135394e-10
254.999999999913 1.96771908202088e-05 1.62755689052738e-10
257.99999999991 1.77404795446531e-05 1.43079220005146e-10
260.999999999908 1.54794838035034e-05 1.21757269956966e-10
263.999999999905 1.36454692617475e-05 1.04733470151026e-10
266.999999999902 1.25881553247551e-05 9.43177092189678e-11
269.999999999899 1.28915454768119e-05 9.43232358665321e-11
272.999999999897 1.4100836092231e-05 1.00771261912227e-10
275.999999999894 1.59300600819259e-05 1.11214183421185e-10
278.999999999891 1.82656095184386e-05 1.24607369830913e-10
281.999999999889 2.02616514516182e-05 1.3510764278582e-10
284.999999999886 2.20645443857582e-05 1.43850535687173e-10
287.999999999883 2.30274636802555e-05 1.46831720496505e-10
290.99999999988 2.28378463221002e-05 1.4246260767409e-10
293.999999999878 2.18542327944003e-05 1.33382166964817e-10
296.999999999875 2.01339370580143e-05 1.20257308695297e-10
299.999999999872 1.78996702676358e-05 1.04662371481029e-10
302.999999999869 1.55696092735805e-05 8.91506832111784e-11
305.999999999867 1.39654252037767e-05 7.83267860868904e-11
308.999999999864 1.31351084245798e-05 7.21703817674689e-11
311.999999999861 1.32091021181581e-05 7.11085424027611e-11
314.999999999859 1.38211523762994e-05 7.2906079722003e-11
317.999999999856 1.47793863719324e-05 7.64073029456117e-11
320.999999999853 1.63573985862369e-05 8.29088602147346e-11
323.99999999985 1.77499931497087e-05 8.82309507016423e-11
326.999999999848 1.91350190318906e-05 9.33112022036838e-11
329.999999999845 2.05457356358365e-05 9.83021513494174e-11
332.999999999842 2.15998681630015e-05 1.014054153044e-10
335.999999999839 2.2048693892503e-05 1.01570588148571e-10
338.999999999837 2.17871617770586e-05 9.85012900085768e-11
341.999999999834 2.07699387551078e-05 9.2172834281265e-11
344.999999999831 1.91725772966257e-05 8.35403359214608e-11
347.999999999829 1.73938823019238e-05 7.444209492158e-11
350.999999999826 1.57028950097382e-05 6.60206950695543e-11
353.999999999823 1.47851284746804e-05 6.10743063198118e-11
356.99999999982 1.42712939442132e-05 5.79274512838759e-11
359.999999999818 1.35076780428e-05 5.38788493507338e-11
362.999999999815 1.32257856461778e-05 5.18452886725969e-11
365.999999999812 1.34838111347392e-05 5.19547636185629e-11
368.999999999809 1.45824985556002e-05 5.52424143834889e-11
371.999999999807 1.56450176142133e-05 5.82815358820135e-11
374.999999999804 1.69829376887302e-05 6.22210725670945e-11
377.999999999801 1.88226094128965e-05 6.78342412608791e-11
380.999999999798 2.03119880232632e-05 7.20148838500597e-11
383.999999999796 2.12035027767182e-05 7.39661876151215e-11
386.999999999793 2.18737539467938e-05 7.50835986302632e-11
389.99999999979 2.18727747567174e-05 7.38920301707396e-11
392.999999999788 2.10208592529884e-05 6.98999864786167e-11
395.999999999785 1.95354322180988e-05 6.3946885507334e-11
398.999999999782 1.79271740367446e-05 5.77732439282309e-11
401.999999999779 1.63773686876798e-05 5.19654122469372e-11
404.999999999777 1.47207747769951e-05 4.59988591142402e-11
407.999999999774 1.34703712952978e-05 4.14564134399079e-11
410.999999999771 1.27324639872933e-05 3.86002336920763e-11
413.999999999768 1.24744444041142e-05 3.72591708836543e-11
416.999999999766 1.26084621656921e-05 3.71053385928667e-11
419.999999999763 1.37202187167339e-05 3.97866867048571e-11
422.99999999976 1.49809310601929e-05 4.28097444242595e-11
425.999999999758 1.63548664223032e-05 4.60610938188509e-11
428.999999999755 1.78045310018233e-05 4.94251190203377e-11
431.999999999752 1.92497955093043e-05 5.26776322575926e-11
434.999999999749 2.02742074072356e-05 5.47010796942089e-11
437.999999999747 2.08561135688243e-05 5.54852788099471e-11
440.999999999744 2.10378902589216e-05 5.51924790425147e-11
443.999999999741 2.10875804619857e-05 5.45594772977577e-11
446.999999999738 2.04606834292443e-05 5.22110286735112e-11
449.999999999736 1.95350919015305e-05 4.91713045138228e-11
452.999999999733 1.81865807226951e-05 4.51580060866548e-11
455.99999999973 1.71122931844815e-05 4.19209635820064e-11
458.999999999728 1.59881579222375e-05 3.8646257778009e-11
461.999999999725 1.47068406859205e-05 3.50800804659191e-11
464.999999999722 1.38208992840521e-05 3.25355757592436e-11
467.999999999719 1.32807257310479e-05 3.08566317131522e-11
470.999999999717 1.30023201687302e-05 2.98179870924976e-11
473.999999999714 1.33086540679903e-05 3.01267928541308e-11
476.999999999711 1.36836673445326e-05 3.05794337099386e-11
479.999999999708 1.42999526976916e-05 3.15501794460594e-11
482.999999999706 1.52629480710294e-05 3.32484693817628e-11
485.999999999703 1.63138434103826e-05 3.50938095596946e-11
488.9999999997 1.73739436046595e-05 3.69100845156238e-11
491.999999999698 1.86390438046063e-05 3.91101422470689e-11
494.999999999695 1.96458138262458e-05 4.07189496902286e-11
497.999999999692 2.02264446984818e-05 4.14127598512033e-11
500.999999999689 2.06153676844472e-05 4.169877976198e-11
503.999999999687 2.07613831436556e-05 4.14881733555653e-11
506.999999999684 2.05833330316021e-05 4.06390588759615e-11
509.999999999681 1.98128772503472e-05 3.86515668530425e-11
512.999999999678 1.87829432898828e-05 3.62077877830177e-11
515.999999999676 1.76178385620012e-05 3.3561477068634e-11
518.999999999673 1.64844240549668e-05 3.10358070553063e-11
521.99999999967 1.49511257173295e-05 2.78235377165185e-11
524.999999999668 1.35376735934973e-05 2.49034207012374e-11
527.999999999665 1.26526595814061e-05 2.30090079270052e-11
530.999999999662 1.22727258465494e-05 2.2065081210818e-11
533.999999999659 1.21526839607724e-05 2.16029934918813e-11
536.999999999657 1.24094764373075e-05 2.18127918543582e-11
539.999999999654 1.29923871248912e-05 2.25831695839417e-11
542.999999999651 1.40633386097678e-05 2.41716891983799e-11
545.999999999648 1.52294306894944e-05 2.58845181954014e-11
548.999999999646 1.62927157958814e-05 2.73853627056631e-11
551.999999999643 1.73963262674126e-05 2.89190262204346e-11
554.99999999964 1.84635873301722e-05 3.03578330526599e-11
557.999999999638 1.9247103980573e-05 3.13038608037392e-11
560.999999999635 1.978116059657e-05 3.18285156239776e-11
563.999999999632 2.0180986790949e-05 3.21271509204343e-11
566.999999999629 2.003080037025e-05 3.15517263480291e-11
569.999999999627 1.94845905612333e-05 3.03697262073036e-11
572.999999999624 1.90395765124781e-05 2.93652112090026e-11
575.999999999621 1.82440773881866e-05 2.78444867590864e-11
578.999999999618 1.71279652674412e-05 2.58697687469998e-11
581.999999999616 1.59178168595441e-05 2.37928444236332e-11
584.999999999613 1.46960811183564e-05 2.17393085084396e-11
587.99999999961 1.3820804581588e-05 2.02333841077989e-11
590.999999999608 1.30331549519367e-05 1.8884644952227e-11
593.999999999605 1.25939898477282e-05 1.80631863150525e-11
596.999999999602 1.2473839359095e-05 1.77107217091632e-11
599.999999999599 1.2436998449652e-05 1.74821048165488e-11
602.999999999597 1.25863989686044e-05 1.75168149805319e-11
605.999999999594 1.29130715818724e-05 1.77952283541743e-11
608.999999999591 1.36217140965088e-05 1.85891244410861e-11
611.999999999588 1.44771872492225e-05 1.95649178404052e-11
614.999999999586 1.53631912726841e-05 2.0560630660213e-11
617.999999999583 1.62145305526928e-05 2.14893070663984e-11
620.99999999958 1.71097186492922e-05 2.2455975427507e-11
623.999999999578 1.79644994522236e-05 2.33498382250005e-11
626.999999999575 1.86332680937459e-05 2.39857201725025e-11
629.999999999572 1.92423568960386e-05 2.45322530740047e-11
632.999999999569 1.9535947710151e-05 2.46691115853577e-11
635.999999999567 1.93922490354613e-05 2.42563881743754e-11
638.999999999564 1.88254906318937e-05 2.33273010987815e-11
641.999999999561 1.82354473029917e-05 2.23867450408152e-11
644.999999999558 1.76002572690194e-05 2.14081737043906e-11
647.999999999556 1.66108996088661e-05 2.00201129681286e-11
650.999999999553 1.56567395354611e-05 1.86989678614225e-11
653.99999999955 1.47186661727916e-05 1.74198529317856e-11
656.999999999548 1.39838063296572e-05 1.64002572136459e-11
659.999999999545 1.3278934095971e-05 1.54323150937174e-11
662.999999999542 1.27323487535602e-05 1.46628817353374e-11
665.999999999539 1.20798752063095e-05 1.37858815523598e-11
668.999999999537 1.19039107451841e-05 1.34624168993575e-11
671.999999999534 1.17758449584685e-05 1.31979134101211e-11
674.999999999531 1.21227989552595e-05 1.34655466296685e-11
677.999999999528 1.24479463708507e-05 1.37042683119533e-11
680.999999999526 1.30190832433123e-05 1.4207461661831e-11
683.999999999523 1.37767898123647e-05 1.49038870338097e-11
686.99999999952 1.47566586707707e-05 1.58265122275713e-11
689.999999999518 1.56999983072417e-05 1.66943469204116e-11
692.999999999515 1.66049356948204e-05 1.75066140184249e-11
695.999999999512 1.75151934070481e-05 1.83101579160599e-11
698.999999999509 1.8212375699092e-05 1.88782335117956e-11
701.999999999507 1.87070048083875e-05 1.9227243611334e-11
704.999999999504 1.88014916724335e-05 1.91612455978871e-11
707.999999999501 1.87025374269107e-05 1.88990463255587e-11
710.999999999498 1.85470554993585e-05 1.85833312796302e-11
713.999999999496 1.81149977446354e-05 1.79968960983926e-11
716.999999999493 1.75299860574256e-05 1.72692416947027e-11
719.99999999949 1.65916466580444e-05 1.62085929980334e-11
722.999999999487 1.55238425955862e-05 1.50404330552837e-11
725.999999999485 1.45569786647459e-05 1.39882540829036e-11
728.999999999482 1.35100269355033e-05 1.28767732382144e-11
731.999999999479 1.27152752797391e-05 1.20219981747067e-11
734.999999999477 1.20973244303581e-05 1.13463666966216e-11
737.999999999474 1.16443622893956e-05 1.08348192208088e-11
740.999999999471 1.14409677113124e-05 1.05611173797515e-11
743.999999999468 1.13322682046845e-05 1.03779466521189e-11
746.999999999466 1.137404260152e-05 1.03335937459803e-11
749.999999999463 1.18004904967188e-05 1.06359619270725e-11
752.99999999946 1.24228505624884e-05 1.11081163841494e-11
755.999999999457 1.31074433430815e-05 1.16273002186276e-11
758.999999999455 1.36618190132289e-05 1.2023414026463e-11
761.999999999452 1.43626919922817e-05 1.25406828709788e-11
764.999999999449 1.5138996273194e-05 1.31150217278617e-11
767.999999999447 1.58374946811987e-05 1.36135134550282e-11
770.999999999444 1.65991694442023e-05 1.4158171637413e-11
773.999999999441 1.70283984876009e-05 1.4413275771316e-11
776.999999999438 1.73496444954723e-05 1.45738587240748e-11
779.999999999436 1.73662509339579e-05 1.44780220803907e-11
782.999999999433 1.74008744399177e-05 1.43983032291195e-11
785.99999999943 1.75330069721478e-05 1.43993122216866e-11
788.999999999427 1.73713662581729e-05 1.416019490387e-11
791.999999999425 1.70101172065365e-05 1.37624566212351e-11
794.999999999422 1.64960717830231e-05 1.32470964097258e-11
797.999999999419 1.5968085239231e-05 1.27276660781472e-11
800.999999999417 1.51771373358658e-05 1.2007140312063e-11
803.999999999414 1.44744198120035e-05 1.13662311146674e-11
806.999999999411 1.36919845820444e-05 1.06725710495568e-11
809.999999999408 1.31093968343826e-05 1.01434020730034e-11
812.999999999406 1.24062009620615e-05 9.52906479909557e-12
815.999999999403 1.19863104338235e-05 9.13946910238683e-12
818.9999999994 1.16591973532081e-05 8.82572335416282e-12
821.999999999397 1.13395251854278e-05 8.52205966976985e-12
824.999999999395 1.11683182271161e-05 8.33343137071721e-12
827.999999999392 1.10460715053207e-05 8.18365896048118e-12
830.999999999389 1.12668314134128e-05 8.28819540988929e-12
833.999999999387 1.16614083956026e-05 8.51805139873413e-12
836.999999999384 1.21280920751699e-05 8.79668841438969e-12
839.999999999381 1.2715025851255e-05 9.15766311862774e-12
842.999999999378 1.33825650882711e-05 9.57093249291255e-12
845.999999999376 1.41084112555544e-05 1.0019754036466e-11
848.999999999373 1.50120719210859e-05 1.05874225700565e-11
851.99999999937 1.57572934045113e-05 1.10357686988742e-11
854.999999999367 1.64522788929934e-05 1.14426930797337e-11
857.999999999365 1.68908161792995e-05 1.16665619436963e-11
860.999999999362 1.7176788727974e-05 1.17824209368154e-11
863.999999999359 1.74030792105672e-05 1.18556891931283e-11
866.999999999357 1.74963563322712e-05 1.18377679316158e-11
869.999999999354 1.75670030113417e-05 1.18048183196756e-11
872.999999999351 1.73141205706753e-05 1.15561958567368e-11
875.999999999348 1.67744188277027e-05 1.11204688168256e-11
878.999999999346 1.60957198798991e-05 1.05988403360944e-11
881.999999999343 1.53382384783226e-05 1.00324679825305e-11
884.99999999934 1.44972067163948e-05 9.41931225523633e-12
887.999999999337 1.37722160193673e-05 8.88904212782571e-12
890.999999999335 1.29602679270529e-05 8.30975611284896e-12
893.999999999332 1.21719380951085e-05 7.75290288070498e-12
896.999999999329 1.16130181249176e-05 7.34840679945365e-12
