0    1.00000000000001    -0.380546675183181    1.00000000000025    0.144815772030234    4.80085721420855e-07    6.10409931079035e-06
0.1    0.957141679120605    -0.474523621574067    0.916120193910174    0.225172667458776    6.03082965160849e-07    5.19695754884342e-06
0.2    0.905524016157845    -0.555543112428291    0.819973743838979    0.308628149795364    5.88171313881592e-07    5.37130022811729e-06
0.3    0.846482569298141    -0.622972115643912    0.71653274012597    0.388094256904212    6.22825757980536e-07    5.86172741603652e-06
0.4    0.781370348654149    -0.677069617281729    0.610539621756219    0.45842326667424    5.58246901480233e-07    5.31161082407017e-06
0.5    0.711477090608049    -0.718807095133718    0.506199650460432    0.516683640045429    5.81049758444585e-07    5.55472638691367e-06
0.6    0.637968709081547    -0.749651683833719    0.407004073767563    0.561977647105293    6.22647476666456e-07    5.52844125516527e-06
0.7    0.561848683329156    -0.771349811570191    0.315673942959026    0.594980531839411    5.65557471345316e-07    5.48109596720873e-06
0.8    0.483939920179387    -0.785737387342647    0.234197846343579    0.617383241898638    5.89679447931331e-07    5.5308204633216e-06
0.900000000000001    0.404883670709941    -0.794589762229458    0.163930786807901    0.631372890269778    5.88053328019764e-07    5.46918291853165e-06
1    0.325151321691449    -0.799513973714227    0.105723381998042    0.639222594194408    5.87852697707842e-07    5.48588429980223e-06
1.1    0.245065020744207    -0.801878630233971    0.0600568643927017    0.643009337656421    5.85534582917231e-07    5.52382045804175e-06
1.2    0.16482376634137    -0.802773184319909    0.0271668739513009    0.644444785493141    5.88601761574143e-07    5.47848238545279e-06
1.3    0.0845324805924371    -0.802987496194491    0.00714574027546    0.644788919074513    5.90962885694918e-07    5.46038611111209e-06
1.4    0.00423245659300725    -0.803003536412619    1.79136891536326e-05    0.64481467952177    5.84758194225555e-07    5.53148284544565e-06
1.5    -0.0760677032569435    -0.802992996895067    0.0057862954791324    0.644797753092486    5.8820301854711e-07    5.47397153108423e-06
1.6    -0.156361033882669    -0.802816928809317    0.0244487729172009    0.644515021213147    5.86268855249996e-07    5.50662931021097e-06
1.7    -0.236611150850716    -0.802026015816862    0.0559848367072554    0.643245730077203    5.95807748548128e-07    5.48950567310921e-06
1.8    -0.31672128883497    -0.799862609047225    0.100312374801644    0.639780193381872    5.99355101259076e-07    5.48075161300602e-06
1.9    -0.396503771595777    -0.795268146525168    0.157215240890012    0.632451424908047    5.79591003791429e-07    5.51994002176926e-06
2    -0.47565073261136    -0.786901953293393    0.226243619434029    0.619214684127147    5.52524729035997e-07    5.49463018250061e-06
2.1    -0.553707609511224    -0.77317940529049    0.30659211683101    0.597806392795616    6.13033843956119e-07    5.50084998711686e-06
2.2    -0.63005179858697    -0.752338523652752    0.396965268902974    0.566013254202498    5.46336398357709e-07    5.52236310095809e-06
2.29999999999999    -0.703879750118757    -0.722543453682473    0.495446702627578    0.522069042489821    5.7822457909178e-07    5.51593609168471e-06
2.39999999999999    -0.77420649370008    -0.68203000916513    0.599395694887805    0.465164933432135    6.57933094851861e-07    5.50881136803192e-06
2.49999999999999    -0.83988179466354    -0.629291704124137    0.705401429007585    0.396008048910101    5.79327558764629e-07    5.53538026100883e-06
2.59999999999999    -0.899626494259136    -0.563294318453422    0.80932782917342    0.317300489232393    6.61299364433272e-07    5.52156893074142e-06
2.69999999999999    -0.952090763356387    -0.483694292083201    0.906476821668846    0.233960168224634    5.46894946798759e-07    5.54666327643157e-06
2.79999999999998    -0.99593290299009    -0.391024210359162    0.991882347258685    0.152899933117594    6.45927095463671e-07    5.53066740162382e-06
2.89999999999998    -1.02991325306087    -0.286802048596008    1.06072130883085    0.0822554151094491    6.54973416800377e-07    5.53012914283336e-06
2.99999999999998    -1.05299352138796    -0.173524636965321    1.10879535608544    0.0301107996648714    6.48671354641882e-07    5.56103557210002e-06
3.09999999999998    -1.06442862574764    -0.0545227381868514    1.13300829931137    0.00297272901001125    6.07667818787804e-07    5.53347135786821e-06
3.19999999999998    -1.06383721686596    0.066316706909083    1.13174962398936    0.00439790564597566    4.93766114884045e-07    5.54170004600025e-06
3.29999999999997    -1.051239217906    0.184923578004624    1.10510389326406    0.0341967297328107    6.62222088673382e-07    5.5478165815457e-06
3.39999999999997    -1.02705383942901    0.297450020595648    1.05483958908604    0.0884765147830266    4.09985080128837e-07    5.53852077455818e-06
3.49999999999997    -0.992058421198345    0.400636588722058    0.984179911070963    0.160509676253489    6.40143201470691e-07    5.53548806553836e-06
3.59999999999997    -0.947315247732324    0.492078156564995    0.897406178586599    0.242140912199037    6.66733304297837e-07    5.53474091192932e-06
3.69999999999997    -0.894078355358735    0.570355025129822    0.799376105521344    0.325304854721385    6.03175003767285e-07    5.52677921765976e-06
3.79999999999996    -0.833694201970716    0.635026752509248    0.695046022399966    0.40325897643305    6.13395943127655e-07    5.53246623623685e-06
3.89999999999996    -0.767508874393473    0.686513542483377    0.589069872273026    0.471300844043402    5.38610505221123e-07    5.50696196609854e-06
3.99999999999996    -0.696791129266032    0.725905666352807    0.485517877824145    0.526939036473398    5.58545136868695e-07    5.50319068858557e-06
4.09999999999996    -0.622676283035691    0.754743991196156    0.387725753455453    0.569638492277218    5.55655489623072e-07    5.52397119717486e-06
4.19999999999995    -0.546131963051694    0.774807329814731    0.298260121067065    0.600326398364793    6.07393703525925e-07    5.49183099381841e-06
4.29999999999995    -0.4679437544459    0.787930036570373    0.218971357325244    0.620833742560048    5.6506649332817e-07    5.50080962146062e-06
4.39999999999995    -0.388717078862417    0.795860648788021    0.151100967399685    0.633394172319399    5.95440780358588e-07    5.48713890076804e-06
4.49999999999995    -0.30889109262999    0.800162324230251    0.0954137071064891    0.640259745147715    5.82933540176018e-07    5.49159850605522e-06
4.59999999999995    -0.228760668255844    0.802149429816704    0.0523314433412009    0.643443707785488    5.83451108518773e-07    5.49772077019197e-06
4.69999999999994    -0.148503262103654    0.8028516658197    0.0220532188557775    0.644570797339757    5.92350443604862e-07    5.50358407083338e-06
4.79999999999994    -0.0682083705338836    0.802996704786432    0.0046523818112333    0.644803707928019    5.87989900836446e-07    5.49098186040144e-06
4.89999999999994    0.0120918712957551    0.803003527279702    0.000146213351777834    0.644814664853886    5.87135825456584e-07    5.49930578968717e-06
4.99999999999994    0.0923917094950422    0.802980679357651    0.00853622798376171    0.644777971451749    5.87737599419385e-07    5.48400186018919e-06
5.09999999999994    0.172680712455282    0.80272607057775    0.0298186284544093    0.64436914441539    5.87843844793438e-07    5.49493325814978e-06
5.19999999999993    0.252912721459069    0.801727432433315    0.0639648446761739    0.642766875946336    5.84312703650923e-07    5.4972865768481e-06
5.29999999999993    0.332974937443491    0.799165074609503    0.110872308965822    0.638664816505603    5.70516989444206e-07    5.47632372100956e-06
5.39999999999993    0.41265755900184    0.793921059765887    0.170286261001696    0.63031064917012    5.82123545900021e-07    5.50729460189276e-06
5.49999999999993    0.491624917256277    0.784601240977129    0.241695059267563    0.615599107373108    5.67345935399601e-07    5.5006885227146e-06
5.59999999999993    0.569389796341854    0.769578460201296    0.324204740178542    0.592251006436085    5.69372569755995e-07    5.50331173227216e-06
5.69999999999992    0.645293510716149    0.747066017438063    0.416403714972747    0.55810763444113    6.11537918566775e-07    5.5102169013344e-06
5.79999999999992    0.71849518793705    0.715229446505117    0.516235335089055    0.511553161178441    5.99019266433769e-07    5.51594615545261e-06
5.89999999999992    0.787974340873954    0.672340705039351    0.62090356187608    0.452042023683239    5.81527242096897e-07    5.51619774368305e-06
5.99999999999992    0.852550880138893    0.616971368510401    0.726843003225814    0.38065366959223    4.61815810719482e-07    5.53472336012875e-06
6.09999999999991    0.910925851496342    0.548210402699607    0.829785906924767    0.300534645658682    6.57342225316548e-07    5.53326385853292e-06
6.19999999999991    0.961744098858754    0.465879170356366    0.924951711690001    0.217043401402551    6.03267028331672e-07    5.53308829116737e-06
6.29999999999991    1.0036767188961    0.37070498306747    1.00736695605438    0.137422184501735    5.85901834110543e-07    5.53911208462673e-06
6.39999999999991    1.03551698439634    0.264409656934372    1.07229542497365    0.06991246671085    6.04186503073969e-07    5.54055501710906e-06
6.49999999999991    1.05627926735664    0.149675892702789    1.11572589064777    0.022402872887148    5.32077880840216e-07    5.54718398210205e-06
6.5999999999999    1.06528764429379    0.0299738520810968    1.13483776508516    0.000898431839258134    3.73422029201438e-07    5.5388322831141e-06
6.6999999999999    1.06224053063716    -0.0907399930487342    1.1283549449287    0.00823374636922673    6.20504105498106e-07    5.54458246768773e-06
6.7999999999999    1.04724050606813    -0.208408114235068    1.09671267754999    0.0434339421097491    3.95933695303989e-07    5.54363564770571e-06
6.8999999999999    1.02078410237515    -0.319275124822909    1.04200018366212    0.101936605361371    5.27677870083623e-07    5.53961940841787e-06
6.9999999999999    0.983713359555446    -0.420237799306547    0.967691973768308    0.176599807996674    6.67482209337504e-07    5.53753845896994e-06
7.09999999999989    0.937137492908445    -0.509085348532718    0.878226680615126    0.25916789212122    6.32553853893015e-07    5.52643770999656e-06
7.19999999999989    0.882337326898515    -0.58460180279804    0.77851915843873    0.341759267865309    5.59240400934076e-07    5.53086562825911e-06
7.29999999999989    0.820666353194552    -0.646534268871838    0.673493263265943    0.418006560856134    5.45878979087299e-07    5.52197105651845e-06
7.39999999999989    0.753460538425752    -0.695456145517614    0.567702782965195    0.483659250368611    6.09309920676377e-07    5.51304703106578e-06
7.49999999999988    0.681965337763113    -0.732567307376511    0.465076721910753    0.536654859867206    6.29563038774658e-07    5.50768769102181e-06
7.59999999999988    0.607284061842033    -0.759473488396459    0.368793931767696    0.576799979607403    5.80954214621124e-07    5.50602442983382e-06
7.69999999999988    0.530347905543979    -0.77797831334432    0.281268900915285    0.605250256064246    6.32948638071043e-07    5.49298317921558e-06
7.79999999999988    0.451905224215225    -0.78990873919943    0.204218331673333    0.623955816293936    5.65925425324523e-07    5.50476404890519e-06
7.89999999999988    0.372526197630711    -0.796982395066244    0.138775767921536    0.635180938075775    5.83004956230212e-07    5.49988112959973e-06
7.99999999999987    0.292618670728679    -0.800715967944283    0.085625686459367    0.641146061351029    5.89879456927712e-07    5.48451807727754e-06
8.09999999999987    0.212451358827694    -0.802368131058212    0.0451355798680817    0.64379461776801    5.89920626832678e-07    5.49194218013916e-06
8.19999999999987    0.132181398217108    -0.802908141093992    0.0174719220349718    0.64466148306514    5.85057404732896e-07    5.48915173360256e-06
8.29999999999987    0.0518841264839589    -0.803001226709648    0.00269196258134839    0.644810970127383    5.8732460946129e-07    5.49391283685606e-06
8.39999999999987    -0.028416197949338    -0.803003317662087    0.000807480306241632    0.644814328206503    5.87938361211625e-07    5.49410481177039e-06
8.49999999999986    -0.108715385939218    -0.802959808706648    0.0118190351402586    0.644744454428406    5.87724317397177e-07    5.49445843221193e-06
8.59999999999986    -0.18899825585106    -0.802605481324328    0.0357203407150875    0.64417555868205    5.87079039909428e-07    5.49487264435726e-06
8.69999999999986    -0.269207595863308    -0.801365215087832    0.0724727296708549    0.642186207983051    5.93736950083202e-07    5.50303938023325e-06
8.79999999999986    -0.34921331537405    -0.798357635942578    0.121949939634887    0.637374914898001    5.92883198770325e-07    5.49344802770159e-06
8.89999999999985    -0.428782289385789    -0.792406314097375    0.18385425169125    0.627907766651642    5.76012283644392e-07    5.5003554874156e-06
8.99999999999985    -0.507549976918026    -0.782065385043184    0.25760697906988    0.611626266513006    6.25937461245305e-07    5.50109217483425e-06
9.09999999999985    -0.584995673778256    -0.765668165241997    0.342219938339638    0.586247739295342    6.01377710155311e-07    5.50416904884595e-06
9.19999999999985    -0.660424155949979    -0.741407837752444    0.436160065762589    0.549685581911199    5.89067234147846e-07    5.51773721372183e-06
9.29999999999985    -0.732957320455366    -0.707457706772892    0.537226433609469    0.500496406902845    5.99019266433769e-07    5.52142817980045e-06
9.39999999999984    -0.801539979103984    -0.662133904610231    0.642466338102305    0.438421307664901    5.38198092828935e-07    5.5236295159011e-06
9.49999999999984    -0.864963866809663    -0.604095158950241    0.748162490886575    0.364930961097633    5.01905971559861e-07    5.52411188332133e-06
9.59999999999984    -0.921912830171567    -0.532562637643232    0.849923266435213    0.28362296304416    5.1338771512962e-07    5.53561592400286e-06
9.69999999999984    -0.971029814626712    -0.447529947501642    0.942898900894296    0.200283053941402    5.56254579273763e-07    5.52986187599761e-06
9.79999999999984    -1.01100271185209    -0.349922914981736    1.02212648337259    0.122446046459981    5.58942536518307e-07    5.53774019870996e-06
9.89999999999983    -1.04066186084059    -0.241665870593401    1.08297710860863    0.058402393040431    6.60543449500248e-07    5.54659196878674e-06
9.99999999999983    -1.05907800609883    -0.125620179684215    1.12164622300264    0.0157804295745799    5.99945251321715e-07    5.53944905301765e-06
10.0999999999998    -1.06564709111904    -0.00538280911524772    1.13560372281104    2.89746646941949e-05    7.59228420427859e-07    5.5428332955712e-06
10.1999999999998    -1.06014854655687    0.115036386208521    1.12391494076698    0.0132333701826819    5.7170766869935e-07    5.54670111915143e-06
10.2999999999998    -1.0427671803783    0.231609376668564    1.08736339247445    0.053642903391499    5.83052562073286e-07    5.54058757895726e-06
10.3999999999998    -1.01407481497269    0.340687901916429    1.02834773036234    0.116068246542857    6.7121420082779e-07    5.53522231104609e-06
10.4999999999998    -0.974974910072375    0.439334981220677    0.950576075270915    0.193015225754846    5.28623812647663e-07    5.53836541991627e-06
10.5999999999998    -0.926619615189097    0.525538377649982    0.8586239112536    0.276190586413535    6.41182958303397e-07    5.52812997499489e-06
10.6999999999998    -0.870312413034312    0.598284437100347    0.757443696281887    0.357944267707008    5.29777670938706e-07    5.52536282755337e-06
10.7999999999998    -0.807410073480855    0.657502017573949    0.651911026758633    0.432308903144305    5.23028635227211e-07    5.52195597733029e-06
10.8999999999998    -0.739235413186463    0.703909311538974    0.546468996109313    0.495488318901633    5.93339465322034e-07    5.51014134414742e-06
10.9999999999998    -0.667008451508193    0.738806567454642    0.444900274383729    0.545835144144506    6.09036544492418e-07    5.51324840840611e-06
11.0999999999998    -0.591799263196391    0.763855723160458    0.35022636792016    0.583475565835336    6.07119464500647e-07    5.50905824392591e-06
11.1999999999998    -0.514502180711572    0.78087797475539    0.264712493957324    0.60977041148833    6.0045393432554e-07    5.50008298898993e-06
11.2999999999998    -0.435828536592304    0.791687403874287    0.189946513308557    0.626768945483529    6.05952564000809e-07    5.50645793418353e-06
11.3999999999998    -0.356313936150189    0.797966968176515    0.126959621095162    0.636751282331201    5.67027854634537e-07    5.51186882621086e-06
11.4999999999998    -0.276335881947675    0.801184555613875    0.0763615196521421    0.641896692184358    5.85581983110211e-07    5.4913862260231e-06
11.5999999999998    -0.196138077647573    0.802541877846424    0.0384701455036309    0.644073465727557    5.87746453934107e-07    5.50383622415243e-06
11.6999999999998    -0.115858574378595    0.802947169009637    0.0134232092573862    0.644724156250667    5.88025302898674e-07    5.48424479193058e-06
11.7999999999998    -0.0355598225455922    0.803003013671209    0.00126450097982006    0.644813839995184    5.88261999424552e-07    5.48998092740894e-06
11.8999999999998    0.0447405139348672    0.803002249215779    0.00200171358750187    0.644812612275677    5.88063652727706e-07    5.48430552318454e-06
11.9999999999998    0.125038526828955    0.802927117071549    0.0156346331919    0.644691955358976    5.87214946727998e-07    5.49059768547688e-06
12.0999999999998    0.205313001339695    0.802449292952055    0.042153428519461    0.643924867789278    5.89338099452405e-07    5.47954620287803e-06
12.1999999999998    0.285494396099008    0.800930939976683    0.0815070502042867    0.641490370642106    5.91312830757024e-07    5.49304381385767e-06
12.2999999999998    0.365434079241234    0.797429440208797    0.133542066271248    0.635893712141961    5.99297212129539e-07    5.49964898214154e-06
12.3999999999998    0.444874423161714    0.790710901447783    0.1979132523838    0.625223729698584    5.7637356336274e-07    5.49717549862356e-06
12.4999999999998    0.523420982931563    0.779279719891195    0.27396952537338    0.607276881863964    5.79423370815026e-07    5.50126371801648e-06
12.5999999999998    0.600518795370143    0.761432994909135    0.360622823593119    0.579780205766565    5.58246901480233e-07    5.50176822578775e-06
12.6999999999998    0.675435738530403    0.735348751224103    0.456213436884438    0.540737785957235    5.7170766869935e-07    5.51243278474151e-06
12.7999999999998    0.747256704484774    0.699214803868923    0.558392582397779    0.48890134197989    5.77792405198255e-07    5.51664554234487e-06
12.8999999999998    0.814892785821767    0.651399770983589    0.664050252384634    0.424321661667951    5.23240860285742e-07    5.52072939879083e-06
12.9999999999998    0.87710940667211    0.590658717810317    0.76932091127293    0.348877720955884    4.77535139291348e-07    5.52779357187879e-06
13.0999999999998    0.932575992213369    0.51635382953896    0.869697981253123    0.26662127731017    6.1122013038378e-07    5.53357986575364e-06
13.1999999999998    0.979937161128362    0.428657708648411    0.960276839760663    0.183747431214354    5.91653039934987e-07    5.53605212477548e-06
13.2999999999998    1.01790166720199    0.328697554992217    1.03612380409299    0.108042082688557    6.29563038774658e-07    5.54037592352323e-06
13.3999999999998    1.04534101017095    0.218597717694269    1.09273782754562    0.0477849622118903    6.30091861244022e-07    5.54499481262813e-06
13.4999999999998    1.0613858568287    0.101389840355259    1.12653993707628    0.0102798997579708    5.32911859221687e-07    5.5412836992337e-06
13.5999999999998    1.06550646039263    -0.0192158096314459    1.13530401713878    0.000369247370530541    5.82290401535628e-07    5.54423763711191e-06
13.6999999999998    1.0575641846212    -0.139172542430895    1.11844200459388    0.0193689965974064    6.21219384243364e-07    5.54319503654753e-06
13.7999999999998    1.03782529577236    -0.25449851197208    1.07708134454529    0.0647694926267061    5.48718948350011e-07    5.54103841564975e-06
13.8999999999997    1.0069345859237    -0.361666460512499    1.01391726032955    0.130802628690311    4.70744639603237e-07    5.53826268300124e-06
13.9999999999997    0.965853461643926    -0.45791454564755    0.932872909369928    0.20968573114625    6.10947608947754e-07    5.53609223346586e-06
14.0999999999997    0.915772936623226    -0.541432098197677    0.838640071451699    0.293148716989287    4.14563052154885e-07    5.52697005098658e-06
14.1999999999997    0.858015061157157    -0.611405348094391    0.736189845172754    0.373816499708937    4.84001093176356e-07    5.52392095125421e-06
14.2999999999997    0.793936252717039    -0.667938426617803    0.630334773378611    0.446141741783117    4.85832702723178e-07    5.51828548329777e-06
14.3999999999997    0.724843322277242    -0.711885614764005    0.525397841850316    0.506781128538343    6.37100885106085e-07    5.51524164735146e-06
14.4999999999997    0.651928906612643    -0.744638324073382    0.425011299277488    0.554486233709217    5.75771304558565e-07    5.51388269895612e-06
14.5999999999997    0.576228788290563    -0.767906271158355    0.332039616455145    0.589680041314739    5.78656430213082e-07    5.51443638502459e-06
14.6999999999997    0.498600151108884    -0.783521328432436    0.248602110686129    0.61390567213885    5.72120182509857e-07    5.50644785307464e-06
14.7999999999997    0.419717619446687    -0.793279586492297    0.176162880074343    0.629292502375526    5.9059657869108e-07    5.48962701854395e-06
14.8999999999997    0.340082964783876    -0.798825887547733    0.115656422936539    0.638122798646595    5.90114674839974e-07    5.49290233198494e-06
14.9999999999997    0.260044361103961    -0.801577239170286    0.0676230697423135    0.642526070386049    5.88560499414339e-07    5.49456956536469e-06
15.0999999999997    0.17982166996699    -0.80267729235476    0.0323358329900644    0.644290835692179    5.89155573473723e-07    5.4963978881971e-06
15.1999999999997    0.099535102982663    -0.802972779179487    0.00990723672611533    0.644765284133465    5.8821260334213e-07    5.49876067529346e-06
15.2999999999997    0.0192354985358889    -0.803003486804442    0.000370004404270479    0.644814599850167    5.88469445329243e-07    5.484022104912e-06
15.3999999999997    -0.0610647910443281    -0.802999132978918    0.00372890870563308    0.644807607595257    5.8790175519211e-07    5.51028742044083e-06
15.4999999999997    -0.141360854581993    -0.802878806556443    0.0199828912084986    0.644614378047712    5.89120239332963e-07    5.49667056931231e-06
15.5999999999997    -0.221624161549916    -0.802251112291513    0.0491172689830566    0.643606847203007    5.94402725262215e-07    5.4805692990805e-06
15.6999999999997    -0.30177156776467    -0.800415675419566    0.091066079111511    0.640665253487608    6.03520023531861e-07    5.49987103643574e-06
15.7999999999997    -0.381634660237847    -0.796369168047018    0.145645013895192    0.634203851846136    5.78320573876054e-07    5.49870010369169e-06
15.8999999999997    -0.460930152290641    -0.788821427663478    0.212456605291008    0.622239244771263    5.78584477410257e-07    5.49682205297579e-06
15.9999999999997    -0.539232705815784    -0.776229329430138    0.290771911021746    0.602531971897878    5.77504109593514e-07    5.50603451171797e-06
16.0999999999997    -0.615952398395498    -0.756857377614181    0.379397357089537    0.572833090079411    6.08626249981204e-07    5.51325847708004e-06
16.1999999999997    -0.690319955151077    -0.728873757585543    0.476541640480106    0.531256954527264    5.6688098793111e-07    5.51318799597635e-06
16.2999999999997    -0.761383629404894    -0.690487886015661    0.579705031126063    0.4767735207648    5.43126373547542e-07    5.5157297803962e-06
16.3999999999998    -0.82802194795955    -0.640129429846524    0.685620346303027    0.409765686986189    5.46387199082944e-07    5.52752744744784e-06
16.4999999999998    -0.888976076379528    -0.576659020083488    0.790278464375482    0.332535625474224    5.83718636208799e-07    5.52948542192394e-06
16.5999999999998    -0.942903972789744    -0.499588402578934    0.889067901902958    0.249588572022014    5.24406562887662e-07    5.53561592400286e-06
16.6999999999998    -0.988455631712289    -0.409275280113664    0.977044535864107    0.167506254942826    6.05838041015152e-07    5.54146667653398e-06
16.7999999999998    -1.02436478431535    -0.307050092013031    1.04932321134562    0.0942797590358574    4.37241815063989e-07    5.53593430381694e-06
16.8999999999998    -1.04954812280185    -0.19523351728007    1.10155126207723    0.0381161263003376    5.85333089274238e-07    5.54887898617514e-06
16.9999999999999    -1.06319960377555    -0.0770179429621017    1.13039339746889    0.0059317635688048    6.26380728393307e-07    5.539968636268e-06
17.0999999999999    -1.06486594978995    0.0437873911040386    1.13393949102247    0.00191733565043286    6.48157691089259e-07    5.54389941480305e-06
17.1999999999999    -1.05449103604578    0.163115785361318    1.11195134510114    0.0266067594647719    4.95337550002177e-07    5.5436713206562e-06
17.2999999999999    -1.03242148112949    0.277047915272673    1.06589411469783    0.0767555473876198    4.57346715129101e-07    5.53945656880754e-06
17.3999999999999    -0.99937245246506    0.382190528187522    0.998745298746256    0.14606959986692    4.76487784246191e-07    5.53737555816437e-06
17.4999999999999    -0.956359661553862    0.475964645710529    0.914623802247726    0.226542343996948    5.55055753355896e-07    5.53155058460113e-06
17.6    -0.904608866989637    0.556763001015189    0.818317202236696    0.309985039330065    6.49526557853918e-07    5.53407139667486e-06
17.7    -0.845456655316807    0.623968318433806    0.714796956019813    0.3893364624396    5.74226643681457e-07    5.52170967809459e-06
17.8    -0.780255599018506    0.677852921005302    0.608798799800048    0.459484582545887    5.65361131304216e-07    5.51966346171687e-06
17.9    -0.710293827174185    0.719398241453659    0.504517320922138    0.517533829837085    6.21933840355551e-07    5.51982939941109e-06
18    -0.636734833845541    0.750077716167285    0.405431248632652    0.562616580321009    5.86138648248224e-07    5.50259551839762e-06
18.1    -0.560579221735987    0.771640683808797    0.314249063842426    0.595429344939169    5.48415369378863e-07    5.50104171993908e-06
18.2    -0.48264687631546    0.785923153527959    0.232948007217419    0.617675203281587    5.90244004736494e-07    5.5004261329519e-06
18.3000000000001    -0.403576128801838    0.794698466483765    0.16287369173901    0.63154565266196    5.76277244250543e-07    5.50570179979338e-06
18.4000000000001    -0.323835724343336    0.799570211445689    0.104869576361313    0.639312523061465    5.82945443459294e-07    5.49194218013916e-06
18.5000000000001    -0.243745562065106    0.801902665205919    0.0594118990267896    0.643047884494397    5.9597077299084e-07    5.48090353664476e-06
18.6000000000001    -0.163502851721369    0.802780472586539    0.0267331825213603    0.644456487196447    5.8321617752132e-07    5.49357939079709e-06
18.7000000000001    -0.0832112198778642    0.802988471391219    0.00692410711390733    0.644790485217313    5.87420962841525e-07    5.48702761711611e-06
18.8000000000001    -0.00291117076509101    0.803003536629338    8.47491556918156e-06    0.644814679869389    5.87929384245781e-07    5.49218476066226e-06
18.9000000000002    0.0773889715123163    0.802992249322051    0.00598905291207825    0.6447965525015    5.86629732594828e-07    5.49665037117508e-06
19.0000000000002    0.157682009015675    0.80281054950632    0.0248636159675674    0.644504778428698    5.89914745593595e-07    5.48256429379619e-06
19.1000000000002    0.237930813787221    0.802004023067574    0.0566110721497976    0.643210453046866    5.90396812634414e-07    5.5037857944128e-06
19.2000000000002    0.318037369700047    0.799809987536322    0.101147768526055    0.639696016193069    5.74782234026793e-07    5.49699372941455e-06
19.3000000000002    0.397812254686301    0.795165045835032    0.158254589978938    0.632287450148007    5.8236189645904e-07    5.49355918129455e-06
19.4000000000002    0.476945392525448    0.786724134630291    0.227476907451609    0.618934864040036    5.96046447753906e-07    5.50055732939783e-06
19.5000000000002    0.554979610359048    0.772899082189928    0.308002367914654    0.597372991280352    6.10811302633869e-07    5.50621598247595e-06
19.6000000000003    0.631289403201727    0.751925745880209    0.398526310595105    0.56539232734793    5.58694194862774e-07    5.5155838482398e-06
19.7000000000003    0.705068200067331    0.721968154538513    0.497121166746523    0.521238016198113    5.79997910738843e-07    5.51059970849315e-06
19.8000000000003    0.775328129355003    0.681264755957729    0.601133708169487    0.464121667740617    5.9892658920471e-07    5.52025176376099e-06
19.9000000000003    0.840916481908277    0.628315047313056    0.707140529545401    0.394779798710491    6.37536390581173e-07    5.52111147706392e-06
20.0000000000003    0.900552404558469    0.562094440243793    0.810994633356368    0.315950159783564    5.71998885800518e-07    5.5300074313691e-06
20.1000000000003    0.952885513103936    0.482272438974364    0.907990801083702    0.232586705424892    5.91653039934987e-07    5.53266690675935e-06
20.2000000000004    0.996574997444542    0.389397228015421    0.993161725531886    0.151630201216764    5.45370285491499e-07    5.53803214445054e-06
20.3000000000004    1.03038370881963    0.285003303568116    1.06169058740124    0.081226883075459    5.79423370815026e-07    5.54251089328368e-06
20.4000000000004    1.05327747639828    0.171602779651507    1.10939344228812    0.0294475140148304    4.36987826186871e-07    5.54137902349135e-06
20.5000000000004    1.06451670893131    0.0525381471568416    1.13319582359415    0.00276025693741746    4.35460781937911e-07    5.54468367962313e-06
20.6000000000004    1.0637264590047    -0.0682974361713579    1.13151397958717    0.00466453981832195    7.0588107599777e-07    5.54447796872782e-06
20.7000000000004    1.05093334770427    -0.186834237414978    1.10446090131738    0.0349070323011462    6.9254338971509e-07    5.54163008314751e-06
20.8000000000005    1.02656291229693    -0.299231324216041    1.05383141290382    0.089539385422772    5.13171415261107e-07    5.53956679922104e-06
20.9000000000005    0.991397846399273    -0.402241496201825    0.982869689845508    0.161798221297335    6.24961166844093e-07    5.53647826475331e-06
21.0000000000005    0.946504379558457    -0.493475171579455    0.895870540523534    0.243517744995981    4.41034096090458e-07    5.53243362658946e-06
21.1000000000005    0.893138870491667    -0.571529168518773    0.797697041983515    0.326645590498251    6.20504105498106e-07    5.52179513009441e-06
21.2000000000005    0.832648488804739    -0.635978423379925    0.693303505909114    0.40446855503528    5.46590354769117e-07    5.51942711760056e-06
21.3000000000005    0.766378618904487    -0.687255843439996    0.587336187514275    0.472320594372825    5.71124789021516e-07    5.51404377700132e-06
21.4000000000005    0.695596215256832    -0.726460913957828    0.48385409468001    0.527745459538877    6.17275094306707e-07    5.51667069849467e-06
21.5000000000006    0.621434053729074    -0.755140079694021    0.386180283134443    0.570236539990624    5.41847283708355e-07    5.50731476099215e-06
21.6000000000006    0.544856832364592    -0.775074438837422    0.296868967774765    0.600740385769467    6.22870320335831e-07    5.50650833945115e-06
21.7000000000006    0.466647117916767    -0.788097959544774    0.217759532660344    0.621098393868924    5.64992809826239e-07    5.50338233985988e-06
21.8000000000006    0.38740745659291    -0.795956825178803    0.150084537424136    0.633547267578949    5.90526080740522e-07    5.49815492924727e-06
21.9000000000006    0.307574435498016    -0.800210524944735    0.094602033372277    0.640336884262615    5.94764500639699e-07    5.50331173227216e-06
22.0000000000006    0.227440768013889    -0.802168969381488    0.0517293029550939    0.643475055468799    5.88389525355137e-07    5.49910390176777e-06
22.1000000000007    0.147182220155646    -0.802856990333873    0.0216626059302884    0.644579346958241    5.8604985416063e-07    5.50241392823598e-06
22.2000000000007    0.0668870951032375    -0.802997215169563    0.00447388349169504    0.644804527600248    5.87797364805286e-07    5.49313476456588e-06
22.3000000000007    -0.0134131572093675    -0.803003522977307    0.000179912786669031    0.644814657944207    5.88067363125345e-07    5.49917456338265e-06
22.4000000000007    -0.0937129572424017    -0.80297934757069    0.008782118355461    0.644775832655217    5.87182450133086e-07    5.49234647505874e-06
22.5000000000007    -0.174001536527616    -0.802717488205748    0.0302765347143161    0.644355365901521    5.87070175328402e-07    5.4932358191422e-06
22.6000000000007    -0.254231889271178    -0.80170058759892    0.0646338535227434    0.642723832186581    5.92332872088967e-07    5.48874720336194e-06
22.7000000000007    -0.334289863556045    -0.799103945862544    0.111749712876681    0.638567116323261    6.01608432477306e-07    5.4930640252563e-06
22.8000000000008    -0.41396381449181    -0.793804858186649    0.171366039708968    0.630126152910959    5.98462987781262e-07    5.49842752322631e-06
22.9000000000008    -0.492915775608664    -0.784404923083068    0.242965961844224    0.615291083387168    5.77504109593514e-07    5.49677155888515e-06
23.0000000000008    -0.570655850748108    -0.769273667616483    0.325648099993383    0.591781975718495    5.79950054151382e-07    5.51179832733726e-06
23.1000000000008    -0.646522412701587    -0.746622587541455    0.41799123012583    0.557445288257445    5.90948942291839e-07    5.50880632963317e-06
23.2000000000008    -0.719671570438899    -0.714617603164688    0.517927169298307    0.510678318783255    5.62802477718033e-07    5.51461757930025e-06
23.3000000000008    -0.789079995641667    -0.671533945475119    0.622647239522237    0.450957839955834    6.19519248783213e-07    5.51849672859617e-06
23.4000000000009    -0.853565253489083    -0.6159499043167    0.728573641964266    0.379394284658241    6.18443070931647e-07    5.5216996248312e-06
23.5000000000009    -0.91182689866589    -0.546964812675133    0.831428293130966    0.299170506335324    5.57849006275382e-07    5.52999237409454e-06
23.6000000000009    -0.96250949195293    -0.464413709586997    0.92642452209977    0.215680093682986    5.31138089913774e-07    5.53444503128015e-06
23.7000000000009    -1.00428533966682    -0.369039845642485    1.00858904347004    0.13619040770254    5.81145286560059e-07    5.54172461887316e-06
23.8000000000009    -1.03595056140013    -0.262581493035831    1.07319356566554    0.0689490405155867    5.44861116969056e-07    5.53719761488494e-06
23.9000000000009    -1.05652395599836    -0.147736097342791    1.11624286959886    0.0218259544888228    6.62724851308378e-07    5.54473577098103e-06
24.000000000001    -1.06533531960521    -0.0279845652586268    1.13493934319867    0.000783135923482607    5.78464536183526e-07    5.54691482011993e-06
24.100000000001    -1.06208958290095    0.0927117044164017    1.128034282107    0.0085954601664831    5.24724032332272e-07    5.53975249492922e-06
24.200000000001    -1.0468960016302    0.210296943845901    1.09599123822963    0.0442248046216582    5.7808055702659e-07    5.54365066792337e-06
24.300000000001    -1.02025728108203    0.321023902384222    1.04092491960134    0.103056345932657    6.64063690756476e-07    5.53737806436691e-06
24.400000000001    -0.983020557254764    0.421802452186662    0.966329415985718    0.177917308701326    5.02016560075373e-07    5.53572873784263e-06
24.500000000001    -0.936298670283095    0.510437734255275    0.876655199974355    0.260546680582258    6.81066208006527e-07    5.5316885692038e-06
24.600000000001    -0.881374431753896    0.585730221024178    0.776820888949724    0.343079891851552    4.70744639603237e-07    5.52438822067835e-06
24.7000000000011    -0.819601736727127    0.647441955348448    0.67174700684643    0.419181085575964    5.53854332567626e-07    5.52646282157296e-06
24.8000000000011    -0.752315597834003    0.696158372589707    0.565978758744663    0.484636479757219    5.73646323529487e-07    5.51992996528285e-06
24.9000000000011    -0.680759488314984    0.73308781479925    0.463433480931242    0.537417744237526    6.03267028331672e-07    5.51242271455941e-06
25.0000000000011    -0.606034072058546    0.759840884105395    0.367277296496274    0.57735816918834    6.41182958303397e-07    5.50203055154655e-06
25.1000000000011    -0.529067574321724    0.778222892420122    0.27991249819904    0.605630870317049    6.05379732423183e-07    5.50523798598523e-06
25.2000000000011    -0.45060534462421    0.790059953475463    0.203045176604239    0.624194730115977    5.79973982938724e-07    5.50702244682829e-06
25.3000000000012    -0.371214738438411    0.797067025329289    0.137800382034246    0.635315842897431    5.8984416615061e-07    5.49083021561592e-06
25.4000000000012    -0.291301108113219    0.800756928461497    0.0848563355883392    0.641211658509277    5.91723403619596e-07    5.49410481177039e-06
25.5000000000012    -0.211131101588473    0.802383771207432    0.044576342058312    0.643819716327197    5.91436032542715e-07    5.48964724252229e-06
25.6000000000012    -0.13086026431444    0.802911889068994    0.0171244087767895    0.644667501638525    5.86813044227291e-07    5.49409470799477e-06
25.7000000000012    -0.0505628434973558    0.80300144927064    0.00255660114288435    0.644811327560963    5.88439275087037e-07    5.4968725466026e-06
25.8000000000012    0.029737483940384    0.803003274521137    0.000884317951450856    0.644814258921755    5.88436787700337e-07    5.48513544959779e-06
25.9000000000012    0.110036599033456    0.802957643507353    0.0121080531271967    0.644740977296994    5.89280698182631e-07    5.48746262219623e-06
26.0000000000013    0.190318878967733    0.802594231055731    0.0362212756918838    0.64415749975408    5.90948942291839e-07    5.48995059325733e-06
26.1000000000013    0.270526161724988    0.801332844539474    0.0731844041780019    0.642134327767905    5.89738281148204e-07    5.49364001885866e-06
26.2000000000013    0.350526902259883    0.798287124732181    0.12286910920826    0.637262333543455    5.92426580817934e-07    5.50290824296262e-06
26.3000000000013    0.430086035981544    0.792275955519359    0.184973998346651    0.62770118972441    5.77263753271623e-07    5.5042093898655e-06
26.4000000000013    0.508836639306228    0.781849370251874    0.258914725500787    0.611288437793489    5.74999492811404e-07    5.49875058007284e-06
26.5000000000013    0.586255262945366    0.765337626450125    0.343695233331458    0.585741682490654    5.64083255253664e-07    5.50848386252766e-06
26.6000000000014    0.661643708442599    0.740932489188027    0.437772396922042    0.548980953564699    6.06067065346099e-07    5.50755666442944e-06
26.7000000000014    0.734120867503846    0.706808185671146    0.538933448105008    0.499577811362118    6.39969744428766e-07    5.51182854125065e-06
26.8000000000014    0.802628784061205    0.661284780753683    0.644212965003913    0.43729756128693    5.87604765687297e-07    5.52118688412513e-06
26.9000000000014    0.865956991732603    0.603028459021209    0.749881511530911    0.363643322419984    5.75964095893135e-07    5.52178005042583e-06
27.0000000000014    0.922788064310318    0.53127147786135    0.85153781163392    0.282249383219599    5.79997910738843e-07    5.53319864844744e-06
27.1000000000014    0.971764948184577    0.446021688981389    0.944327114520455    0.198935347072447    5.30405990199974e-07    5.53500167498152e-06
27.2000000000015    1.01157707176731    0.348221123764313    1.02328817212568    0.121257951066345    6.01977404258375e-07    5.53747580538108e-06
27.3000000000015    1.04105795416715    0.23981041111739    1.08380166393504    0.0575090333110672    5.9679104073348e-07    5.54756455106474e-06
27.4000000000015    1.05928306042327    0.123665026693037    1.12208060210011    0.0152930388577125    6.54803888282771e-07    5.5428431170391e-06
27.5000000000015    1.06565426156568    0.00339161922584044    1.13561900519335    1.15031116661001e-05    5.07296458797133e-07    5.54012722132759e-06
27.6000000000015    1.05995759031171    -0.116996353397324    1.1235100932597    0.0136881467390529    5.4097577514265e-07    5.54810408869063e-06
27.7000000000015    1.0423844809991    -0.233473985917957    1.08656540622817    0.0545101021311163    6.29210243544501e-07    5.54055501710906e-06
27.8000000000015    1.01351275216012    -0.342402305553975    1.02720809879155    0.117239338879351    5.97162989065465e-07    5.53836667279372e-06
27.9000000000016    0.974250685181447    -0.440858193384562    0.949164397576863    0.194355946704934    5.86470027391745e-07    5.53479356699707e-06
28.0000000000016    0.9257537272254    -0.526845631797648    0.857019963472136    0.277566319774786    6.45067120251458e-07    5.52479516507349e-06
28.1000000000016    0.86932701513377    -0.59936724824361    0.755729459241827    0.359241098297677    6.60711505335431e-07    5.52803457917582e-06
28.2000000000016    0.806327423324117    -0.658366336620729    0.650163913604742    0.433446233225865    4.81932211780436e-07    5.51954780522227e-06
28.3000000000016    0.738076576607569    -0.704572431406397    0.544757032937184    0.496422311128434    6.60039025257531e-07    5.52379533445297e-06
28.4000000000016    0.665792347740722    -0.739293503040257    0.443279450310377    0.546554883667933    5.24088901134401e-07    5.51353032432591e-06
28.5000000000017    0.590542072761757    -0.764195663477192    0.348739939702077    0.583995012107657    5.70395351809955e-07    5.50561105668806e-06
28.6000000000017    0.513217085977075    -0.781101227560312    0.263391777339149    0.610119127726496    5.9071405657872e-07    5.50174804636515e-06
28.7000000000017    0.434525735614654    -0.791823003644074    0.188812614911796    0.626983669130188    5.83028759637642e-07    5.50133435188971e-06
28.8000000000017    0.355000859978016    -0.798040988057437    0.126025610585471    0.636869418649944    5.82909732880254e-07    5.50034539512206e-06
28.9000000000017    0.275017549455811    -0.801219023620424    0.0756346525090247    0.641951923841461    5.87439419539678e-07    5.49511509551573e-06
29.0000000000017    0.194817534080811    -0.802554166973112    0.037953871585672    0.644093190956054    5.86653388927307e-07    5.49073922673428e-06
29.1000000000017    0.114537374793316    -0.802949679988328    0.0131188102248891    0.644728188623571    5.8699186571527e-07    5.49653928009362e-06
29.2000000000018    0.0342385346928423    -0.803003080425919    0.00117227725825968    0.64481394720367    5.88825705702912e-07    5.49129524635436e-06
29.3000000000018    -0.0460617999333647    -0.803002085409443    0.00212168941344857    0.644812349202077    5.89284745891295e-07    5.49215443868281e-06
29.4000000000018    -0.126359685560944    -0.802923803984988    0.0159667701354071    0.64468663503589    5.88498600750134e-07    5.49241722360996e-06
29.5000000000018    -0.206633360586958    -0.802434830971795    0.0426973457078078    0.643901657986981    5.90044119311973e-07    5.49971963675311e-06
29.6000000000018    -0.286812232111681    -0.800892281761459    0.0822612564892396    0.641428447015211    5.958019254216e-07    5.48945511171973e-06
29.7000000000018    -0.36674611199759    -0.79734857776986    0.134502710665703    0.635764754501832    5.95021111014527e-07    5.49670086637898e-06
29.8000000000019    -0.446175339101769    -0.790565230406678    0.199072433222908    0.624993383558358    5.74468270725049e-07    5.51303696200567e-06
29.9000000000019    -0.524703004188832    -0.779042710559288    0.275313242605121    0.606907544905852    5.79375466770398e-07    5.50349329281037e-06
