0 0 0
2.99999999999998 1.28261249523566e-14 6.75533875035499e-18
5.99999999999992 9.34127137640129e-15 5.29075027763298e-19
8.99999999999985 1.10507124485312e-14 1.11221885669596e-19
11.9999999999998 1.10577039669457e-14 3.84157545939692e-20
14.9999999999997 1.02641100671019e-14 1.61575917696381e-20
18 1.16439478456086e-14 8.24539450134463e-21
21.0000000000005 1.19935998227198e-14 4.91229790420518e-21
24.000000000001 1.66343283887397e-14 4.06964875194907e-21
27.0000000000014 6.88426909615276e-13 1.00362991317002e-19
30.0000000000019 3.02132796761805e-12 3.09035743517369e-19
33.000000000002 2.25330407107953e-11 1.55418169710627e-18
36.0000000000014 1.75997364505354e-09 8.32676471254096e-17
39.0000000000008 6.57607286641318e-09 2.38764205021591e-16
42.0000000000002 1.46829954545109e-08 3.8779940640116e-16
44.9999999999996 2.8310079625293e-08 5.59753812711135e-16
47.999999999999 3.89497600664047e-08 6.19546198636941e-16
50.9999999999984 6.87203696963719e-08 8.38457683124373e-16
53.9999999999978 1.27845400596558e-07 1.23721757824461e-15
56.9999999999972 1.95064160530683e-07 1.56203283359062e-15
59.9999999999966 6.81531360647874e-07 4.36305550933105e-15
62.999999999996 1.61297650541794e-06 8.51753549930499e-15
65.9999999999969 3.92576223731502e-06 1.7475646084734e-14
68.9999999999984 7.02191824522916e-06 2.58739004476113e-14
71.9999999999999 8.2850125967022e-06 2.57377780453834e-14
75.0000000000015 1.02911460458358e-05 2.74965831290367e-14
78.000000000003 1.19871109777945e-05 2.72592460068966e-14
81.0000000000045 1.30421227291634e-05 2.53660469732092e-14
84.0000000000061 1.39699908100166e-05 2.36423624633839e-14
87.0000000000076 1.51040288258567e-05 2.23211303591212e-14
90.0000000000091 1.68234118870764e-05 2.16159520335884e-14
93.0000000000107 1.7173018194701e-05 1.93077710284836e-14
96.0000000000122 1.80590081462023e-05 1.79762864709901e-14
99.0000000000137 1.92420651208829e-05 1.69805613865792e-14
102.000000000015 1.99065225977187e-05 1.55470775884243e-14
105.000000000017 2.05524487486353e-05 1.42702215285045e-14
108.000000000018 2.09554711909879e-05 1.30361969306867e-14
111.00000000002 2.14470491111931e-05 1.19928490973053e-14
114.000000000021 2.1830311176658e-05 1.09619685897021e-14
117.000000000023 2.24303825388253e-05 1.01326626971274e-14
120.000000000024 2.28816319566624e-05 9.34179959338108e-15
123.000000000026 2.28564353820304e-05 8.47698943483181e-15
126.000000000028 2.3027543865195e-05 7.76639009895025e-15
129.000000000028 2.39583504390233e-05 7.34708207130247e-15
132.000000000025 2.43827592444752e-05 6.81208949755518e-15
135.000000000022 2.44846619919502e-05 6.25365568979573e-15
138.000000000019 2.45123030668116e-05 5.74515171015931e-15
141.000000000017 2.46952337570824e-05 5.31731082493601e-15
144.000000000014 2.52820229654851e-05 5.00145572785565e-15
147.000000000011 2.51629670479226e-05 4.57927000593638e-15
150.000000000009 2.55960051876851e-05 4.29537992252944e-15
153.000000000006 2.54959801733932e-05 3.95700133431474e-15
156.000000000003 2.63560802201764e-05 3.79003783832182e-15
159 2.61273024894229e-05 3.48246247201349e-15
161.999999999998 2.64082136909657e-05 3.26430420241868e-15
164.999999999995 2.66122577866078e-05 3.05487674601081e-15
167.999999999992 2.65251000561766e-05 2.83361158252888e-15
170.999999999989 2.71416379849915e-05 2.70409600152388e-15
173.999999999987 2.7021989132928e-05 2.51324938355201e-15
176.999999999984 2.70554571514657e-05 2.34981773288622e-15
179.999999999981 2.73548925296143e-05 2.22021743187045e-15
182.999999999979 2.7630973739375e-05 2.09851423139392e-15
185.999999999976 2.71557182766094e-05 1.93313340546886e-15
188.999999999973 2.71674068374084e-05 1.81554727669788e-15
191.99999999997 2.74841429560451e-05 1.72552304562685e-15
194.999999999968 2.8087919388292e-05 1.65723455722195e-15
197.999999999965 2.82412473928217e-05 1.5668967302985e-15
200.999999999962 2.80527263008658e-05 1.46527811337504e-15
203.999999999959 2.86519467226224e-05 1.41091212294251e-15
206.999999999957 2.84856728033437e-05 1.32404684115814e-15
209.999999999954 2.84212547900285e-05 1.24756851949593e-15
212.999999999951 2.78618550491349e-05 1.15537513210455e-15
215.999999999949 2.90527269890991e-05 1.13883471557533e-15
218.999999999946 2.88371185184883e-05 1.06962646203422e-15
221.999999999943 2.87843246037948e-05 1.01148787361392e-15
224.99999999994 2.88916701705692e-05 9.6263869421495e-16
227.999999999938 2.89275516138812e-05 9.1429094094531e-16
230.999999999935 2.93820925007948e-05 8.81223281152599e-16
233.999999999932 2.87802193437716e-05 8.19541132994356e-16
236.999999999929 2.9165004518965e-05 7.89199533904972e-16
239.999999999927 2.89846100790423e-05 7.46011115156704e-16
242.999999999924 2.95527992788086e-05 7.24068449933822e-16
245.999999999921 2.98298177505852e-05 6.9598598555797e-16
248.999999999919 2.93458615350383e-05 6.52229274015556e-16
251.999999999916 2.94881397680835e-05 6.2461763409552e-16
254.999999999913 2.95480716297888e-05 5.96893725051762e-16
257.99999999991 2.96704551496898e-05 5.72050843375379e-16
260.999999999908 2.92460644336782e-05 5.38548051637689e-16
263.999999999905 2.92469313764252e-05 5.14633166489579e-16
266.999999999902 2.99536803121726e-05 5.03808271158753e-16
269.999999999899 2.98969580432077e-05 4.80825440912829e-16
272.999999999897 2.95770535933024e-05 4.55044555802483e-16
275.999999999894 2.97791497412941e-05 4.38541604022468e-16
278.999999999891 2.99597201994994e-05 4.2257488872801e-16
281.999999999889 2.99413357557761e-05 4.04732140506724e-16
284.999999999886 2.99612937962964e-05 3.88302489092948e-16
287.999999999883 3.00678487752999e-05 3.73704451632442e-16
290.99999999988 3.01896122698089e-05 3.59939850162328e-16
293.999999999878 2.96819003966335e-05 3.39625545780481e-16
296.999999999875 2.99862537738704e-05 3.29459495528091e-16
299.999999999872 2.98661306267596e-05 3.15253444761944e-16
302.999999999869 3.03894469658575e-05 3.08322942825493e-16
305.999999999867 3.00066742589718e-05 2.92712578627542e-16
308.999999999864 3.03998908197664e-05 2.85189483309291e-16
311.999999999861 3.05966917541263e-05 2.76120003642703e-16
314.999999999859 2.99243369162594e-05 2.59896812007894e-16
317.999999999856 3.02969123705563e-05 2.53364430977669e-16
320.999999999853 3.02507531145352e-05 2.43693275803591e-16
323.99999999985 3.0521677163264e-05 2.36930321462547e-16
326.999999999848 3.01268581458406e-05 2.2539961273229e-16
329.999999999845 3.06318188817659e-05 2.20939253192424e-16
332.999999999842 3.07080587342914e-05 2.136009812463e-16
335.999999999839 3.05006131221838e-05 2.04685630025585e-16
338.999999999837 3.04022059565812e-05 1.969219310064e-16
341.999999999834 3.02851965849313e-05 1.89396033945944e-16
344.999999999831 3.04088524658103e-05 1.8365436921781e-16
347.999999999829 3.02737222959014e-05 1.76610196923465e-16
350.999999999826 3.09539532034562e-05 1.74470860132925e-16
353.999999999823 3.08131941202882e-05 1.67856656441572e-16
356.99999999982 3.08777123246293e-05 1.62630219866033e-16
359.999999999818 3.04850723892711e-05 1.55291453074734e-16
362.999999999815 3.09739349111775e-05 1.52646497483067e-16
365.999999999812 3.04735960199765e-05 1.45328631872698e-16
368.999999999809 3.06638236629809e-05 1.41537662268632e-16
371.999999999807 3.1114091586444e-05 1.39029694808894e-16
374.999999999804 3.05566694344991e-05 1.32215388972421e-16
377.999999999801 3.10458185803958e-05 1.30118598424092e-16
380.999999999798 3.07594313507349e-05 1.24914301161955e-16
383.999999999796 3.10292766465728e-05 1.22128847719264e-16
386.999999999793 3.05240159587613e-05 1.16468198638943e-16
389.99999999979 3.09066426176411e-05 1.14342587735566e-16
392.999999999788 3.11172393728655e-05 1.1164202015561e-16
395.999999999785 3.13559822844081e-05 1.09122423479127e-16
398.999999999782 3.10807806703132e-05 1.04946476296824e-16
401.999999999779 3.09612860305805e-05 1.01462355809865e-16
404.999999999777 3.1190611953859e-05 9.92269568837387e-17
407.999999999774 3.13333225754871e-05 9.6787490204092e-17
410.999999999771 3.06058048378304e-05 9.18104777093037e-17
413.999999999768 3.06120855117667e-05 8.91923526197131e-17
416.999999999766 3.12848554418697e-05 8.85541763231355e-17
419.999999999763 3.10233226813874e-05 8.53333174564241e-17
422.99999999976 3.13820821470787e-05 8.39027557882568e-17
425.999999999758 3.09563549629375e-05 8.04633485421818e-17
428.999999999755 3.10928107837274e-05 7.85826264074723e-17
431.999999999752 3.15422740246084e-05 7.75260584771775e-17
434.999999999749 3.14222494475332e-05 7.51190950404186e-17
437.999999999747 3.13955165776877e-05 7.30191561855494e-17
440.999999999744 3.07004721878811e-05 6.94807406782766e-17
443.999999999741 3.15817266861852e-05 6.95666324589386e-17
446.999999999738 3.12125500201056e-05 6.69301988551697e-17
449.999999999736 3.11290550218377e-05 6.49896930392514e-17
452.999999999733 3.08382720979207e-05 6.26926144895137e-17
455.99999999973 3.10783779719011e-05 6.1531900389097e-17
458.999999999728 3.17613012197882e-05 6.12560304593933e-17
461.999999999725 3.08368035041609e-05 5.79447510253489e-17
464.999999999722 3.14670311603577e-05 5.76200027775911e-17
467.999999999719 3.13983228200124e-05 5.60368559615745e-17
470.999999999717 3.11777325750452e-05 5.42402922509293e-17
473.999999999714 3.13532770031538e-05 5.31764120318009e-17
476.999999999711 3.13525525394709e-05 5.18488078424737e-17
479.999999999708 3.14661391329737e-05 5.07470776017579e-17
482.999999999706 3.10490332876508e-05 4.88417372313232e-17
485.999999999703 3.12098259496751e-05 4.78951973335496e-17
488.9999999997 3.12810023925712e-05 4.68388482210938e-17
491.999999999698 3.12418315930942e-05 4.56511635804684e-17
494.999999999695 3.08979163312831e-05 4.40651051999268e-17
497.999999999692 3.07997331075461e-05 4.28755160411873e-17
500.999999999689 3.12135556711002e-05 4.24196086797506e-17
503.999999999687 3.1527607698359e-05 4.1834516858772e-17
506.999999999684 3.11847533813783e-05 4.04081149250665e-17
509.999999999681 3.18565582860985e-05 4.03163935259003e-17
512.999999999678 3.11373010798879e-05 3.84932593435544e-17
515.999999999676 3.1124161345167e-05 3.75910145680523e-17
518.999999999673 3.14897280514812e-05 3.71620529881687e-17
521.99999999967 3.10918042528228e-05 3.58566267242331e-17
524.999999999668 3.12274447053822e-05 3.51969808579114e-17
527.999999999665 3.12064513011372e-05 3.43797285417021e-17
530.999999999662 3.16504728377196e-05 3.40865922504552e-17
533.999999999659 3.1506440735939e-05 3.31753237873371e-17
536.999999999657 3.14014418064397e-05 3.23325129481475e-17
539.999999999654 3.07969862924122e-05 3.10116826731823e-17
542.999999999651 3.14448562525079e-05 3.09709783288164e-17
545.999999999648 3.15416056284378e-05 3.03900099178412e-17
548.999999999646 3.10912233505782e-05 2.93070818341526e-17
551.999999999643 3.14954517284266e-05 2.90475503500518e-17
554.99999999964 3.12967695656334e-05 2.82448546511536e-17
557.999999999638 3.15532451630076e-05 2.78684769732767e-17
560.999999999635 3.15047901748925e-05 2.72346408890189e-17
563.999999999632 3.15063873761429e-05 2.66612959997592e-17
566.999999999629 3.06457025287649e-05 2.53888480658401e-17
569.999999999627 3.17515082942664e-05 2.57561965924076e-17
572.999999999624 3.14013272297102e-05 2.49433824781402e-17
575.999999999621 3.11935045360006e-05 2.42663494727719e-17
578.999999999618 3.15368601301494e-05 2.40289907969542e-17
581.999999999616 3.13784162054395e-05 2.34186013907055e-17
584.999999999613 3.19957438456331e-05 2.33927921407426e-17
587.99999999961 3.13049605171769e-05 2.24241682206141e-17
590.999999999608 3.13855304669711e-05 2.20289241139593e-17
593.999999999605 3.16075176839473e-05 2.17401471701724e-17
596.999999999602 3.18389126697018e-05 2.14625768282116e-17
599.999999999599 3.13364264579556e-05 2.07051865694667e-17
602.999999999597 3.13868359518614e-05 2.03289422007087e-17
605.999999999594 3.18144820153561e-05 2.0201053390798e-17
608.999999999591 3.13045799560224e-05 1.94880204246261e-17
611.999999999588 3.17753731106664e-05 1.93958384436921e-17
614.999999999586 3.17226188788387e-05 1.89883706581645e-17
617.999999999583 3.1746758870095e-05 1.86364426720897e-17
620.99999999958 3.1763045990706e-05 1.82883663680819e-17
623.999999999578 3.18981307362638e-05 1.80158044265448e-17
626.999999999575 3.15226124471849e-05 1.74656305424199e-17
629.999999999572 3.19053800513244e-05 1.73436238357743e-17
632.999999999569 3.17034773251156e-05 1.690963758999e-17
635.999999999567 3.16232638730596e-05 1.65506842873326e-17
638.999999999564 3.15302827871736e-05 1.61940401549499e-17
641.999999999561 3.14597313141834e-05 1.58577110624345e-17
644.999999999558 3.17760159629876e-05 1.57209950487546e-17
647.999999999556 3.15079958748046e-05 1.53016907026884e-17
650.999999999553 3.12244866811256e-05 1.48864246789059e-17
653.99999999955 3.13846295492572e-05 1.46902742471015e-17
656.999999999548 3.22126631698431e-05 1.48045888508334e-17
659.999999999545 3.20430583920885e-05 1.44607776427725e-17
662.999999999542 3.14593338156153e-05 1.39422999006076e-17
665.999999999539 3.19954064392876e-05 1.39260342206162e-17
668.999999999537 3.14917127178875e-05 1.34624396783814e-17
671.999999999534 3.19751411667585e-05 1.34265906479429e-17
674.999999999531 3.11583390737854e-05 1.28523708333355e-17
677.999999999528 3.1368336008015e-05 1.27113152963882e-17
680.999999999526 3.1532633689698e-05 1.25542591142154e-17
683.999999999523 3.15906709802949e-05 1.23580784219426e-17
686.99999999952 3.18044162546802e-05 1.22258979723279e-17
689.999999999518 3.17043692957819e-05 1.19771016538359e-17
692.999999999515 3.17509993955884e-05 1.17884718105951e-17
695.999999999512 3.11663394455101e-05 1.13731507408721e-17
698.999999999509 3.21385082746694e-05 1.15278969721471e-17
701.999999999507 3.18767074875636e-05 1.12396749289015e-17
704.999999999504 3.17462076131704e-05 1.10041549314605e-17
707.999999999501 3.19382373536899e-05 1.08841526935655e-17
710.999999999498 3.20496581413454e-05 1.07389180262756e-17
713.999999999496 3.14822778908626e-05 1.03725079658629e-17
716.999999999493 3.15412371066339e-05 1.02191901605251e-17
719.99999999949 3.13985630836877e-05 1.00044385107021e-17
722.999999999487 3.13483895043467e-05 9.82374457962285e-18
725.999999999485 3.17560598566933e-05 9.78812092713619e-18
728.999999999482 3.13450511319558e-05 9.50348945948031e-18
731.999999999479 3.17572301543067e-05 9.47160916565679e-18
734.999999999477 3.19493422317241e-05 9.37426985521826e-18
737.999999999474 3.16307751500831e-05 9.13067059747559e-18
740.999999999471 3.16978654256382e-05 9.00273537530555e-18
743.999999999468 3.16564220248412e-05 8.84664427178701e-18
746.999999999466 3.14547034962252e-05 8.64989471510138e-18
749.999999999463 3.17101502365254e-05 8.58135183793697e-18
752.99999999946 3.1859099456289e-05 8.48501929392486e-18
755.999999999457 3.14703392752208e-05 8.24927102775728e-18
758.999999999455 3.17139049570226e-05 8.18250962183306e-18
761.999999999452 3.16543374016583e-05 8.03929529217657e-18
764.999999999449 3.15365605123501e-05 7.88453009270985e-18
767.999999999447 3.16896494942031e-05 7.7998215086678e-18
770.999999999444 3.20262395065054e-05 7.76071288481166e-18
773.999999999441 3.15539628367319e-05 7.52834971522762e-18
776.999999999438 3.18822308316167e-05 7.48982802315835e-18
779.999999999436 3.11678808923117e-05 7.20998249450936e-18
782.999999999433 3.18979339169524e-05 7.26638531474621e-18
785.99999999943 3.18945616126673e-05 7.15516821662548e-18
788.999999999427 3.12100514059788e-05 6.8956385697053e-18
791.999999999425 3.1534210397493e-05 6.86227286769992e-18
794.999999999422 3.1965503842553e-05 6.8517000860625e-18
797.999999999419 3.2176627711281e-05 6.79382321519872e-18
800.999999999417 3.14607277862425e-05 6.54374688311365e-18
803.999999999414 3.15806375815233e-05 6.47113509522283e-18
806.999999999411 3.16164606353073e-05 6.38279522763483e-18
809.999999999408 3.19315688944778e-05 6.35143052400766e-18
812.999999999406 3.22262680928878e-05 6.31599724742293e-18
815.999999999403 3.14155483935701e-05 6.06705792159013e-18
818.9999999994 3.18958200724429e-05 6.06999081972855e-18
821.999999999397 3.16853355459505e-05 5.94242965374329e-18
824.999999999395 3.17287661964939e-05 5.86441799464497e-18
827.999999999392 3.17003590516142e-05 5.77465737586892e-18
830.999999999389 3.12476493845839e-05 5.61037326452536e-18
833.999999999387 3.21362600139731e-05 5.6872993797937e-18
836.999999999384 3.19577377894035e-05 5.5750284108473e-18
839.999999999381 3.17260200726792e-05 5.45589698832903e-18
842.999999999378 3.15952798347259e-05 5.35645294790664e-18
845.999999999376 3.21127365154091e-05 5.36736700571021e-18
848.999999999373 3.17989779665423e-05 5.24013432170899e-18
851.99999999937 3.14932028412868e-05 5.11707487367399e-18
854.999999999367 3.17273709754976e-05 5.08315711830755e-18
857.999999999365 3.20524988133179e-05 5.06379087240568e-18
860.999999999362 3.19699958488742e-05 4.98080087686468e-18
863.999999999359 3.17447936786152e-05 4.87737400660481e-18
866.999999999357 3.16503105497505e-05 4.79588790192786e-18
869.999999999354 3.17147171077396e-05 4.7396830520338e-18
872.999999999351 3.17595321183664e-05 4.6814690976066e-18
875.999999999348 3.13454469162459e-05 4.55744798587088e-18
878.999999999346 3.20114201078253e-05 4.59104853149902e-18
881.999999999343 3.16337820694059e-05 4.47540447857471e-18
884.99999999934 3.18371511928943e-05 4.44338430885273e-18
887.999999999337 3.20377174773565e-05 4.4112222027496e-18
890.999999999335 3.19035209852076e-05 4.33382008169931e-18
893.999999999332 3.16829275345709e-05 4.2463538777784e-18
896.999999999329 3.1798701264381e-05 4.20511886942649e-18
899.999999999327 3.21489190889492e-05 4.19500093180568e-18
902.999999999324 3.15451643176184e-05 4.06177022917877e-18
905.999999999321 3.19213376324913e-05 4.05603632323067e-18
908.999999999318 3.18631208024707e-05 3.99546395844794e-18
911.999999999316 3.19941190491513e-05 3.95937729598975e-18
914.999999999313 3.17306678618426e-05 3.87553181140161e-18
917.99999999931 3.1666448817956e-05 3.81739373498525e-18
920.999999999307 3.19731996858462e-05 3.80439943779766e-18
923.999999999305 3.2049882413764e-05 3.76421929301446e-18
926.999999999302 3.17053075483627e-05 3.6757679151002e-18
929.999999999299 3.18637481014092e-05 3.64665666290847e-18
932.999999999297 3.21386082755026e-05 3.63102585778701e-18
935.999999999294 3.14785846756139e-05 3.51102425642762e-18
938.999999999291 3.20800174717851e-05 3.53258251009123e-18
941.999999999288 3.1608133216244e-05 3.43646171945364e-18
944.999999999286 3.18036063763445e-05 3.41396176640314e-18
947.999999999283 3.16840309617794e-05 3.35827723094026e-18
950.99999999928 3.18810256671997e-05 3.33672157572761e-18
953.999999999277 3.1596379450489e-05 3.26549067170255e-18
956.999999999275 3.125795667223e-05 3.19017666892569e-18
959.999999999272 3.20359987581824e-05 3.22894156394786e-18
962.999999999269 3.1768539003158e-05 3.16228549959095e-18
965.999999999266 3.1986804816315e-05 3.14459749502951e-18
968.999999999264 3.16312055455014e-05 3.07133651645539e-18
971.999999999261 3.19286163527836e-05 3.06211198459793e-18
974.999999999258 3.22916695286731e-05 3.05897342939195e-18
977.999999999256 3.12234786228513e-05 2.92166255986905e-18
980.999999999253 3.15371276432633e-05 2.9150707097789e-18
983.99999999925 3.20711667670495e-05 2.92842596950808e-18
986.999999999247 3.18087037602107e-05 2.86929931687196e-18
989.999999999245 3.1451707907593e-05 2.80282388721824e-18
992.999999999242 3.18759412655939e-05 2.80642290626987e-18
995.999999999239 3.22832832976902e-05 2.80818743791966e-18
998.999999999236 3.21608932852369e-05 2.76409729789438e-18
