0    6.73609448659926e-17    4.95978180570614e-36    4.95978180570614e-36
0.1    -0.000653258489855514    4.95978180570614e-36    4.96626608075868e-36
0.2    -0.000834908958669542    4.95978180570614e-36    4.968070658669e-36
0.3    -0.000584112660858291    4.95978180570614e-36    4.96557933481191e-36
0.4    -0.000605123458703477    4.95978180570614e-36    4.96578800083708e-36
0.5    -0.0006501656070176    4.95978180570614e-36    4.96623536068239e-36
0.6    -0.000589520122626134    4.95978180570614e-36    4.96563303748161e-36
0.7    -0.000564309101825244    4.95978180570614e-36    4.96538266635484e-36
0.8    -0.000589054909680626    4.95978180570614e-36    4.96562841732861e-36
0.900000000000001    -0.000587642757121334    4.95978180570614e-36    4.96561439289381e-36
1    -0.00059560237798402    4.95978180570614e-36    4.96569344236651e-36
1.1    -0.000626420857870418    4.95978180570614e-36    4.96599952216058e-36
1.2    -0.000647009844740324    4.95978180570614e-36    4.9662040162517e-36
1.3    -0.000640545398671273    4.95978180570614e-36    4.96613980912409e-36
1.4    -0.000615955981962869    4.95978180570614e-36    4.96589558607064e-36
1.5    -0.000591347692601563    4.95978180570614e-36    4.96565118760481e-36
1.6    -0.000560700590823564    4.95978180570614e-36    4.96534683119685e-36
1.7    -0.000542618495978045    4.95978180570614e-36    4.96516726664444e-36
1.8    -0.000559408590697383    4.95978180570614e-36    4.96533400075194e-36
1.9    -0.000590563505468524    4.95978180570614e-36    4.96564339960866e-36
2    -0.000632327291549622    4.95978180570614e-36    4.96605818522396e-36
2.1    -0.000652682887973837    4.95978180570614e-36    4.96626036357534e-36
2.2    -0.000647719393219681    4.95978180570614e-36    4.96621106378467e-36
2.29999999999999    -0.000627669776925195    4.95978180570614e-36    4.9660119264438e-36
2.39999999999999    -0.000592386998415493    4.95978180570614e-36    4.96566150927945e-36
2.49999999999999    -0.000565630804321236    4.95978180570614e-36    4.9653957918937e-36
2.59999999999999    -0.000565041371073199    4.95978180570614e-36    4.96538993835654e-36
2.69999999999999    -0.00060213319466568    4.95978180570614e-36    4.96575830288051e-36
2.79999999999998    -0.000631893592666759    4.95978180570614e-36    4.96605387767633e-36
2.89999999999998    -0.000650971466883033    4.95978180570614e-36    4.96624336487175e-36
2.99999999999998    -0.000643577104716528    4.95978180570614e-36    4.96616992097996e-36
3.09999999999998    -0.000627671277858212    4.95978180570614e-36    4.96601194135111e-36
3.19999999999998    -0.000601140605450094    4.95978180570614e-36    4.96574844497044e-36
3.29999999999997    -0.000563179286196475    4.95978180570614e-36    4.96537144643007e-36
3.39999999999997    -0.000548315543297186    4.95978180570614e-36    4.9652238405693e-36
3.49999999999997    -0.000559794469468992    4.95978180570614e-36    4.96533783278859e-36
3.59999999999997    -0.000587733193776597    4.95978180570614e-36    4.96561529104131e-36
3.69999999999997    -0.000624631338411224    4.95978180570614e-36    4.96598174867987e-36
3.79999999999996    -0.000655908424077096    4.95978180570614e-36    4.96629240139659e-36
3.89999999999996    -0.00065037590509425    4.95978180570614e-36    4.9662374494632e-36
3.99999999999996    -0.000629194723413915    4.95978180570614e-36    4.96602707227778e-36
4.09999999999996    -0.000602534996155654    4.95978180570614e-36    4.96576229338173e-36
4.19999999999995    -0.000580291095852514    4.95978180570614e-36    4.96554138237564e-36
4.29999999999995    -0.00057009529139204    4.95978180570614e-36    4.96544012799656e-36
4.39999999999995    -0.000596626943170314    4.95978180570614e-36    4.96570361773381e-36
4.49999999999995    -0.000627655454916848    4.95978180570614e-36    4.96601178419722e-36
4.59999999999995    -0.000642211097616228    4.95978180570614e-36    4.96615635334614e-36
4.69999999999994    -0.00065692072752896    4.95978180570614e-36    4.96630245620099e-36
4.79999999999994    -0.000636512177029199    4.95978180570614e-36    4.96609975018421e-36
4.89999999999994    -0.00059817930333567    4.95978180570614e-36    4.96571903488422e-36
4.99999999999994    -0.000574129143732339    4.95978180570614e-36    4.96548018787583e-36
5.09999999999994    -0.000558701168745759    4.95978180570614e-36    4.96532697558217e-36
5.19999999999993    -0.000563751843702854    4.95978180570614e-36    4.96537713235652e-36
5.29999999999993    -0.000588798078724076    4.95978180570614e-36    4.96562586667419e-36
5.39999999999993    -0.000630405350537932    4.95978180570614e-36    4.96603909631125e-36
5.49999999999993    -0.000657940240315052    4.95978180570614e-36    4.96631258263339e-36
5.59999999999993    -0.00065213733458452    4.95978180570614e-36    4.96625494485564e-36
5.69999999999992    -0.000630077864206273    4.95978180570614e-36    4.96603584369117e-36
5.79999999999992    -0.000604386190952157    4.95978180570614e-36    4.96578067860909e-36
5.89999999999992    -0.000583340630715433    4.95978180570614e-36    4.96557166766137e-36
5.99999999999992    -0.000581164404156207    4.95978180570614e-36    4.96555005528318e-36
6.09999999999991    -0.000601558052387181    4.95978180570614e-36    4.96575259084663e-36
6.19999999999991    -0.000624595981255699    4.95978180570614e-36    4.96598139751377e-36
6.29999999999991    -0.000652326594391946    4.95978180570614e-36    4.9662568246817e-36
6.39999999999991    -0.000656429013952595    4.95978180570614e-36    4.9662975722046e-36
6.49999999999991    -0.000639183517865178    4.95978180570614e-36    4.966126282556e-36
6.5999999999999    -0.000598058340518097    4.95978180570614e-36    4.96571783354921e-36
6.6999999999999    -0.00057376440615776    4.95978180570614e-36    4.96547656568156e-36
6.7999999999999    -0.000566473248743773    4.95978180570614e-36    4.96540415804341e-36
6.8999999999999    -0.000575363700616831    4.95978180570614e-36    4.96549244823052e-36
6.9999999999999    -0.000601476229747858    4.95978180570614e-36    4.96575177822444e-36
7.09999999999989    -0.000637240567112761    4.95978180570614e-36    4.96610698470804e-36
7.19999999999989    -0.00065284592800084    4.95978180570614e-36    4.96626198297474e-36
7.29999999999989    -0.000646993952694735    4.95978180570614e-36    4.96620385840535e-36
7.39999999999989    -0.000635244211967921    4.95978180570614e-36    4.96608715651314e-36
7.49999999999988    -0.000599585388381524    4.95978180570614e-36    4.96573299935542e-36
7.59999999999988    -0.000584223732092647    4.95978180570614e-36    4.96558043787846e-36
7.69999999999988    -0.000595049332270064    4.95978180570614e-36    4.96568794985665e-36
7.79999999999988    -0.000608664079853396    4.95978180570614e-36    4.96582316492258e-36
7.89999999999988    -0.000630033220068214    4.95978180570614e-36    4.96603540028224e-36
7.99999999999987    -0.000654432395017584    4.95978180570614e-36    4.96627774062813e-36
8.09999999999987    -0.000654123821090895    4.95978180570614e-36    4.96627467570012e-36
8.19999999999987    -0.000636617147821885    4.95978180570614e-36    4.9661007927756e-36
8.29999999999987    -0.000601898895398698    4.95978180570614e-36    4.96575597593315e-36
8.39999999999987    -0.000578607350343112    4.95978180570614e-36    4.96552466098217e-36
8.49999999999986    -0.000574448652019164    4.95978180570614e-36    4.96548336090203e-36
8.59999999999986    -0.000582347984892689    4.95978180570614e-36    4.96556180955986e-36
8.69999999999986    -0.000614265348880696    4.95978180570614e-36    4.96587879507795e-36
8.79999999999986    -0.000638238939046764    4.95978180570614e-36    4.96611690076564e-36
8.89999999999985    -0.000658611255015911    4.95978180570614e-36    4.96631924757826e-36
8.99999999999985    -0.000652825056099773    4.95978180570614e-36    4.966261775664e-36
9.09999999999985    -0.000624006360349501    4.95978180570614e-36    4.96597554142203e-36
9.19999999999985    -0.000597607572604245    4.95978180570614e-36    4.96571335677709e-36
9.29999999999985    -0.000594565772743821    4.95978180570614e-36    4.96568314744585e-36
9.39999999999984    -0.000601015183378346    4.95978180570614e-36    4.96574719934124e-36
9.49999999999984    -0.000615520020538269    4.95978180570614e-36    4.96589125619306e-36
9.59999999999984    -0.000638000141382635    4.95978180570614e-36    4.96611452897101e-36
9.69999999999984    -0.000661361179334061    4.95978180570614e-36    4.96634656166941e-36
9.79999999999984    -0.000652626335630836    4.95978180570614e-36    4.96625980186781e-36
9.89999999999983    -0.000625449655293304    4.95978180570614e-36    4.9659898761831e-36
9.99999999999983    -0.000599912085407052    4.95978180570614e-36    4.96573624393805e-36
10.0999999999998    -0.000582058735199216    4.95978180570614e-36    4.96555893698525e-36
10.1999999999998    -0.000580705573180326    4.95978180570614e-36    4.96554549858738e-36
10.2999999999998    -0.000601248561823813    4.95978180570614e-36    4.96574951713934e-36
10.3999999999998    -0.000632161937849198    4.95978180570614e-36    4.96605654291138e-36
10.4999999999998    -0.000650391101942617    4.95978180570614e-36    4.96623760040558e-36
10.5999999999998    -0.000654920171055261    4.95978180570614e-36    4.96628258549513e-36
10.6999999999998    -0.000642817238283524    4.95978180570614e-36    4.96616237373092e-36
10.7999999999998    -0.000627736573137352    4.95978180570614e-36    4.96601258986568e-36
10.8999999999998    -0.000596228170516416    4.95978180570614e-36    4.96569965736036e-36
10.9999999999998    -0.000597116072048553    4.95978180570614e-36    4.96570847547599e-36
11.0999999999998    -0.000604589350661801    4.95978180570614e-36    4.96578269630336e-36
11.1999999999998    -0.000626647932830306    4.95978180570614e-36    4.96600177747026e-36
11.2999999999998    -0.000657018113507849    4.95978180570614e-36    4.96630342349795e-36
11.3999999999998    -0.000659773166866081    4.95978180570614e-36    4.96633078844705e-36
11.4999999999998    -0.000636256237119406    4.95978180570614e-36    4.96609720813759e-36
11.5999999999998    -0.000619596725791403    4.95978180570614e-36    4.9659317453235e-36
11.6999999999998    -0.000604530903613276    4.95978180570614e-36    4.9657821158325e-36
11.7999999999998    -0.000579879737165149    4.95978180570614e-36    4.96553729713878e-36
11.8999999999998    -0.000583320090143855    4.95978180570614e-36    4.96557146366994e-36
11.9999999999998    -0.000617455838454798    4.95978180570614e-36    4.96591048236011e-36
12.0999999999998    -0.000640179775134865    4.95978180570614e-36    4.96613617764873e-36
12.1999999999998    -0.000654797603690667    4.95978180570614e-36    4.96628136808642e-36
12.2999999999998    -0.000656508942867952    4.95978180570614e-36    4.96629836610656e-36
12.3999999999998    -0.000642088749886229    4.95978180570614e-36    4.96615513814987e-36
12.4999999999998    -0.000614259086247081    4.95978180570614e-36    4.96587873287897e-36
12.5999999999998    -0.000590331111077782    4.95978180570614e-36    4.96564109163304e-36
12.6999999999998    -0.000602074227572256    4.95978180570614e-36    4.96575771724766e-36
12.7999999999998    -0.000626998081978374    4.95978180570614e-36    4.96600525515543e-36
12.8999999999998    -0.000641853530505992    4.95978180570614e-36    4.96615280187759e-36
12.9999999999998    -0.000654819928932306    4.95978180570614e-36    4.96628158983338e-36
13.0999999999998    -0.000652761125903802    4.95978180570614e-36    4.96626114067559e-36
13.1999999999998    -0.000638947290873579    4.95978180570614e-36    4.96612393628945e-36
13.2999999999998    -0.000610824079581347    4.95978180570614e-36    4.96584461733026e-36
13.3999999999998    -0.000592524465330559    4.95978180570614e-36    4.96566287450845e-36
13.4999999999998    -0.000589053111523963    4.95978180570614e-36    4.96562839947065e-36
13.5999999999998    -0.000606299176332471    4.95978180570614e-36    4.96579967758408e-36
13.6999999999998    -0.000628843445117965    4.95978180570614e-36    4.96602358336257e-36
13.7999999999998    -0.000649898169506636    4.95978180570614e-36    4.96623270436673e-36
13.8999999999997    -0.000656018186755597    4.95978180570614e-36    4.96629349162429e-36
13.9999999999997    -0.000655997258444554    4.95978180570614e-36    4.96629328375194e-36
14.0999999999997    -0.000624490135204265    4.95978180570614e-36    4.96598034625442e-36
14.1999999999997    -0.000609620163154636    4.95978180570614e-36    4.96583266041639e-36
14.2999999999997    -0.00060599644116155    4.95978180570614e-36    4.96579667093946e-36
14.3999999999997    -0.000613095722615315    4.95978180570614e-36    4.96586717864262e-36
14.4999999999997    -0.000627527433238743    4.95978180570614e-36    4.96601051268256e-36
14.5999999999997    -0.000653730365966327    4.95978180570614e-36    4.96627076768755e-36
14.6999999999997    -0.000662067851094755    4.95978180570614e-36    4.96635358083118e-36
14.7999999999997    -0.00065311972481443    4.95978180570614e-36    4.96626470247005e-36
14.8999999999997    -0.000627858663074683    4.95978180570614e-36    4.96601380246664e-36
14.9999999999997    -0.000596607108976485    4.95978180570614e-36    4.96570342075229e-36
15.0999999999997    -0.000594492324265052    4.95978180570614e-36    4.9656824180019e-36
15.1999999999997    -0.00060611595064922    4.95978180570614e-36    4.96579785785967e-36
15.2999999999997    -0.000621166732354129    4.95978180570614e-36    4.96594733844484e-36
15.3999999999997    -0.000643460073914228    4.95978180570614e-36    4.96616875858991e-36
15.4999999999997    -0.000655643139544367    4.95978180570614e-36    4.96628976643504e-36
15.5999999999997    -0.000654628482771158    4.95978180570614e-36    4.96627968828184e-36
15.6999999999997    -0.00064144894368877    4.95978180570614e-36    4.96614878339765e-36
15.7999999999997    -0.000627225353742053    4.95978180570614e-36    4.96600751242237e-36
15.8999999999997    -0.000606172780547847    4.95978180570614e-36    4.96579842227148e-36
15.9999999999997    -0.000606656977203946    4.95978180570614e-36    4.96580323112156e-36
16.0999999999997    -0.000627147726722345    4.95978180570614e-36    4.9660067414294e-36
16.1999999999997    -0.000653738788102417    4.95978180570614e-36    4.9662708513408e-36
16.2999999999997    -0.000659942204749515    4.95978180570614e-36    4.96633246744416e-36
16.3999999999998    -0.000652458294915058    4.95978180570614e-36    4.96625813279968e-36
16.4999999999998    -0.000637674476951282    4.95978180570614e-36    4.96611129439702e-36
16.5999999999998    -0.00061683178828868    4.95978180570614e-36    4.9659042844071e-36
16.6999999999998    -0.00059875094030078    4.95978180570614e-36    4.96572471206662e-36
16.7999999999998    -0.000599010157553854    4.95978180570614e-36    4.96572728647125e-36
16.8999999999998    -0.000610770551157415    4.95978180570614e-36    4.96584408570242e-36
16.9999999999999    -0.000641439511760968    4.95978180570614e-36    4.9661486897169e-36
17.0999999999999    -0.000656320974184694    4.95978180570614e-36    4.96629649908898e-36
17.1999999999999    -0.000656954553213624    4.95978180570614e-36    4.9663027921783e-36
17.2999999999999    -0.000651746959818065    4.95978180570614e-36    4.96625106745428e-36
17.3999999999999    -0.000630068036114655    4.95978180570614e-36    4.96603574607782e-36
17.4999999999999    -0.000612874301097871    4.95978180570614e-36    4.96586497954259e-36
17.6    -0.000614736596200348    4.95978180570614e-36    4.96588347539607e-36
17.7    -0.000626754341059663    4.95978180570614e-36    4.9660028343177e-36
17.8    -0.000639930223344249    4.95978180570614e-36    4.96613369903198e-36
17.9    -0.000660379939773766    4.95978180570614e-36    4.96633681532328e-36
18    -0.000655896637247506    4.95978180570614e-36    4.96629228432286e-36
18.1    -0.00065189078767986    4.95978180570614e-36    4.96625249602563e-36
18.2    -0.000623104279365089    4.95978180570614e-36    4.96596658200242e-36
18.3000000000001    -0.000600025319276441    4.95978180570614e-36    4.96573736851764e-36
18.4000000000001    -0.000611684023442909    4.95978180570614e-36    4.96585315803599e-36
18.5000000000001    -0.000618916258801402    4.95978180570614e-36    4.96592498702025e-36
18.6000000000001    -0.000635454149560093    4.95978180570614e-36    4.96608924165118e-36
18.7000000000001    -0.000649212298899179    4.95978180570614e-36    4.96622589198245e-36
18.8000000000001    -0.000653260735999722    4.95978180570614e-36    4.96626610306859e-36
18.9000000000002    -0.000657609005173524    4.95978180570614e-36    4.96630929259856e-36
19.0000000000002    -0.000644723173904962    4.95978180570614e-36    4.96618130414639e-36
19.1000000000002    -0.000621460749489    4.95978180570614e-36    4.96595025859405e-36
19.2000000000002    -0.000613163197596838    4.95978180570614e-36    4.96586784878651e-36
19.3000000000002    -0.000620612557567544    4.95978180570614e-36    4.96594183444016e-36
19.4000000000002    -0.000636470953158914    4.95978180570614e-36    4.96609934074036e-36
19.5000000000002    -0.00066252276693735    4.95978180570614e-36    4.96635809938107e-36
19.6000000000003    -0.000661631829222725    4.95978180570614e-36    4.9663492499536e-36
19.7000000000003    -0.000644516850065183    4.95978180570614e-36    4.96617925486277e-36
19.8000000000003    -0.000642534434792464    4.95978180570614e-36    4.96615956483444e-36
19.9000000000003    -0.000620918355866338    4.95978180570614e-36    4.96594487159539e-36
20.0000000000003    -0.00060286248808023    4.95978180570614e-36    4.96576554587807e-36
20.1000000000003    -0.000612709084321777    4.95978180570614e-36    4.96586333865384e-36
20.2000000000004    -0.000627778101071578    4.95978180570614e-36    4.96601300232235e-36
20.3000000000004    -0.00065546838452268    4.95978180570614e-36    4.96628803066645e-36
20.4000000000004    -0.000661166542158513    4.95978180570614e-36    4.9663446283976e-36
20.5000000000004    -0.000654882702310056    4.95978180570614e-36    4.96628221333423e-36
20.6000000000004    -0.000642279769277485    4.95978180570614e-36    4.96615703541488e-36
20.7000000000004    -0.000626738915125373    4.95978180570614e-36    4.96600268110717e-36
20.8000000000005    -0.000623780549830999    4.95978180570614e-36    4.96597329868264e-36
20.9000000000005    -0.000627520546224792    4.95978180570614e-36    4.96601044428056e-36
21.0000000000005    -0.000630620494973997    4.95978180570614e-36    4.96604123314392e-36
21.1000000000005    -0.000650385841839913    4.95978180570614e-36    4.96623754815972e-36
21.2000000000005    -0.000662346555171283    4.95978180570614e-36    4.96635634911914e-36
21.3000000000005    -0.000655154293309476    4.95978180570614e-36    4.96628491093122e-36
21.4000000000005    -0.000647894059393899    4.95978180570614e-36    4.96621279864387e-36
21.5000000000006    -0.000628182812529875    4.95978180570614e-36    4.96601702193029e-36
21.6000000000006    -0.000613745038269655    4.95978180570614e-36    4.96587362747983e-36
21.7000000000006    -0.000614748284721146    4.95978180570614e-36    4.96588359148378e-36
21.8000000000006    -0.000624922734831985    4.95978180570614e-36    4.96598464282046e-36
21.9000000000006    -0.000643879578091276    4.95978180570614e-36    4.96617292525046e-36
22.0000000000006    -0.000662631835653845    4.95978180570614e-36    4.96635918273027e-36
22.1000000000007    -0.000660722858925256    4.95978180570614e-36    4.96634022142995e-36
22.2000000000007    -0.000651932343405071    4.95978180570614e-36    4.96625290877827e-36
22.3000000000007    -0.000633076002913449    4.95978180570614e-36    4.9660656215209e-36
22.4000000000007    -0.000621509201789132    4.95978180570614e-36    4.96595073981768e-36
22.5000000000007    -0.000624195966143658    4.95978180570614e-36    4.9659774245786e-36
22.6000000000007    -0.000637242005672704    4.95978180570614e-36    4.96610699899613e-36
22.7000000000007    -0.000654661113287787    4.95978180570614e-36    4.96628001238654e-36
22.8000000000008    -0.000655550112187338    4.95978180570614e-36    4.96628884243311e-36
22.9000000000008    -0.000658652943222618    4.95978180570614e-36    4.96631966165234e-36
23.0000000000008    -0.000653083552201296    4.95978180570614e-36    4.96626434318437e-36
23.1000000000008    -0.000633508953733505    4.95978180570614e-36    4.96606992164885e-36
23.2000000000008    -0.000618309987329911    4.95978180570614e-36    4.9659189656243e-36
23.3000000000008    -0.000607246089044824    4.95978180570614e-36    4.96580908195413e-36
23.4000000000009    -0.00062760024447578    4.95978180570614e-36    4.96601123584563e-36
23.5000000000009    -0.000647377033933689    4.95978180570614e-36    4.96620766332746e-36
23.6000000000009    -0.000658814842816234    4.95978180570614e-36    4.96632126974357e-36
23.7000000000009    -0.000661376656348358    4.95978180570614e-36    4.96634671539791e-36
23.8000000000009    -0.000654500003832893    4.95978180570614e-36    4.96627841215678e-36
23.9000000000009    -0.00063752529741155    4.95978180570614e-36    4.96610981271225e-36
24.000000000001    -0.000626261626229682    4.95978180570614e-36    4.9659979406717e-36
24.100000000001    -0.000626885031566502    4.95978180570614e-36    4.96600413233723e-36
24.200000000001    -0.000639267405596886    4.95978180570614e-36    4.96612711575055e-36
24.300000000001    -0.000648164211599766    4.95978180570614e-36    4.96621548191241e-36
24.400000000001    -0.000660118799629001    4.95978180570614e-36    4.966334221503e-36
24.500000000001    -0.00065744034800835    4.95978180570614e-36    4.96630761739082e-36
24.600000000001    -0.000653240775871492    4.95978180570614e-36    4.9662659048139e-36
24.7000000000011    -0.000641560993775541    4.95978180570614e-36    4.96614989631303e-36
24.8000000000011    -0.00061875010174158    4.95978180570614e-36    4.96592333677291e-36
24.9000000000011    -0.000618444073982861    4.95978180570614e-36    4.96592029735189e-36
25.0000000000011    -0.000630052505571868    4.95978180570614e-36    4.9660355918273e-36
25.1000000000011    -0.000636230468992256    4.95978180570614e-36    4.96609695220344e-36
25.2000000000011    -0.00065420639062514    4.95978180570614e-36    4.96627549582651e-36
25.3000000000012    -0.000667200175195078    4.95978180570614e-36    4.96640455898768e-36
25.4000000000012    -0.000652604263354251    4.95978180570614e-36    4.9662595826344e-36
25.5000000000012    -0.000642435686446458    4.95978180570614e-36    4.96615858403405e-36
25.6000000000012    -0.000636511133594033    4.95978180570614e-36    4.9660997398206e-36
25.7000000000012    -0.000630431167089173    4.95978180570614e-36    4.96603935272337e-36
25.8000000000012    -0.000630854477677102    4.95978180570614e-36    4.96604355708089e-36
25.9000000000012    -0.000647065155831745    4.95978180570614e-36    4.96620456562429e-36
26.0000000000013    -0.000664037683151858    4.95978180570614e-36    4.9663731466433e-36
26.1000000000013    -0.000662491669094683    4.95978180570614e-36    4.96635779049489e-36
26.2000000000013    -0.000650690593367968    4.95978180570614e-36    4.96624057509889e-36
26.3000000000013    -0.000644242531410282    4.95978180570614e-36    4.96617653023116e-36
26.4000000000013    -0.000627426481325284    4.95978180570614e-36    4.96600951002574e-36
26.5000000000013    -0.000626359558189334    4.95978180570614e-36    4.965998913332e-36
26.6000000000014    -0.000625360817008438    4.95978180570614e-36    4.96598899384278e-36
26.7000000000014    -0.000639841482213214    4.95978180570614e-36    4.96613281763106e-36
26.8000000000014    -0.000652204628425866    4.95978180570614e-36    4.96625561325271e-36
26.9000000000014    -0.000664858911004025    4.95978180570614e-36    4.96638130370151e-36
27.0000000000014    -0.000658986338495158    4.95978180570614e-36    4.96632297314988e-36
27.1000000000014    -0.000648010368482981    4.95978180570614e-36    4.96621395387587e-36
27.2000000000015    -0.000643961208154217    4.95978180570614e-36    4.96617373602888e-36
27.3000000000015    -0.000627485948914471    4.95978180570614e-36    4.96601010065923e-36
27.4000000000015    -0.00063843780107249    4.95978180570614e-36    4.96611887591097e-36
27.5000000000015    -0.000652503943282848    4.95978180570614e-36    4.96625858620304e-36
27.6000000000015    -0.000661612163403806    4.95978180570614e-36    4.96634905461887e-36
27.7000000000015    -0.000662683246525766    4.95978180570614e-36    4.96635969338023e-36
27.8000000000015    -0.000662200056013841    4.95978180570614e-36    4.96635489398468e-36
27.9000000000016    -0.00064204780940635    4.95978180570614e-36    4.96615473151617e-36
28.0000000000016    -0.00063268535726391    4.95978180570614e-36    4.966061741577e-36
28.1000000000016    -0.000627948611942987    4.95978180570614e-36    4.96601469584171e-36
28.2000000000016    -0.000630185804784147    4.95978180570614e-36    4.96603691576527e-36
28.3000000000016    -0.00064394860612079    4.95978180570614e-36    4.96617361086105e-36
28.4000000000016    -0.000649898170735721    4.95978180570614e-36    4.96623270437894e-36
28.5000000000017    -0.000664534275672159    4.95978180570614e-36    4.96637807917545e-36
28.6000000000017    -0.000663274783542899    4.95978180570614e-36    4.96636556895748e-36
28.7000000000017    -0.00065293787453369    4.95978180570614e-36    4.96626289623635e-36
28.8000000000017    -0.000641524503266827    4.95978180570614e-36    4.96614953387823e-36
28.9000000000017    -0.000631633878650746    4.95978180570614e-36    4.96605129816838e-36
29.0000000000017    -0.000645613256477703    4.95978180570614e-36    4.9661901447808e-36
29.1000000000017    -0.000649361183602493    4.95978180570614e-36    4.96622737077343e-36
29.2000000000018    -0.000660585958502529    4.95978180570614e-36    4.96633886164139e-36
29.3000000000018    -0.000663767122205633    4.95978180570614e-36    4.96637045922961e-36
29.4000000000018    -0.000654475462856427    4.95978180570614e-36    4.96627816840203e-36
29.5000000000018    -0.000652112805847395    4.95978180570614e-36    4.96625470122362e-36
29.6000000000018    -0.000635750421055984    4.95978180570614e-36    4.96609218427462e-36
29.7000000000018    -0.000634567912340375    4.95978180570614e-36    4.96608043938919e-36
29.8000000000019    -0.000634836406502145    4.95978180570614e-36    4.96608310611819e-36
29.9000000000019    -0.000637287646223404    4.95978180570614e-36    4.96610745230805e-36
30.0000000000019    -0.000650246162122925    4.95978180570614e-36    4.96623616079402e-36
30.1000000000019    -0.000666524178995956    4.95978180570614e-36    4.96639784444802e-36
30.2000000000019    -0.000662284889297142    4.95978180570614e-36    4.9663557366095e-36
30.3000000000019    -0.000655101348927499    4.95978180570614e-36    4.96628438505725e-36
30.400000000002    -0.000644851242617614    4.95978180570614e-36    4.96618257617197e-36
30.500000000002    -0.00063666419024582    4.95978180570614e-36    4.96610126001065e-36
30.600000000002    -0.000648561527382153    4.95978180570614e-36    4.96621942822722e-36
30.700000000002    -0.000657494848347878    4.95978180570614e-36    4.96630815872199e-36
30.800000000002    -0.000650543066849442    4.95978180570614e-36    4.96623910979412e-36
30.900000000002    -0.000657125046567365    4.95978180570614e-36    4.96630448562256e-36
31.000000000002    -0.000672380751464304    4.95978180570614e-36    4.96645601695255e-36
31.1000000000021    -0.000653782879885018    4.95978180570614e-36    4.96627128928447e-36
31.2000000000021    -0.000633382341176992    4.95978180570614e-36    4.96606866411489e-36
31.3000000000021    -0.000632061605251667    4.95978180570614e-36    4.96605554639638e-36
31.4000000000021    -0.000643565045132901    4.95978180570614e-36    4.96616980120002e-36
31.5000000000021    -0.000644792829744815    4.95978180570614e-36    4.96618199599378e-36
31.6000000000021    -0.000647939482816269    4.95978180570614e-36    4.96621324980885e-36
31.7000000000022    -0.000653574354707176    4.95978180570614e-36    4.96626921809881e-36
31.8000000000022    -0.000667012398057889    4.95978180570614e-36    4.96640269383274e-36
31.9000000000022    -0.000653812295432549    4.95978180570614e-36    4.96627158145579e-36
32.0000000000022    -0.000652908654564064    4.95978180570614e-36    4.96626260600813e-36
32.1000000000022    -0.000640442721771883    4.95978180570614e-36    4.9661387893081e-36
32.2000000000022    -0.000642262998997632    4.95978180570614e-36    4.96615686884712e-36
32.3000000000021    -0.000654505058529493    4.95978180570614e-36    4.96627846236286e-36
32.4000000000021    -0.000656481488381169    4.95978180570614e-36    4.9662980934121e-36
32.5000000000021    -0.000662126567885252    4.95978180570614e-36    4.96635416404816e-36
32.6000000000021    -0.000662539854548881    4.95978180570614e-36    4.96635826910754e-36
32.7000000000021    -0.000656596596250313    4.95978180570614e-36    4.96629923673271e-36
32.800000000002    -0.000642978905751364    4.95978180570614e-36    4.96616397946564e-36
32.900000000002    -0.000641284322451427    4.95978180570614e-36    4.96614714833013e-36
33.000000000002    -0.000636643654625213    4.95978180570614e-36    4.96610105604663e-36
33.100000000002    -0.000649162231844421    4.95978180570614e-36    4.96622539469365e-36
33.200000000002    -0.000654611698090064    4.95978180570614e-36    4.96627952156693e-36
33.3000000000019    -0.000655508730867745    4.95978180570614e-36    4.96628843140978e-36
33.4000000000019    -0.000656917426635164    4.95978180570614e-36    4.9663024234145e-36
33.5000000000019    -0.000666690570023277    4.95978180570614e-36    4.96639949717711e-36
33.6000000000019    -0.000648090596932422    4.95978180570614e-36    4.96621475073956e-36
33.7000000000019    -0.000642399904535621    4.95978180570614e-36    4.96615822863663e-36
33.8000000000018    -0.000647749296029867    4.95978180570614e-36    4.96621136079214e-36
33.9000000000018    -0.000654163901473301    4.95978180570614e-36    4.96627507380068e-36
34.0000000000018    -0.000661941524130513    4.95978180570614e-36    4.96635232606205e-36
34.1000000000018    -0.000664560052383288    4.95978180570614e-36    4.96637833520935e-36
34.2000000000018    -0.000658006542975898    4.95978180570614e-36    4.9663132411932e-36
34.3000000000017    -0.000662235266818289    4.95978180570614e-36    4.96635524372354e-36
34.4000000000017    -0.000646207538711955    4.95978180570614e-36    4.96619604742392e-36
34.5000000000017    -0.000641977063332618    4.95978180570614e-36    4.96615402884403e-36
34.6000000000017    -0.000644193410001303    4.95978180570614e-36    4.9661760423398e-36
34.7000000000017    -0.000641955639576203    4.95978180570614e-36    4.9661538160566e-36
34.8000000000016    -0.000648098249892566    4.95978180570614e-36    4.96621482675208e-36
34.9000000000016    -0.000661510652858774    4.95978180570614e-36    4.96634804634493e-36
35.0000000000016    -0.000667147029835003    4.95978180570614e-36    4.96640403110476e-36
35.1000000000016    -0.000658095000005287    4.95978180570614e-36    4.96631411980429e-36
35.2000000000016    -0.000646620726546542    4.95978180570614e-36    4.96620015137091e-36
35.3000000000015    -0.000649809333877379    4.95978180570614e-36    4.96623182200962e-36
35.4000000000015    -0.000656418740374631    4.95978180570614e-36    4.96629747016126e-36
35.5000000000015    -0.000652581374251208    4.95978180570614e-36    4.96625935528785e-36
35.6000000000015    -0.000654766832154136    4.95978180570614e-36    4.96628106244608e-36
35.7000000000015    -0.00066735558712577    4.95978180570614e-36    4.96640610266565e-36
35.8000000000014    -0.00065621477442476    4.95978180570614e-36    4.96629544424964e-36
35.9000000000014    -0.000656122174757665    4.95978180570614e-36    4.96629452449472e-36
36.0000000000014    -0.000653697474048947    4.95978180570614e-36    4.96627044098708e-36
36.1000000000014    -0.000648964795096135    4.95978180570614e-36    4.96622343366243e-36
36.2000000000014    -0.000640426928925408    4.95978180570614e-36    4.96613863244911e-36
36.3000000000013    -0.000641457120610191    4.95978180570614e-36    4.9661488646133e-36
36.4000000000013    -0.000655244109201811    4.95978180570614e-36    4.96628580303431e-36
36.5000000000013    -0.000662326950313491    4.95978180570614e-36    4.96635615438964e-36
36.6000000000013    -0.000654343559758253    4.95978180570614e-36    4.96627685826669e-36
36.7000000000013    -0.000659512623179715    4.95978180570614e-36    4.96632820055434e-36
36.8000000000012    -0.00065734062506965    4.95978180570614e-36    4.96630662688091e-36
36.9000000000012    -0.000647733074472914    4.95978180570614e-36    4.96621119967271e-36
37.0000000000012    -0.000650333842163625    4.95978180570614e-36    4.96623703167404e-36
37.1000000000012    -0.000661646072769118    4.95978180570614e-36    4.96634939143052e-36
37.2000000000012    -0.000662913098714654    4.95978180570614e-36    4.96636197643905e-36
37.3000000000011    -0.000656597465938097    4.95978180570614e-36    4.96629924537097e-36
37.4000000000011    -0.000662822421846923    4.95978180570614e-36    4.96636107577044e-36
37.5000000000011    -0.000656721309979339    4.95978180570614e-36    4.96630047546479e-36
37.6000000000011    -0.000651266910050904    4.95978180570614e-36    4.9662462993592e-36
37.7000000000011    -0.000653091974038832    4.95978180570614e-36    4.96626442683455e-36
37.800000000001    -0.000652551810554933    4.95978180570614e-36    4.96625906164577e-36
37.900000000001    -0.0006438230409375    4.95978180570614e-36    4.9661723637037e-36
38.000000000001    -0.000647538333420682    4.95978180570614e-36    4.96620926542189e-36
38.100000000001    -0.000661738773537474    4.95978180570614e-36    4.96635031219981e-36
38.200000000001    -0.000656102783360601    4.95978180570614e-36    4.96629433188786e-36
38.3000000000009    -0.000661271958087913    4.95978180570614e-36    4.96634567546184e-36
38.4000000000009    -0.000654767764381192    4.95978180570614e-36    4.96628107170549e-36
38.5000000000009    -0.000656467569266832    4.95978180570614e-36    4.9662979551591e-36
38.6000000000009    -0.000655425861027145    4.95978180570614e-36    4.96628760829843e-36
38.7000000000009    -0.000663650782605745    4.95978180570614e-36    4.96636930365813e-36
38.8000000000008    -0.000661447784143309    4.95978180570614e-36    4.96634742188885e-36
38.9000000000008    -0.000662520879927309    4.95978180570614e-36    4.96635808063792e-36
39.0000000000008    -0.000662573706120067    4.95978180570614e-36    4.96635860534576e-36
39.1000000000008    -0.000657633017999425    4.95978180570614e-36    4.96630953110891e-36
39.2000000000008    -0.000647991945892591    4.95978180570614e-36    4.96621377089474e-36
39.3000000000008    -0.000655421543900844    4.95978180570614e-36    4.96628756541823e-36
39.4000000000007    -0.000657753944162917    4.95978180570614e-36    4.96631073222309e-36
39.5000000000007    -0.000647074817216447    4.95978180570614e-36    4.96620466158515e-36
39.6000000000007    -0.000651336370146146    4.95978180570614e-36    4.96624698927143e-36
39.7000000000007    -0.000657549922268308    4.95978180570614e-36    4.96630870575038e-36
39.8000000000007    -0.000655434900423048    4.95978180570614e-36    4.96628769808295e-36
39.9000000000006    -0.000652346048842891    4.95978180570614e-36    4.96625701791339e-36
40.0000000000006    -0.000654648787176709    4.95978180570614e-36    4.96627988995665e-36
40.1000000000006    -0.000660437795857281    4.95978180570614e-36    4.96633738998916e-36
40.2000000000006    -0.000666131671549705    4.95978180570614e-36    4.96639394575155e-36
40.3000000000006    -0.000662333221150693    4.95978180570614e-36    4.96635621667609e-36
40.4000000000005    -0.000662906125509265    4.95978180570614e-36    4.96636190717609e-36
40.5000000000005    -0.00065428663907176    4.95978180570614e-36    4.96627629289871e-36
40.6000000000005    -0.00065557952439273    4.95978180570614e-36    4.96628913457226e-36
40.7000000000005    -0.000662129401426613    4.95978180570614e-36    4.96635419219291e-36
40.8000000000005    -0.000661339356674865    4.95978180570614e-36    4.96634634491154e-36
40.9000000000004    -0.000655486338626667    4.95978180570614e-36    4.96628820899703e-36
41.0000000000004    -0.000657140280777754    4.95978180570614e-36    4.96630463693808e-36
41.1000000000004    -0.000649244325085434    4.95978180570614e-36    4.96622621008114e-36
41.2000000000004    -0.000653892461598035    4.95978180570614e-36    4.96627237771009e-36
41.3000000000004    -0.000652402354223827    4.95978180570614e-36    4.96625757716764e-36
41.4000000000003    -0.000654835193681814    4.95978180570614e-36    4.96628174145154e-36
41.5000000000003    -0.00066412934196069    4.95978180570614e-36    4.96637405706748e-36
41.6000000000003    -0.000655229436476328    4.95978180570614e-36    4.96628565729635e-36
41.7000000000003    -0.00065921206775946    4.95978180570614e-36    4.96632521524022e-36
41.8000000000003    -0.000662069291212678    4.95978180570614e-36    4.96635359513546e-36
41.9000000000002    -0.000670044434733021    4.95978180570614e-36    4.96643281056774e-36
42.0000000000002    -0.000667082952407946    4.95978180570614e-36    4.96640339463573e-36
42.1000000000002    -0.000657319542612764    4.95978180570614e-36    4.96630641747694e-36
42.2000000000002    -0.000653655028324041    4.95978180570614e-36    4.96627001939302e-36
42.3000000000002    -0.000659702504105885    4.95978180570614e-36    4.96633008657751e-36
42.4000000000001    -0.000662534011699018    4.95978180570614e-36    4.96635821107214e-36
42.5000000000001    -0.000662960074874797    4.95978180570614e-36    4.96636244304051e-36
42.6000000000001    -0.000652103218144183    4.95978180570614e-36    4.96625460599363e-36
42.7000000000001    -0.000660514675817346    4.95978180570614e-36    4.96633815361319e-36
42.8000000000001    -0.000665362205567391    4.95978180570614e-36    4.96638630281166e-36
42.9    -0.000646965088030756    4.95978180570614e-36    4.96620357170963e-36
43    -0.000647001495068557    4.95978180570614e-36    4.96620393331932e-36
43.1    -0.000663365623538667    4.95978180570614e-36    4.96636647124722e-36
43.2    -0.000659824862653513    4.95978180570614e-36    4.96633130192406e-36
43.3    -0.000658305719201752    4.95978180570614e-36    4.96631621280108e-36
43.3999999999999    -0.000666383009230289    4.95978180570614e-36    4.96639644223716e-36
43.4999999999999    -0.000674702528591225    4.95978180570614e-36    4.96647907902452e-36
43.5999999999999    -0.000664064902394903    4.95978180570614e-36    4.96637341700527e-36
43.6999999999999    -0.000658291679284576    4.95978180570614e-36    4.96631607334768e-36
43.7999999999999    -0.00065256573470637    4.95978180570614e-36    4.96625919994772e-36
43.8999999999998    -0.0006629278608651    4.95978180570614e-36    4.96636212306748e-36
43.9999999999998    -0.000663270951717683    4.95978180570614e-36    4.96636553089698e-36
44.0999999999998    -0.000662260543090001    4.95978180570614e-36    4.96635549478555e-36
44.1999999999998    -0.000660447310037632    4.95978180570614e-36    4.96633748449046e-36
44.2999999999998    -0.000662510900231092    4.95978180570614e-36    4.96635798151239e-36
44.3999999999997    -0.000656031099874656    4.95978180570614e-36    4.96629361988503e-36
44.4999999999997    -0.000651787589080937    4.95978180570614e-36    4.9662514710047e-36
44.5999999999997    -0.000652493384030027    4.95978180570614e-36    4.96625848132304e-36
44.6999999999997    -0.000651391549650819    4.95978180570614e-36    4.96624753734179e-36
44.7999999999997    -0.000655520622295426    4.95978180570614e-36    4.96628854952235e-36
44.8999999999996    -0.000664066860715928    4.95978180570614e-36    4.96637343645678e-36
44.9999999999996    -0.000672095433968937    4.95978180570614e-36    4.9664531829185e-36
45.0999999999996    -0.00066432802189285    4.95978180570614e-36    4.96637603050647e-36
45.1999999999996    -0.000666945396908735    4.95978180570614e-36    4.96640202832312e-36
45.2999999999996    -0.000664090038278728    4.95978180570614e-36    4.96637366667375e-36
45.3999999999995    -0.000651789189364788    4.95978180570614e-36    4.96625148689953e-36
45.4999999999995    -0.000657624371524735    4.95978180570614e-36    4.96630944522673e-36
45.5999999999995    -0.00066702935629373    4.95978180570614e-36    4.96640286227568e-36
45.6999999999995    -0.000657772022111764    4.95978180570614e-36    4.96631091178459e-36
45.7999999999995    -0.000670810427568178    4.95978180570614e-36    4.96644041908089e-36
45.8999999999994    -0.000665919381565456    4.95978180570614e-36    4.96639183711968e-36
45.9999999999994    -0.000658312817489418    4.95978180570614e-36    4.96631628330579e-36
46.0999999999994    -0.000654423159459917    4.95978180570614e-36    4.96627764889541e-36
46.1999999999994    -0.000647082441288365    4.95978180570614e-36    4.96620473731059e-36
46.2999999999994    -0.000657241490011735    4.95978180570614e-36    4.96630564221039e-36
46.3999999999993    -0.000662487981493362    4.95978180570614e-36    4.96635775386698e-36
46.4999999999993    -0.000662432604385814    4.95978180570614e-36    4.96635720382172e-36
46.5999999999993    -0.000666041948932216    4.95978180570614e-36    4.96639305455551e-36
46.6999999999993    -0.000674815395727294    4.95978180570614e-36    4.9664802001297e-36
46.7999999999993    -0.000672778776333958    4.95978180570614e-36    4.96645997050193e-36
46.8999999999992    -0.000652667698872102    4.95978180570614e-36    4.96626021270921e-36
46.9999999999992    -0.000660469830678358    4.95978180570614e-36    4.96633770818077e-36
47.0999999999992    -0.000659932519471208    4.95978180570614e-36    4.96633237124349e-36
47.1999999999992    -0.00066200468976855    4.95978180570614e-36    4.96635295346799e-36
47.2999999999992    -0.000664308267920271    4.95978180570614e-36    4.96637583429507e-36
47.3999999999991    -0.000668500401791674    4.95978180570614e-36    4.96641747391283e-36
47.4999999999991    -0.000668916874110857    4.95978180570614e-36    4.96642161066721e-36
47.5999999999991    -0.000666093044664848    4.95978180570614e-36    4.96639356207874e-36
47.6999999999991    -0.000649039665334882    4.95978180570614e-36    4.96622417730747e-36
47.7999999999991    -0.000653968632294385    4.95978180570614e-36    4.96627313427932e-36
47.899999999999    -0.000649975829514668    4.95978180570614e-36    4.96623347572246e-36
47.999999999999    -0.00066097490940096    4.95978180570614e-36    4.9663427249685e-36
48.099999999999    -0.000665681646917538    4.95978180570614e-36    4.96638947575237e-36
48.199999999999    -0.000674033535302591    4.95978180570614e-36    4.9664724339436e-36
48.299999999999    -0.000671130201552054    4.95978180570614e-36    4.96644359536021e-36
48.3999999999989    -0.000664061981726922    4.95978180570614e-36    4.966373387995e-36
48.4999999999989    -0.00066603432757982    4.95978180570614e-36    4.96639297885421e-36
48.5999999999989    -0.000657783234327622    4.95978180570614e-36    4.96631102315134e-36
48.6999999999989    -0.000653502188553283    4.95978180570614e-36    4.96626850130546e-36
48.7999999999989    -0.00066612744774125    4.95978180570614e-36    4.96639390379734e-36
48.8999999999988    -0.000668350082097666    4.95978180570614e-36    4.96641598081168e-36
48.9999999999988    -0.000668117544459055    4.95978180570614e-36    4.96641367105389e-36
49.0999999999988    -0.000669559322012454    4.95978180570614e-36    4.96642799200845e-36
49.1999999999988    -0.00066342020178294    4.95978180570614e-36    4.96636701335861e-36
49.2999999999988    -0.00065609195086427    4.95978180570614e-36    4.96629422429309e-36
49.3999999999987    -0.000655035419182424    4.95978180570614e-36    4.96628373020529e-36
49.4999999999987    -0.00064840076253232    4.95978180570614e-36    4.96621783143976e-36
49.5999999999987    -0.000658577928985797    4.95978180570614e-36    4.96631891656272e-36
49.6999999999987    -0.000669339309458509    4.95978180570614e-36    4.96642580665494e-36
49.7999999999987    -0.000668436750781602    4.95978180570614e-36    4.96641684167761e-36
49.8999999999986    -0.000675028679674263    4.95978180570614e-36    4.96648231867212e-36
49.9999999999986    -0.000673966120848655    4.95978180570614e-36    4.96647176431929e-36
50.0999999999986    -0.000661006609469426    4.95978180570614e-36    4.96634303983546e-36
50.1999999999986    -0.000658029155933779    4.95978180570614e-36    4.96631346579937e-36
50.2999999999986    -0.000661052320311992    4.95978180570614e-36    4.96634349386713e-36
50.3999999999985    -0.000660067889519768    4.95978180570614e-36    4.96633371582957e-36
50.4999999999985    -0.000666958098519666    4.95978180570614e-36    4.96640215448579e-36
50.5999999999985    -0.000678143567510481    4.95978180570614e-36    4.96651325885338e-36
50.6999999999985    -0.000669911063405242    4.95978180570614e-36    4.96643148580784e-36
50.7999999999985    -0.000662050495538376    4.95978180570614e-36    4.96635340844345e-36
50.8999999999984    -0.000650879031129247    4.95978180570614e-36    4.96624244675455e-36
50.9999999999984    -0.000663208844561445    4.95978180570614e-36    4.96636491400307e-36
51.0999999999984    -0.000657333640817254    4.95978180570614e-36    4.96630655750901e-36
51.1999999999984    -0.000652590866190931    4.95978180570614e-36    4.96625944956676e-36
51.2999999999984    -0.000671045338391868    4.95978180570614e-36    4.9664427524237e-36
51.3999999999983    -0.000673924353907643    4.95978180570614e-36    4.96647134945045e-36
51.4999999999983    -0.000674133809435981    4.95978180570614e-36    4.96647342996159e-36
51.5999999999983    -0.000665705161020945    4.95978180570614e-36    4.96638970931287e-36
51.6999999999983    -0.000668471563906011    4.95978180570614e-36    4.96641718747075e-36
51.7999999999983    -0.000661077223183724    4.95978180570614e-36    4.96634374121967e-36
51.8999999999982    -0.000655358852955088    4.95978180570614e-36    4.96628694273547e-36
51.9999999999982    -0.000664549157711355    4.95978180570614e-36    4.96637822699518e-36
52.0999999999982    -0.000675108922949428    4.95978180570614e-36    4.96648311572616e-36
52.1999999999982    -0.000670269804747416    4.95978180570614e-36    4.96643504913932e-36
52.2999999999982    -0.000669024350704794    4.95978180570614e-36    4.96642267821596e-36
52.3999999999981    -0.00067027266942417    4.95978180570614e-36    4.96643507759379e-36
52.4999999999981    -0.000664345878285145    4.95978180570614e-36    4.96637620786967e-36
52.5999999999981    -0.000653997064890252    4.95978180570614e-36    4.96627341668752e-36
52.6999999999981    -0.000659022844921436    4.95978180570614e-36    4.96632333575545e-36
52.7999999999981    -0.000661504750818498    4.95978180570614e-36    4.96634798772173e-36
52.899999999998    -0.000669595109984465    4.95978180570614e-36    4.96642834748539e-36
52.999999999998    -0.000672231504343138    4.95978180570614e-36    4.96645453449358e-36
53.099999999998    -0.000669705367823932    4.95978180570614e-36    4.96642944266133e-36
53.199999999998    -0.000670383947333081    4.95978180570614e-36    4.96643618290343e-36
53.299999999998    -0.000664188573983152    4.95978180570614e-36    4.96637464540454e-36
53.3999999999979    -0.000666440590077119    4.95978180570614e-36    4.96639701417607e-36
53.4999999999979    -0.00065927097491963    4.95978180570614e-36    4.96632580034474e-36
53.5999999999979    -0.000662797696213733    4.95978180570614e-36    4.96636083017749e-36
53.6999999999979    -0.000667005508653501    4.95978180570614e-36    4.9664026254016e-36
53.7999999999979    -0.000676809225603555    4.95978180570614e-36    4.96650000481144e-36
53.8999999999978    -0.000672265860801165    4.95978180570614e-36    4.96645487575332e-36
53.9999999999978    -0.000668318702053969    4.95978180570614e-36    4.96641566911885e-36
54.0999999999978    -0.000660891287906107    4.95978180570614e-36    4.96634189438221e-36
54.1999999999978    -0.000662178162119269    4.95978180570614e-36    4.96635467651888e-36
54.2999999999978    -0.000653353982553141    4.95978180570614e-36    4.96626702924347e-36
54.3999999999977    -0.00065982152086604    4.95978180570614e-36    4.9663312687312e-36
54.4999999999977    -0.000676785005044971    4.95978180570614e-36    4.96649976422853e-36
54.5999999999977    -0.000671051969493076    4.95978180570614e-36    4.9664428182897e-36
54.6999999999977    -0.000675144481778109    4.95978180570614e-36    4.96648346893098e-36
54.7999999999977    -0.000673129651017398    4.95978180570614e-36    4.96646345571487e-36
54.8999999999976    -0.000666416216926182    4.95978180570614e-36    4.96639677208248e-36
54.9999999999976    -0.000654932372688324    4.95978180570614e-36    4.9662827066887e-36
55.0999999999976    -0.000663845294194892    4.95978180570614e-36    4.96637123569213e-36
55.1999999999976    -0.000665035420276725    4.95978180570614e-36    4.9663830569273e-36
55.2999999999976    -0.000669867443096053    4.95978180570614e-36    4.96643105253312e-36
55.3999999999975    -0.000673744965526582    4.95978180570614e-36    4.96646956759545e-36
55.4999999999975    -0.000669892030900442    4.95978180570614e-36    4.9664312967605e-36
55.5999999999975    -0.000671243446316265    4.95978180570614e-36    4.96644472020831e-36
55.6999999999975    -0.000662585181670181    4.95978180570614e-36    4.9663587193292e-36
55.7999999999975    -0.000656689230662047    4.95978180570614e-36    4.96630015683361e-36
55.8999999999974    -0.000660825852556038    4.95978180570614e-36    4.96634124443332e-36
55.9999999999974    -0.000659726136879665    4.95978180570614e-36    4.96633032131393e-36
56.0999999999974    -0.000668676369979303    4.95978180570614e-36    4.96641922177688e-36
56.1999999999974    -0.000675859941804578    4.95978180570614e-36    4.96649057558009e-36
56.2999999999974    -0.000670225106523815    4.95978180570614e-36    4.96643460515749e-36
56.3999999999973    -0.000670315561156841    4.95978180570614e-36    4.96643550363201e-36
56.4999999999973    -0.00067112390978874    4.95978180570614e-36    4.96644353286481e-36
56.5999999999973    -0.000664647460894638    4.95978180570614e-36    4.96637920341728e-36
56.6999999999973    -0.000661867669448802    4.95978180570614e-36    4.96635159248504e-36
56.7999999999973    -0.000662177873524072    4.95978180570614e-36    4.96635467365235e-36
56.8999999999972    -0.000670746592664969    4.95978180570614e-36    4.96643978501615e-36
56.9999999999972    -0.000672894467952853    4.95978180570614e-36    4.96646111965817e-36
57.0999999999972    -0.000672022893277092    4.95978180570614e-36    4.96645246237832e-36
57.1999999999972    -0.000673852990361838    4.95978180570614e-36    4.96647064060017e-36
57.2999999999972    -0.000670297379546524    4.95978180570614e-36    4.96643532303635e-36
57.3999999999971    -0.000658880603353418    4.95978180570614e-36    4.96632192291981e-36
57.4999999999971    -0.000661686708285713    4.95978180570614e-36    4.96634979505106e-36
57.5999999999971    -0.000666398549308423    4.95978180570614e-36    4.96639659659361e-36
57.6999999999971    -0.000664817047349766    4.95978180570614e-36    4.9663808878796e-36
57.7999999999971    -0.000674603979050589    4.95978180570614e-36    4.96647810013571e-36
57.899999999997    -0.000676212726571196    4.95978180570614e-36    4.96649407978737e-36
57.999999999997    -0.000668519550010108    4.95978180570614e-36    4.96641766410901e-36
58.099999999997    -0.000667953206967871    4.95978180570614e-36    4.96641203871751e-36
58.199999999997    -0.000664559674266714    4.95978180570614e-36    4.96637833145361e-36
58.299999999997    -0.000663615506233969    4.95978180570614e-36    4.96636895326701e-36
58.399999999997    -0.000669367958506673    4.95978180570614e-36    4.96642609122182e-36
58.4999999999969    -0.00066486784812017    4.95978180570614e-36    4.9663813924718e-36
58.5999999999969    -0.00067741613077616    4.95978180570614e-36    4.96650603320695e-36
58.6999999999969    -0.000676250149345275    4.95978180570614e-36    4.96649445150752e-36
58.7999999999969    -0.000670263743746465    4.95978180570614e-36    4.96643498893616e-36
58.8999999999969    -0.000666332006719252    4.95978180570614e-36    4.96639593563958e-36
58.9999999999968    -0.000665404926766969    4.95978180570614e-36    4.96638672715182e-36
59.0999999999968    -0.000669275380060747    4.95978180570614e-36    4.96642517165347e-36
59.1999999999968    -0.000660417789650673    4.95978180570614e-36    4.96633719127393e-36
59.2999999999968    -0.000671949433078292    4.95978180570614e-36    4.96645173270488e-36
59.3999999999968    -0.000671415058131088    4.95978180570614e-36    4.96644642481055e-36
59.4999999999967    -0.000676287450914148    4.95978180570614e-36    4.96649482202378e-36
59.5999999999967    -0.000670622400527437    4.95978180570614e-36    4.96643855143021e-36
59.6999999999967    -0.00067060589957095    4.95978180570614e-36    4.96643838752816e-36
59.7999999999967    -0.000665452128799701    4.95978180570614e-36    4.96638719599915e-36
59.8999999999967    -0.000663937979558667    4.95978180570614e-36    4.96637215631247e-36
59.9999999999966    -0.000668706119534761    4.95978180570614e-36    4.96641951727455e-36
60.0999999999966    -0.0006728504234494    4.95978180570614e-36    4.96646068216737e-36
60.1999999999966    -0.000673707041777025    4.95978180570614e-36    4.966469190901e-36
60.2999999999966    -0.000672685427349181    4.95978180570614e-36    4.96645904327361e-36
60.3999999999966    -0.0006718524914641    4.95978180570614e-36    4.96645076979284e-36
60.4999999999965    -0.000667969486921159    4.95978180570614e-36    4.96641220042349e-36
60.5999999999965    -0.000666815544422471    4.95978180570614e-36    4.96640073852341e-36
60.6999999999965    -0.000665496943209818    4.95978180570614e-36    4.96638764113079e-36
60.7999999999965    -0.000663858672202738    4.95978180570614e-36    4.9663713685725e-36
60.8999999999965    -0.000673621910944102    4.95978180570614e-36    4.96646834530137e-36
60.9999999999964    -0.000671179641538651    4.95978180570614e-36    4.96644408644226e-36
61.0999999999964    -0.000670356144926174    4.95978180570614e-36    4.96643590674556e-36
61.1999999999964    -0.000671824960635778    4.95978180570614e-36    4.96645049633172e-36
61.2999999999964    -0.000669083453527642    4.95978180570614e-36    4.96642326527546e-36
61.3999999999964    -0.000673402917740193    4.95978180570614e-36    4.96646617005523e-36
61.4999999999963    -0.000663430839901653    4.95978180570614e-36    4.96636711902426e-36
61.5999999999963    -0.000663783921244585    4.95978180570614e-36    4.96637062609019e-36
61.6999999999963    -0.000671725685414861    4.95978180570614e-36    4.96644951024043e-36
61.7999999999963    -0.000670818222292121    4.95978180570614e-36    4.96644049650499e-36
61.8999999999963    -0.000682951219810429    4.95978180570614e-36    4.96656101364287e-36
61.9999999999962    -0.000678000548826026    4.95978180570614e-36    4.96651183824455e-36
62.0999999999962    -0.000659459931208803    4.95978180570614e-36    4.9663276771829e-36
62.1999999999962    -0.000667794928121861    4.95978180570614e-36    4.96641046656112e-36
62.2999999999962    -0.000669356418130626    4.95978180570614e-36    4.96642597659292e-36
62.3999999999962    -0.000666038041124966    4.95978180570614e-36    4.96639301574008e-36
62.4999999999961    -0.000669667808915727    4.95978180570614e-36    4.96642906959384e-36
62.5999999999961    -0.000673450135788124    4.95978180570614e-36    4.96646663906914e-36
62.6999999999961    -0.000674105623397225    4.95978180570614e-36    4.96647314999105e-36
62.7999999999961    -0.000670876008467654    4.95978180570614e-36    4.96644107048848e-36
62.8999999999961    -0.000671780501000093    4.95978180570614e-36    4.96645005471838e-36
62.999999999996    -0.000668378544357945    4.95978180570614e-36    4.96641626352266e-36
63.099999999996    -0.000667088556716715    4.95978180570614e-36    4.96640345030227e-36
63.199999999996    -0.000670745359618416    4.95978180570614e-36    4.96643977276845e-36
63.299999999996    -0.000674785522779101    4.95978180570614e-36    4.96647990340276e-36
63.399999999996    -0.000674220237296096    4.95978180570614e-36    4.9664742884454e-36
63.4999999999959    -0.000671179272113397    4.95978180570614e-36    4.9664440827728e-36
63.5999999999959    -0.000676901734845197    4.95978180570614e-36    4.96650092370624e-36
63.6999999999959    -0.000674641115758431    4.95978180570614e-36    4.96647846901318e-36
63.7999999999959    -0.000668517429565273    4.95978180570614e-36    4.96641764304697e-36
63.8999999999959    -0.000664451208384858    4.95978180570614e-36    4.96637725408804e-36
63.9999999999958    -0.000669130031097673    4.95978180570614e-36    4.96642372792354e-36
64.0999999999959    -0.000668331592588601    4.95978180570614e-36    4.96641579715841e-36
64.1999999999959    -0.000671104369735398    4.95978180570614e-36    4.96644333877558e-36
64.299999999996    -0.00067354380374321    4.95978180570614e-36    4.9664675694672e-36
64.399999999996    -0.000675860141254584    4.95978180570614e-36    4.96649057756123e-36
64.4999999999961    -0.000670264048721236    4.95978180570614e-36    4.96643499196543e-36
64.5999999999961    -0.000667609326220013    4.95978180570614e-36    4.96640862301019e-36
64.6999999999962    -0.000669858979707744    4.95978180570614e-36    4.96643096846741e-36
64.7999999999962    -0.000668331155308748    4.95978180570614e-36    4.96641579281498e-36
64.8999999999963    -0.00066829511648873    4.95978180570614e-36    4.96641543484731e-36
64.9999999999963    -0.000680303914086642    4.95978180570614e-36    4.96653471768947e-36
65.0999999999964    -0.00067474179465319    4.95978180570614e-36    4.96647946905287e-36
65.1999999999965    -0.000671823578100093    4.95978180570614e-36    4.96645048259912e-36
65.2999999999965    -0.000670539111042287    4.95978180570614e-36    4.96643772412568e-36
65.3999999999966    -0.000673506857650409    4.95978180570614e-36    4.9664672024839e-36
65.4999999999966    -0.000667150423187097    4.95978180570614e-36    4.96640406481029e-36
65.5999999999967    -0.000662645113272666    4.95978180570614e-36    4.96635931461317e-36
65.6999999999967    -0.000673529756335681    4.95978180570614e-36    4.96646742993515e-36
65.7999999999968    -0.000680782509710753    4.95978180570614e-36    4.96653947161751e-36
65.8999999999968    -0.000671993208895901    4.95978180570614e-36    4.96645216752606e-36
65.9999999999969    -0.000666936394894413    4.95978180570614e-36    4.96640193890783e-36
66.0999999999969    -0.000677152502071194    4.95978180570614e-36    4.96650341457933e-36
66.199999999997    -0.000671736796079176    4.95978180570614e-36    4.96644962060159e-36
66.299999999997    -0.000664950503470729    4.95978180570614e-36    4.96638221346822e-36
66.3999999999971    -0.000673701717548765    4.95978180570614e-36    4.96646913801574e-36
66.4999999999971    -0.000667458252321368    4.95978180570614e-36    4.96640712242032e-36
66.5999999999972    -0.000679950907768232    4.95978180570614e-36    4.96653121125281e-36
66.6999999999972    -0.00067896378886722    4.95978180570614e-36    4.9665214061443e-36
66.7999999999973    -0.000671496917385563    4.95978180570614e-36    4.96644723791019e-36
66.8999999999973    -0.000676167376529554    4.95978180570614e-36    4.96649362932575e-36
66.9999999999974    -0.000664915246787476    4.95978180570614e-36    4.96638186327175e-36
67.0999999999974    -0.000671820398313148    4.95978180570614e-36    4.9664504510146e-36
67.1999999999975    -0.000672234244537331    4.95978180570614e-36    4.96645456171169e-36
67.2999999999975    -0.000667908915229272    4.95978180570614e-36    4.96641159877528e-36
67.3999999999976    -0.000674954548172162    4.95978180570614e-36    4.96648158232625e-36
67.4999999999976    -0.000671589249342114    4.95978180570614e-36    4.96644815503427e-36
67.5999999999977    -0.000680576014619867    4.95978180570614e-36    4.96653742048495e-36
67.6999999999977    -0.000670892174990978    4.95978180570614e-36    4.96644123106873e-36
67.7999999999978    -0.000668522910120647    4.95978180570614e-36    4.96641769748445e-36
67.8999999999978    -0.000667805551745788    4.95978180570614e-36    4.96641057208372e-36
67.9999999999979    -0.000673329820677577    4.95978180570614e-36    4.96646544398678e-36
68.0999999999979    -0.000676576950790362    4.95978180570614e-36    4.9664976976252e-36
68.199999999998    -0.000675692036722556    4.95978180570614e-36    4.9664889077816e-36
68.299999999998    -0.000678323893976928    4.95978180570614e-36    4.9665150500421e-36
68.3999999999981    -0.000673369649726725    4.95978180570614e-36    4.96646583960616e-36
68.4999999999981    -0.000675456828017239    4.95978180570614e-36    4.96648657145823e-36
68.5999999999982    -0.000671225951712115    4.95978180570614e-36    4.96644454643627e-36
68.6999999999982    -0.000661542500134916    4.95978180570614e-36    4.96634836267439e-36
68.7999999999983    -0.000674703440589368    4.95978180570614e-36    4.96647908808337e-36
68.8999999999983    -0.000675759914758202    4.95978180570614e-36    4.96648958201297e-36
68.9999999999984    -0.000672919767859355    4.95978180570614e-36    4.9664613709603e-36
69.0999999999984    -0.000670342771350118    4.95978180570614e-36    4.96643577390748e-36
69.1999999999985    -0.000674452109268202    4.95978180570614e-36    4.96647659161936e-36
69.2999999999985    -0.000676717858159282    4.95978180570614e-36    4.96649909725828e-36
69.3999999999986    -0.000669727608101182    4.95978180570614e-36    4.96642966357096e-36
69.4999999999986    -0.000671877102318438    4.95978180570614e-36    4.96645101425015e-36
69.5999999999987    -0.000674872269448708    4.95978180570614e-36    4.96648076505441e-36
69.6999999999988    -0.000673310174247098    4.95978180570614e-36    4.96646524884006e-36
69.7999999999988    -0.000675824217962892    4.95978180570614e-36    4.9664902207357e-36
69.8999999999989    -0.000680183090101038    4.95978180570614e-36    4.96653351753602e-36
69.9999999999989    -0.000675757484820855    4.95978180570614e-36    4.96648955787644e-36
70.099999999999    -0.000673056008195597    4.95978180570614e-36    4.96646272422583e-36
70.199999999999    -0.000669439556318637    4.95978180570614e-36    4.96642680239267e-36
70.2999999999991    -0.000671850839426    4.95978180570614e-36    4.9664507533833e-36
70.3999999999991    -0.000670339058572032    4.95978180570614e-36    4.96643573702892e-36
70.4999999999992    -0.000673313489652382    4.95978180570614e-36    4.96646528177176e-36
70.5999999999992    -0.000675620249500218    4.95978180570614e-36    4.96648819472043e-36
70.6999999999993    -0.000678700890640759    4.95978180570614e-36    4.96651879476445e-36
70.7999999999993    -0.00067611226931645    4.95978180570614e-36    4.96649308194629e-36
70.8999999999994    -0.000668029088010701    4.95978180570614e-36    4.96641279243095e-36
70.9999999999994    -0.000672011191912355    4.95978180570614e-36    4.96645234614973e-36
71.0999999999995    -0.000677871133471102    4.95978180570614e-36    4.96651055275834e-36
71.1999999999995    -0.000673268364521111    4.95978180570614e-36    4.96646483354678e-36
71.2999999999996    -0.000676667098984532    4.95978180570614e-36    4.96649859306728e-36
71.3999999999996    -0.000677017550891569    4.95978180570614e-36    4.96650207410791e-36
71.4999999999997    -0.000675194031405238    4.95978180570614e-36    4.96648396110603e-36
71.5999999999997    -0.000672925714081205    4.95978180570614e-36    4.96646143002369e-36
71.6999999999998    -0.000677267924302113    4.95978180570614e-36    4.96650456106979e-36
71.7999999999998    -0.000670172144679302    4.95978180570614e-36    4.96643407909421e-36
71.8999999999999    -0.000670824541081144    4.95978180570614e-36    4.96644055926879e-36
71.9999999999999    -0.000676282437038826    4.95978180570614e-36    4.96649477222098e-36
72.1    -0.000672355914299563    4.95978180570614e-36    4.96645577024707e-36
72.2    -0.000671871260547329    4.95978180570614e-36    4.96645095622438e-36
72.3000000000001    -0.000678801899746535    4.95978180570614e-36    4.96651979809225e-36
72.4000000000001    -0.000674394792498115    4.95978180570614e-36    4.96647602229434e-36
72.5000000000002    -0.000669604105940917    4.95978180570614e-36    4.96642843684098e-36
72.6000000000002    -0.000675646781923088    4.95978180570614e-36    4.96648845826649e-36
72.7000000000003    -0.000677671484946411    4.95978180570614e-36    4.96650856964481e-36
72.8000000000003    -0.000671414652585236    4.95978180570614e-36    4.96644642078231e-36
72.9000000000004    -0.000678058367986829    4.95978180570614e-36    4.96651241256394e-36
73.0000000000004    -0.000678749044720805    4.95978180570614e-36    4.96651927308098e-36
73.1000000000005    -0.000670705863838892    4.95978180570614e-36    4.96643938046146e-36
73.2000000000005    -0.000676407333837387    4.95978180570614e-36    4.9664960128203e-36
73.3000000000006    -0.00067679565209995    4.95978180570614e-36    4.96649986998577e-36
73.4000000000006    -0.000677681493135292    4.95978180570614e-36    4.96650866905637e-36
73.5000000000007    -0.000664229397742886    4.95978180570614e-36    4.9663750508969e-36
73.6000000000007    -0.000675454034213161    4.95978180570614e-36    4.96648654370743e-36
73.7000000000008    -0.000677728846276699    4.95978180570614e-36    4.96650913941618e-36
73.8000000000008    -0.000676069518979445    4.95978180570614e-36    4.96649265730761e-36
73.9000000000009    -0.000673763666527335    4.95978180570614e-36    4.96646975335144e-36
74.000000000001    -0.000677856090965012    4.95978180570614e-36    4.96651040334074e-36
74.100000000001    -0.00067025774722943    4.95978180570614e-36    4.9664349293735e-36
74.2000000000011    -0.000674003970309385    4.95978180570614e-36    4.96647214027603e-36
74.3000000000011    -0.000680806132238544    4.95978180570614e-36    4.96653970626206e-36
74.4000000000012    -0.000674278808607031    4.95978180570614e-36    4.96647487023152e-36
74.5000000000012    -0.000671631308732549    4.95978180570614e-36    4.96644857280604e-36
74.6000000000013    -0.000678128373148    4.95978180570614e-36    4.96651310792731e-36
74.7000000000013    -0.000676183999522666    4.95978180570614e-36    4.96649379444181e-36
74.8000000000014    -0.000675894812943955    4.95978180570614e-36    4.96649092195463e-36
74.9000000000014    -0.000673159755383692    4.95978180570614e-36    4.96646375473949e-36
75.0000000000015    -0.00067288667503246    4.95978180570614e-36    4.96646104225167e-36
75.1000000000015    -0.000673336091573393    4.95978180570614e-36    4.96646550627518e-36
75.2000000000016    -0.0006751268647893    4.95978180570614e-36    4.96648329394193e-36
75.3000000000016    -0.000674741019804468    4.95978180570614e-36    4.96647946135632e-36
75.4000000000017    -0.000676302385699663    4.95978180570614e-36    4.96649497037092e-36
75.5000000000017    -0.000670165457541571    4.95978180570614e-36    4.96643401267172e-36
75.6000000000018    -0.000680116025725873    4.95978180570614e-36    4.96653285138082e-36
75.7000000000018    -0.000673519461070308    4.95978180570614e-36    4.9664673276729e-36
75.8000000000019    -0.000670120677998345    4.95978180570614e-36    4.96643356788225e-36
75.9000000000019    -0.000684066491572876    4.95978180570614e-36    4.96657209179091e-36
76.000000000002    -0.000679798293749449    4.95978180570614e-36    4.96652969532777e-36
76.100000000002    -0.000671528802424298    4.95978180570614e-36    4.96644755462107e-36
76.2000000000021    -0.000670677242631234    4.95978180570614e-36    4.96643909617036e-36
76.3000000000021    -0.000683222536016569    4.95978180570614e-36    4.96656370866184e-36
76.4000000000022    -0.00067939215026719    4.95978180570614e-36    4.96652566108021e-36
76.5000000000022    -0.00067383124765879    4.95978180570614e-36    4.96647042463108e-36
76.6000000000023    -0.000672321887387788    4.95978180570614e-36    4.96645543226063e-36
76.7000000000023    -0.000681282404305371    4.95978180570614e-36    4.96654443711477e-36
76.8000000000024    -0.000674797608575121    4.95978180570614e-36    4.96648002345054e-36
76.9000000000024    -0.000669263558273558    4.95978180570614e-36    4.96642505422938e-36
77.0000000000025    -0.00067631439414924    4.95978180570614e-36    4.96649508965078e-36
77.1000000000025    -0.000680057594872196    4.95978180570614e-36    4.96653227098308e-36
77.2000000000026    -0.000672903250783743    4.95978180570614e-36    4.96646120689739e-36
77.3000000000026    -0.000676534293584874    4.95978180570614e-36    4.96649727391119e-36
77.4000000000027    -0.000677778971067075    4.95978180570614e-36    4.9665096373069e-36
77.5000000000027    -0.000674844890339488    4.95978180570614e-36    4.96648049309866e-36
77.6000000000028    -0.000676582619429335    4.95978180570614e-36    4.96649775393179e-36
77.7000000000028    -0.000676912961953169    4.95978180570614e-36    4.96650103522518e-36
77.8000000000029    -0.000672789130860519    4.95978180570614e-36    4.96646007335266e-36
77.9000000000029    -0.000679381070189722    4.95978180570614e-36    4.96652555102118e-36
78.000000000003    -0.000679235230774961    4.95978180570614e-36    4.96652410239037e-36
78.100000000003    -0.000675466510819528    4.95978180570614e-36    4.96648666763729e-36
78.2000000000031    -0.000671210955134122    4.95978180570614e-36    4.96644439747686e-36
78.3000000000032    -0.000678230212970179    4.95978180570614e-36    4.9665141195055e-36
78.4000000000032    -0.000679035546290316    4.95978180570614e-36    4.96652211891424e-36
78.5000000000033    -0.000668006258645663    4.95978180570614e-36    4.96641256567075e-36
78.6000000000033    -0.000676649028100175    4.95978180570614e-36    4.96649841356916e-36
78.7000000000034    -0.00067941449189215    4.95978180570614e-36    4.96652588300083e-36
78.8000000000034    -0.000677161638895432    4.95978180570614e-36    4.96650350533551e-36
78.9000000000035    -0.000674550685963104    4.95978180570614e-36    4.96647757077759e-36
79.0000000000035    -0.000677857880805525    4.95978180570614e-36    4.96651042111927e-36
79.1000000000036    -0.000677339870855075    4.95978180570614e-36    4.96650527571594e-36
79.2000000000036    -0.000675753133602708    4.95978180570614e-36    4.96648951465586e-36
79.3000000000037    -0.00067312774370925    4.95978180570614e-36    4.96646343676971e-36
79.4000000000037    -0.000677874420654893    4.95978180570614e-36    4.96651058541002e-36
79.5000000000038    -0.000676954655695741    4.95978180570614e-36    4.96650144936942e-36
79.6000000000038    -0.000675026741180115    4.95978180570614e-36    4.96648229941711e-36
79.7000000000039    -0.000680816280178672    4.95978180570614e-36    4.9665398070624e-36
79.8000000000039    -0.000678141758474799    4.95978180570614e-36    4.96651324088417e-36
79.900000000004    -0.000671567681694175    4.95978180570614e-36    4.96644794080497e-36
80.000000000004    -0.000673869921409812    4.95978180570614e-36    4.96647080877535e-36
80.1000000000041    -0.000672770721647402    4.95978180570614e-36    4.96645989049534e-36
80.2000000000041    -0.000682370341215996    4.95978180570614e-36    4.96655524370557e-36
80.3000000000042    -0.000680871897905814    4.95978180570614e-36    4.966540359518e-36
80.4000000000042    -0.000669887281247717    4.95978180570614e-36    4.96643124958283e-36
80.5000000000043    -0.000674218693170028    4.95978180570614e-36    4.96647427310767e-36
80.6000000000043    -0.000677477795897306    4.95978180570614e-36    4.96650664572766e-36
80.7000000000044    -0.000681497525923581    4.95978180570614e-36    4.96654657393837e-36
80.8000000000044    -0.00067328364920341    4.95978180570614e-36    4.96646498536853e-36
80.9000000000045    -0.000677240223812291    4.95978180570614e-36    4.96650428592046e-36
81.0000000000045    -0.000670864566250758    4.95978180570614e-36    4.96644095683424e-36
81.1000000000046    -0.000678486669351129    4.95978180570614e-36    4.9665166668958e-36
81.2000000000046    -0.000685525538657706    4.95978180570614e-36    4.96658658474392e-36
81.3000000000047    -0.000671110185377563    4.95978180570614e-36    4.96644339654172e-36
81.4000000000047    -0.000678396987481541    4.95978180570614e-36    4.96651577608247e-36
81.5000000000048    -0.000678181964675594    4.95978180570614e-36    4.96651364025363e-36
81.6000000000048    -0.0006711482026492    4.95978180570614e-36    4.96644377416316e-36
81.7000000000049    -0.000678574468555815    4.95978180570614e-36    4.96651753900871e-36
81.8000000000049    -0.0006755799620046    4.95978180570614e-36    4.96648779454552e-36
81.900000000005    -0.000677903755396445    4.95978180570614e-36    4.96651087679277e-36
82.000000000005    -0.000676176461279558    4.95978180570614e-36    4.9664937195645e-36
82.1000000000051    -0.000678068221766479    4.95978180570614e-36    4.96651251044182e-36
82.2000000000051    -0.000678484408317992    4.95978180570614e-36    4.96651664443687e-36
82.3000000000052    -0.000674838776907578    4.95978180570614e-36    4.96648043237415e-36
82.4000000000052    -0.000673904456315751    4.95978180570614e-36    4.96647115180873e-36
82.5000000000053    -0.000679036613390821    4.95978180570614e-36    4.9665221295138e-36
82.6000000000054    -0.000676136465939922    4.95978180570614e-36    4.96649332229113e-36
82.7000000000054    -0.000681316367623675    4.95978180570614e-36    4.9665447744756e-36
82.8000000000055    -0.000674507428430289    4.95978180570614e-36    4.96647714110228e-36
82.9000000000055    -0.000677232129650985    4.95978180570614e-36    4.96650420552105e-36
83.0000000000056    -0.000672956488897392    4.95978180570614e-36    4.96646173570771e-36
83.1000000000056    -0.000676434757122869    4.95978180570614e-36    4.96649628521571e-36
83.2000000000057    -0.000679382657096257    4.95978180570614e-36    4.96652556678402e-36
83.3000000000057    -0.000673225868965702    4.95978180570614e-36    4.96646441144125e-36
83.4000000000058    -0.000677321020817956    4.95978180570614e-36    4.96650508847824e-36
83.5000000000058    -0.000681815533132296    4.95978180570614e-36    4.96654973273607e-36
83.6000000000059    -0.000674733094588063    4.95978180570614e-36    4.96647938263544e-36
83.7000000000059    -0.000674816593949258    4.95978180570614e-36    4.9664802120316e-36
83.800000000006    -0.000678321530942779    4.95978180570614e-36    4.96651502657e-36
83.900000000006    -0.000678012454428831    4.95978180570614e-36    4.96651195650324e-36
84.0000000000061    -0.000677079831021787    4.95978180570614e-36    4.96650269273702e-36
84.1000000000061    -0.000677756897108516    4.95978180570614e-36    4.96650941804574e-36
84.2000000000062    -0.000681711002984747    4.95978180570614e-36    4.96654869442734e-36
84.3000000000062    -0.000673358975765108    4.95978180570614e-36    4.96646573358239e-36
84.4000000000063    -0.000676383936105497    4.95978180570614e-36    4.96649578041071e-36
84.5000000000063    -0.000680509944976509    4.95978180570614e-36    4.96653676420997e-36
84.6000000000064    -0.000675318498439095    4.95978180570614e-36    4.96648519743381e-36
84.7000000000064    -0.000675739205028759    4.95978180570614e-36    4.96648937630357e-36
84.8000000000065    -0.000676908350139732    4.95978180570614e-36    4.96650098941601e-36
84.9000000000065    -0.000680402790139527    4.95978180570614e-36    4.96653569983272e-36
85.0000000000066    -0.000676260680425616    4.95978180570614e-36    4.96649455611268e-36
85.1000000000066    -0.000677585389239424    4.95978180570614e-36    4.96650771445436e-36
85.2000000000067    -0.000677176664723926    4.95978180570614e-36    4.96650365458724e-36
85.3000000000067    -0.000675558959718096    4.95978180570614e-36    4.96648758593023e-36
85.4000000000068    -0.000680253548694414    4.95978180570614e-36    4.96653421740632e-36
85.5000000000068    -0.000679326262237432    4.95978180570614e-36    4.96652500661077e-36
85.6000000000069    -0.00068052772634716    4.95978180570614e-36    4.96653694083372e-36
85.7000000000069    -0.000666740504238979    4.95978180570614e-36    4.96639999316389e-36
85.800000000007    -0.000679263078556042    4.95978180570614e-36    4.96652437900386e-36
85.900000000007    -0.000683555059435835    4.95978180570614e-36    4.96656701166198e-36
86.0000000000071    -0.000672980317736101    4.95978180570614e-36    4.96646197239785e-36
86.1000000000071    -0.000680282869164821    4.95978180570614e-36    4.96653450864871e-36
86.2000000000072    -0.000672223492088057    4.95978180570614e-36    4.96645445490854e-36
86.3000000000072    -0.000677207718987087    4.95978180570614e-36    4.96650396304961e-36
86.4000000000073    -0.000676243880561643    4.95978180570614e-36    4.96649438923974e-36
86.5000000000073    -0.000676842101938847    4.95978180570614e-36    4.96650033137224e-36
86.6000000000074    -0.000681287823801081    4.95978180570614e-36    4.96654449094713e-36
86.7000000000074    -0.000674307170536043    4.95978180570614e-36    4.96647515194927e-36
86.8000000000075    -0.000679643033530293    4.95978180570614e-36    4.96652815311832e-36
86.9000000000076    -0.00067747083698246    4.95978180570614e-36    4.96650657660463e-36
87.0000000000076    -0.000676581198396722    4.95978180570614e-36    4.96649773981667e-36
87.1000000000077    -0.000679945071205939    4.95978180570614e-36    4.96653115327785e-36
87.2000000000077    -0.000676703742542286    4.95978180570614e-36    4.96649895704782e-36
87.3000000000078    -0.000677105214885159    4.95978180570614e-36    4.96650294487519e-36
87.4000000000078    -0.000680301203538435    4.95978180570614e-36    4.96653469076539e-36
87.5000000000079    -0.000678245997471581    4.95978180570614e-36    4.96651427629347e-36
87.6000000000079    -0.00067547516182427    4.95978180570614e-36    4.96648675356753e-36
87.700000000008    -0.000675038636645551    4.95978180570614e-36    4.96648241757441e-36
87.800000000008    -0.000676706728836441    4.95978180570614e-36    4.96649898671069e-36
87.9000000000081    -0.000679863348239077    4.95978180570614e-36    4.96653034151822e-36
88.0000000000081    -0.00067430404369533    4.95978180570614e-36    4.9664751208905e-36
88.1000000000082    -0.000682440625376721    4.95978180570614e-36    4.96655594184628e-36
88.2000000000082    -0.000681025542070493    4.95978180570614e-36    4.96654188567883e-36
88.3000000000083    -0.000675092246754693    4.95978180570614e-36    4.96648295008201e-36
88.4000000000083    -0.000673859892484968    4.95978180570614e-36    4.96647070915858e-36
88.5000000000084    -0.000685686799764115    4.95978180570614e-36    4.96658818657942e-36
88.6000000000084    -0.000672783216096756    4.95978180570614e-36    4.96646001460176e-36
88.7000000000085    -0.000682315196024188    4.95978180570614e-36    4.96655469594206e-36
88.8000000000085    -0.000675123785754315    4.95978180570614e-36    4.96648326335797e-36
88.9000000000086    -0.000678960624569986    4.95978180570614e-36    4.96652137471319e-36
89.0000000000086    -0.000682473334124796    4.95978180570614e-36    4.9665562667461e-36
89.1000000000087    -0.000676910327721355    4.95978180570614e-36    4.96650100905934e-36
89.2000000000087    -0.000674678536261188    4.95978180570614e-36    4.96647884070961e-36
89.3000000000088    -0.000675605887306882    4.95978180570614e-36    4.96648805206104e-36
89.4000000000088    -0.000679111204335432    4.95978180570614e-36    4.96652287042935e-36
89.5000000000089    -0.000680894862120779    4.95978180570614e-36    4.96654058762351e-36
89.6000000000089    -0.000679193188513949    4.95978180570614e-36    4.96652368478239e-36
89.700000000009    -0.000680415735233248    4.95978180570614e-36    4.96653582841732e-36
89.800000000009    -0.000672671698185192    4.95978180570614e-36    4.96645890690289e-36
89.9000000000091    -0.000681792107446501    4.95978180570614e-36    4.9665495000463e-36
90.0000000000091    -0.000677507381899543    4.95978180570614e-36    4.96650693960595e-36
90.1000000000092    -0.000679807011620443    4.95978180570614e-36    4.96652978192294e-36
90.2000000000092    -0.000677613884950951    4.95978180570614e-36    4.96650799750284e-36
90.3000000000093    -0.000676154282712201    4.95978180570614e-36    4.96649349926498e-36
90.4000000000093    -0.000682865680779869    4.95978180570614e-36    4.96656016397292e-36
90.5000000000094    -0.000677207049397672    4.95978180570614e-36    4.96650395639857e-36
90.6000000000094    -0.000675320449967961    4.95978180570614e-36    4.96648521681829e-36
90.7000000000095    -0.000677979555914924    4.95978180570614e-36    4.96651162972137e-36
90.8000000000095    -0.000682053674392589    4.95978180570614e-36    4.96655209821856e-36
90.9000000000096    -0.000672903520627265    4.95978180570614e-36    4.96646120957773e-36
91.0000000000096    -0.000678938697514379    4.95978180570614e-36    4.96652115691071e-36
91.1000000000097    -0.000679119476888714    4.95978180570614e-36    4.96652295260104e-36
91.2000000000098    -0.00067874980494275    4.95978180570614e-36    4.96651928063229e-36
91.3000000000098    -0.000677140253604118    4.95978180570614e-36    4.96650329291517e-36
91.4000000000099    -0.000678388444488675    4.95978180570614e-36    4.96651569122461e-36
91.5000000000099    -0.000681483093059434    4.95978180570614e-36    4.96654643057532e-36
91.60000000001    -0.000679759634736621    4.95978180570614e-36    4.96652931132533e-36
91.70000000001    -0.000676021396421684    4.95978180570614e-36    4.96649217930675e-36
91.8000000000101    -0.000678184890061131    4.95978180570614e-36    4.96651366931158e-36
91.9000000000101    -0.000680641553491741    4.95978180570614e-36    4.96653807148781e-36
92.0000000000102    -0.000676204224287895    4.95978180570614e-36    4.96649399533425e-36
92.1000000000102    -0.000680279474454343    4.95978180570614e-36    4.9665344749288e-36
92.2000000000103    -0.000681635315388363    4.95978180570614e-36    4.96654794261479e-36
92.3000000000103    -0.000677828801987277    4.95978180570614e-36    4.96651013227864e-36
92.4000000000104    -0.000675075229287248    4.95978180570614e-36    4.96648278104801e-36
92.5000000000104    -0.000671773799857322    4.95978180570614e-36    4.96644998815657e-36
92.6000000000105    -0.000679260134766107    4.95978180570614e-36    4.96652434976303e-36
92.7000000000105    -0.000679855980021636    4.95978180570614e-36    4.96653026832923e-36
92.8000000000106    -0.000683365925157066    4.95978180570614e-36    4.96656513296531e-36
92.9000000000106    -0.000676737553440031    4.95978180570614e-36    4.96649929289156e-36
93.0000000000107    -0.000678604012929008    4.95978180570614e-36    4.96651783247414e-36
93.1000000000107    -0.000679615973023634    4.95978180570614e-36    4.96652788432466e-36
93.2000000000108    -0.000675593841254667    4.95978180570614e-36    4.96648793240784e-36
93.3000000000108    -0.000678621714574766    4.95978180570614e-36    4.96651800830531e-36
93.4000000000109    -0.000676302850100928    4.95978180570614e-36    4.96649497498381e-36
93.5000000000109    -0.000686272526717845    4.95978180570614e-36    4.96659400471471e-36
93.600000000011    -0.000677116757330395    4.95978180570614e-36    4.96650305952642e-36
93.700000000011    -0.000673967123251524    4.95978180570614e-36    4.96647177427611e-36
93.8000000000111    -0.000683985555037869    4.95978180570614e-36    4.96657128783633e-36
93.9000000000111    -0.00067645791060601    4.95978180570614e-36    4.96649651519919e-36
94.0000000000112    -0.000669772681113468    4.95978180570614e-36    4.96643011127508e-36
94.1000000000112    -0.000685352770044827    4.95978180570614e-36    4.96658486860286e-36
94.2000000000113    -0.000679207831015419    4.95978180570614e-36    4.96652383022712e-36
94.3000000000113    -0.000678923108779784    4.95978180570614e-36    4.96652100206708e-36
94.4000000000114    -0.000679239776323919    4.95978180570614e-36    4.96652414754155e-36
94.5000000000114    -0.00067871823898085    4.95978180570614e-36    4.96651896708624e-36
94.6000000000115    -0.000680576186650913    4.95978180570614e-36    4.96653742219374e-36
94.7000000000115    -0.000679468008032795    4.95978180570614e-36    4.9665264145797e-36
94.8000000000116    -0.000678947751757861    4.95978180570614e-36    4.96652124684694e-36
94.9000000000116    -0.000675487051199305    4.95978180570614e-36    4.96648687166443e-36
95.0000000000117    -0.000681321339032301    4.95978180570614e-36    4.96654482385707e-36
95.1000000000117    -0.000683055132646934    4.95978180570614e-36    4.96656204582234e-36
95.2000000000118    -0.000676963417846563    4.95978180570614e-36    4.96650153640393e-36
95.3000000000118    -0.000678359248427949    4.95978180570614e-36    4.9665154012191e-36
95.4000000000119    -0.000677854068618638    4.95978180570614e-36    4.96651038325272e-36
95.500000000012    -0.000680078399163804    4.95978180570614e-36    4.96653247763355e-36
95.600000000012    -0.000672098223621634    4.95978180570614e-36    4.96645321062787e-36
95.7000000000121    -0.000677589718043095    4.95978180570614e-36    4.96650775745245e-36
95.8000000000121    -0.000688779821632143    4.95978180570614e-36    4.9666189102207e-36
95.9000000000122    -0.000673341221771072    4.95978180570614e-36    4.9664655572331e-36
96.0000000000122    -0.000682620935999189    4.95978180570614e-36    4.96655773289302e-36
96.1000000000123    -0.000682259575139521    4.95978180570614e-36    4.96655414345351e-36
96.2000000000123    -0.000673673423248461    4.95978180570614e-36    4.96646885697009e-36
96.3000000000124    -0.000676121015379517    4.95978180570614e-36    4.96649316882085e-36
96.4000000000124    -0.00068175732251468    4.95978180570614e-36    4.96654915452398e-36
96.5000000000125    -0.00067858193348548    4.95978180570614e-36    4.96651761315815e-36
96.6000000000125    -0.000686381911756715    4.95978180570614e-36    4.96659509125749e-36
96.7000000000126    -0.000680442706571491    4.95978180570614e-36    4.96653609632569e-36
96.8000000000126    -0.000672172570074355    4.95978180570614e-36    4.96645394910461e-36
96.9000000000127    -0.00068102242026246    4.95978180570614e-36    4.96654185466964e-36
97.0000000000127    -0.000676663232475317    4.95978180570614e-36    4.96649855466124e-36
97.1000000000128    -0.000681122963481533    4.95978180570614e-36    4.96654285337441e-36
97.2000000000128    -0.000681764771754031    4.95978180570614e-36    4.96654922851804e-36
97.3000000000129    -0.000673267763973297    4.95978180570614e-36    4.96646482758158e-36
97.4000000000129    -0.000682853486639152    4.95978180570614e-36    4.966560042847e-36
97.500000000013    -0.00068206040621602    4.95978180570614e-36    4.96655216508649e-36
97.600000000013    -0.000679152855095646    4.95978180570614e-36    4.96652328414846e-36
97.7000000000131    -0.000676446921979657    4.95978180570614e-36    4.9664964060492e-36
97.8000000000131    -0.000675767508741341    4.95978180570614e-36    4.96648965744388e-36
97.9000000000132    -0.000684478182383931    4.95978180570614e-36    4.96657618117869e-36
98.0000000000132    -0.000684106694255703    4.95978180570614e-36    4.96657249113016e-36
98.1000000000133    -0.000678021152210234    4.95978180570614e-36    4.96651204289855e-36
98.2000000000133    -0.00067444674763211    4.95978180570614e-36    4.96647653836245e-36
98.3000000000134    -0.000681491473227184    4.95978180570614e-36    4.96654651381635e-36
98.4000000000134    -0.000687049148734644    4.95978180570614e-36    4.96660171905684e-36
98.5000000000135    -0.000675651873293852    4.95978180570614e-36    4.96648850883898e-36
98.6000000000135    -0.000674654838714036    4.95978180570614e-36    4.96647860532278e-36
98.7000000000136    -0.000680234918103182    4.95978180570614e-36    4.9665340323473e-36
98.8000000000136    -0.000680394715174905    4.95978180570614e-36    4.96653561962348e-36
98.9000000000137    -0.000679675621493282    4.95978180570614e-36    4.96652847681655e-36
99.0000000000137    -0.000687810988880293    4.95978180570614e-36    4.96660928657934e-36
99.1000000000138    -0.000679192552377816    4.95978180570614e-36    4.96652367846361e-36
99.2000000000138    -0.000675999918230469    4.95978180570614e-36    4.96649196596412e-36
99.3000000000139    -0.000674014827493972    4.95978180570614e-36    4.96647224811989e-36
99.4000000000139    -0.000686841111221841    4.95978180570614e-36    4.96659965257736e-36
99.500000000014    -0.000678220423662963    4.95978180570614e-36    4.96651402226799e-36
99.600000000014    -0.000681573140381463    4.95978180570614e-36    4.96654732502423e-36
99.7000000000141    -0.000681474355093373    4.95978180570614e-36    4.96654634378026e-36
99.8000000000142    -0.000677270778964057    4.95978180570614e-36    4.96650458942519e-36
99.9000000000142    -0.000682086492860883    4.95978180570614e-36    4.96655242420799e-36
