0    0
0.1    7.75374308237264e-06
0.2    1.41931649916271e-05
0.3    1.85035118164256e-05
0.4    2.04563511635447e-05
0.5    2.02988891209177e-05
0.6    1.85588626688826e-05
0.7    1.5851419188917e-05
0.8    1.27396622238152e-05
0.900000000000001    9.6625745851231e-06
1    6.91882803505184e-06
1.1    4.68538355524739e-06
1.2    3.05104351472352e-06
1.3    2.05100479466758e-06
1.4    1.69463307875262e-06
1.5    1.98304168030905e-06
1.6    2.91541939612117e-06
1.7    4.48390842766599e-06
1.8    6.65718389869507e-06
1.9    9.35365126430998e-06
2    1.24073333640506e-05
2.1    1.55336721608945e-05
2.2    1.83084992102511e-05
2.29999999999999    2.01795198456756e-05
2.39999999999999    2.05316699403157e-05
2.49999999999999    1.88195427544002e-05
2.59999999999999    1.47565758306101e-05
2.69999999999999    8.51356579945062e-06
2.79999999999998    8.42840560677516e-07
2.89999999999998    6.96421200441222e-06
2.99999999999998    1.33348701041314e-05
3.09999999999998    1.68423324875544e-05
3.19999999999998    1.6654962843532e-05
3.29999999999997    1.28179512219884e-05
3.39999999999997    6.23767873775272e-06
3.49999999999997    1.62382293433794e-06
3.59999999999997    9.20439312035448e-06
3.69999999999997    1.52575122983611e-05
3.79999999999996    1.90891950448968e-05
3.89999999999996    2.05808423920928e-05
3.99999999999996    2.00535126824164e-05
4.09999999999996    1.80670968302765e-05
4.19999999999995    1.52352550535362e-05
4.29999999999995    1.20996080188451e-05
4.39999999999995    9.07047221399004e-06
4.49999999999995    6.41952666402545e-06
4.59999999999995    4.30290093200725e-06
4.69999999999994    2.79584279128109e-06
4.79999999999994    1.92635100715322e-06
4.89999999999994    1.70104790286896e-06
4.99999999999994    2.12051592074491e-06
5.09999999999994    3.18329723525412e-06
5.19999999999993    4.8784519793843e-06
5.29999999999993    7.16690853175272e-06
5.39999999999993    9.95282393201347e-06
5.49999999999993    1.30486924819762e-05
5.59999999999993    1.61425364206824e-05
5.69999999999992    1.87817592561812e-05
5.79999999999992    2.03939258237584e-05
5.89999999999992    2.03652071292248e-05
5.99999999999992    1.81862345554062e-05
6.09999999999991    1.36483602964921e-05
6.19999999999991    7.03471328822314e-06
6.29999999999991    7.82584871350522e-07
6.39999999999991    8.42718765614592e-06
6.49999999999991    1.43180305944846e-05
6.5999999999999    1.71156633985703e-05
6.6999999999999    1.61523949204767e-05
6.7999999999999    1.16602739996807e-05
6.8999999999999    4.6909407942497e-06
6.9999999999999    3.23490806986015e-06
7.09999999999989    1.0589993939103e-05
7.19999999999989    1.62280821165428e-05
7.29999999999989    1.95766925025209e-05
7.39999999999989    2.06211161122294e-05
7.49999999999988    1.97476872897395e-05
7.59999999999988    1.75406599780548e-05
7.69999999999988    1.46069922540848e-05
7.79999999999988    1.14644263631281e-05
7.89999999999988    8.49438492644961e-06
7.99999999999987    5.94257343033977e-06
8.09999999999987    3.94576252082945e-06
8.19999999999987    2.56705654222422e-06
8.29999999999987    1.82833434836382e-06
8.39999999999987    1.73411111625832e-06
8.49999999999986    2.28460269358077e-06
8.59999999999986    3.47739747819098e-06
8.69999999999986    5.29769900203814e-06
8.79999999999986    7.69749496654093e-06
8.89999999999985    1.05652241427778e-05
8.99999999999985    1.36904484516753e-05
9.09999999999985    1.67330339587712e-05
9.19999999999985    1.92127416204224e-05
9.29999999999985    2.05401987726228e-05
9.39999999999984    2.01088879184796e-05
9.49999999999984    1.74537753068194e-05
9.59999999999984    1.24523311592073e-05
9.69999999999984    5.5043511978381e-06
9.79999999999984    2.401620691872e-06
9.89999999999983    9.81688283951954e-06
9.99999999999983    1.51710455063014e-05
10.0999999999998    1.72304511589783e-05
10.1999999999998    1.55011556166595e-05
10.2999999999998    1.03986207462547e-05
10.3999999999998    3.10468884601178e-06
10.4999999999998    4.82105388555087e-06
10.5999999999998    1.19026448329729e-05
10.6999999999998    1.71021304798957e-05
10.7999999999998    1.99676222147893e-05
10.8999999999998    2.05814924922887e-05
10.9999999999998    1.93867032733941e-05
11.0999999999998    1.69845177817596e-05
11.1999999999998    1.39705669651713e-05
11.2999999999998    1.0836833652661e-05
11.3999999999998    7.93594565151601e-06
11.4999999999998    5.48879857187323e-06
11.5999999999998    3.61430068485102e-06
11.6999999999998    2.36477199977436e-06
11.7999999999998    1.756961999555e-06
11.8999999999998    1.79382238518766e-06
11.9999999999998    2.4752704419484e-06
12.0999999999998    3.79753619961232e-06
12.1999999999998    5.74110232021141e-06
12.2999999999998    8.24774742902434e-06
12.3999999999998    1.11887023955815e-05
12.4999999999998    1.43292696750397e-05
12.5999999999998    1.73006573165324e-05
12.6999999999998    1.95961924220889e-05
12.7999999999998    2.06133412898879e-05
12.8999999999998    1.97595279067819e-05
12.9999999999998    1.66225745990012e-05
13.0999999999998    1.1173823716959e-05
13.1999999999998    3.93277935883951e-06
13.2999999999998    4.00083735740964e-06
13.3999999999998    1.1120263058606e-05
13.4999999999998    1.58853452907337e-05
13.5999999999998    1.7185511598683e-05
13.6999999999998    1.47078635639453e-05
13.7999999999998    9.04512409771741e-06
13.8999999999997    1.49265516080632e-06
13.9999999999997    6.37076926068847e-06
14.0999999999997    1.31354865338107e-05
14.1999999999997    1.78779033841447e-05
14.2999999999997    2.02642978833767e-05
14.3999999999997    2.04666188694524e-05
14.4999999999997    1.89758702949794e-05
14.5999999999997    1.6403462898551e-05
14.6999999999997    1.3329670735418e-05
14.7999999999997    1.02193082860413e-05
14.8999999999997    7.39659616921795e-06
14.9999999999997    5.05890711666179e-06
15.0999999999997    3.30877992049672e-06
15.1999999999997    2.1890480096376e-06
15.2999999999997    1.71223745493165e-06
15.3999999999997    1.88017962043929e-06
15.4999999999997    2.69246809514456e-06
15.5999999999997    4.14347489274824e-06
15.6999999999997    6.20800718653669e-06
15.7999999999997    8.81630135729505e-06
15.8999999999997    1.18208832897704e-05
15.9999999999997    1.49615743324505e-05
16.0999999999997    1.7840695272664e-05
16.1999999999997    1.99268089188243e-05
16.2999999999997    2.06085834505432e-05
16.3999999999998    1.93145313177601e-05
16.4999999999998    1.5693965504715e-05
16.5999999999998    9.81923587750622e-06
16.6999999999998    2.33114706793547e-06
16.7999999999998    5.56656012595802e-06
16.8999999999998    1.23248826870981e-05
16.9999999999999    1.64536934246229e-05
17.0999999999999    1.69813087398385e-05
17.1999999999999    1.3780520954576e-05
17.2999999999999    7.61258188775038e-06
17.3999999999999    1.31604025233045e-07
17.4999999999999    7.87337202268201e-06
17.6    1.42827181159877e-05
17.7    1.85545945655674e-05
17.8    2.04696564318763e-05
17.9    2.02814016561081e-05
18    1.85204695656305e-05
18.1    1.58020952514271e-05
18.2    1.26877441632978e-05
18.3000000000001    9.61409683464254e-06
18.4000000000001    6.87760568429674e-06
18.5000000000001    4.65349205491794e-06
18.6000000000001    3.02940776475413e-06
18.7000000000001    2.03992497249672e-06
18.8000000000001    1.69416110451515e-06
18.9000000000002    1.99317846227842e-06
19.0000000000002    2.93612233026597e-06
19.1000000000002    4.51491274833238e-06
19.2000000000002    6.69763945559954e-06
19.3000000000002    9.40160860340988e-06
19.4000000000002    1.24591552380648e-05
19.5000000000002    1.55835328699006e-05
19.6000000000003    1.83482544737767e-05
19.7000000000003    2.01992857055133e-05
19.8000000000003    2.05214530993869e-05
19.9000000000003    1.877196592448e-05
20.0000000000003    1.46702535459564e-05
20.1000000000003    8.39601544322388e-06
20.2000000000004    7.11357490801312e-07
20.3000000000004    7.08502959323454e-06
20.4000000000004    1.34190596186023e-05
20.5000000000004    1.68702949157051e-05
20.6000000000004    1.66199474000983e-05
20.7000000000004    1.27283925437371e-05
20.8000000000005    6.11428488328514e-06
20.9000000000005    1.75486388553914e-06
21.0000000000005    9.31907398171727e-06
21.1000000000005    1.53396003875761e-05
21.2000000000005    1.9132288029633e-05
21.3000000000005    2.05871798953927e-05
21.4000000000005    2.00309377853536e-05
21.5000000000006    1.80257090520719e-05
21.6000000000006    1.51847999115828e-05
21.7000000000006    1.20479772837134e-05
21.8000000000006    9.02322496099117e-06
21.9000000000006    6.38007914466332e-06
22.0000000000006    4.27304695960196e-06
22.1000000000007    2.77634101608637e-06
22.2000000000007    1.91742643806947e-06
22.3000000000007    1.70273287636302e-06
22.4000000000007    2.13280725158693e-06
22.5000000000007    3.20612834170397e-06
22.6000000000007    4.9114734078648e-06
22.7000000000007    7.20909360785171e-06
22.8000000000008    1.00019265809603e-05
22.9000000000008    1.31006648906862e-05
23.0000000000008    1.61910726321768e-05
23.1000000000008    1.88182868309239e-05
23.2000000000008    2.04083686785594e-05
23.3000000000008    2.03478478247865e-05
23.4000000000009    1.81306360378386e-05
23.5000000000009    1.35547555204507e-05
23.6000000000009    6.91263083518745e-06
23.7000000000009    9.14043445821022e-07
23.8000000000009    8.54257276161619e-06
23.9000000000009    1.43920389259478e-05
24.000000000001    1.71308812260129e-05
24.100000000001    1.61051372620236e-05
24.200000000001    1.15618676819196e-05
24.300000000001    4.56383595204279e-06
24.400000000001    3.36437661141442e-06
24.500000000001    1.06990510421179e-05
24.600000000001    1.63024458770256e-05
24.7000000000011    1.9611897531302e-05
24.8000000000011    2.06208207741421e-05
24.9000000000011    1.97204519974958e-05
25.0000000000011    1.74966856908432e-05
25.1000000000011    1.45557328167234e-05
25.2000000000011    1.14133123947369e-05
25.3000000000012    8.44850856773771e-06
25.4000000000012    5.90497271302226e-06
25.5000000000012    3.91797528065396e-06
25.6000000000012    2.54969725921317e-06
25.7000000000012    1.82156630645913e-06
25.8000000000012    1.7379530916628e-06
25.9000000000012    2.2990476272744e-06
26.0000000000013    3.50234357116008e-06
26.1000000000013    5.3326974306378e-06
26.2000000000013    7.7413184328412e-06
26.3000000000013    1.06153057845004e-05
26.4000000000013    1.3742311949505e-05
26.5000000000013    1.6779888808327e-05
26.6000000000014    1.92456181570266e-05
26.7000000000014    2.05489101805512e-05
26.8000000000014    2.00841119027961e-05
26.9000000000014    1.73901557481981e-05
27.0000000000014    1.23518326515804e-05
27.1000000000014    5.37853103355079e-06
27.2000000000015    2.53198671140709e-06
27.3000000000015    9.92576687330882e-06
27.4000000000015    1.52341314552107e-05
27.5000000000015    1.72327595548971e-05
27.6000000000015    1.54421256632897e-05
27.7000000000015    1.02923069245087e-05
27.8000000000015    2.97497474721631e-06
27.9000000000016    4.94800217987201e-06
28.0000000000016    1.20054922848611e-05
28.1000000000016    1.71685972882862e-05
28.2000000000016    1.99951037119783e-05
28.3000000000016    2.05749268058497e-05
28.4000000000016    1.935523647556e-05
28.5000000000017    1.69383525291389e-05
28.6000000000017    1.39188111227817e-05
28.7000000000017    1.0786446552391e-05
28.8000000000017    7.89156252090084e-06
28.9000000000017    5.45310645283514e-06
29.0000000000017    3.58860414917395e-06
29.1000000000017    2.34956038602796e-06
29.2000000000018    1.75235083665903e-06
29.3000000000018    1.79982126091716e-06
29.4000000000018    2.49186476308783e-06
29.5000000000018    3.82457981551454e-06
29.6000000000018    5.77802942858252e-06
29.7000000000018    8.29310601524469e-06
29.8000000000019    1.12395797693399e-05
29.9000000000019    1.43807441261856e-05
