0    0    2.42132359639601e-38    2.42132359639601e-38
0.1    5.52104107929014e-08    2.42132359639601e-38    2.42132332903148e-38
0.2    1.63594137438096e-07    2.42132359639601e-38    2.42132280416744e-38
0.3    3.45709470198282e-07    2.42132359639601e-38    2.42132192224759e-38
0.4    6.27035781987932e-07    2.42132359639601e-38    2.42132055988484e-38
0.5    1.04247103617248e-06    2.42132359639601e-38    2.42131854808183e-38
0.6    1.63451414357001e-06    2.42132359639601e-38    2.42131568103361e-38
0.7    2.45246279870007e-06    2.42132359639601e-38    2.42131172001304e-38
0.8    3.55036801729265e-06    2.42132359639601e-38    2.42130640327733e-38
0.900000000000001    4.97976622969003e-06    2.42132359639601e-38    2.42129948126514e-38
1    6.77522274265934e-06    2.42132359639601e-38    2.4212907866049e-38
1.1    8.93069400076162e-06    2.42132359639601e-38    2.42128034858201e-38
1.2    1.13630439130029e-05    2.42132359639601e-38    2.42126856980857e-38
1.3    1.38644103268564e-05    2.42132359639601e-38    2.42125645687911e-38
1.4    1.60543785375976e-05    2.42132359639601e-38    2.42124585195299e-38
1.5    1.7359547346976e-05    2.42132359639601e-38    2.4212395316921e-38
1.6    1.70678166017639e-05    2.42132359639601e-38    2.42124094439254e-38
1.7    1.45135095203182e-05    2.42132359639601e-38    2.42125331360992e-38
1.8    9.41175994211922e-06    2.42132359639601e-38    2.42127801899211e-38
1.9    2.2493778366664e-06    2.42132359639601e-38    2.42131270347724e-38
2    -5.5110453420951e-06    2.42132359639601e-38    2.42135028459134e-38
2.1    -1.17083704061965e-05    2.42132359639601e-38    2.42138029656695e-38
2.2    -1.43074617409532e-05    2.42132359639601e-38    2.42139288337676e-38
2.29999999999999    -1.23864336960852e-05    2.42132359639601e-38    2.42138358026736e-38
2.39999999999999    -6.63038599936487e-06    2.42132359639601e-38    2.42135570522905e-38
2.49999999999999    1.03814366086495e-06    2.42132359639601e-38    2.42131856903774e-38
2.59999999999999    8.41254637421078e-06    2.42132359639601e-38    2.42128285774464e-38
2.69999999999999    1.38890425972102e-05    2.42132359639601e-38    2.42125633759702e-38
2.79999999999998    1.68340868423079e-05    2.42132359639601e-38    2.42124207622493e-38
2.89999999999998    1.74374848764709e-05    2.42132359639601e-38    2.42123915428128e-38
2.99999999999998    1.63311399789442e-05    2.42132359639601e-38    2.42124451173837e-38
3.09999999999998    1.42359513373198e-05    2.42132359639601e-38    2.42125465768763e-38
3.19999999999998    1.17530275784323e-05    2.42132359639601e-38    2.42126668129892e-38
3.29999999999997    9.2925502823905e-06    2.42132359639601e-38    2.42127859627163e-38
3.39999999999997    7.08623515841402e-06    2.42132359639601e-38    2.42128928050238e-38
3.49999999999997    5.23324663284705e-06    2.42132359639601e-38    2.42129825376151e-38
3.59999999999997    3.74880218413848e-06    2.42132359639601e-38    2.42130544233769e-38
3.69999999999997    2.60268978043561e-06    2.42132359639601e-38    2.42131099252045e-38
3.79999999999996    1.74496511111749e-06    2.42132359639601e-38    2.42131514616035e-38
3.89999999999996    1.12139769448874e-06    2.42132359639601e-38    2.4213181658687e-38
3.99999999999996    6.8150347736502e-07    2.42132359639601e-38    2.42132029611735e-38
4.09999999999996    3.81830516392712e-07    2.42132359639601e-38    2.42132174732623e-38
4.19999999999995    1.86831043993392e-07    2.42132359639601e-38    2.42132269163934e-38
4.29999999999995    6.84148508419726e-08    2.42132359639601e-38    2.42132326508704e-38
4.39999999999995    4.88799180447384e-09    2.42132359639601e-38    2.42132357272519e-38
4.49999999999995    -2.02607949533375e-08    2.42132359639601e-38    2.42132369451189e-38
4.59999999999995    -1.93857744425784e-08    2.42132359639601e-38    2.42132369027447e-38
4.69999999999994    -1.56322015162777e-09    2.42132359639601e-38    2.42132360396613e-38
4.79999999999994    2.65423063575055e-08    2.42132359639601e-38    2.42132346786098e-38
4.89999999999994    6.00094111620893e-08    2.42132359639601e-38    2.42132330579162e-38
4.99999999999994    9.54048531844464e-08    2.42132359639601e-38    2.421323134384e-38
5.09999999999994    1.30270539319262e-07    2.42132359639601e-38    2.42132296554183e-38
5.19999999999993    1.6283181312957e-07    2.42132359639601e-38    2.42132280785911e-38
5.29999999999993    1.91930438585673e-07    2.42132359639601e-38    2.42132266694478e-38
5.39999999999993    2.16676715930036e-07    2.42132359639601e-38    2.42132254710734e-38
5.49999999999993    2.36576820154268e-07    2.42132359639601e-38    2.4213224507382e-38
5.59999999999993    2.51224564485089e-07    2.42132359639601e-38    2.42132237980438e-38
5.69999999999992    2.60398326986287e-07    2.42132359639601e-38    2.42132233537911e-38
5.79999999999992    2.63975954286964e-07    2.42132359639601e-38    2.42132231805393e-38
5.89999999999992    2.61937126462762e-07    2.42132359639601e-38    2.42132232792725e-38
5.99999999999992    2.54272002652838e-07    2.42132359639601e-38    2.42132236504672e-38
6.09999999999991    2.41077862261245e-07    2.42132359639601e-38    2.42132242894125e-38
6.19999999999991    2.22590797362236e-07    2.42132359639601e-38    2.42132251846755e-38
6.29999999999991    1.99098671357918e-07    2.42132359639601e-38    2.42132263223158e-38
6.39999999999991    1.7111983293238e-07    2.42132359639601e-38    2.42132276772317e-38
6.49999999999991    1.39407351630571e-07    2.42132359639601e-38    2.42132292129548e-38
6.5999999999999    1.05019910003785e-07    2.42132359639601e-38    2.42132308782169e-38
6.6999999999999    6.95337558488656e-08    2.42132359639601e-38    2.42132325966858e-38
6.7999999999999    3.52524816023062e-08    2.42132359639601e-38    2.42132342568068e-38
6.8999999999999    5.28680392369636e-09    2.42132359639601e-38    2.42132357079388e-38
6.9999999999999    -1.58976982018368e-08    2.42132359639601e-38    2.42132367338295e-38
7.09999999999989    -2.21550698472804e-08    2.42132359639601e-38    2.42132370368519e-38
7.19999999999989    -5.16783066910155e-09    2.42132359639601e-38    2.42132362142199e-38
7.29999999999989    4.65146828445049e-08    2.42132359639601e-38    2.42132337114182e-38
7.39999999999989    1.48129311414765e-07    2.42132359639601e-38    2.42132287905812e-38
7.49999999999988    3.19830914130592e-07    2.42132359639601e-38    2.42132204756822e-38
7.59999999999988    5.87887439430657e-07    2.42132359639601e-38    2.42132074946622e-38
7.69999999999988    9.85743893458663e-07    2.42132359639601e-38    2.42131882279081e-38
7.79999999999988    1.5546979653179e-06    2.42132359639601e-38    2.42131606755397e-38
7.89999999999988    2.34354640146301e-06    2.42132359639601e-38    2.4213122474542e-38
7.99999999999987    3.40601659977131e-06    2.42132359639601e-38    2.42130710231546e-38
8.09999999999987    4.79439327704497e-06    2.42132359639601e-38    2.42130037895217e-38
8.19999999999987    6.54633286628553e-06    2.42132359639601e-38    2.42129189502305e-38
8.29999999999987    8.66216891316259e-06    2.42132359639601e-38    2.42128164893139e-38
8.39999999999987    1.107005503147e-05    2.42132359639601e-38    2.42126998861852e-38
8.49999999999986    1.3579299924257e-05    2.42132359639601e-38    2.42125783753031e-38
8.59999999999986    1.58316108288315e-05    2.42132359639601e-38    2.42124693070401e-38
8.69999999999986    1.7275257448067e-05    2.42132359639601e-38    2.42123993986421e-38
8.79999999999986    1.72077003606437e-05    2.42132359639601e-38    2.42124026700807e-38
8.89999999999985    1.49432687482481e-05    2.42132359639601e-38    2.4212512324989e-38
8.99999999999985    1.0131825562816e-05    2.42132359639601e-38    2.4212745320365e-38
9.09999999999985    3.15317546589913e-06    2.42132359639601e-38    2.42130832672783e-38
9.19999999999985    -4.64111307403236e-06    2.42132359639601e-38    2.42134607177352e-38
9.29999999999985    -1.11378116327753e-05    2.42132359639601e-38    2.42137753348898e-38
9.39999999999984    -1.42335015176423e-05    2.42132359639601e-38    2.42139252520327e-38
9.49999999999984    -1.28358657898802e-05    2.42132359639601e-38    2.42138575676332e-38
9.59999999999984    -7.44471455636065e-06    2.42132359639601e-38    2.42135964879045e-38
9.69999999999984    1.18278188054278e-07    2.42132359639601e-38    2.42132302361654e-38
9.79999999999984    7.6269517516965e-06    2.42132359639601e-38    2.42128666204121e-38
9.89999999999983    1.33766036164462e-05    2.42132359639601e-38    2.42125881909055e-38
9.99999999999983    1.66201293917468e-05    2.42132359639601e-38    2.42124311231072e-38
10.0999999999998    1.74692633229181e-05    2.42132359639601e-38    2.42123900039484e-38
10.1999999999998    1.6524612699861e-05    2.42132359639601e-38    2.42124357484903e-38
10.2999999999998    1.45104706186301e-05    2.42132359639601e-38    2.42125332832582e-38
10.3999999999998    1.20479372855014e-05    2.42132359639601e-38    2.42126525318925e-38
10.4999999999998    9.56982768447235e-06    2.42132359639601e-38    2.42127725354033e-38
10.5999999999998    7.32662645469474e-06    2.42132359639601e-38    2.42128811638892e-38
10.6999999999998    5.43038078572056e-06    2.42132359639601e-38    2.42129729912054e-38
10.7999999999998    3.90387720980944e-06    2.42132359639601e-38    2.4213046913698e-38
10.8999999999998    2.72062327494475e-06    2.42132359639601e-38    2.42131042141318e-38
10.9999999999998    1.83200426601331e-06    2.42132359639601e-38    2.42131472466194e-38
11.0999999999998    1.18383468183262e-06    2.42132359639601e-38    2.42131786350909e-38
11.1999999999998    7.24879811514902e-07    2.42132359639601e-38    2.42132008606137e-38
11.2999999999998    4.10815255319948e-07    2.42132359639601e-38    2.42132160696348e-38
11.3999999999998    2.051785905166e-07    2.42132359639601e-38    2.42132260278868e-38
11.4999999999998    7.90561937822915e-08    2.42132359639601e-38    2.42132321355478e-38
11.5999999999998    1.00369747558575e-08    2.42132359639601e-38    2.42132354779048e-38
11.6999999999998    -1.88724613342578e-08    2.42132359639601e-38    2.42132368778868e-38
11.7999999999998    -2.04840762742004e-08    2.42132359639601e-38    2.42132369559316e-38
11.8999999999998    -4.27679953608397e-09    2.42132359639601e-38    2.42132361710704e-38
11.9999999999998    2.28673558390062e-08    2.42132359639601e-38    2.42132348565747e-38
12.0999999999998    5.59349640480457e-08    2.42132359639601e-38    2.42132332552272e-38
12.1999999999998    9.12662473964153e-08    2.42132359639601e-38    2.42132315442581e-38
12.2999999999998    1.26283588578152e-07    2.42132359639601e-38    2.42132298484922e-38
12.3999999999998    1.59202094993446e-07    2.42132359639601e-38    2.42132282543655e-38
12.4999999999998    1.88755851878288e-07    2.42132359639601e-38    2.42132268231818e-38
12.5999999999998    2.14039593225591e-07    2.42132359639601e-38    2.42132255987799e-38
12.6999999999998    2.34511305263973e-07    2.42132359639601e-38    2.42132246074076e-38
12.7999999999998    2.49823073770749e-07    2.42132359639601e-38    2.4213223865913e-38
12.8999999999998    2.59613093756607e-07    2.42132359639601e-38    2.42132233918171e-38
12.9999999999998    2.63808603289175e-07    2.42132359639601e-38    2.42132231886435e-38
13.0999999999998    2.6245113569192e-07    2.42132359639601e-38    2.42132232543808e-38
13.1999999999998    2.55471674068247e-07    2.42132359639601e-38    2.42132235923714e-38
13.2999999999998    2.42902743490401e-07    2.42132359639601e-38    2.421322420104e-38
13.3999999999998    2.24996377630458e-07    2.42132359639601e-38    2.42132250681817e-38
13.4999999999998    2.02077348831224e-07    2.42132359639601e-38    2.4213226178069e-38
13.5999999999998    1.74628008563651e-07    2.42132359639601e-38    2.42132275073432e-38
13.6999999999998    1.43290389932657e-07    2.42132359639601e-38    2.4213229024913e-38
13.7999999999998    1.09098841240251e-07    2.42132359639601e-38    2.42132306806887e-38
13.8999999999997    7.36711533723422e-08    2.42132359639601e-38    2.42132323963263e-38
13.9999999999997    3.9105142780382e-08    2.42132359639601e-38    2.4213234070236e-38
14.0999999999997    8.43219105419723e-09    2.42132359639601e-38    2.42132355556188e-38
14.1999999999997    -1.4045561252839e-08    2.42132359639601e-38    2.4213236644137e-38
14.2999999999997    -2.24565568211418e-08    2.42132359639601e-38    2.42132370514519e-38
14.3999999999997    -8.70119134172901e-09    2.42132359639601e-38    2.42132363853281e-38
14.4999999999997    3.82656687652847e-08    2.42132359639601e-38    2.42132341108888e-38
14.5999999999997    1.33088579909348e-07    2.42132359639601e-38    2.42132295189505e-38
14.6999999999997    2.95357159188623e-07    2.42132359639601e-38    2.42132216608591e-38
14.7999999999997    5.50600752102522e-07    2.42132359639601e-38    2.42132093003229e-38
14.8999999999997    9.31340784913545e-07    2.42132359639601e-38    2.42131908624537e-38
14.9999999999997    1.47791287862613e-06    2.42132359639601e-38    2.42131643939593e-38
15.0999999999997    2.23835201342988e-06    2.42132359639601e-38    2.42131275687117e-38
15.1999999999997    3.26609242251605e-06    2.42132359639601e-38    2.42130777991436e-38
15.2999999999997    4.61401160536586e-06    2.42132359639601e-38    2.42130125246875e-38
15.3999999999997    6.32249067768486e-06    2.42132359639601e-38    2.42129297899785e-38
15.4999999999997    8.39776159305398e-06    2.42132359639601e-38    2.42128292934091e-38
15.5999999999997    1.07786464004069e-05    2.42132359639601e-38    2.42127139977688e-38
15.6999999999997    1.32909282027429e-05    2.42132359639601e-38    2.42125923397529e-38
15.7999999999997    1.55979879839845e-05    2.42132359639601e-38    2.42124806202147e-38
15.8999999999997    1.71703544854746e-05    2.42132359639601e-38    2.42124044785475e-38
15.9999999999997    1.7317282718257e-05    2.42132359639601e-38    2.42123973635769e-38
16.0999999999997    1.53374292614126e-05    2.42132359639601e-38    2.4212493237764e-38
16.1999999999997    1.08211905779659e-05    2.42132359639601e-38    2.42127119375489e-38
16.2999999999997    4.04492124341602e-06    2.42132359639601e-38    2.42130400834873e-38
16.3999999999998    -3.75352394229778e-06    2.42132359639601e-38    2.42134177345642e-38
16.4999999999998    -1.05196770217856e-05    2.42132359639601e-38    2.42137454001631e-38
16.5999999999998    -1.40963556215872e-05    2.42132359639601e-38    2.42139186103527e-38
16.6999999999998    -1.32292290223896e-05    2.42132359639601e-38    2.42138766173233e-38
16.7999999999998    -8.22900231503104e-06    2.42132359639601e-38    2.4213634468789e-38
16.8999999999998    -8.02988738030289e-07    2.42132359639601e-38    2.42132748499029e-38
16.9999999999999    6.81622323755074e-06    2.42132359639601e-38    2.42129058805667e-38
17.0999999999999    1.28289844598178e-05    2.42132359639601e-38    2.42126147094743e-38
17.1999999999999    1.63729913525645e-05    2.42132359639601e-38    2.42124430907356e-38
17.2999999999999    1.74764522281358e-05    2.42132359639601e-38    2.42123896558273e-38
17.3999999999999    1.67036020741843e-05    2.42132359639601e-38    2.42124270809544e-38
17.4999999999999    1.47791402455089e-05    2.42132359639601e-38    2.42125202729171e-38
17.6    1.23428465894587e-05    2.42132359639601e-38    2.42126382508237e-38
17.7    9.85045623572299e-06    2.42132359639601e-38    2.42127589458165e-38
17.8    7.57184671513545e-06    2.42132359639601e-38    2.42128692889141e-38
17.9    5.63261538926144e-06    2.42132359639601e-38    2.42129631978054e-38
18    4.06364249923917e-06    2.42132359639601e-38    2.42130391768903e-38
18.1    2.84256727131168e-06    2.42132359639601e-38    2.42130983088472e-38
18.2    1.92233964026306e-06    2.42132359639601e-38    2.42131428720124e-38
18.3000000000001    1.24885542181862e-06    2.42132359639601e-38    2.42131754863736e-38
18.4000000000001    7.7022517559771e-07    2.42132359639601e-38    2.42131986647009e-38
18.5000000000001    4.41250996583666e-07    2.42132359639601e-38    2.42132145957405e-38
18.6000000000001    2.24593818084096e-07    2.42132359639601e-38    2.42132250876763e-38
18.7000000000001    9.04761859742136e-08    2.42132359639601e-38    2.4213231582518e-38
18.8000000000001    1.57563986311322e-08    2.42132359639601e-38    2.42132352009333e-38
18.9000000000002    -1.71391686665708e-08    2.42132359639601e-38    2.42132367939495e-38
19.0000000000002    -2.13810445307154e-08    2.42132359639601e-38    2.42132369993686e-38
19.1000000000002    -6.8177470083463e-09    2.42132359639601e-38    2.42132362941195e-38
19.2000000000002    1.93227369398004e-08    2.42132359639601e-38    2.42132350282281e-38
19.3000000000002    5.18887223527932e-08    2.42132359639601e-38    2.42132334511724e-38
19.4000000000002    8.71047730853883e-08    2.42132359639601e-38    2.42132317457836e-38
19.5000000000002    1.22282982209621e-07    2.42132359639601e-38    2.42132300422274e-38
19.6000000000003    1.55516238504694e-07    2.42132359639601e-38    2.42132284328585e-38
19.7000000000003    1.85500339022878e-07    2.42132359639601e-38    2.42132269808348e-38
19.8000000000003    2.11311008680014e-07    2.42132359639601e-38    2.42132257309156e-38
19.9000000000003    2.32380389937326e-07    2.42132359639601e-38    2.42132247106002e-38
20.0000000000003    2.48304787092522e-07    2.42132359639601e-38    2.42132239394382e-38
20.1000000000003    2.5876365846318e-07    2.42132359639601e-38    2.42132234329523e-38
20.2000000000004    2.63642033822376e-07    2.42132359639601e-38    2.42132231967099e-38
20.3000000000004    2.6293648246326e-07    2.42132359639601e-38    2.42132232308772e-38
20.4000000000004    2.56542011712627e-07    2.42132359639601e-38    2.42132235405387e-38
20.5000000000004    2.44623926247056e-07    2.42132359639601e-38    2.42132241176893e-38
20.6000000000004    2.27392058447267e-07    2.42132359639601e-38    2.42132249521674e-38
20.7000000000004    2.05025675760629e-07    2.42132359639601e-38    2.4213226035292e-38
20.8000000000005    1.78015489884707e-07    2.42132359639601e-38    2.42132273432995e-38
20.9000000000005    1.47083284567542e-07    2.42132359639601e-38    2.42132288412365e-38
21.0000000000005    1.13198089721044e-07    2.42132359639601e-38    2.42132304821766e-38
21.1000000000005    7.78274567492248e-08    2.42132359639601e-38    2.42132321950512e-38
21.2000000000005    4.30167327959806e-08    2.42132359639601e-38    2.42132338808115e-38
21.3000000000005    1.17013357754675e-08    2.42132359639601e-38    2.42132353973057e-38
21.4000000000005    -1.20227964611163e-08    2.42132359639601e-38    2.42132365461817e-38
21.5000000000006    -2.24391303082295e-08    2.42132359639601e-38    2.4213237050608e-38
21.6000000000006    -1.17657113011342e-08    2.42132359639601e-38    2.42132365337319e-38
21.7000000000006    3.06115369197136e-08    2.42132359639601e-38    2.42132344815514e-38
21.8000000000006    1.1894845530762e-07    2.42132359639601e-38    2.42132302037067e-38
21.9000000000006    2.72187087565896e-07    2.42132359639601e-38    2.42132227829033e-38
22.0000000000006    5.15022455472606e-07    2.42132359639601e-38    2.42132110232524e-38
22.1000000000007    8.79171404791914e-07    2.42132359639601e-38    2.42131933888281e-38
22.2000000000007    1.4040403926833e-06    2.42132359639601e-38    2.42131679713329e-38
22.3000000000007    2.13681239662381e-06    2.42132359639601e-38    2.42131324858956e-38
22.4000000000007    3.13052607715318e-06    2.42132359639601e-38    2.42130843641014e-38
22.5000000000007    4.43859554323716e-06    2.42132359639601e-38    2.42130210193916e-38
22.6000000000007    6.10371321465844e-06    2.42132359639601e-38    2.42129403844675e-38
22.7000000000007    8.137673749244e-06    2.42132359639601e-38    2.42128418883375e-38
22.8000000000008    1.04892091072246e-05    2.42132359639601e-38    2.42127280138977e-38
22.9000000000008    1.29999600344441e-05    2.42132359639601e-38    2.42126064299443e-38
23.0000000000008    1.5354563003015e-05    2.42132359639601e-38    2.42124924080628e-38
23.1000000000008    1.70460450115585e-05    2.42132359639601e-38    2.42124104982107e-38
23.2000000000008    1.7397544717239e-05    2.42132359639601e-38    2.42123934769064e-38
23.3000000000008    1.56962348749163e-05    2.42132359639601e-38    2.42124758626132e-38
23.4000000000009    1.1478602606715e-05    2.42132359639601e-38    2.42126801021137e-38
23.5000000000009    4.92169388249797e-06    2.42132359639601e-38    2.42129976248624e-38
23.6000000000009    -2.85202948747177e-06    2.42132359639601e-38    2.42133740780799e-38
23.7000000000009    -9.85698753825145e-06    2.42132359639601e-38    2.42137133077955e-38
23.8000000000009    -1.38967188781049e-05    2.42132359639601e-38    2.42139089423789e-38
23.9000000000009    -1.35645228959377e-05    2.42132359639601e-38    2.42138928548577e-38
24.000000000001    -8.97959740368163e-06    2.42132359639601e-38    2.42136708180865e-38
24.100000000001    -1.72221684117045e-06    2.42132359639601e-38    2.42133193649892e-38
24.200000000001    5.98244678111443e-06    2.42132359639601e-38    2.42129462569021e-38
24.300000000001    1.22466724945032e-05    2.42132359639601e-38    2.42126429080812e-38
24.400000000001    1.60919556052133e-05    2.42132359639601e-38    2.42124566998636e-38
24.500000000001    1.74578963036255e-05    2.42132359639601e-38    2.42123905543939e-38
24.600000000001    1.68670390651951e-05    2.42132359639601e-38    2.42124191665432e-38
24.7000000000011    1.50410478080103e-05    2.42132359639601e-38    2.42125075900361e-38
24.8000000000011    1.26371610153511e-05    2.42132359639601e-38    2.42126239985704e-38
24.9000000000011    1.01341767337946e-05    2.42132359639601e-38    2.42127452065084e-38
25.0000000000011    7.82182444958553e-06    2.42132359639601e-38    2.42128571835607e-38
25.1000000000011    5.839942953238e-06    2.42132359639601e-38    2.42129531577781e-38
25.2000000000011    4.22816909918793e-06    2.42132359639601e-38    2.42130312095136e-38
25.3000000000012    2.96862549706292e-06    2.42132359639601e-38    2.42130922043275e-38
25.4000000000012    2.01606922132701e-06    2.42132359639601e-38    2.42131383330373e-38
25.5000000000012    1.31648133742444e-06    2.42132359639601e-38    2.42131722114975e-38
25.6000000000012    8.17587188935665e-07    2.42132359639601e-38    2.42131963711294e-38
25.7000000000012    4.73238810227623e-07    2.42132359639601e-38    2.42132130466849e-38
25.8000000000012    2.4515335533268e-07    2.42132359639601e-38    2.42132240920509e-38
25.9000000000012    1.02670663260018e-07    2.42132359639601e-38    2.42132309919826e-38
26.0000000000013    2.20410228832484e-08    2.42132359639601e-38    2.42132348965911e-38
26.1000000000013    -1.4982240217442e-08    2.42132359639601e-38    2.42132366894971e-38
26.2000000000013    -2.20233945723221e-08    2.42132359639601e-38    2.42132370304754e-38
26.3000000000013    -9.26182252155195e-09    2.42132359639601e-38    2.42132364124774e-38
26.4000000000013    1.5847170116385e-08    2.42132359639601e-38    2.42132351965375e-38
26.5000000000013    4.79178838403009e-08    2.42132359639601e-38    2.42132336434661e-38
26.6000000000014    8.29749557590919e-08    2.42132359639601e-38    2.4213231945776e-38
26.7000000000014    1.18226360818464e-07    2.42132359639601e-38    2.42132302386752e-38
26.8000000000014    1.51807839246482e-07    2.42132359639601e-38    2.42132286124431e-38
26.9000000000014    1.82193779614649e-07    2.42132359639601e-38    2.42132271409597e-38
27.0000000000014    2.08542826945655e-07    2.42132359639601e-38    2.42132258649688e-38
27.1000000000014    2.30172759979529e-07    2.42132359639601e-38    2.42132248175079e-38
27.2000000000015    2.46717071368958e-07    2.42132359639601e-38    2.42132240163257e-38
27.3000000000015    2.57836164509122e-07    2.42132359639601e-38    2.42132234778675e-38
27.4000000000015    2.63368347510175e-07    2.42132359639601e-38    2.42132232099635e-38
27.5000000000015    2.63301112673397e-07    2.42132359639601e-38    2.42132232132195e-38
27.6000000000015    2.57565210755605e-07    2.42132359639601e-38    2.42132234909888e-38
27.7000000000015    2.46336670308388e-07    2.42132359639601e-38    2.42132240347471e-38
27.8000000000015    2.29670091928518e-07    2.42132359639601e-38    2.42132248418503e-38
27.9000000000016    2.07877814154438e-07    2.42132359639601e-38    2.4213225897173e-38
28.0000000000016    1.81411056030155e-07    2.42132359639601e-38    2.42132271788642e-38
28.1000000000016    1.50862583506531e-07    2.42132359639601e-38    2.42132286582185e-38
28.2000000000016    1.17286037085843e-07    2.42132359639601e-38    2.42132302842117e-38
28.3000000000016    8.19888191972048e-08    2.42132359639601e-38    2.42132319935311e-38
28.4000000000016    4.69571006312793e-08    2.42132359639601e-38    2.42132336899934e-38
28.5000000000017    1.50418765135171e-08    2.42132359639601e-38    2.42132352355351e-38
28.6000000000017    -9.82718233760581e-09    2.42132359639601e-38    2.42132364398558e-38
28.7000000000017    -2.21277809585853e-08    2.42132359639601e-38    2.42132370355304e-38
28.8000000000017    -1.43964834313403e-08    2.42132359639601e-38    2.4213236661131e-38
28.9000000000017    2.36237759827957e-08    2.42132359639601e-38    2.4213234819944e-38
29.0000000000017    1.05690360818217e-07    2.42132359639601e-38    2.42132308457493e-38
29.1000000000017    2.50194832503431e-07    2.42132359639601e-38    2.42132238479101e-38
29.2000000000018    4.81089675793654e-07    2.42132359639601e-38    2.42132126664956e-38
29.3000000000018    8.291791052436e-07    2.42132359639601e-38    2.42131958097747e-38
29.4000000000018    1.33300323321302e-06    2.42132359639601e-38    2.42131714114024e-38
29.5000000000018    2.03884713406595e-06    2.42132359639601e-38    2.42131372299879e-38
29.6000000000018    2.999258230728e-06    2.42132359639601e-38    2.42130907209012e-38
29.7000000000018    4.26806087420711e-06    2.42132359639601e-38    2.42130292777121e-38
29.8000000000019    5.89006654074099e-06    2.42132359639601e-38    2.42129507304981e-38
29.9000000000019    7.88200399826075e-06    2.42132359639601e-38    2.42128542693232e-38
30.0000000000019    1.0202109524333e-05    2.42132359639601e-38    2.42127419168299e-38
30.1000000000019    1.27071398348955e-05    2.42132359639601e-38    2.42126206098289e-38
30.2000000000019    1.51022797259173e-05    2.42132359639601e-38    2.42125046248797e-38
30.3000000000019    1.69035243668099e-05    2.42132359639601e-38    2.42124173997484e-38
30.400000000002    1.74495438501362e-05    2.42132359639601e-38    2.42123909588596e-38
30.500000000002    1.60200151014192e-05    2.42132359639601e-38    2.42124601835765e-38
30.600000000002    1.21029816851601e-05    2.42132359639601e-38    2.42126498663508e-38
30.700000000002    5.78079778855033e-06    2.42132359639601e-38    2.42129560219365e-38
30.800000000002    -1.94033157474223e-06    2.42132359639601e-38    2.42133299275549e-38
30.900000000002    -9.15295070330187e-06    2.42132359639601e-38    2.42136792131274e-38
31.000000000002    -1.36356076934525e-05    2.42132359639601e-38    2.42138962973373e-38
31.1000000000021    -1.38400818055049e-05    2.42132359639601e-38    2.42139061995692e-38
31.2000000000021    -9.69299771672784e-06    2.42132359639601e-38    2.42137053661918e-38
31.3000000000021    -2.63576153371908e-06    2.42132359639601e-38    2.42133636049284e-38
31.4000000000021    5.12788967576612e-06    2.42132359639601e-38    2.4212987639628e-38
31.5000000000021    1.16302972020775e-05    2.42132359639601e-38    2.42126727562494e-38
31.6000000000021    1.57764833063345e-05    2.42132359639601e-38    2.42124719765871e-38
31.7000000000022    1.7412439296328e-05    2.42132359639601e-38    2.42123927556396e-38
31.8000000000022    1.70137228146439e-05    2.42132359639601e-38    2.42124120634074e-38
31.9000000000022    1.52952661465417e-05    2.42132359639601e-38    2.42124952795123e-38
32.0000000000022    1.29303982605941e-05    2.42132359639601e-38    2.42126097984882e-38
32.1000000000022    1.04206362252292e-05    2.42132359639601e-38    2.4212731334571e-38
32.2000000000022    8.07640527936282e-06    2.42132359639601e-38    2.42128448553053e-38
32.3000000000021    6.052384207731e-06    2.42132359639601e-38    2.421294287012e-38
32.4000000000021    4.39753983748494e-06    2.42132359639601e-38    2.4213023007557e-38
32.5000000000021    3.09889847175375e-06    2.42132359639601e-38    2.42130858957052e-38
32.6000000000021    2.1131739728422e-06    2.42132359639601e-38    2.42131336306162e-38
32.7000000000021    1.38687322612356e-06    2.42132359639601e-38    2.42131688026758e-38
32.800000000002    8.67101432790998e-07    2.42132359639601e-38    2.42131939733333e-38
32.900000000002    5.06775854470652e-07    2.42132359639601e-38    2.42132114226058e-38
33.000000000002    2.6682415269974e-07    2.42132359639601e-38    2.42132230426112e-38
33.100000000002    1.15744893785827e-07    2.42132359639601e-38    2.42132303588439e-38
33.200000000002    2.89159673273325e-08    2.42132359639601e-38    2.42132345636618e-38
33.3000000000019    -1.24314098214209e-08    2.42132359639601e-38    2.42132365659694e-38
33.4000000000019    -2.23959906876937e-08    2.42132359639601e-38    2.42132370485189e-38
33.5000000000019    -1.14904119527745e-08    2.42132359639601e-38    2.42132365204002e-38
33.6000000000019    1.24866717778415e-08    2.42132359639601e-38    2.42132353592746e-38
33.7000000000019    4.3967874497069e-08    2.42132359639601e-38    2.42132338347511e-38
33.8000000000018    7.87786509060357e-08    2.42132359639601e-38    2.42132321489882e-38
33.9000000000018    1.14213629038623e-07    2.42132359639601e-38    2.42132304329976e-38
34.0000000000018    1.48075643536184e-07    2.42132359639601e-38    2.42132287931801e-38
34.1000000000018    1.78790360642386e-07    2.42132359639601e-38    2.42132273057752e-38
34.2000000000018    2.05769831643405e-07    2.42132359639601e-38    2.42132259992551e-38
34.3000000000017    2.27923705229786e-07    2.42132359639601e-38    2.42132249264217e-38
34.4000000000017    2.4504149745518e-07    2.42132359639601e-38    2.42132240974678e-38
34.5000000000017    2.56838157926281e-07    2.42132359639601e-38    2.42132235261974e-38
34.6000000000017    2.62978443451973e-07    2.42132359639601e-38    2.42132232288452e-38
34.7000000000017    2.63679645618446e-07    2.42132359639601e-38    2.42132231948885e-38
34.8000000000016    2.58509556995279e-07    2.42132359639601e-38    2.42132234452575e-38
34.9000000000016    2.47945296887371e-07    2.42132359639601e-38    2.42132239568471e-38
35.0000000000016    2.31914990774362e-07    2.42132359639601e-38    2.42132247331379e-38
35.1000000000016    2.1068872621919e-07    2.42132359639601e-38    2.42132257610505e-38
35.2000000000016    1.84755387194613e-07    2.42132359639601e-38    2.42132270169101e-38
35.3000000000015    1.54587419265982e-07    2.42132359639601e-38    2.42132284778379e-38
35.4000000000015    1.2137749565901e-07    2.42132359639601e-38    2.42132300860769e-38
35.5000000000015    8.61233728067335e-08    2.42132359639601e-38    2.42132317933093e-38
35.6000000000015    5.09258374117067e-08    2.42132359639601e-38    2.42132334978015e-38
35.7000000000015    1.85591287695918e-08    2.42132359639601e-38    2.42132350652069e-38
35.8000000000014    -7.43685823196924e-09    2.42132359639601e-38    2.42132363241009e-38
35.9000000000014    -2.15963293389134e-08    2.42132359639601e-38    2.42132370097941e-38
36.0000000000014    -1.6603808634532e-08    2.42132359639601e-38    2.42132367680239e-38
36.1000000000014    1.72059824624424e-08    2.42132359639601e-38    2.4213235130735e-38
36.2000000000014    9.32933585714805e-08    2.42132359639601e-38    2.42132314460923e-38
36.3000000000013    2.29411057236886e-07    2.42132359639601e-38    2.42132248543945e-38
36.4000000000013    4.48734142905998e-07    2.42132359639601e-38    2.42132142333584e-38
36.5000000000013    7.81296927856472e-07    2.42132359639601e-38    2.42131981285359e-38
36.6000000000013    1.26470862420008e-06    2.42132359639601e-38    2.42131747186608e-38
36.7000000000013    1.9443632780787e-06    2.42132359639601e-38    2.42131418054894e-38
36.8000000000012    2.87220282896945e-06    2.42132359639601e-38    2.42130968737099e-38
36.9000000000012    4.1023883543211e-06    2.42132359639601e-38    2.42130373005806e-38
37.0000000000012    5.68151287146559e-06    2.42132359639601e-38    2.42129608298997e-38
37.1000000000012    7.63092873759106e-06    2.42132359639601e-38    2.42128664278237e-38
37.2000000000012    9.91774038816541e-06    2.42132359639601e-38    2.42127556875468e-38
37.3000000000011    1.2413001032315e-05    2.42132359639601e-38    2.42126348535756e-38
37.4000000000011    1.48421373085816e-05    2.42132359639601e-38    2.4212517222282e-38
37.5000000000011    1.6743979576135e-05    2.42132359639601e-38    2.42124251256798e-38
37.6000000000011    1.74744024619429e-05    2.42132359639601e-38    2.42123897550868e-38
37.7000000000011    1.63091809329657e-05    2.42132359639601e-38    2.42124461807482e-38
37.800000000001    1.26934565704963e-05    2.42132359639601e-38    2.42126212724443e-38
37.900000000001    6.61973748681219e-06    2.42132359639601e-38    2.42129153955506e-38
38.000000000001    -1.022162134879e-06    2.42132359639601e-38    2.42132854637166e-38
38.100000000001    -8.41090133186708e-06    2.42132359639601e-38    2.42136432776632e-38
38.200000000001    -1.33144024495859e-05    2.42132359639601e-38    2.42138807420813e-38
38.3000000000009    -1.40544427743254e-05    2.42132359639601e-38    2.42139165806042e-38
38.4000000000009    -1.03658073093856e-05    2.42132359639601e-38    2.42137379486402e-38
38.5000000000009    -3.53999906907128e-06    2.42132359639601e-38    2.42134073942325e-38
38.6000000000009    4.25510418005685e-06    2.42132359639601e-38    2.42130299051537e-38
38.7000000000009    1.09806637086682e-05    2.42132359639601e-38    2.42127042149962e-38
38.8000000000008    1.54260761482974e-05    2.42132359639601e-38    2.42124889450401e-38
38.9000000000008    1.73390010951204e-05    2.42132359639601e-38    2.4212396311869e-38
39.0000000000008    1.71424737502188e-05    2.42132359639601e-38    2.42124058286668e-38
39.1000000000008    1.55408810072503e-05    2.42132359639601e-38    2.42124833856179e-38
39.2000000000008    1.32218683787417e-05    2.42132359639601e-38    2.42125956839879e-38
39.3000000000008    1.07095428501672e-05    2.42132359639601e-38    2.4212717344138e-38
39.4000000000007    8.33543529517368e-06    2.42132359639601e-38    2.42128323116013e-38
39.5000000000007    6.26994357997396e-06    2.42132359639601e-38    2.4212932334617e-38
39.6000000000007    4.57181870251775e-06    2.42132359639601e-38    2.42130145679222e-38
39.7000000000007    3.23338669390262e-06    2.42132359639601e-38    2.42130793829564e-38
39.8000000000007    2.21385074696753e-06    2.42132359639601e-38    2.42131287552163e-38
39.9000000000006    1.46009413916236e-06    2.42132359639601e-38    2.42131652568554e-38
40.0000000000006    9.18762564064863e-07    2.42132359639601e-38    2.42131914715714e-38
40.1000000000006    5.41953077561852e-07    2.42132359639601e-38    2.42132097190988e-38
40.2000000000006    2.89721323051206e-07    2.42132359639601e-38    2.42132219337826e-38
40.3000000000006    1.29698103420147e-07    2.42132359639601e-38    2.42132296831393e-38
40.4000000000005    3.64032798816601e-08    2.42132359639601e-38    2.42132342010777e-38
40.5000000000005    -9.48440887805982e-09    2.42132359639601e-38    2.42132364232565e-38
40.6000000000005    -2.23866668672804e-08    2.42132359639601e-38    2.42132370480674e-38
40.7000000000005    -1.34986263734699e-08    2.42132359639601e-38    2.42132366176509e-38
40.8000000000005    9.10909675016007e-09    2.42132359639601e-38    2.42132355228386e-38
40.9000000000004    4.01790277870569e-08    2.42132359639601e-38    2.42132340182316e-38
41.0000000000004    7.47331786988542e-08    2.42132359639601e-38    2.42132323448961e-38
41.1000000000004    1.10037570203669e-07    2.42132359639601e-38    2.42132306352293e-38
41.2000000000004    1.44413897191343e-07    2.42132359639601e-38    2.42132289705055e-38
41.3000000000004    1.75308674671819e-07    2.42132359639601e-38    2.42132274743809e-38
41.4000000000003    2.029471765934e-07    2.42132359639601e-38    2.42132261359463e-38
41.5000000000003    2.25653939167382e-07    2.42132359639601e-38    2.42132250363384e-38
41.6000000000003    2.43297558888737e-07    2.42132359639601e-38    2.42132241819205e-38
41.7000000000003    2.55996713440911e-07    2.42132359639601e-38    2.42132235669456e-38
41.8000000000003    2.62470204399897e-07    2.42132359639601e-38    2.42132232534574e-38
41.9000000000002    2.6404850860067e-07    2.42132359639601e-38    2.42132231770257e-38
42.0000000000002    2.59336319590965e-07    2.42132359639601e-38    2.42132234052203e-38
42.1000000000002    2.49536817107318e-07    2.42132359639601e-38    2.42132238797754e-38
42.2000000000002    2.34178630309806e-07    2.42132359639601e-38    2.42132246235178e-38
42.3000000000002    2.13321960655206e-07    2.42132359639601e-38    2.42132256335323e-38
42.4000000000001    1.88212482498556e-07    2.42132359639601e-38    2.42132268494953e-38
42.5000000000001    1.58246142077527e-07    2.42132359639601e-38    2.42132283006589e-38
42.6000000000001    1.25472671333553e-07    2.42132359639601e-38    2.4213229887762e-38
42.7000000000001    9.03619145490323e-08    2.42132359639601e-38    2.42132315880517e-38
42.8000000000001    5.48965510109872e-08    2.42132359639601e-38    2.42132333055139e-38
42.9    2.21951217367983e-08    2.42132359639601e-38    2.42132348891286e-38
43    -4.88870817762719e-09    2.42132359639601e-38    2.42132362007029e-38
43.1    -2.07616649090591e-08    2.42132359639601e-38    2.42132369693743e-38
43.2    -1.83639471460349e-08    2.42132359639601e-38    2.42132368532612e-38
43.3    1.13659459863486e-08    2.42132359639601e-38    2.42132354135474e-38
43.3999999999999    8.16524993933633e-08    2.42132359639601e-38    2.42132320098179e-38
43.4999999999999    2.09769450932734e-07    2.42132359639601e-38    2.42132258055678e-38
43.5999999999999    4.17976557270039e-07    2.42132359639601e-38    2.42132157228385e-38
43.6999999999999    7.35477886986958e-07    2.42132359639601e-38    2.4213200347387e-38
43.7999999999999    1.19907896255778e-06    2.42132359639601e-38    2.4213177896866e-38
43.8999999999998    1.85323636549713e-06    2.42132359639601e-38    2.42131462184275e-38
43.9999999999998    2.74930880943339e-06    2.42132359639601e-38    2.42131028250002e-38
44.0999999999998    3.94151424696276e-06    2.42132359639601e-38    2.42130450910833e-38
44.1999999999998    5.47806963115251e-06    2.42132359639601e-38    2.42129706818281e-38
44.2999999999998    7.38461892129296e-06    2.42132359639601e-38    2.421287835556e-38
44.3999999999997    9.63636612111834e-06    2.42132359639601e-38    2.42127693132434e-38
44.4999999999997    1.21181853038852e-05    2.42132359639601e-38    2.4212649130111e-38
44.5999999999997    1.45750541397196e-05    2.42132359639601e-38    2.42125301557971e-38
44.6999999999997    1.65685975749492e-05    2.42132359639601e-38    2.42124336185284e-38
44.7999999999997    1.74732380928753e-05    2.42132359639601e-38    2.42123898114711e-38
44.8999999999996    1.65642893208757e-05    2.42132359639601e-38    2.42124338271551e-38
44.9999999999996    1.32493355157958e-05    2.42132359639601e-38    2.42125943538865e-38
45.0999999999996    7.43611078001078e-06    2.42132359639601e-38    2.42128758620279e-38
45.1999999999996    -1.01124637785044e-07    2.42132359639601e-38    2.421324086107e-38
45.2999999999996    -7.63438620820485e-06    2.42132359639601e-38    2.4213605673172e-38
45.3999999999995    -1.29347337211466e-05    2.42132359639601e-38    2.42138623555817e-38
45.4999999999995    -1.42065359076191e-05    2.42132359639601e-38    2.42139239461462e-38
45.5999999999995    -1.09947315220523e-05    2.42132359639601e-38    2.42137684058715e-38
45.6999999999995    -4.43115054020086e-06    2.42132359639601e-38    2.42134505498982e-38
45.7999999999995    3.366784671967e-06    2.42132359639601e-38    2.42130729230056e-38
45.8999999999994    1.0298847443719e-05    2.42132359639601e-38    2.42127372322498e-38
45.9999999999994    1.50403540890087e-05    2.42132359639601e-38    2.42125076236295e-38
46.0999999999994    1.72365443062628e-05    2.42132359639601e-38    2.42124012733183e-38
46.1999999999994    1.72521124124618e-05    2.42132359639601e-38    2.42124005194358e-38
46.2999999999994    1.57768927947881e-05    2.42132359639601e-38    2.42124719567577e-38
46.3999999999993    1.35108899265447e-05    2.42132359639601e-38    2.42125816880682e-38
46.4999999999993    1.10005139660098e-05    2.42132359639601e-38    2.42127032537394e-38
46.5999999999993    8.59880813903335e-06    2.42132359639601e-38    2.42128195575997e-38
46.6999999999993    6.49256449795411e-06    2.42132359639601e-38    2.4212921554009e-38
46.7999999999993    4.75097537154206e-06    2.42132359639601e-38    2.42130058920777e-38
46.8999999999992    3.37225860566109e-06    2.42132359639601e-38    2.42130726579241e-38
46.9999999999992    2.31814624516698e-06    2.42132359639601e-38    2.42131237045762e-38
47.0999999999992    1.5362304318897e-06    2.42132359639601e-38    2.42131615698545e-38
47.1999999999992    9.72699465925815e-07    2.42132359639601e-38    2.42131888596025e-38
47.2999999999992    5.78819144569712e-07    2.42132359639601e-38    2.42132079338072e-38
47.3999999999991    3.13800418892592e-07    2.42132359639601e-38    2.42132207677176e-38
47.4999999999991    1.44687516280686e-07    2.42132359639601e-38    2.42132289572551e-38
47.5999999999991    4.47411374655293e-08    2.42132359639601e-38    2.42132337973047e-38
47.6999999999991    -6.24500307300957e-09    2.42132359639601e-38    2.42132362663835e-38
47.7999999999991    -2.20741412333709e-08    2.42132359639601e-38    2.42132370329329e-38
47.899999999999    -1.49921949756502e-08    2.42132359639601e-38    2.42132366899792e-38
47.999999999999    5.74140029121386e-09    2.42132359639601e-38    2.42132356859243e-38
48.099999999999    3.6581074639018e-08    2.42132359639601e-38    2.42132341924677e-38
48.199999999999    7.08992515596107e-08    2.42132359639601e-38    2.42132325305597e-38
48.299999999999    1.05677985791813e-07    2.42132359639601e-38    2.42132308463486e-38
48.3999999999989    1.4124321865496e-07    2.42132359639601e-38    2.42132291240503e-38
48.4999999999989    1.71680972578966e-07    2.42132359639601e-38    2.42132276500577e-38
48.5999999999989    2.00224599547243e-07    2.42132359639601e-38    2.4213226267791e-38
48.6999999999989    2.23722835882316e-07    2.42132359639601e-38    2.42132251298548e-38
48.7999999999989    2.41209707601971e-07    2.42132359639601e-38    2.42132242830277e-38
48.8999999999988    2.55609566845146e-07    2.42132359639601e-38    2.42132235856937e-38
48.9999999999988    2.6156107609246e-07    2.42132359639601e-38    2.42132232974833e-38
49.0999999999988    2.64813186280115e-07    2.42132359639601e-38    2.42132231399951e-38
49.1999999999988    2.60256273445197e-07    2.42132359639601e-38    2.42132233606702e-38
49.2999999999988    2.51018255954111e-07    2.42132359639601e-38    2.42132238080346e-38
49.3999999999987    2.36878970345909e-07    2.42132359639601e-38    2.421322449275e-38
49.4999999999987    2.15614104423377e-07    2.42132359639601e-38    2.42132255225319e-38
49.5999999999987    1.92118522440264e-07    2.42132359639601e-38    2.42132266603396e-38
49.6999999999987    1.6179239067173e-07    2.42132359639601e-38    2.42132281289267e-38
49.7999999999987    1.29639215565084e-07    2.42132359639601e-38    2.4213229685991e-38
49.8999999999986    9.49443799481534e-08    2.42132359639601e-38    2.42132313661391e-38
49.9999999999986    5.86687472419378e-08    2.42132359639601e-38    2.42132331228398e-38
50.0999999999986    2.62447134246368e-08    2.42132359639601e-38    2.42132346930212e-38
50.1999999999986    -2.0671308726851e-09    2.42132359639601e-38    2.42132360640639e-38
50.2999999999986    -1.98386431197761e-08    2.42132359639601e-38    2.42132369246756e-38
50.3999999999985    -1.95374418072057e-08    2.42132359639601e-38    2.42132369100894e-38
50.4999999999985    6.17489856869238e-09    2.42132359639601e-38    2.42132356649315e-38
50.5999999999985    7.07539932577758e-08    2.42132359639601e-38    2.4213232537594e-38
50.6999999999985    1.91296135558148e-07    2.42132359639601e-38    2.42132267001649e-38
50.7999999999985    3.88777570169331e-07    2.42132359639601e-38    2.42132171368413e-38
50.8999999999984    6.91676186148448e-07    2.42132359639601e-38    2.42132024685458e-38
50.9999999999984    1.13599515120063e-06    2.42132359639601e-38    2.42131809517852e-38
51.0999999999984    1.76545229627219e-06    2.42132359639601e-38    2.42131504694849e-38
51.1999999999984    2.63053906609889e-06    2.42132359639601e-38    2.42131085765689e-38
51.2999999999984    3.78540892920979e-06    2.42132359639601e-38    2.42130526506547e-38
51.3999999999983    5.27980222048995e-06    2.42132359639601e-38    2.4212980283116e-38
51.4999999999983    7.14310959301336e-06    2.42132359639601e-38    2.42128900508348e-38
51.5999999999983    9.35837899623644e-06    2.42132359639601e-38    2.42127827749234e-38
51.6999999999983    1.18233716382629e-05    2.42132359639601e-38    2.42126634065549e-38
51.7999999999983    1.43019272847722e-05    2.42132359639601e-38    2.42125433819851e-38
51.8999999999982    1.6378540244268e-05    2.42132359639601e-38    2.42124428220312e-38
51.9999999999982    1.7447228518369e-05    2.42132359639601e-38    2.4212391070979e-38
52.0999999999982    1.67859699364784e-05    2.42132359639601e-38    2.4212423092303e-38
52.1999999999982    1.37699915167387e-05    2.42132359639601e-38    2.42125691410346e-38
52.2999999999982    8.22766844800921e-06    2.42132359639601e-38    2.42128375302831e-38
52.3999999999981    8.1919647427041e-07    2.42132359639601e-38    2.42131962931975e-38
52.4999999999981    -6.82716474834573e-06    2.42132359639601e-38    2.42135665817193e-38
52.5999999999981    -1.24987299296479e-05    2.42132359639601e-38    2.42138412409193e-38
52.6999999999981    -1.42955145018725e-05    2.42132359639601e-38    2.42139282551884e-38
52.7999999999981    -1.1576487291126e-05    2.42132359639601e-38    2.42137965788868e-38
52.899999999998    -5.30521225186278e-06    2.42132359639601e-38    2.42134928780352e-38
52.999999999998    2.46584410001009e-06    2.42132359639601e-38    2.42131165521244e-38
53.099999999998    9.58614898565522e-06    2.42132359639601e-38    2.42127717450354e-38
53.199999999998    1.46192883791789e-05    2.42132359639601e-38    2.42125280137515e-38
53.299999999998    1.71040420141277e-05    2.42132359639601e-38    2.42124076897164e-38
53.3999999999979    1.73414455876782e-05    2.42132359639601e-38    2.42123961934949e-38
53.4999999999979    1.6002283636866e-05    2.42132359639601e-38    2.42124610422212e-38
53.5999999999979    1.37967234547843e-05    2.42132359639601e-38    2.42125678465368e-38
53.6999999999979    1.12930573507449e-05    2.42132359639601e-38    2.42126890872112e-38
53.7999999999979    8.86631330402818e-06    2.42132359639601e-38    2.42128066034946e-38
53.8999999999978    6.72021764026972e-06    2.42132359639601e-38    2.42129105297161e-38
53.9999999999978    4.93507385573454e-06    2.42132359639601e-38    2.42129969769239e-38
54.0999999999978    3.51544140990105e-06    2.42132359639601e-38    2.42130657241338e-38
54.1999999999978    2.42606853287541e-06    2.42132359639601e-38    2.42131184783054e-38
54.2999999999978    1.61546144278611e-06    2.42132359639601e-38    2.42131577329882e-38
54.3999999999977    1.02927202376919e-06    2.42132359639601e-38    2.42131861199986e-38
54.4999999999977    6.17453133271873e-07    2.42132359639601e-38    2.42132060629017e-38
54.5999999999977    3.3886339740764e-07    2.42132359639601e-38    2.42132195540068e-38
54.6999999999977    1.60938296974289e-07    2.42132359639601e-38    2.42132281702874e-38
54.7999999999977    5.4457980072535e-08    2.42132359639601e-38    2.42132333267524e-38
54.8999999999976    -2.81472270107727e-09    2.42132359639601e-38    2.42132361002671e-38
54.9999999999976    -2.13630449672718e-08    2.42132359639601e-38    2.4213236998497e-38
55.0999999999976    -1.50864362351254e-08    2.42132359639601e-38    2.42132366945429e-38
55.1999999999976    1.98094315586135e-09    2.42132359639601e-38    2.421323586803e-38
55.2999999999976    3.3474557320518e-08    2.42132359639601e-38    2.42132343429054e-38
55.3999999999975    6.85227166215021e-08    2.42132359639601e-38    2.42132326456469e-38
55.4999999999975    1.00317538841551e-07    2.42132359639601e-38    2.42132311059361e-38
55.5999999999975    1.39706683725337e-07    2.42132359639601e-38    2.42132291984592e-38
55.6999999999975    1.68167119497557e-07    2.42132359639601e-38    2.42132278202211e-38
55.7999999999975    1.97436396886921e-07    2.42132359639601e-38    2.42132264028138e-38
55.8999999999974    2.23665296129984e-07    2.42132359639601e-38    2.42132251326413e-38
55.9999999999974    2.37796551107634e-07    2.42132359639601e-38    2.42132244483148e-38
56.0999999999974    2.57600565597702e-07    2.42132359639601e-38    2.42132234892767e-38
56.1999999999974    2.59995282754448e-07    2.42132359639601e-38    2.42132233733091e-38
56.2999999999974    2.66571107210789e-07    2.42132359639601e-38    2.42132230548653e-38
56.3999999999973    2.62160331589206e-07    2.42132359639601e-38    2.42132232684634e-38
56.4999999999973    2.51746625951009e-07    2.42132359639601e-38    2.42132237727622e-38
56.5999999999973    2.4185324968163e-07    2.42132359639601e-38    2.42132242518633e-38
56.6999999999973    2.16687213883754e-07    2.42132359639601e-38    2.4213225470565e-38
56.7999999999973    1.97792098517677e-07    2.42132359639601e-38    2.42132263855884e-38
56.8999999999972    1.65431360749742e-07    2.42132359639601e-38    2.42132279527042e-38
56.9999999999972    1.33652895761942e-07    2.42132359639601e-38    2.42132294916227e-38
57.0999999999972    1.01311130703297e-07    2.42132359639601e-38    2.42132310578199e-38
57.1999999999972    6.16488689018186e-08    2.42132359639601e-38    2.4213232978523e-38
57.2999999999972    3.13408962827335e-08    2.42132359639601e-38    2.42132344462311e-38
57.3999999999971    1.59776294334549e-09    2.42132359639601e-38    2.4213235886586e-38
57.4999999999971    -1.92809552495459e-08    2.42132359639601e-38    2.42132368976687e-38
57.5999999999971    -1.94438232936251e-08    2.42132359639601e-38    2.42132369055558e-38
57.6999999999971    2.00819442461122e-09    2.42132359639601e-38    2.42132358667103e-38
57.7999999999971    6.01632669443699e-08    2.42132359639601e-38    2.42132330504655e-38
57.899999999997    1.74170648334098e-07    2.42132359639601e-38    2.42132275294915e-38
57.999999999997    3.61611030959373e-07    2.42132359639601e-38    2.42132184524199e-38
58.099999999997    6.49748294980688e-07    2.42132359639601e-38    2.42132044989629e-38
58.199999999997    1.07535808225781e-06    2.42132359639601e-38    2.42131838882181e-38
58.299999999997    1.68103321050141e-06    2.42132359639601e-38    2.42131545575893e-38
58.399999999997    2.51597781482658e-06    2.42132359639601e-38    2.42131141243376e-38
58.4999999999969    3.63419858666491e-06    2.42132359639601e-38    2.42130599731838e-38
58.5999999999969    5.0867823161374e-06    2.42132359639601e-38    2.42129896302921e-38
58.6999999999969    6.90674688484045e-06    2.42132359639601e-38    2.4212901496886e-38
58.7999999999969    9.08420221703209e-06    2.42132359639601e-38    2.42127960520926e-38
58.8999999999969    1.15292379798645e-05    2.42132359639601e-38    2.42126776500776e-38
58.9999999999968    1.4023941412725e-05    2.42132359639601e-38    2.42125568434789e-38
59.0999999999968    1.61751562257096e-05    2.42132359639601e-38    2.4212452670881e-38
59.1999999999968    1.73975422864328e-05    2.42132359639601e-38    2.42123934770241e-38
59.2999999999968    1.69747478584314e-05    2.42132359639601e-38    2.42124139507629e-38
59.3999999999968    1.42547155703191e-05    2.42132359639601e-38    2.42125456682166e-38
59.4999999999967    8.99203397249338e-06    2.42132359639601e-38    2.42128005153949e-38
59.5999999999967    1.73502673652662e-06    2.42132359639601e-38    2.42131519428823e-38
59.6999999999967    -5.99347835388922e-06    2.42132359639601e-38    2.42135262087109e-38
59.7999999999967    -1.2009255257007e-05    2.42132359639601e-38    2.42138175368069e-38
59.8999999999967    -1.43209419197136e-05    2.42132359639601e-38    2.42139294865838e-38
59.9999999999966    -1.2107469901206e-05    2.42132359639601e-38    2.42138222931103e-38
60.0999999999966    -6.15753452441048e-06    2.42132359639601e-38    2.4213534153469e-38
60.1999999999966    1.55602242856783e-06    2.42132359639601e-38    2.42131606114008e-38
60.2999999999966    8.84445115048519e-06    2.42132359639601e-38    2.42128076621828e-38
60.3999999999966    1.41631231009701e-05    2.42132359639601e-38    2.42125501035907e-38
60.4999999999965    1.69408781873548e-05    2.42132359639601e-38    2.42124155908959e-38
60.5999999999965    1.74092721695356e-05    2.42132359639601e-38    2.4212392909007e-38
60.6999999999965    1.62158398195578e-05    2.42132359639601e-38    2.42124507007819e-38
60.7999999999965    1.4078440006382e-05    2.42132359639601e-38    2.42125542043784e-38
60.8999999999965    1.15866006246286e-05    2.42132359639601e-38    2.42126748722713e-38
60.9999999999964    9.13762204605868e-06    2.42132359639601e-38    2.42127934652059e-38
61.0999999999964    6.95269283640146e-06    2.42132359639601e-38    2.42128992719165e-38
61.1999999999964    5.12400203607732e-06    2.42132359639601e-38    2.42129878278907e-38
61.2999999999964    3.66278358855755e-06    2.42132359639601e-38    2.42130585889231e-38
61.3999999999964    2.53738817030062e-06    2.42132359639601e-38    2.42131130875148e-38
61.4999999999963    1.69813516934918e-06    2.42132359639601e-38    2.42131537294046e-38
61.5999999999963    1.08942892956965e-06    2.42132359639601e-38    2.42131832068181e-38
61.6999999999963    6.5816907315716e-07    2.42132359639601e-38    2.42132040911749e-38
61.7999999999963    3.64190740473198e-07    2.42132359639601e-38    2.42132183274938e-38
61.8999999999963    1.79014092645169e-07    2.42132359639601e-38    2.42132272949407e-38
61.9999999999962    6.8015112693349e-08    2.42132359639601e-38    2.42132326702283e-38
62.0999999999962    2.73451708884018e-10    2.42132359639601e-38    2.42132359507178e-38
62.1999999999962    -2.09122707931678e-08    2.42132359639601e-38    2.42132369766676e-38
62.2999999999962    -9.66377821436465e-09    2.42132359639601e-38    2.42132364319427e-38
62.3999999999962    -2.6583975172847e-09    2.42132359639601e-38    2.42132360926969e-38
62.4999999999961    3.05397857299161e-08    2.42132359639601e-38    2.4213234485026e-38
62.5999999999961    7.28893399827877e-08    2.42132359639601e-38    2.42132324341867e-38
62.6999999999961    9.12176549457736e-08    2.42132359639601e-38    2.42132315466112e-38
62.7999999999961    1.43660022175714e-07    2.42132359639601e-38    2.4213229007013e-38
62.8999999999961    1.67256038073614e-07    2.42132359639601e-38    2.42132278643416e-38
62.999999999996    1.92506221017123e-07    2.42132359639601e-38    2.42132266415647e-38
63.099999999996    2.32891387708947e-07    2.42132359639601e-38    2.42132246858544e-38
63.199999999996    2.29359060208705e-07    2.42132359639601e-38    2.42132248569125e-38
63.299999999996    2.67954845900977e-07    2.42132359639601e-38    2.42132229878557e-38
63.399999999996    2.58009880939557e-07    2.42132359639601e-38    2.4213223469455e-38
63.4999999999959    2.69972766449482e-07    2.42132359639601e-38    2.4213222890135e-38
63.5999999999959    2.70875879894458e-07    2.42132359639601e-38    2.42132228464004e-38
63.6999999999959    2.48193743731221e-07    2.42132359639601e-38    2.42132239448157e-38
63.7999999999959    2.56862325557388e-07    2.42132359639601e-38    2.4213223525027e-38
63.8999999999959    2.13728523786426e-07    2.42132359639601e-38    2.42132256138439e-38
63.9999999999958    2.09040849340462e-07    2.42132359639601e-38    2.42132258408513e-38
64.0999999999959    1.71871363504835e-07    2.42132359639601e-38    2.42132276408377e-38
64.1999999999959    1.35478871388836e-07    2.42132359639601e-38    2.42132294031972e-38
64.299999999996    1.15508120058169e-07    2.42132359639601e-38    2.421323037031e-38
64.399999999996    6.1822810021518e-08    2.42132359639601e-38    2.42132329700997e-38
64.4999999999961    3.91690323127217e-08    2.42132359639601e-38    2.42132340671421e-38
64.5999999999961    9.74358269420015e-09    2.42132359639601e-38    2.42132354921127e-38
64.6999999999962    -2.1208750043794e-08    2.42132359639601e-38    2.4213236991025e-38
64.7999999999962    -1.6191403183867e-08    2.42132359639601e-38    2.42132367480526e-38
64.8999999999963    1.19158018573968e-09    2.42132359639601e-38    2.4213235906256e-38
64.9999999999963    4.87290509411122e-08    2.42132359639601e-38    2.42132336041841e-38
65.0999999999964    1.58706129637269e-07    2.42132359639601e-38    2.42132282783833e-38
65.1999999999965    3.38161154998749e-07    2.42132359639601e-38    2.42132195880139e-38
65.2999999999965    6.10184726852238e-07    2.42132359639601e-38    2.42132064148845e-38
65.3999999999966    1.01667527739127e-06    2.42132359639601e-38    2.42131867300133e-38
65.4999999999966    1.60014455540452e-06    2.42132359639601e-38    2.42131584747287e-38
65.5999999999967    2.4063427157135e-06    2.42132359639601e-38    2.42131194335525e-38
65.6999999999967    3.48855599996947e-06    2.42132359639601e-38    2.42130670260902e-38
65.7999999999968    4.89962873168529e-06    2.42132359639601e-38    2.42129986933894e-38
65.8999999999968    6.67617244150072e-06    2.42132359639601e-38    2.42129126626411e-38
65.9999999999969    8.81493656298005e-06    2.42132359639601e-38    2.42128090914449e-38
66.0999999999969    1.12373497090168e-05    2.42132359639601e-38    2.4212691784875e-38
66.199999999997    1.37428157224017e-05    2.42132359639601e-38    2.42125704570262e-38
66.299999999997    1.59603831384241e-05    2.42132359639601e-38    2.42124630712497e-38
66.3999999999971    1.7325719193124e-05    2.42132359639601e-38    2.42123969550423e-38
66.4999999999971    1.71306933764726e-05    2.42132359639601e-38    2.42124063991292e-38
66.5999999999972    1.47016726299389e-05    2.42132359639601e-38    2.42125240242898e-38
66.6999999999972    9.72585401370866e-06    2.42132359639601e-38    2.42127649797444e-38
66.7999999999973    2.64144881065919e-06    2.42132359639601e-38    2.42131080482513e-38
66.8999999999973    -5.13928127601348e-06    2.42132359639601e-38    2.42134848424996e-38
66.9999999999974    -1.14715103286158e-05    2.42132359639601e-38    2.42137914951057e-38
67.0999999999974    -1.42833568428796e-05    2.42132359639601e-38    2.42139276664191e-38
67.1999999999975    -1.258203698716e-05    2.42132359639601e-38    2.42138452752874e-38
67.2999999999975    -6.98031387706655e-06    2.42132359639601e-38    2.42135739982937e-38
67.3999999999976    6.431566265897e-07    2.42132359639601e-38    2.42132048181738e-38
67.4999999999976    8.0772971647602e-06    2.42132359639601e-38    2.42128448121151e-38
67.5999999999977    1.36736589688278e-05    2.42132359639601e-38    2.4212573805952e-38
67.6999999999977    1.67473332686947e-05    2.42132359639601e-38    2.42124249632777e-38
67.7999999999978    1.74547823850006e-05    2.42132359639601e-38    2.42123907051847e-38
67.8999999999978    1.64159525367699e-05    2.42132359639601e-38    2.42124410103453e-38
67.9999999999979    1.43543877563747e-05    2.42132359639601e-38    2.42125408415824e-38
68.0999999999979    1.18798406527907e-05    2.42132359639601e-38    2.42126606720245e-38
68.199999999998    9.41186744566044e-06    2.42132359639601e-38    2.42127801847151e-38
68.299999999998    7.18969110980101e-06    2.42132359639601e-38    2.42128877950886e-38
68.3999999999981    5.31725288464725e-06    2.42132359639601e-38    2.42129784695317e-38
68.4999999999981    3.81304305789031e-06    2.42132359639601e-38    2.42130513124415e-38
68.5999999999982    2.65099306671057e-06    2.42132359639601e-38    2.42131075860591e-38
68.6999999999982    1.7850081820532e-06    2.42132359639601e-38    2.42131495224657e-38
68.7999999999983    1.15674091721745e-06    2.42132359639601e-38    2.42131799471433e-38
68.8999999999983    7.0319185978011e-07    2.42132359639601e-38    2.42132019108831e-38
68.9999999999984    3.86347799808488e-07    2.42132359639601e-38    2.42132172545064e-38
69.0999999999984    1.99704509748769e-07    2.42132359639601e-38    2.42132262929771e-38
69.1999999999985    9.5703128192211e-08    2.42132359639601e-38    2.42132313293956e-38
69.2999999999985    3.28146126386338e-09    2.42132359639601e-38    2.42132358050505e-38
69.3999999999986    -2.54949720689537e-08    2.42132359639601e-38    2.42132371985916e-38
69.4999999999986    1.69672000862404e-08    2.42132359639601e-38    2.42132351422984e-38
69.5999999999987    -6.69903629647113e-09    2.42132359639601e-38    2.42132362883707e-38
69.6999999999988    2.29192370713925e-08    2.42132359639601e-38    2.42132348540623e-38
69.7999999999988    1.06939157602717e-07    2.42132359639601e-38    2.42132307852745e-38
69.8999999999989    7.00825870824666e-08    2.42132359639601e-38    2.42132325701079e-38
69.9999999999989    1.62995151552855e-07    2.42132359639601e-38    2.42132280706812e-38
70.099999999999    1.85970329447522e-07    2.42132359639601e-38    2.42132269580748e-38
70.199999999999    1.72557291521328e-07    2.42132359639601e-38    2.42132276076207e-38
70.2999999999991    2.82611673403217e-07    2.42132359639601e-38    2.42132222780777e-38
70.3999999999991    2.03666376630269e-07    2.42132359639601e-38    2.4213226101118e-38
70.4999999999992    3.05498997402655e-07    2.42132359639601e-38    2.4213221169726e-38
70.5999999999992    2.65023127588174e-07    2.42132359639601e-38    2.42132231298284e-38
70.6999999999993    2.70124953593057e-07    2.42132359639601e-38    2.42132228827651e-38
70.7999999999993    3.16491717637722e-07    2.42132359639601e-38    2.42132206373876e-38
70.8999999999994    2.22909280139264e-07    2.42132359639601e-38    2.42132251692525e-38
70.9999999999994    3.12218922654327e-07    2.42132359639601e-38    2.42132208443039e-38
71.0999999999995    2.00670880064912e-07    2.42132359639601e-38    2.42132262461793e-38
71.1999999999995    2.34789929218641e-07    2.42132359639601e-38    2.42132245939148e-38
71.2999999999996    1.9929703574129e-07    2.42132359639601e-38    2.42132263127097e-38
71.3999999999996    1.22699492158559e-07    2.42132359639601e-38    2.42132300220573e-38
71.4999999999997    1.62856612017407e-07    2.42132359639601e-38    2.42132280773902e-38
71.5999999999997    5.46950151797961e-08    2.42132359639601e-38    2.42132333152736e-38
71.6999999999998    5.19311209809323e-08    2.42132359639601e-38    2.42132334491192e-38
71.7999999999998    4.02411550489115e-08    2.42132359639601e-38    2.4213234015223e-38
71.8999999999999    -3.35520922804391e-08    2.42132359639601e-38    2.42132375887696e-38
71.9999999999999    -4.42415964807836e-09    2.42132359639601e-38    2.42132361782065e-38
72.1    1.5368921068026e-08    2.42132359639601e-38    2.42132352196974e-38
72.2    3.24229354932411e-08    2.42132359639601e-38    2.42132343938317e-38
72.3000000000001    1.44827964039696e-07    2.42132359639601e-38    2.42132289504537e-38
72.4000000000001    3.26125966427303e-07    2.42132359639601e-38    2.42132201708352e-38
72.5000000000002    5.75595323130396e-07    2.42132359639601e-38    2.42132080899253e-38
72.6000000000002    9.58332067902791e-07    2.42132359639601e-38    2.42131895553635e-38
72.7000000000003    1.52330057058819e-06    2.42132359639601e-38    2.42131621960001e-38
72.8000000000003    2.30473671782695e-06    2.42132359639601e-38    2.42131243539493e-38
72.9000000000004    3.35170885994293e-06    2.42132359639601e-38    2.42130736530691e-38
73.0000000000004    4.72095454501866e-06    2.42132359639601e-38    2.42130073458666e-38
73.1000000000005    6.4541118481069e-06    2.42132359639601e-38    2.4212923416111e-38
73.2000000000005    8.55400532507557e-06    2.42132359639601e-38    2.42128217272047e-38
73.3000000000006    1.09521626934016e-05    2.42132359639601e-38    2.42127055951695e-38
73.4000000000006    1.34639191286359e-05    2.42132359639601e-38    2.42125839626368e-38
73.5000000000007    1.57391163254718e-05    2.42132359639601e-38    2.42124737860812e-38
73.6000000000007    1.72341628764185e-05    2.42132359639601e-38    2.42124013886385e-38
73.7000000000008    1.72520922826672e-05    2.42132359639601e-38    2.42124005204106e-38
73.8000000000008    1.51044748146944e-05    2.42132359639601e-38    2.42125045185826e-38
73.9000000000009    1.04201534288373e-05    2.42132359639601e-38    2.42127313579506e-38
74.000000000001    3.52917457931444e-06    2.42132359639601e-38    2.42130650590895e-38
74.100000000001    -4.27699419483646e-06    2.42132359639601e-38    2.42134430845852e-38
74.2000000000011    -1.09000317050453e-05    2.42132359639601e-38    2.42137638197931e-38
74.3000000000011    -1.41872861032125e-05    2.42132359639601e-38    2.42139230139196e-38
74.4000000000012    -1.29868429540381e-05    2.42132359639601e-38    2.42138648791134e-38
74.5000000000012    -7.75263614236707e-06    2.42132359639601e-38    2.42136113996872e-38
74.6000000000013    -2.56935987399734e-07    2.42132359639601e-38    2.42132484064666e-38
74.7000000000013    7.2944648729863e-06    2.42132359639601e-38    2.42128827213384e-38
74.8000000000014    1.31584004214027e-05    2.42132359639601e-38    2.4212598757436e-38
74.9000000000014    1.65281034403601e-05    2.42132359639601e-38    2.42124355794516e-38
75.0000000000015    1.74784494748359e-05    2.42132359639601e-38    2.42123895591111e-38
75.1000000000015    1.65998460363908e-05    2.42132359639601e-38    2.42124321053259e-38
75.2000000000016    1.46201677342021e-05    2.42132359639601e-38    2.42125279711687e-38
75.3000000000016    1.21686638757565e-05    2.42132359639601e-38    2.42126466856712e-38
75.4000000000017    9.68634914450105e-06    2.42132359639601e-38    2.42127668927887e-38
75.5000000000017    7.42957834076953e-06    2.42132359639601e-38    2.42128761783662e-38
75.6000000000018    5.5128306930072e-06    2.42132359639601e-38    2.4212968998491e-38
75.7000000000018    3.96180404493157e-06    2.42132359639601e-38    2.42130441085278e-38
75.8000000000019    2.76093334673066e-06    2.42132359639601e-38    2.4213102262068e-38
75.9000000000019    1.87735905543584e-06    2.42132359639601e-38    2.42131450502551e-38
76.000000000002    1.24592859478292e-06    2.42132359639601e-38    2.42131756281091e-38
76.100000000002    7.63585950976569e-07    2.42132359639601e-38    2.42131989862147e-38
76.2000000000021    3.92880920046933e-07    2.42132359639601e-38    2.42132169381307e-38
76.3000000000021    2.20876993195199e-07    2.42132359639601e-38    2.42132252676689e-38
76.4000000000022    1.79488816768841e-07    2.42132359639601e-38    2.42132272719515e-38
76.5000000000022    1.59837683970172e-08    2.42132359639601e-38    2.42132351899226e-38
76.6000000000023    -6.13174919686213e-08    2.42132359639601e-38    2.421323893335e-38
76.7000000000023    1.24582302276173e-07    2.42132359639601e-38    2.42132299308794e-38
76.8000000000024    1.20014251777226e-08    2.42132359639601e-38    2.42132353827734e-38
76.9000000000024    -2.25369922623026e-08    2.42132359639601e-38    2.42132370553471e-38
77.0000000000025    2.66189015872339e-07    2.42132359639601e-38    2.42132230733686e-38
77.1000000000025    1.90995858204207e-08    2.42132359639601e-38    2.42132350390345e-38
77.2000000000026    2.13771877620692e-07    2.42132359639601e-38    2.42132256117444e-38
77.3000000000026    3.18977765222842e-07    2.42132359639601e-38    2.42132205169972e-38
77.4000000000027    7.30875829362967e-08    2.42132359639601e-38    2.42132324245865e-38
77.5000000000027    4.98374410478759e-07    2.42132359639601e-38    2.42132118294577e-38
77.6000000000028    1.32295980224847e-07    2.42132359639601e-38    2.42132295573333e-38
77.7000000000028    4.1695031348453e-07    2.42132359639601e-38    2.42132157725358e-38
77.8000000000029    3.55918827143218e-07    2.42132359639601e-38    2.42132187280731e-38
77.9000000000029    2.18251638490854e-07    2.42132359639601e-38    2.42132253948055e-38
78.000000000003    5.40750608223563e-07    2.42132359639601e-38    2.42132097773301e-38
78.100000000003    1.05872036304319e-07    2.42132359639601e-38    2.42132308369514e-38
78.2000000000031    5.18472354240223e-07    2.42132359639601e-38    2.42132108561862e-38
78.3000000000032    1.81517945513439e-07    2.42132359639601e-38    2.4213227173688e-38
78.4000000000032    2.80601131857343e-07    2.42132359639601e-38    2.4213222375441e-38
78.5000000000033    3.4953736634827e-07    2.42132359639601e-38    2.42132190371045e-38
78.6000000000033    3.41725428164717e-08    2.42132359639601e-38    2.42132343091044e-38
78.7000000000034    3.42317192589928e-07    2.42132359639601e-38    2.42132193867518e-38
78.8000000000034    4.29037854561607e-08    2.42132359639601e-38    2.42132338862812e-38
78.9000000000035    5.8476783703984e-08    2.42132359639601e-38    2.42132331321359e-38
79.0000000000035    1.77226723510611e-07    2.42132359639601e-38    2.42132273814966e-38
79.1000000000036    -8.16268331054184e-08    2.42132359639601e-38    2.42132399168599e-38
79.2000000000036    2.45891405330283e-08    2.42132359639601e-38    2.42132347731948e-38
79.3000000000037    1.00850631698002e-07    2.42132359639601e-38    2.42132310801203e-38
79.4000000000037    1.25041757512485e-10    2.42132359639601e-38    2.42132359579047e-38
79.5000000000038    1.2523268621072e-07    2.42132359639601e-38    2.42132298993836e-38
79.6000000000038    3.57141981925038e-07    2.42132359639601e-38    2.42132186688401e-38
79.7000000000039    5.62180903999913e-07    2.42132359639601e-38    2.42132087395376e-38
79.8000000000039    8.9442321138183e-07    2.42132359639601e-38    2.42131926502383e-38
79.900000000004    1.45073472584373e-06    2.42132359639601e-38    2.42131657100975e-38
80.000000000004    2.22347842140115e-06    2.42132359639601e-38    2.42131282889841e-38
80.1000000000041    3.23806693837409e-06    2.42132359639601e-38    2.42130791563101e-38
80.2000000000041    4.56237490152924e-06    2.42132359639601e-38    2.4213015025248e-38
80.3000000000042    6.25177296711519e-06    2.42132359639601e-38    2.42129332145447e-38
80.4000000000042    8.31527115006428e-06    2.42132359639601e-38    2.42128332880635e-38
80.5000000000043    1.06911341352608e-05    2.42132359639601e-38    2.42127182355881e-38
80.6000000000043    1.32069002565489e-05    2.42132359639601e-38    2.42125964088221e-38
80.7000000000044    1.55291099926535e-05    2.42132359639601e-38    2.42124839556289e-38
80.8000000000044    1.71317741390247e-05    2.42132359639601e-38    2.42124063467934e-38
80.9000000000045    1.73303370416642e-05    2.42132359639601e-38    2.4212396731424e-38
81.0000000000045    1.54361303183948e-05    2.42132359639601e-38    2.42124884581671e-38
81.1000000000046    1.10420207995219e-05    2.42132359639601e-38    2.42127012437542e-38
81.2000000000046    4.36953230053357e-06    2.42132359639601e-38    2.42130243638514e-38
81.3000000000047    -3.44370414651138e-06    2.42132359639601e-38    2.42134027309765e-38
81.4000000000047    -1.03479250966912e-05    2.42132359639601e-38    2.42137370826498e-38
81.5000000000048    -1.40588620661288e-05    2.42132359639601e-38    2.42139167946209e-38
81.6000000000048    -1.32791603557548e-05    2.42132359639601e-38    2.42138790353857e-38
81.7000000000049    -8.39582402214361e-06    2.42132359639601e-38    2.421364254751e-38
81.8000000000049    -1.08410241522088e-06    2.42132359639601e-38    2.42132884632721e-38
81.900000000005    6.53302930574427e-06    2.42132359639601e-38    2.42129195944666e-38
82.000000000005    1.26477677826607e-05    2.42132359639601e-38    2.42126234849351e-38
82.1000000000051    1.63069330860251e-05    2.42132359639601e-38    2.42124462895999e-38
82.2000000000051    1.74889130859365e-05    2.42132359639601e-38    2.4212389052413e-38
82.3000000000052    1.67604121981986e-05    2.42132359639601e-38    2.42124243299326e-38
82.4000000000052    1.48603061101695e-05    2.42132359639601e-38    2.42125163424572e-38
82.5000000000053    1.24369233069701e-05    2.42132359639601e-38    2.4212633695133e-38
82.6000000000054    9.94954358230346e-06    2.42132359639601e-38    2.42127541474609e-38
82.7000000000054    7.66595342175546e-06    2.42132359639601e-38    2.42128647317277e-38
82.8000000000055    5.70341363619263e-06    2.42132359639601e-38    2.4212959769335e-38
82.9000000000055    4.09075961911267e-06    2.42132359639601e-38    2.42130378637146e-38
83.0000000000056    2.84072118116204e-06    2.42132359639601e-38    2.42130983982463e-38
83.1000000000056    1.97488169481506e-06    2.42132359639601e-38    2.4213140327596e-38
83.2000000000057    1.41533017480963e-06    2.42132359639601e-38    2.42131674246101e-38
83.3000000000057    8.96750430622392e-07    2.42132359639601e-38    2.42131925375394e-38
83.4000000000058    3.38957856592347e-07    2.42132359639601e-38    2.42132195494325e-38
83.5000000000058    2.14101061543789e-07    2.42132359639601e-38    2.42132255958032e-38
83.6000000000059    4.89766860657693e-07    2.42132359639601e-38    2.42132122462905e-38
83.7000000000059    1.15871081673588e-07    2.42132359639601e-38    2.4213230352733e-38
83.800000000006    -2.55628266305598e-07    2.42132359639601e-38    2.42132483431383e-38
83.900000000006    5.34191596236785e-07    2.42132359639601e-38    2.42132100949595e-38
84.0000000000061    2.10460727043784e-07    2.42132359639601e-38    2.42132257720917e-38
84.1000000000061    -2.8192718727638e-07    2.42132359639601e-38    2.42132496167029e-38
84.2000000000062    9.32804398443074e-07    2.42132359639601e-38    2.42131907915762e-38
84.3000000000062    -5.38831458917985e-08    2.42132359639601e-38    2.42132385733308e-38
84.4000000000063    2.6701083521668e-07    2.42132359639601e-38    2.42132230335708e-38
84.5000000000063    1.04219426286706e-06    2.42132359639601e-38    2.42131854942214e-38
84.6000000000064    -3.86749533420771e-07    2.42132359639601e-38    2.42132546928827e-38
84.7000000000064    1.35547493395311e-06    2.42132359639601e-38    2.42131703231802e-38
84.8000000000065    1.25176631828456e-08    2.42132359639601e-38    2.42132353577738e-38
84.9000000000065    6.64046598148038e-07    2.42132359639601e-38    2.42132038065475e-38
85.0000000000066    9.81526762631986e-07    2.42132359639601e-38    2.42131884321285e-38
85.1000000000066    -1.74377296701217e-07    2.42132359639601e-38    2.42132444084388e-38
85.2000000000067    1.56908159130384e-06    2.42132359639601e-38    2.42131599789936e-38
85.3000000000067    -3.4562084368468e-07    2.42132359639601e-38    2.42132527011639e-38
85.4000000000068    1.23707891667936e-06    2.42132359639601e-38    2.42131760566667e-38
85.5000000000068    3.19093069506991e-07    2.42132359639601e-38    2.42132205114134e-38
85.6000000000069    2.41908390405683e-07    2.42132359639601e-38    2.4213224249193e-38
85.7000000000069    1.14080014707929e-06    2.42132359639601e-38    2.42131807190968e-38
85.800000000007    -3.92295176983275e-07    2.42132359639601e-38    2.42132549614389e-38
85.900000000007    1.00731556019125e-06    2.42132359639601e-38    2.42131871832705e-38
86.0000000000071    1.48989802647191e-07    2.42132359639601e-38    2.42132287489106e-38
86.1000000000071    -7.36273055606325e-08    2.42132359639601e-38    2.4213239529471e-38
86.2000000000072    7.97789460035492e-07    2.42132359639601e-38    2.4213197329862e-38
86.3000000000072    -2.15109286099151e-07    2.42132359639601e-38    2.42132463809461e-38
86.4000000000073    3.89610375957357e-08    2.42132359639601e-38    2.42132340772145e-38
86.5000000000073    5.16355778210397e-07    2.42132359639601e-38    2.42132109586844e-38
86.6000000000074    -5.22150409612632e-08    2.42132359639601e-38    2.42132384925504e-38
86.7000000000074    3.47942497433079e-08    2.42132359639601e-38    2.42132342789974e-38
86.8000000000075    5.51358889611001e-07    2.42132359639601e-38    2.4213209263609e-38
86.9000000000076    6.65203763422249e-07    2.42132359639601e-38    2.42132037505101e-38
87.0000000000076    8.09897959449205e-07    2.42132359639601e-38    2.4213196743491e-38
87.1000000000077    1.37167469975793e-06    2.42132359639601e-38    2.42131695386848e-38
87.2000000000077    2.20653674744294e-06    2.42132359639601e-38    2.4213129109406e-38
87.3000000000078    3.21110734760671e-06    2.42132359639601e-38    2.42130804618596e-38
87.4000000000078    4.47916234113446e-06    2.42132359639601e-38    2.42130190549022e-38
87.5000000000079    6.11945581412729e-06    2.42132359639601e-38    2.42129396221183e-38
87.6000000000079    8.15719041513316e-06    2.42132359639601e-38    2.42128409432297e-38
87.700000000008    1.05271736743724e-05    2.42132359639601e-38    2.42127261754463e-38
87.800000000008    1.30549674623481e-05    2.42132359639601e-38    2.4212603766198e-38
87.9000000000081    1.54076119436784e-05    2.42132359639601e-38    2.42124898391688e-38
88.0000000000081    1.70576470519038e-05    2.42132359639601e-38    2.4212409936384e-38
88.1000000000082    1.73293132612397e-05    2.42132359639601e-38    2.42123967810003e-38
88.2000000000082    1.5579031738732e-05    2.42132359639601e-38    2.42124815381701e-38
88.3000000000083    1.14490929834543e-05    2.42132359639601e-38    2.42126815311278e-38
88.4000000000083    5.05425872513079e-06    2.42132359639601e-38    2.42129912052789e-38
88.5000000000084    -2.7684332982231e-06    2.42132359639601e-38    2.42133700297886e-38
88.6000000000084    -1.00313063620548e-05    2.42132359639601e-38    2.42137217496091e-38
88.7000000000085    -1.40350060389592e-05    2.42132359639601e-38    2.42139156393253e-38
88.8000000000085    -1.33004077763703e-05    2.42132359639601e-38    2.42138800643507e-38
88.9000000000086    -8.56915183154566e-06    2.42132359639601e-38    2.42136509413067e-38
89.0000000000086    -1.57071839656563e-06    2.42132359639601e-38    2.42133120284299e-38
89.1000000000087    5.9477211459891e-06    2.42132359639601e-38    2.4212947938522e-38
89.2000000000087    1.22676373822019e-05    2.42132359639601e-38    2.42126418928506e-38
89.3000000000088    1.6190759470491e-05    2.42132359639601e-38    2.42124519152954e-38
89.4000000000088    1.7534202506138e-05    2.42132359639601e-38    2.4212386859283e-38
89.5000000000089    1.68773669187093e-05    2.42132359639601e-38    2.42124186664186e-38
89.6000000000089    1.50128412778665e-05    2.42132359639601e-38    2.42125089559378e-38
89.700000000009    1.26163849382546e-05    2.42132359639601e-38    2.42126250046571e-38
89.800000000009    1.01515395605513e-05    2.42132359639601e-38    2.4212744365705e-38
89.9000000000091    7.87224560181585e-06    2.42132359639601e-38    2.42128547418805e-38
90.0000000000091    5.86078927986299e-06    2.42132359639601e-38    2.42129521482759e-38
90.1000000000092    4.12444290680563e-06    2.42132359639601e-38    2.42130362325652e-38
90.2000000000092    2.77098911412671e-06    2.42132359639601e-38    2.42131017751053e-38
90.3000000000093    2.05956536902156e-06    2.42132359639601e-38    2.42131362266809e-38
90.4000000000093    1.91172954778392e-06    2.42132359639601e-38    2.42131433858198e-38
90.5000000000094    1.38134695028966e-06    2.42132359639601e-38    2.42131690702931e-38
90.6000000000094    5.67715127967811e-08    2.42132359639601e-38    2.42132332147161e-38
90.7000000000095    9.54501993117104e-09    2.42132359639601e-38    2.42132355017284e-38
90.8000000000095    1.7404954106939e-06    2.42132359639601e-38    2.42131516780546e-38
90.9000000000096    7.3916419953023e-07    2.42132359639601e-38    2.42132001688722e-38
91.0000000000096    -1.18059496522008e-06    2.42132359639601e-38    2.42132931360765e-38
91.1000000000097    2.10034045197788e-06    2.42132359639601e-38    2.42131342520957e-38
91.2000000000098    1.44083374131722e-06    2.42132359639601e-38    2.42131661895659e-38
91.3000000000098    -1.57067140107309e-06    2.42132359639601e-38    2.4213312026154e-38
91.4000000000099    3.65235504957435e-06    2.42132359639601e-38    2.42130590939368e-38
91.5000000000099    1.57262105582903e-07    2.42132359639601e-38    2.42132283483123e-38
91.60000000001    -5.8992414689166e-08    2.42132359639601e-38    2.42132388207547e-38
91.70000000001    4.5674254623035e-06    2.42132359639601e-38    2.42130147806694e-38
91.8000000000101    -2.33439763594446e-06    2.42132359639601e-38    2.42133490108655e-38
91.9000000000101    4.63374120020682e-06    2.42132359639601e-38    2.42130115692617e-38
92.0000000000102    2.85415509313833e-07    2.42132359639601e-38    2.42132221422978e-38
92.1000000000102    8.59065997940273e-07    2.42132359639601e-38    2.42131943624604e-38
92.2000000000103    4.47441275760152e-06    2.42132359639601e-38    2.42130192849058e-38
92.3000000000103    -2.30324274602361e-06    2.42132359639601e-38    2.42133475021371e-38
92.4000000000104    6.00452933528788e-06    2.42132359639601e-38    2.42129451875347e-38
92.5000000000104    -1.77982729221735e-06    2.42132359639601e-38    2.42133221548699e-38
92.6000000000105    3.45121172145918e-06    2.42132359639601e-38    2.42130688345293e-38
92.7000000000105    1.97263273527205e-06    2.42132359639601e-38    2.42131404365047e-38
92.8000000000106    -8.35771869608705e-07    2.42132359639601e-38    2.42132764374769e-38
92.9000000000106    5.01394294163328e-06    2.42132359639601e-38    2.42129931576104e-38
93.0000000000107    -2.06638670682495e-06    2.42132359639601e-38    2.42133360319847e-38
93.1000000000107    3.13027431107063e-06    2.42132359639601e-38    2.42130843762935e-38
93.2000000000108    1.54811293923763e-06    2.42132359639601e-38    2.42131609944283e-38
93.3000000000108    -1.28434789547772e-06    2.42132359639601e-38    2.42132981604772e-38
93.4000000000109    3.39280654994831e-06    2.42132359639601e-38    2.42130716628663e-38
93.5000000000109    -1.28003024078284e-07    2.42132359639601e-38    2.42132421626957e-38
93.600000000011    -5.31333873918334e-07    2.42132359639601e-38    2.42132616945987e-38
93.700000000011    2.30188999315142e-06    2.42132359639601e-38    2.42131244918055e-38
93.8000000000111    2.75348198298841e-07    2.42132359639601e-38    2.42132226298219e-38
93.9000000000111    -5.79395874840884e-07    2.42132359639601e-38    2.42132640220744e-38
94.0000000000112    1.16129552229991e-06    2.42132359639601e-38    2.42131797265803e-38
94.1000000000112    1.45448020073428e-06    2.42132359639601e-38    2.42131655287179e-38
94.2000000000113    8.19197694214605e-07    2.42132359639601e-38    2.42131962931384e-38
94.3000000000113    1.17818194789806e-06    2.42132359639601e-38    2.42131789088322e-38
94.4000000000114    2.32021378955045e-06    2.42132359639601e-38    2.42131236044528e-38
94.5000000000114    3.51762446443821e-06    2.42132359639601e-38    2.42130656184169e-38
94.6000000000115    4.75720962433887e-06    2.42132359639601e-38    2.42130055901777e-38
94.7000000000115    6.32655351150867e-06    2.42132359639601e-38    2.42129295932323e-38
94.8000000000116    8.3578128534853e-06    2.42132359639601e-38    2.42128312279532e-38
94.9000000000116    1.07819419440997e-05    2.42132359639601e-38    2.42127138381807e-38
95.0000000000117    1.33737887101026e-05    2.42132359639601e-38    2.42125883272179e-38
95.1000000000117    1.57215306240061e-05    2.42132359639601e-38    2.42124746376678e-38
95.2000000000118    1.71903860530812e-05    2.42132359639601e-38    2.42124035085227e-38
95.3000000000118    1.70630506470026e-05    2.42132359639601e-38    2.42124096747159e-38
95.4000000000119    1.49414114515374e-05    2.42132359639601e-38    2.42125124149287e-38
95.500000000012    1.09552405231031e-05    2.42132359639601e-38    2.42127054461243e-38
95.600000000012    5.15036799491634e-06    2.42132359639601e-38    2.42129865510935e-38
95.7000000000121    -2.69688398209995e-06    2.42132359639601e-38    2.42133665648887e-38
95.8000000000121    -1.08259702153706e-05    2.42132359639601e-38    2.42137602331785e-38
95.9000000000122    -1.47225944772165e-05    2.42132359639601e-38    2.4213948937765e-38
96.0000000000122    -1.2348389571305e-05    2.42132359639601e-38    2.42138339602853e-38
96.1000000000123    -6.70755686442773e-06    2.42132359639601e-38    2.4213560789453e-38
96.2000000000123    -4.6820763891057e-07    2.42132359639601e-38    2.42132586376148e-38
96.3000000000124    6.21466019014776e-06    2.42132359639601e-38    2.42129350117631e-38
96.4000000000124    1.24970588735382e-05    2.42132359639601e-38    2.42126307830523e-38
96.5000000000125    1.65792324356701e-05    2.42132359639601e-38    2.42124331035367e-38
96.6000000000125    1.78001785723454e-05    2.42132359639601e-38    2.42123739794556e-38
96.7000000000126    1.6867710274982e-05    2.42132359639601e-38    2.421241913404e-38
96.8000000000126    1.48171562445574e-05    2.42132359639601e-38    2.42125184319909e-38
96.9000000000127    1.2409668920524e-05    2.42132359639601e-38    2.4212635014934e-38
97.0000000000127    1.00693388338463e-05    2.42132359639601e-38    2.42127483463157e-38
97.1000000000128    7.92760217619746e-06    2.42132359639601e-38    2.42128520611992e-38
97.2000000000128    5.8605021030525e-06    2.42132359639601e-38    2.42129521621827e-38
97.3000000000129    3.73947928717122e-06    2.42132359639601e-38    2.42130548748485e-38
97.4000000000129    2.06380784788179e-06    2.42132359639601e-38    2.42131360212335e-38
97.500000000013    2.10689306989548e-06    2.42132359639601e-38    2.42131339347769e-38
97.600000000013    3.76343099723131e-06    2.42132359639601e-38    2.42130537149604e-38
97.7000000000131    3.20233331991486e-06    2.42132359639601e-38    2.4213080886752e-38
97.8000000000131    -1.2478950281421e-06    2.42132359639601e-38    2.4213296395189e-38
97.9000000000132    -7.75909262370529e-07    2.42132359639601e-38    2.42132735385373e-38
98.0000000000132    6.86866397672073e-06    2.42132359639601e-38    2.42129033410815e-38
98.1000000000133    2.99422658288391e-06    2.42132359639601e-38    2.42130909645647e-38
98.2000000000133    -4.82302230669619e-06    2.42132359639601e-38    2.42134695270409e-38
98.3000000000134    8.69159217226348e-06    2.42132359639601e-38    2.4212815064474e-38
98.4000000000134    5.96138481492146e-06    2.42132359639601e-38    2.42129472768466e-38
98.5000000000135    -6.50236163876263e-06    2.42132359639601e-38    2.42135508524409e-38
98.6000000000135    1.468319698943e-05    2.42132359639601e-38    2.42125249189736e-38
98.7000000000136    6.28226277716499e-07    2.42132359639601e-38    2.4213205541197e-38
98.8000000000136    -9.82047469612809e-07    2.42132359639601e-38    2.4213283521101e-38
98.9000000000137    1.8304168503276e-05    2.42132359639601e-38    2.42123495738825e-38
99.0000000000137    -9.84626329419358e-06    2.42132359639601e-38    2.4213712788448e-38
99.1000000000138    1.7198460356741e-05    2.42132359639601e-38    2.42124031175261e-38
99.2000000000138    1.96485128894164e-06    2.42132359639601e-38    2.42131408133312e-38
99.3000000000139    7.62114375589481e-07    2.42132359639601e-38    2.42131990574778e-38
99.4000000000139    1.88008659150353e-05    2.42132359639601e-38    2.42123255214717e-38
99.500000000014    -1.07358762001961e-05    2.42132359639601e-38    2.42137558701491e-38
99.600000000014    2.21516157278429e-05    2.42132359639601e-38    2.42121632631249e-38
99.7000000000141    -5.01163339894527e-06    2.42132359639601e-38    2.42134786609005e-38
99.8000000000142    8.43862150291699e-06    2.42132359639601e-38    2.42128273147412e-38
99.9000000000142    1.19404965050039e-05    2.42132359639601e-38    2.42126577347456e-38
