0    1    1.5560602804506e-19    1.5560602804506e-19
0.1    1    1.5560602804506e-19    1.5560602804506e-19
0.2    1    1.5560602804506e-19    1.5560602804506e-19
0.3    1    1.5560602804506e-19    1.5560602804506e-19
0.4    1    1.5560602804506e-19    1.5560602804506e-19
0.5    1    1.5560602804506e-19    1.5560602804506e-19
0.6    1    1.5560602804506e-19    1.5560602804506e-19
0.7    1    1.5560602804506e-19    1.5560602804506e-19
0.8    1    1.5560602804506e-19    1.5560602804506e-19
0.900000000000001    1    1.5560602804506e-19    1.5560602804506e-19
1    1    1.5560602804506e-19    1.5560602804506e-19
1.1    1    1.5560602804506e-19    1.5560602804506e-19
1.2    1    1.5560602804506e-19    1.5560602804506e-19
1.3    1    1.5560602804506e-19    1.5560602804506e-19
1.4    1    1.5560602804506e-19    1.5560602804506e-19
1.5    1    1.5560602804506e-19    1.5560602804506e-19
1.6    1    1.5560602804506e-19    1.5560602804506e-19
1.7    1    1.5560602804506e-19    1.5560602804506e-19
1.8    1    1.5560602804506e-19    1.5560602804506e-19
1.9    1    1.5560602804506e-19    1.5560602804506e-19
2    1    1.5560602804506e-19    1.5560602804506e-19
2.1    1    1.5560602804506e-19    1.5560602804506e-19
2.2    1    1.5560602804506e-19    1.5560602804506e-19
2.29999999999999    1    1.5560602804506e-19    1.5560602804506e-19
2.39999999999999    1    1.5560602804506e-19    1.5560602804506e-19
2.49999999999999    1    1.5560602804506e-19    1.5560602804506e-19
2.59999999999999    1    1.5560602804506e-19    1.5560602804506e-19
2.69999999999999    1    1.5560602804506e-19    1.5560602804506e-19
2.79999999999998    1    1.5560602804506e-19    1.5560602804506e-19
2.89999999999998    1    1.5560602804506e-19    1.5560602804506e-19
2.99999999999998    1    1.5560602804506e-19    1.5560602804506e-19
3.09999999999998    1    1.5560602804506e-19    1.5560602804506e-19
3.19999999999998    1    1.5560602804506e-19    1.5560602804506e-19
3.29999999999997    1    1.5560602804506e-19    1.5560602804506e-19
3.39999999999997    1    1.5560602804506e-19    1.5560602804506e-19
3.49999999999997    1    1.5560602804506e-19    1.5560602804506e-19
3.59999999999997    1    1.5560602804506e-19    1.5560602804506e-19
3.69999999999997    1    1.5560602804506e-19    1.5560602804506e-19
3.79999999999996    1    1.5560602804506e-19    1.5560602804506e-19
3.89999999999996    1    1.5560602804506e-19    1.5560602804506e-19
3.99999999999996    1    1.5560602804506e-19    1.5560602804506e-19
4.09999999999996    1    1.5560602804506e-19    1.5560602804506e-19
4.19999999999995    1    1.5560602804506e-19    1.5560602804506e-19
4.29999999999995    1    1.5560602804506e-19    1.5560602804506e-19
4.39999999999995    1    1.5560602804506e-19    1.5560602804506e-19
4.49999999999995    1    1.5560602804506e-19    1.5560602804506e-19
4.59999999999995    1    1.5560602804506e-19    1.5560602804506e-19
4.69999999999994    1    1.5560602804506e-19    1.5560602804506e-19
4.79999999999994    1    1.5560602804506e-19    1.5560602804506e-19
4.89999999999994    1    1.5560602804506e-19    1.5560602804506e-19
4.99999999999994    1    1.5560602804506e-19    1.5560602804506e-19
5.09999999999994    1    1.5560602804506e-19    1.5560602804506e-19
5.19999999999993    1    1.5560602804506e-19    1.5560602804506e-19
5.29999999999993    1    1.5560602804506e-19    1.5560602804506e-19
5.39999999999993    1    1.5560602804506e-19    1.5560602804506e-19
5.49999999999993    1    1.5560602804506e-19    1.5560602804506e-19
5.59999999999993    1    1.5560602804506e-19    1.5560602804506e-19
5.69999999999992    1    1.5560602804506e-19    1.5560602804506e-19
5.79999999999992    1    1.5560602804506e-19    1.5560602804506e-19
5.89999999999992    1    1.5560602804506e-19    1.5560602804506e-19
5.99999999999992    1    1.5560602804506e-19    1.5560602804506e-19
6.09999999999991    1    1.5560602804506e-19    1.5560602804506e-19
6.19999999999991    1    1.5560602804506e-19    1.5560602804506e-19
6.29999999999991    1    1.5560602804506e-19    1.5560602804506e-19
6.39999999999991    1    1.5560602804506e-19    1.5560602804506e-19
6.49999999999991    1    1.5560602804506e-19    1.5560602804506e-19
6.5999999999999    1    1.5560602804506e-19    1.5560602804506e-19
6.6999999999999    1    1.5560602804506e-19    1.5560602804506e-19
6.7999999999999    1    1.5560602804506e-19    1.5560602804506e-19
6.8999999999999    1    1.5560602804506e-19    1.5560602804506e-19
6.9999999999999    1    1.5560602804506e-19    1.5560602804506e-19
7.09999999999989    1    1.5560602804506e-19    1.5560602804506e-19
7.19999999999989    1    1.5560602804506e-19    1.5560602804506e-19
7.29999999999989    1    1.5560602804506e-19    1.5560602804506e-19
7.39999999999989    1    1.5560602804506e-19    1.5560602804506e-19
7.49999999999988    1    1.5560602804506e-19    1.5560602804506e-19
7.59999999999988    1    1.5560602804506e-19    1.5560602804506e-19
7.69999999999988    1    1.5560602804506e-19    1.5560602804506e-19
7.79999999999988    1    1.5560602804506e-19    1.5560602804506e-19
7.89999999999988    1    1.5560602804506e-19    1.5560602804506e-19
7.99999999999987    1    1.5560602804506e-19    1.5560602804506e-19
8.09999999999987    1    1.5560602804506e-19    1.5560602804506e-19
8.19999999999987    1    1.5560602804506e-19    1.5560602804506e-19
8.29999999999987    1    1.5560602804506e-19    1.5560602804506e-19
8.39999999999987    1    1.5560602804506e-19    1.5560602804506e-19
8.49999999999986    1    1.5560602804506e-19    1.5560602804506e-19
8.59999999999986    1    1.5560602804506e-19    1.5560602804506e-19
8.69999999999986    1    1.5560602804506e-19    1.5560602804506e-19
8.79999999999986    1    1.5560602804506e-19    1.5560602804506e-19
8.89999999999985    1    1.5560602804506e-19    1.5560602804506e-19
8.99999999999985    1    1.5560602804506e-19    1.5560602804506e-19
9.09999999999985    1    1.5560602804506e-19    1.5560602804506e-19
9.19999999999985    1    1.5560602804506e-19    1.5560602804506e-19
9.29999999999985    1    1.5560602804506e-19    1.5560602804506e-19
9.39999999999984    1    1.5560602804506e-19    1.5560602804506e-19
9.49999999999984    1    1.5560602804506e-19    1.5560602804506e-19
9.59999999999984    1    1.5560602804506e-19    1.5560602804506e-19
9.69999999999984    1    1.5560602804506e-19    1.5560602804506e-19
9.79999999999984    1    1.5560602804506e-19    1.5560602804506e-19
9.89999999999983    1    1.5560602804506e-19    1.5560602804506e-19
9.99999999999983    1    1.5560602804506e-19    1.5560602804506e-19
10.0999999999998    1    1.5560602804506e-19    1.5560602804506e-19
10.1999999999998    1    1.5560602804506e-19    1.5560602804506e-19
10.2999999999998    1    1.5560602804506e-19    1.5560602804506e-19
10.3999999999998    1    1.5560602804506e-19    1.5560602804506e-19
10.4999999999998    1    1.5560602804506e-19    1.5560602804506e-19
10.5999999999998    1    1.5560602804506e-19    1.5560602804506e-19
10.6999999999998    1    1.5560602804506e-19    1.5560602804506e-19
10.7999999999998    1    1.5560602804506e-19    1.5560602804506e-19
10.8999999999998    1    1.5560602804506e-19    1.5560602804506e-19
10.9999999999998    1    1.5560602804506e-19    1.5560602804506e-19
11.0999999999998    1    1.5560602804506e-19    1.5560602804506e-19
11.1999999999998    1    1.5560602804506e-19    1.5560602804506e-19
11.2999999999998    1    1.5560602804506e-19    1.5560602804506e-19
11.3999999999998    1    1.5560602804506e-19    1.5560602804506e-19
11.4999999999998    1    1.5560602804506e-19    1.5560602804506e-19
11.5999999999998    1    1.5560602804506e-19    1.5560602804506e-19
11.6999999999998    1    1.5560602804506e-19    1.5560602804506e-19
11.7999999999998    1    1.5560602804506e-19    1.5560602804506e-19
11.8999999999998    1    1.5560602804506e-19    1.5560602804506e-19
11.9999999999998    1    1.5560602804506e-19    1.5560602804506e-19
12.0999999999998    1    1.5560602804506e-19    1.5560602804506e-19
12.1999999999998    1    1.5560602804506e-19    1.5560602804506e-19
12.2999999999998    1    1.5560602804506e-19    1.5560602804506e-19
12.3999999999998    1    1.5560602804506e-19    1.5560602804506e-19
12.4999999999998    1    1.5560602804506e-19    1.5560602804506e-19
12.5999999999998    1    1.5560602804506e-19    1.5560602804506e-19
12.6999999999998    1    1.5560602804506e-19    1.5560602804506e-19
12.7999999999998    1    1.5560602804506e-19    1.5560602804506e-19
12.8999999999998    1    1.5560602804506e-19    1.5560602804506e-19
12.9999999999998    1    1.5560602804506e-19    1.5560602804506e-19
13.0999999999998    1    1.5560602804506e-19    1.5560602804506e-19
13.1999999999998    1    1.5560602804506e-19    1.5560602804506e-19
13.2999999999998    1    1.5560602804506e-19    1.5560602804506e-19
13.3999999999998    1    1.5560602804506e-19    1.5560602804506e-19
13.4999999999998    1    1.5560602804506e-19    1.5560602804506e-19
13.5999999999998    1    1.5560602804506e-19    1.5560602804506e-19
13.6999999999998    1    1.5560602804506e-19    1.5560602804506e-19
13.7999999999998    1    1.5560602804506e-19    1.5560602804506e-19
13.8999999999997    1    1.5560602804506e-19    1.5560602804506e-19
13.9999999999997    1    1.5560602804506e-19    1.5560602804506e-19
14.0999999999997    1    1.5560602804506e-19    1.5560602804506e-19
14.1999999999997    1    1.5560602804506e-19    1.5560602804506e-19
14.2999999999997    1    1.5560602804506e-19    1.5560602804506e-19
14.3999999999997    1    1.5560602804506e-19    1.5560602804506e-19
14.4999999999997    1    1.5560602804506e-19    1.5560602804506e-19
14.5999999999997    1    1.5560602804506e-19    1.5560602804506e-19
14.6999999999997    1    1.5560602804506e-19    1.5560602804506e-19
14.7999999999997    1    1.5560602804506e-19    1.5560602804506e-19
14.8999999999997    1    1.5560602804506e-19    1.5560602804506e-19
14.9999999999997    1    1.5560602804506e-19    1.5560602804506e-19
15.0999999999997    1    1.5560602804506e-19    1.5560602804506e-19
15.1999999999997    1    1.5560602804506e-19    1.5560602804506e-19
15.2999999999997    1    1.5560602804506e-19    1.5560602804506e-19
15.3999999999997    1    1.5560602804506e-19    1.5560602804506e-19
15.4999999999997    1    1.5560602804506e-19    1.5560602804506e-19
15.5999999999997    1    1.5560602804506e-19    1.5560602804506e-19
15.6999999999997    1    1.5560602804506e-19    1.5560602804506e-19
15.7999999999997    1    1.5560602804506e-19    1.5560602804506e-19
15.8999999999997    1    1.5560602804506e-19    1.5560602804506e-19
15.9999999999997    1    1.5560602804506e-19    1.5560602804506e-19
16.0999999999997    1    1.5560602804506e-19    1.5560602804506e-19
16.1999999999997    1    1.5560602804506e-19    1.5560602804506e-19
16.2999999999997    1    1.5560602804506e-19    1.5560602804506e-19
16.3999999999998    1    1.5560602804506e-19    1.5560602804506e-19
16.4999999999998    1    1.5560602804506e-19    1.5560602804506e-19
16.5999999999998    1    1.5560602804506e-19    1.5560602804506e-19
16.6999999999998    1    1.5560602804506e-19    1.5560602804506e-19
16.7999999999998    1    1.5560602804506e-19    1.5560602804506e-19
16.8999999999998    1    1.5560602804506e-19    1.5560602804506e-19
16.9999999999999    1    1.5560602804506e-19    1.5560602804506e-19
17.0999999999999    1    1.5560602804506e-19    1.5560602804506e-19
17.1999999999999    1    1.5560602804506e-19    1.5560602804506e-19
17.2999999999999    1    1.5560602804506e-19    1.5560602804506e-19
17.3999999999999    1    1.5560602804506e-19    1.5560602804506e-19
17.4999999999999    1    1.5560602804506e-19    1.5560602804506e-19
17.6    1    1.5560602804506e-19    1.5560602804506e-19
17.7    1    1.5560602804506e-19    1.5560602804506e-19
17.8    1    1.5560602804506e-19    1.5560602804506e-19
17.9    1    1.5560602804506e-19    1.5560602804506e-19
18    1    1.5560602804506e-19    1.5560602804506e-19
18.1    1    1.5560602804506e-19    1.5560602804506e-19
18.2    1    1.5560602804506e-19    1.5560602804506e-19
18.3000000000001    1    1.5560602804506e-19    1.5560602804506e-19
18.4000000000001    1    1.5560602804506e-19    1.5560602804506e-19
18.5000000000001    1    1.5560602804506e-19    1.5560602804506e-19
18.6000000000001    1    1.5560602804506e-19    1.5560602804506e-19
18.7000000000001    1    1.5560602804506e-19    1.5560602804506e-19
18.8000000000001    1    1.5560602804506e-19    1.5560602804506e-19
18.9000000000002    1    1.5560602804506e-19    1.5560602804506e-19
19.0000000000002    1    1.5560602804506e-19    1.5560602804506e-19
19.1000000000002    1    1.5560602804506e-19    1.5560602804506e-19
19.2000000000002    1    1.5560602804506e-19    1.5560602804506e-19
19.3000000000002    1    1.5560602804506e-19    1.5560602804506e-19
19.4000000000002    1    1.5560602804506e-19    1.5560602804506e-19
19.5000000000002    1    1.5560602804506e-19    1.5560602804506e-19
19.6000000000003    1    1.5560602804506e-19    1.5560602804506e-19
19.7000000000003    1    1.5560602804506e-19    1.5560602804506e-19
19.8000000000003    1    1.5560602804506e-19    1.5560602804506e-19
19.9000000000003    1    1.5560602804506e-19    1.5560602804506e-19
20.0000000000003    1    1.5560602804506e-19    1.5560602804506e-19
20.1000000000003    1    1.5560602804506e-19    1.5560602804506e-19
20.2000000000004    1    1.5560602804506e-19    1.5560602804506e-19
20.3000000000004    1    1.5560602804506e-19    1.5560602804506e-19
20.4000000000004    1    1.5560602804506e-19    1.5560602804506e-19
20.5000000000004    1    1.5560602804506e-19    1.5560602804506e-19
20.6000000000004    1    1.5560602804506e-19    1.5560602804506e-19
20.7000000000004    1    1.5560602804506e-19    1.5560602804506e-19
20.8000000000005    1    1.5560602804506e-19    1.5560602804506e-19
20.9000000000005    1    1.5560602804506e-19    1.5560602804506e-19
21.0000000000005    1    1.5560602804506e-19    1.5560602804506e-19
21.1000000000005    1    1.5560602804506e-19    1.5560602804506e-19
21.2000000000005    1    1.5560602804506e-19    1.5560602804506e-19
21.3000000000005    1    1.5560602804506e-19    1.5560602804506e-19
21.4000000000005    1    1.5560602804506e-19    1.5560602804506e-19
21.5000000000006    1    1.5560602804506e-19    1.5560602804506e-19
21.6000000000006    1    1.5560602804506e-19    1.5560602804506e-19
21.7000000000006    1    1.5560602804506e-19    1.5560602804506e-19
21.8000000000006    1    1.5560602804506e-19    1.5560602804506e-19
21.9000000000006    1    1.5560602804506e-19    1.5560602804506e-19
22.0000000000006    1    1.5560602804506e-19    1.5560602804506e-19
22.1000000000007    1    1.5560602804506e-19    1.5560602804506e-19
22.2000000000007    1    1.5560602804506e-19    1.5560602804506e-19
22.3000000000007    1    1.5560602804506e-19    1.5560602804506e-19
22.4000000000007    1    1.5560602804506e-19    1.5560602804506e-19
22.5000000000007    1    1.5560602804506e-19    1.5560602804506e-19
22.6000000000007    1    1.5560602804506e-19    1.5560602804506e-19
22.7000000000007    1    1.5560602804506e-19    1.5560602804506e-19
22.8000000000008    1    1.5560602804506e-19    1.5560602804506e-19
22.9000000000008    1    1.5560602804506e-19    1.5560602804506e-19
23.0000000000008    1    1.5560602804506e-19    1.5560602804506e-19
23.1000000000008    1    1.5560602804506e-19    1.5560602804506e-19
23.2000000000008    1    1.5560602804506e-19    1.5560602804506e-19
23.3000000000008    1    1.5560602804506e-19    1.5560602804506e-19
23.4000000000009    1    1.5560602804506e-19    1.5560602804506e-19
23.5000000000009    1    1.5560602804506e-19    1.5560602804506e-19
23.6000000000009    1    1.5560602804506e-19    1.5560602804506e-19
23.7000000000009    1    1.5560602804506e-19    1.5560602804506e-19
23.8000000000009    1    1.5560602804506e-19    1.5560602804506e-19
23.9000000000009    1    1.5560602804506e-19    1.5560602804506e-19
24.000000000001    1    1.5560602804506e-19    1.5560602804506e-19
24.100000000001    1    1.5560602804506e-19    1.5560602804506e-19
24.200000000001    1    1.5560602804506e-19    1.5560602804506e-19
24.300000000001    1    1.5560602804506e-19    1.5560602804506e-19
24.400000000001    1    1.5560602804506e-19    1.5560602804506e-19
24.500000000001    1    1.5560602804506e-19    1.5560602804506e-19
24.600000000001    1    1.5560602804506e-19    1.5560602804506e-19
24.7000000000011    1    1.5560602804506e-19    1.5560602804506e-19
24.8000000000011    1    1.5560602804506e-19    1.5560602804506e-19
24.9000000000011    1    1.5560602804506e-19    1.5560602804506e-19
25.0000000000011    1    1.5560602804506e-19    1.5560602804506e-19
25.1000000000011    1    1.5560602804506e-19    1.5560602804506e-19
25.2000000000011    1    1.5560602804506e-19    1.5560602804506e-19
25.3000000000012    1    1.5560602804506e-19    1.5560602804506e-19
25.4000000000012    1    1.5560602804506e-19    1.5560602804506e-19
25.5000000000012    1    1.5560602804506e-19    1.5560602804506e-19
25.6000000000012    1    1.5560602804506e-19    1.5560602804506e-19
25.7000000000012    1    1.5560602804506e-19    1.5560602804506e-19
25.8000000000012    1    1.5560602804506e-19    1.5560602804506e-19
25.9000000000012    1    1.5560602804506e-19    1.5560602804506e-19
26.0000000000013    1    1.5560602804506e-19    1.5560602804506e-19
26.1000000000013    1    1.5560602804506e-19    1.5560602804506e-19
26.2000000000013    1    1.5560602804506e-19    1.5560602804506e-19
26.3000000000013    1    1.5560602804506e-19    1.5560602804506e-19
26.4000000000013    1    1.5560602804506e-19    1.5560602804506e-19
26.5000000000013    1    1.5560602804506e-19    1.5560602804506e-19
26.6000000000014    1    1.5560602804506e-19    1.5560602804506e-19
26.7000000000014    1    1.5560602804506e-19    1.5560602804506e-19
26.8000000000014    1    1.5560602804506e-19    1.5560602804506e-19
26.9000000000014    1    1.5560602804506e-19    1.5560602804506e-19
27.0000000000014    1    1.5560602804506e-19    1.5560602804506e-19
27.1000000000014    1    1.5560602804506e-19    1.5560602804506e-19
27.2000000000015    1    1.5560602804506e-19    1.5560602804506e-19
27.3000000000015    1    1.5560602804506e-19    1.5560602804506e-19
27.4000000000015    1    1.5560602804506e-19    1.5560602804506e-19
27.5000000000015    1    1.5560602804506e-19    1.5560602804506e-19
27.6000000000015    1    1.5560602804506e-19    1.5560602804506e-19
27.7000000000015    1    1.5560602804506e-19    1.5560602804506e-19
27.8000000000015    1    1.5560602804506e-19    1.5560602804506e-19
27.9000000000016    1    1.5560602804506e-19    1.5560602804506e-19
28.0000000000016    1    1.5560602804506e-19    1.5560602804506e-19
28.1000000000016    1    1.5560602804506e-19    1.5560602804506e-19
28.2000000000016    1    1.5560602804506e-19    1.5560602804506e-19
28.3000000000016    1    1.5560602804506e-19    1.5560602804506e-19
28.4000000000016    1    1.5560602804506e-19    1.5560602804506e-19
28.5000000000017    1    1.5560602804506e-19    1.5560602804506e-19
28.6000000000017    1    1.5560602804506e-19    1.5560602804506e-19
28.7000000000017    1    1.5560602804506e-19    1.5560602804506e-19
28.8000000000017    1    1.5560602804506e-19    1.5560602804506e-19
28.9000000000017    1    1.5560602804506e-19    1.5560602804506e-19
29.0000000000017    1    1.5560602804506e-19    1.5560602804506e-19
29.1000000000017    1    1.5560602804506e-19    1.5560602804506e-19
29.2000000000018    1    1.5560602804506e-19    1.5560602804506e-19
29.3000000000018    1    1.5560602804506e-19    1.5560602804506e-19
29.4000000000018    1    1.5560602804506e-19    1.5560602804506e-19
29.5000000000018    1    1.5560602804506e-19    1.5560602804506e-19
29.6000000000018    1    1.5560602804506e-19    1.5560602804506e-19
29.7000000000018    1    1.5560602804506e-19    1.5560602804506e-19
29.8000000000019    1    1.5560602804506e-19    1.5560602804506e-19
29.9000000000019    1    1.5560602804506e-19    1.5560602804506e-19
30.0000000000019    1    1.5560602804506e-19    1.5560602804506e-19
30.1000000000019    1    1.5560602804506e-19    1.5560602804506e-19
30.2000000000019    1    1.5560602804506e-19    1.5560602804506e-19
30.3000000000019    1    1.5560602804506e-19    1.5560602804506e-19
30.400000000002    1    1.5560602804506e-19    1.5560602804506e-19
30.500000000002    1    1.5560602804506e-19    1.5560602804506e-19
30.600000000002    1    1.5560602804506e-19    1.5560602804506e-19
30.700000000002    1    1.5560602804506e-19    1.5560602804506e-19
30.800000000002    1    1.5560602804506e-19    1.5560602804506e-19
30.900000000002    1    1.5560602804506e-19    1.5560602804506e-19
31.000000000002    1    1.5560602804506e-19    1.5560602804506e-19
31.1000000000021    1    1.5560602804506e-19    1.5560602804506e-19
31.2000000000021    1    1.5560602804506e-19    1.5560602804506e-19
31.3000000000021    1    1.5560602804506e-19    1.5560602804506e-19
31.4000000000021    1    1.5560602804506e-19    1.5560602804506e-19
31.5000000000021    1    1.5560602804506e-19    1.5560602804506e-19
31.6000000000021    1    1.5560602804506e-19    1.5560602804506e-19
31.7000000000022    1    1.5560602804506e-19    1.5560602804506e-19
31.8000000000022    1    1.5560602804506e-19    1.5560602804506e-19
31.9000000000022    1    1.5560602804506e-19    1.5560602804506e-19
32.0000000000022    1    1.5560602804506e-19    1.5560602804506e-19
32.1000000000022    1    1.5560602804506e-19    1.5560602804506e-19
32.2000000000022    1    1.5560602804506e-19    1.5560602804506e-19
32.3000000000021    1    1.5560602804506e-19    1.5560602804506e-19
32.4000000000021    1    1.5560602804506e-19    1.5560602804506e-19
32.5000000000021    1    1.5560602804506e-19    1.5560602804506e-19
32.6000000000021    1    1.5560602804506e-19    1.5560602804506e-19
32.7000000000021    1    1.5560602804506e-19    1.5560602804506e-19
32.800000000002    1    1.5560602804506e-19    1.5560602804506e-19
32.900000000002    1    1.5560602804506e-19    1.5560602804506e-19
33.000000000002    1    1.5560602804506e-19    1.5560602804506e-19
33.100000000002    1    1.5560602804506e-19    1.5560602804506e-19
33.200000000002    1    1.5560602804506e-19    1.5560602804506e-19
33.3000000000019    1    1.5560602804506e-19    1.5560602804506e-19
33.4000000000019    1    1.5560602804506e-19    1.5560602804506e-19
33.5000000000019    1    1.5560602804506e-19    1.5560602804506e-19
33.6000000000019    1    1.5560602804506e-19    1.5560602804506e-19
33.7000000000019    1    1.5560602804506e-19    1.5560602804506e-19
33.8000000000018    1    1.5560602804506e-19    1.5560602804506e-19
33.9000000000018    1    1.5560602804506e-19    1.5560602804506e-19
34.0000000000018    1    1.5560602804506e-19    1.5560602804506e-19
34.1000000000018    1    1.5560602804506e-19    1.5560602804506e-19
34.2000000000018    1    1.5560602804506e-19    1.5560602804506e-19
34.3000000000017    1    1.5560602804506e-19    1.5560602804506e-19
34.4000000000017    1    1.5560602804506e-19    1.5560602804506e-19
34.5000000000017    1    1.5560602804506e-19    1.5560602804506e-19
34.6000000000017    1    1.5560602804506e-19    1.5560602804506e-19
34.7000000000017    1    1.5560602804506e-19    1.5560602804506e-19
34.8000000000016    1    1.5560602804506e-19    1.5560602804506e-19
34.9000000000016    1    1.5560602804506e-19    1.5560602804506e-19
35.0000000000016    1    1.5560602804506e-19    1.5560602804506e-19
35.1000000000016    1    1.5560602804506e-19    1.5560602804506e-19
35.2000000000016    1    1.5560602804506e-19    1.5560602804506e-19
35.3000000000015    1    1.5560602804506e-19    1.5560602804506e-19
35.4000000000015    1    1.5560602804506e-19    1.5560602804506e-19
35.5000000000015    1    1.5560602804506e-19    1.5560602804506e-19
35.6000000000015    1    1.5560602804506e-19    1.5560602804506e-19
35.7000000000015    1    1.5560602804506e-19    1.5560602804506e-19
35.8000000000014    1    1.5560602804506e-19    1.5560602804506e-19
35.9000000000014    1    1.5560602804506e-19    1.5560602804506e-19
36.0000000000014    1    1.5560602804506e-19    1.5560602804506e-19
36.1000000000014    1    1.5560602804506e-19    1.5560602804506e-19
36.2000000000014    1    1.5560602804506e-19    1.5560602804506e-19
36.3000000000013    1    1.5560602804506e-19    1.5560602804506e-19
36.4000000000013    1    1.5560602804506e-19    1.5560602804506e-19
36.5000000000013    1    1.5560602804506e-19    1.5560602804506e-19
36.6000000000013    1    1.5560602804506e-19    1.5560602804506e-19
36.7000000000013    1    1.5560602804506e-19    1.5560602804506e-19
36.8000000000012    1    1.5560602804506e-19    1.5560602804506e-19
36.9000000000012    1    1.5560602804506e-19    1.5560602804506e-19
37.0000000000012    1    1.5560602804506e-19    1.5560602804506e-19
37.1000000000012    1    1.5560602804506e-19    1.5560602804506e-19
37.2000000000012    1    1.5560602804506e-19    1.5560602804506e-19
37.3000000000011    1    1.5560602804506e-19    1.5560602804506e-19
37.4000000000011    1    1.5560602804506e-19    1.5560602804506e-19
37.5000000000011    1    1.5560602804506e-19    1.5560602804506e-19
37.6000000000011    1    1.5560602804506e-19    1.5560602804506e-19
37.7000000000011    1    1.5560602804506e-19    1.5560602804506e-19
37.800000000001    1    1.5560602804506e-19    1.5560602804506e-19
37.900000000001    1    1.5560602804506e-19    1.5560602804506e-19
38.000000000001    1    1.5560602804506e-19    1.5560602804506e-19
38.100000000001    1    1.5560602804506e-19    1.5560602804506e-19
38.200000000001    1    1.5560602804506e-19    1.5560602804506e-19
38.3000000000009    1    1.5560602804506e-19    1.5560602804506e-19
38.4000000000009    1    1.5560602804506e-19    1.5560602804506e-19
38.5000000000009    1    1.5560602804506e-19    1.5560602804506e-19
38.6000000000009    1    1.5560602804506e-19    1.5560602804506e-19
38.7000000000009    1    1.5560602804506e-19    1.5560602804506e-19
38.8000000000008    1    1.5560602804506e-19    1.5560602804506e-19
38.9000000000008    1    1.5560602804506e-19    1.5560602804506e-19
39.0000000000008    1    1.5560602804506e-19    1.5560602804506e-19
39.1000000000008    1    1.5560602804506e-19    1.5560602804506e-19
39.2000000000008    1    1.5560602804506e-19    1.5560602804506e-19
39.3000000000008    1    1.5560602804506e-19    1.5560602804506e-19
39.4000000000007    1    1.5560602804506e-19    1.5560602804506e-19
39.5000000000007    1    1.5560602804506e-19    1.5560602804506e-19
39.6000000000007    1    1.5560602804506e-19    1.5560602804506e-19
39.7000000000007    1    1.5560602804506e-19    1.5560602804506e-19
39.8000000000007    1    1.5560602804506e-19    1.5560602804506e-19
39.9000000000006    1    1.5560602804506e-19    1.5560602804506e-19
40.0000000000006    1    1.5560602804506e-19    1.5560602804506e-19
40.1000000000006    1    1.5560602804506e-19    1.5560602804506e-19
40.2000000000006    1    1.5560602804506e-19    1.5560602804506e-19
40.3000000000006    1    1.5560602804506e-19    1.5560602804506e-19
40.4000000000005    1    1.5560602804506e-19    1.5560602804506e-19
40.5000000000005    1    1.5560602804506e-19    1.5560602804506e-19
40.6000000000005    1    1.5560602804506e-19    1.5560602804506e-19
40.7000000000005    1    1.5560602804506e-19    1.5560602804506e-19
40.8000000000005    1    1.5560602804506e-19    1.5560602804506e-19
40.9000000000004    1    1.5560602804506e-19    1.5560602804506e-19
41.0000000000004    1    1.5560602804506e-19    1.5560602804506e-19
41.1000000000004    1    1.5560602804506e-19    1.5560602804506e-19
41.2000000000004    1    1.5560602804506e-19    1.5560602804506e-19
41.3000000000004    1    1.5560602804506e-19    1.5560602804506e-19
41.4000000000003    1    1.5560602804506e-19    1.5560602804506e-19
41.5000000000003    1    1.5560602804506e-19    1.5560602804506e-19
41.6000000000003    1    1.5560602804506e-19    1.5560602804506e-19
41.7000000000003    1    1.5560602804506e-19    1.5560602804506e-19
41.8000000000003    1    1.5560602804506e-19    1.5560602804506e-19
41.9000000000002    1    1.5560602804506e-19    1.5560602804506e-19
42.0000000000002    1    1.5560602804506e-19    1.5560602804506e-19
42.1000000000002    1    1.5560602804506e-19    1.5560602804506e-19
42.2000000000002    1    1.5560602804506e-19    1.5560602804506e-19
42.3000000000002    1    1.5560602804506e-19    1.5560602804506e-19
42.4000000000001    1    1.5560602804506e-19    1.5560602804506e-19
42.5000000000001    1    1.5560602804506e-19    1.5560602804506e-19
42.6000000000001    1    1.5560602804506e-19    1.5560602804506e-19
42.7000000000001    1    1.5560602804506e-19    1.5560602804506e-19
42.8000000000001    1    1.5560602804506e-19    1.5560602804506e-19
42.9    1    1.5560602804506e-19    1.5560602804506e-19
43    1    1.5560602804506e-19    1.5560602804506e-19
43.1    1    1.5560602804506e-19    1.5560602804506e-19
43.2    1    1.5560602804506e-19    1.5560602804506e-19
43.3    1    1.5560602804506e-19    1.5560602804506e-19
43.3999999999999    1    1.5560602804506e-19    1.5560602804506e-19
43.4999999999999    1    1.5560602804506e-19    1.5560602804506e-19
43.5999999999999    1    1.5560602804506e-19    1.5560602804506e-19
43.6999999999999    1    1.5560602804506e-19    1.5560602804506e-19
43.7999999999999    1    1.5560602804506e-19    1.5560602804506e-19
43.8999999999998    1    1.5560602804506e-19    1.5560602804506e-19
43.9999999999998    1    1.5560602804506e-19    1.5560602804506e-19
44.0999999999998    1    1.5560602804506e-19    1.5560602804506e-19
44.1999999999998    1    1.5560602804506e-19    1.5560602804506e-19
44.2999999999998    1    1.5560602804506e-19    1.5560602804506e-19
44.3999999999997    1    1.5560602804506e-19    1.5560602804506e-19
44.4999999999997    1    1.5560602804506e-19    1.5560602804506e-19
44.5999999999997    1    1.5560602804506e-19    1.5560602804506e-19
44.6999999999997    1    1.5560602804506e-19    1.5560602804506e-19
44.7999999999997    1    1.5560602804506e-19    1.5560602804506e-19
44.8999999999996    1    1.5560602804506e-19    1.5560602804506e-19
44.9999999999996    1    1.5560602804506e-19    1.5560602804506e-19
45.0999999999996    1    1.5560602804506e-19    1.5560602804506e-19
45.1999999999996    1    1.5560602804506e-19    1.5560602804506e-19
45.2999999999996    1    1.5560602804506e-19    1.5560602804506e-19
45.3999999999995    1    1.5560602804506e-19    1.5560602804506e-19
45.4999999999995    1    1.5560602804506e-19    1.5560602804506e-19
45.5999999999995    1    1.5560602804506e-19    1.5560602804506e-19
45.6999999999995    1    1.5560602804506e-19    1.5560602804506e-19
45.7999999999995    1    1.5560602804506e-19    1.5560602804506e-19
45.8999999999994    1    1.5560602804506e-19    1.5560602804506e-19
45.9999999999994    1    1.5560602804506e-19    1.5560602804506e-19
46.0999999999994    1    1.5560602804506e-19    1.5560602804506e-19
46.1999999999994    1    1.5560602804506e-19    1.5560602804506e-19
46.2999999999994    1    1.5560602804506e-19    1.5560602804506e-19
46.3999999999993    1    1.5560602804506e-19    1.5560602804506e-19
46.4999999999993    1    1.5560602804506e-19    1.5560602804506e-19
46.5999999999993    1    1.5560602804506e-19    1.5560602804506e-19
46.6999999999993    1    1.5560602804506e-19    1.5560602804506e-19
46.7999999999993    1    1.5560602804506e-19    1.5560602804506e-19
46.8999999999992    1    1.5560602804506e-19    1.5560602804506e-19
46.9999999999992    1    1.5560602804506e-19    1.5560602804506e-19
47.0999999999992    1    1.5560602804506e-19    1.5560602804506e-19
47.1999999999992    1    1.5560602804506e-19    1.5560602804506e-19
47.2999999999992    1    1.5560602804506e-19    1.5560602804506e-19
47.3999999999991    1    1.5560602804506e-19    1.5560602804506e-19
47.4999999999991    1    1.5560602804506e-19    1.5560602804506e-19
47.5999999999991    1    1.5560602804506e-19    1.5560602804506e-19
47.6999999999991    1    1.5560602804506e-19    1.5560602804506e-19
47.7999999999991    1    1.5560602804506e-19    1.5560602804506e-19
47.899999999999    1    1.5560602804506e-19    1.5560602804506e-19
47.999999999999    1    1.5560602804506e-19    1.5560602804506e-19
48.099999999999    1    1.5560602804506e-19    1.5560602804506e-19
48.199999999999    1    1.5560602804506e-19    1.5560602804506e-19
48.299999999999    1    1.5560602804506e-19    1.5560602804506e-19
48.3999999999989    1    1.5560602804506e-19    1.5560602804506e-19
48.4999999999989    1    1.5560602804506e-19    1.5560602804506e-19
48.5999999999989    1    1.5560602804506e-19    1.5560602804506e-19
48.6999999999989    1    1.5560602804506e-19    1.5560602804506e-19
48.7999999999989    1    1.5560602804506e-19    1.5560602804506e-19
48.8999999999988    1    1.5560602804506e-19    1.5560602804506e-19
48.9999999999988    1    1.5560602804506e-19    1.5560602804506e-19
49.0999999999988    1    1.5560602804506e-19    1.5560602804506e-19
49.1999999999988    1    1.5560602804506e-19    1.5560602804506e-19
49.2999999999988    1    1.5560602804506e-19    1.5560602804506e-19
49.3999999999987    1    1.5560602804506e-19    1.5560602804506e-19
49.4999999999987    1    1.5560602804506e-19    1.5560602804506e-19
49.5999999999987    1    1.5560602804506e-19    1.5560602804506e-19
49.6999999999987    1    1.5560602804506e-19    1.5560602804506e-19
49.7999999999987    1    1.5560602804506e-19    1.5560602804506e-19
49.8999999999986    1    1.5560602804506e-19    1.5560602804506e-19
49.9999999999986    1    1.5560602804506e-19    1.5560602804506e-19
50.0999999999986    1    1.5560602804506e-19    1.5560602804506e-19
50.1999999999986    1    1.5560602804506e-19    1.5560602804506e-19
50.2999999999986    1    1.5560602804506e-19    1.5560602804506e-19
50.3999999999985    1    1.5560602804506e-19    1.5560602804506e-19
50.4999999999985    1    1.5560602804506e-19    1.5560602804506e-19
50.5999999999985    1    1.5560602804506e-19    1.5560602804506e-19
50.6999999999985    1    1.5560602804506e-19    1.5560602804506e-19
50.7999999999985    1    1.5560602804506e-19    1.5560602804506e-19
50.8999999999984    1    1.5560602804506e-19    1.5560602804506e-19
50.9999999999984    1    1.5560602804506e-19    1.5560602804506e-19
51.0999999999984    1    1.5560602804506e-19    1.5560602804506e-19
51.1999999999984    1    1.5560602804506e-19    1.5560602804506e-19
51.2999999999984    1    1.5560602804506e-19    1.5560602804506e-19
51.3999999999983    1    1.5560602804506e-19    1.5560602804506e-19
51.4999999999983    1    1.5560602804506e-19    1.5560602804506e-19
51.5999999999983    1    1.5560602804506e-19    1.5560602804506e-19
51.6999999999983    1    1.5560602804506e-19    1.5560602804506e-19
51.7999999999983    1    1.5560602804506e-19    1.5560602804506e-19
51.8999999999982    1    1.5560602804506e-19    1.5560602804506e-19
51.9999999999982    1    1.5560602804506e-19    1.5560602804506e-19
52.0999999999982    1    1.5560602804506e-19    1.5560602804506e-19
52.1999999999982    1    1.5560602804506e-19    1.5560602804506e-19
52.2999999999982    1    1.5560602804506e-19    1.5560602804506e-19
52.3999999999981    1    1.5560602804506e-19    1.5560602804506e-19
52.4999999999981    1    1.5560602804506e-19    1.5560602804506e-19
52.5999999999981    1    1.5560602804506e-19    1.5560602804506e-19
52.6999999999981    1    1.5560602804506e-19    1.5560602804506e-19
52.7999999999981    1    1.5560602804506e-19    1.5560602804506e-19
52.899999999998    1    1.5560602804506e-19    1.5560602804506e-19
52.999999999998    1    1.5560602804506e-19    1.5560602804506e-19
53.099999999998    1    1.5560602804506e-19    1.5560602804506e-19
53.199999999998    1    1.5560602804506e-19    1.5560602804506e-19
53.299999999998    1    1.5560602804506e-19    1.5560602804506e-19
53.3999999999979    1    1.5560602804506e-19    1.5560602804506e-19
53.4999999999979    1    1.5560602804506e-19    1.5560602804506e-19
53.5999999999979    1    1.5560602804506e-19    1.5560602804506e-19
53.6999999999979    1    1.5560602804506e-19    1.5560602804506e-19
53.7999999999979    1    1.5560602804506e-19    1.5560602804506e-19
53.8999999999978    1    1.5560602804506e-19    1.5560602804506e-19
53.9999999999978    1    1.5560602804506e-19    1.5560602804506e-19
54.0999999999978    1    1.5560602804506e-19    1.5560602804506e-19
54.1999999999978    1    1.5560602804506e-19    1.5560602804506e-19
54.2999999999978    1    1.5560602804506e-19    1.5560602804506e-19
54.3999999999977    1    1.5560602804506e-19    1.5560602804506e-19
54.4999999999977    1    1.5560602804506e-19    1.5560602804506e-19
54.5999999999977    1    1.5560602804506e-19    1.5560602804506e-19
54.6999999999977    1    1.5560602804506e-19    1.5560602804506e-19
54.7999999999977    1    1.5560602804506e-19    1.5560602804506e-19
54.8999999999976    1    1.5560602804506e-19    1.5560602804506e-19
54.9999999999976    1    1.5560602804506e-19    1.5560602804506e-19
55.0999999999976    1    1.5560602804506e-19    1.5560602804506e-19
55.1999999999976    1    1.5560602804506e-19    1.5560602804506e-19
55.2999999999976    1    1.5560602804506e-19    1.5560602804506e-19
55.3999999999975    1    1.5560602804506e-19    1.5560602804506e-19
55.4999999999975    1    1.5560602804506e-19    1.5560602804506e-19
55.5999999999975    1    1.5560602804506e-19    1.5560602804506e-19
55.6999999999975    1    1.5560602804506e-19    1.5560602804506e-19
55.7999999999975    1    1.5560602804506e-19    1.5560602804506e-19
55.8999999999974    1    1.5560602804506e-19    1.5560602804506e-19
55.9999999999974    1    1.5560602804506e-19    1.5560602804506e-19
56.0999999999974    1    1.5560602804506e-19    1.5560602804506e-19
56.1999999999974    1    1.5560602804506e-19    1.5560602804506e-19
56.2999999999974    1    1.5560602804506e-19    1.5560602804506e-19
56.3999999999973    1    1.5560602804506e-19    1.5560602804506e-19
56.4999999999973    1    1.5560602804506e-19    1.5560602804506e-19
56.5999999999973    1    1.5560602804506e-19    1.5560602804506e-19
56.6999999999973    1    1.5560602804506e-19    1.5560602804506e-19
56.7999999999973    1    1.5560602804506e-19    1.5560602804506e-19
56.8999999999972    1    1.5560602804506e-19    1.5560602804506e-19
56.9999999999972    1    1.5560602804506e-19    1.5560602804506e-19
57.0999999999972    1    1.5560602804506e-19    1.5560602804506e-19
57.1999999999972    1    1.5560602804506e-19    1.5560602804506e-19
57.2999999999972    1    1.5560602804506e-19    1.5560602804506e-19
57.3999999999971    1    1.5560602804506e-19    1.5560602804506e-19
57.4999999999971    1    1.5560602804506e-19    1.5560602804506e-19
57.5999999999971    1    1.5560602804506e-19    1.5560602804506e-19
57.6999999999971    1    1.5560602804506e-19    1.5560602804506e-19
57.7999999999971    1    1.5560602804506e-19    1.5560602804506e-19
57.899999999997    1    1.5560602804506e-19    1.5560602804506e-19
57.999999999997    1    1.5560602804506e-19    1.5560602804506e-19
58.099999999997    1    1.5560602804506e-19    1.5560602804506e-19
58.199999999997    1    1.5560602804506e-19    1.5560602804506e-19
58.299999999997    1    1.5560602804506e-19    1.5560602804506e-19
58.399999999997    1    1.5560602804506e-19    1.5560602804506e-19
58.4999999999969    1    1.5560602804506e-19    1.5560602804506e-19
58.5999999999969    1    1.5560602804506e-19    1.5560602804506e-19
58.6999999999969    1    1.5560602804506e-19    1.5560602804506e-19
58.7999999999969    1    1.5560602804506e-19    1.5560602804506e-19
58.8999999999969    1    1.5560602804506e-19    1.5560602804506e-19
58.9999999999968    1    1.5560602804506e-19    1.5560602804506e-19
59.0999999999968    1    1.5560602804506e-19    1.5560602804506e-19
59.1999999999968    1    1.5560602804506e-19    1.5560602804506e-19
59.2999999999968    1    1.5560602804506e-19    1.5560602804506e-19
59.3999999999968    1    1.5560602804506e-19    1.5560602804506e-19
59.4999999999967    1    1.5560602804506e-19    1.5560602804506e-19
59.5999999999967    1    1.5560602804506e-19    1.5560602804506e-19
59.6999999999967    1    1.5560602804506e-19    1.5560602804506e-19
59.7999999999967    1    1.5560602804506e-19    1.5560602804506e-19
59.8999999999967    1    1.5560602804506e-19    1.5560602804506e-19
59.9999999999966    1    1.5560602804506e-19    1.5560602804506e-19
60.0999999999966    1    1.5560602804506e-19    1.5560602804506e-19
60.1999999999966    1    1.5560602804506e-19    1.5560602804506e-19
60.2999999999966    1    1.5560602804506e-19    1.5560602804506e-19
60.3999999999966    1    1.5560602804506e-19    1.5560602804506e-19
60.4999999999965    1    1.5560602804506e-19    1.5560602804506e-19
60.5999999999965    1    1.5560602804506e-19    1.5560602804506e-19
60.6999999999965    1    1.5560602804506e-19    1.5560602804506e-19
60.7999999999965    1    1.5560602804506e-19    1.5560602804506e-19
60.8999999999965    1    1.5560602804506e-19    1.5560602804506e-19
60.9999999999964    1    1.5560602804506e-19    1.5560602804506e-19
61.0999999999964    1    1.5560602804506e-19    1.5560602804506e-19
61.1999999999964    1    1.5560602804506e-19    1.5560602804506e-19
61.2999999999964    1    1.5560602804506e-19    1.5560602804506e-19
61.3999999999964    1    1.5560602804506e-19    1.5560602804506e-19
61.4999999999963    1    1.5560602804506e-19    1.5560602804506e-19
61.5999999999963    1    1.5560602804506e-19    1.5560602804506e-19
61.6999999999963    1    1.5560602804506e-19    1.5560602804506e-19
61.7999999999963    1    1.5560602804506e-19    1.5560602804506e-19
61.8999999999963    1    1.5560602804506e-19    1.5560602804506e-19
61.9999999999962    1    1.5560602804506e-19    1.5560602804506e-19
62.0999999999962    1    1.5560602804506e-19    1.5560602804506e-19
62.1999999999962    1    1.5560602804506e-19    1.5560602804506e-19
62.2999999999962    1    1.5560602804506e-19    1.5560602804506e-19
62.3999999999962    1    1.5560602804506e-19    1.5560602804506e-19
62.4999999999961    1    1.5560602804506e-19    1.5560602804506e-19
62.5999999999961    1    1.5560602804506e-19    1.5560602804506e-19
62.6999999999961    1    1.5560602804506e-19    1.5560602804506e-19
62.7999999999961    1    1.5560602804506e-19    1.5560602804506e-19
62.8999999999961    1    1.5560602804506e-19    1.5560602804506e-19
62.999999999996    1    1.5560602804506e-19    1.5560602804506e-19
63.099999999996    1    1.5560602804506e-19    1.5560602804506e-19
63.199999999996    1    1.5560602804506e-19    1.5560602804506e-19
63.299999999996    1    1.5560602804506e-19    1.5560602804506e-19
63.399999999996    1    1.5560602804506e-19    1.5560602804506e-19
63.4999999999959    1    1.5560602804506e-19    1.5560602804506e-19
63.5999999999959    1    1.5560602804506e-19    1.5560602804506e-19
63.6999999999959    1    1.5560602804506e-19    1.5560602804506e-19
63.7999999999959    1    1.5560602804506e-19    1.5560602804506e-19
63.8999999999959    1    1.5560602804506e-19    1.5560602804506e-19
63.9999999999958    1    1.5560602804506e-19    1.5560602804506e-19
64.0999999999959    1    1.5560602804506e-19    1.5560602804506e-19
64.1999999999959    1    1.5560602804506e-19    1.5560602804506e-19
64.299999999996    1    1.5560602804506e-19    1.5560602804506e-19
64.399999999996    1    1.5560602804506e-19    1.5560602804506e-19
64.4999999999961    1    1.5560602804506e-19    1.5560602804506e-19
64.5999999999961    1    1.5560602804506e-19    1.5560602804506e-19
64.6999999999962    1    1.5560602804506e-19    1.5560602804506e-19
64.7999999999962    1    1.5560602804506e-19    1.5560602804506e-19
64.8999999999963    1    1.5560602804506e-19    1.5560602804506e-19
64.9999999999963    1    1.5560602804506e-19    1.5560602804506e-19
65.0999999999964    1    1.5560602804506e-19    1.5560602804506e-19
65.1999999999965    1    1.5560602804506e-19    1.5560602804506e-19
65.2999999999965    1    1.5560602804506e-19    1.5560602804506e-19
65.3999999999966    1    1.5560602804506e-19    1.5560602804506e-19
65.4999999999966    1    1.5560602804506e-19    1.5560602804506e-19
65.5999999999967    1    1.5560602804506e-19    1.5560602804506e-19
65.6999999999967    1    1.5560602804506e-19    1.5560602804506e-19
65.7999999999968    1    1.5560602804506e-19    1.5560602804506e-19
65.8999999999968    1    1.5560602804506e-19    1.5560602804506e-19
65.9999999999969    1    1.5560602804506e-19    1.5560602804506e-19
66.0999999999969    1    1.5560602804506e-19    1.5560602804506e-19
66.199999999997    1    1.5560602804506e-19    1.5560602804506e-19
66.299999999997    1    1.5560602804506e-19    1.5560602804506e-19
66.3999999999971    1    1.5560602804506e-19    1.5560602804506e-19
66.4999999999971    1    1.5560602804506e-19    1.5560602804506e-19
66.5999999999972    1    1.5560602804506e-19    1.5560602804506e-19
66.6999999999972    1    1.5560602804506e-19    1.5560602804506e-19
66.7999999999973    1    1.5560602804506e-19    1.5560602804506e-19
66.8999999999973    1    1.5560602804506e-19    1.5560602804506e-19
66.9999999999974    1    1.5560602804506e-19    1.5560602804506e-19
67.0999999999974    1    1.5560602804506e-19    1.5560602804506e-19
67.1999999999975    1    1.5560602804506e-19    1.5560602804506e-19
67.2999999999975    1    1.5560602804506e-19    1.5560602804506e-19
67.3999999999976    1    1.5560602804506e-19    1.5560602804506e-19
67.4999999999976    1    1.5560602804506e-19    1.5560602804506e-19
67.5999999999977    1    1.5560602804506e-19    1.5560602804506e-19
67.6999999999977    1    1.5560602804506e-19    1.5560602804506e-19
67.7999999999978    1    1.5560602804506e-19    1.5560602804506e-19
67.8999999999978    1    1.5560602804506e-19    1.5560602804506e-19
67.9999999999979    1    1.5560602804506e-19    1.5560602804506e-19
68.0999999999979    1    1.5560602804506e-19    1.5560602804506e-19
68.199999999998    1    1.5560602804506e-19    1.5560602804506e-19
68.299999999998    1    1.5560602804506e-19    1.5560602804506e-19
68.3999999999981    1    1.5560602804506e-19    1.5560602804506e-19
68.4999999999981    1    1.5560602804506e-19    1.5560602804506e-19
68.5999999999982    1    1.5560602804506e-19    1.5560602804506e-19
68.6999999999982    1    1.5560602804506e-19    1.5560602804506e-19
68.7999999999983    1    1.5560602804506e-19    1.5560602804506e-19
68.8999999999983    1    1.5560602804506e-19    1.5560602804506e-19
68.9999999999984    1    1.5560602804506e-19    1.5560602804506e-19
69.0999999999984    1    1.5560602804506e-19    1.5560602804506e-19
69.1999999999985    1    1.5560602804506e-19    1.5560602804506e-19
69.2999999999985    1    1.5560602804506e-19    1.5560602804506e-19
69.3999999999986    1    1.5560602804506e-19    1.5560602804506e-19
69.4999999999986    1    1.5560602804506e-19    1.5560602804506e-19
69.5999999999987    1    1.5560602804506e-19    1.5560602804506e-19
69.6999999999988    1    1.5560602804506e-19    1.5560602804506e-19
69.7999999999988    1    1.5560602804506e-19    1.5560602804506e-19
69.8999999999989    1    1.5560602804506e-19    1.5560602804506e-19
69.9999999999989    1    1.5560602804506e-19    1.5560602804506e-19
70.099999999999    1    1.5560602804506e-19    1.5560602804506e-19
70.199999999999    1    1.5560602804506e-19    1.5560602804506e-19
70.2999999999991    1    1.5560602804506e-19    1.5560602804506e-19
70.3999999999991    1    1.5560602804506e-19    1.5560602804506e-19
70.4999999999992    1    1.5560602804506e-19    1.5560602804506e-19
70.5999999999992    1    1.5560602804506e-19    1.5560602804506e-19
70.6999999999993    1    1.5560602804506e-19    1.5560602804506e-19
70.7999999999993    1    1.5560602804506e-19    1.5560602804506e-19
70.8999999999994    1    1.5560602804506e-19    1.5560602804506e-19
70.9999999999994    1    1.5560602804506e-19    1.5560602804506e-19
71.0999999999995    1    1.5560602804506e-19    1.5560602804506e-19
71.1999999999995    1    1.5560602804506e-19    1.5560602804506e-19
71.2999999999996    1    1.5560602804506e-19    1.5560602804506e-19
71.3999999999996    1    1.5560602804506e-19    1.5560602804506e-19
71.4999999999997    1    1.5560602804506e-19    1.5560602804506e-19
71.5999999999997    1    1.5560602804506e-19    1.5560602804506e-19
71.6999999999998    1    1.5560602804506e-19    1.5560602804506e-19
71.7999999999998    1    1.5560602804506e-19    1.5560602804506e-19
71.8999999999999    1    1.5560602804506e-19    1.5560602804506e-19
71.9999999999999    1    1.5560602804506e-19    1.5560602804506e-19
72.1    1    1.5560602804506e-19    1.5560602804506e-19
72.2    1    1.5560602804506e-19    1.5560602804506e-19
72.3000000000001    1    1.5560602804506e-19    1.5560602804506e-19
72.4000000000001    1    1.5560602804506e-19    1.5560602804506e-19
72.5000000000002    1    1.5560602804506e-19    1.5560602804506e-19
72.6000000000002    1    1.5560602804506e-19    1.5560602804506e-19
72.7000000000003    1    1.5560602804506e-19    1.5560602804506e-19
72.8000000000003    1    1.5560602804506e-19    1.5560602804506e-19
72.9000000000004    1    1.5560602804506e-19    1.5560602804506e-19
73.0000000000004    1    1.5560602804506e-19    1.5560602804506e-19
73.1000000000005    1    1.5560602804506e-19    1.5560602804506e-19
73.2000000000005    1    1.5560602804506e-19    1.5560602804506e-19
73.3000000000006    1    1.5560602804506e-19    1.5560602804506e-19
73.4000000000006    1    1.5560602804506e-19    1.5560602804506e-19
73.5000000000007    1    1.5560602804506e-19    1.5560602804506e-19
73.6000000000007    1    1.5560602804506e-19    1.5560602804506e-19
73.7000000000008    1    1.5560602804506e-19    1.5560602804506e-19
73.8000000000008    1    1.5560602804506e-19    1.5560602804506e-19
73.9000000000009    1    1.5560602804506e-19    1.5560602804506e-19
74.000000000001    1    1.5560602804506e-19    1.5560602804506e-19
74.100000000001    1    1.5560602804506e-19    1.5560602804506e-19
74.2000000000011    1    1.5560602804506e-19    1.5560602804506e-19
74.3000000000011    1    1.5560602804506e-19    1.5560602804506e-19
74.4000000000012    1    1.5560602804506e-19    1.5560602804506e-19
74.5000000000012    1    1.5560602804506e-19    1.5560602804506e-19
74.6000000000013    1    1.5560602804506e-19    1.5560602804506e-19
74.7000000000013    1    1.5560602804506e-19    1.5560602804506e-19
74.8000000000014    1    1.5560602804506e-19    1.5560602804506e-19
74.9000000000014    1    1.5560602804506e-19    1.5560602804506e-19
75.0000000000015    1    1.5560602804506e-19    1.5560602804506e-19
75.1000000000015    1    1.5560602804506e-19    1.5560602804506e-19
75.2000000000016    1    1.5560602804506e-19    1.5560602804506e-19
75.3000000000016    1    1.5560602804506e-19    1.5560602804506e-19
75.4000000000017    1    1.5560602804506e-19    1.5560602804506e-19
75.5000000000017    1    1.5560602804506e-19    1.5560602804506e-19
75.6000000000018    1    1.5560602804506e-19    1.5560602804506e-19
75.7000000000018    1    1.5560602804506e-19    1.5560602804506e-19
75.8000000000019    1    1.5560602804506e-19    1.5560602804506e-19
75.9000000000019    1    1.5560602804506e-19    1.5560602804506e-19
76.000000000002    1    1.5560602804506e-19    1.5560602804506e-19
76.100000000002    1    1.5560602804506e-19    1.5560602804506e-19
76.2000000000021    1    1.5560602804506e-19    1.5560602804506e-19
76.3000000000021    1    1.5560602804506e-19    1.5560602804506e-19
76.4000000000022    1    1.5560602804506e-19    1.5560602804506e-19
76.5000000000022    1    1.5560602804506e-19    1.5560602804506e-19
76.6000000000023    1    1.5560602804506e-19    1.5560602804506e-19
76.7000000000023    1    1.5560602804506e-19    1.5560602804506e-19
76.8000000000024    1    1.5560602804506e-19    1.5560602804506e-19
76.9000000000024    1    1.5560602804506e-19    1.5560602804506e-19
77.0000000000025    1    1.5560602804506e-19    1.5560602804506e-19
77.1000000000025    1    1.5560602804506e-19    1.5560602804506e-19
77.2000000000026    1    1.5560602804506e-19    1.5560602804506e-19
77.3000000000026    1    1.5560602804506e-19    1.5560602804506e-19
77.4000000000027    1    1.5560602804506e-19    1.5560602804506e-19
77.5000000000027    1    1.5560602804506e-19    1.5560602804506e-19
77.6000000000028    1    1.5560602804506e-19    1.5560602804506e-19
77.7000000000028    1    1.5560602804506e-19    1.5560602804506e-19
77.8000000000029    1    1.5560602804506e-19    1.5560602804506e-19
77.9000000000029    1    1.5560602804506e-19    1.5560602804506e-19
78.000000000003    1    1.5560602804506e-19    1.5560602804506e-19
78.100000000003    1    1.5560602804506e-19    1.5560602804506e-19
78.2000000000031    1    1.5560602804506e-19    1.5560602804506e-19
78.3000000000032    1    1.5560602804506e-19    1.5560602804506e-19
78.4000000000032    1    1.5560602804506e-19    1.5560602804506e-19
78.5000000000033    1    1.5560602804506e-19    1.5560602804506e-19
78.6000000000033    1    1.5560602804506e-19    1.5560602804506e-19
78.7000000000034    1    1.5560602804506e-19    1.5560602804506e-19
78.8000000000034    1    1.5560602804506e-19    1.5560602804506e-19
78.9000000000035    1    1.5560602804506e-19    1.5560602804506e-19
79.0000000000035    1    1.5560602804506e-19    1.5560602804506e-19
79.1000000000036    1    1.5560602804506e-19    1.5560602804506e-19
79.2000000000036    1    1.5560602804506e-19    1.5560602804506e-19
79.3000000000037    1    1.5560602804506e-19    1.5560602804506e-19
79.4000000000037    1    1.5560602804506e-19    1.5560602804506e-19
79.5000000000038    1    1.5560602804506e-19    1.5560602804506e-19
79.6000000000038    1    1.5560602804506e-19    1.5560602804506e-19
79.7000000000039    1    1.5560602804506e-19    1.5560602804506e-19
79.8000000000039    1    1.5560602804506e-19    1.5560602804506e-19
79.900000000004    1    1.5560602804506e-19    1.5560602804506e-19
80.000000000004    1    1.5560602804506e-19    1.5560602804506e-19
80.1000000000041    1    1.5560602804506e-19    1.5560602804506e-19
80.2000000000041    1    1.5560602804506e-19    1.5560602804506e-19
80.3000000000042    1    1.5560602804506e-19    1.5560602804506e-19
80.4000000000042    1    1.5560602804506e-19    1.5560602804506e-19
80.5000000000043    1    1.5560602804506e-19    1.5560602804506e-19
80.6000000000043    1    1.5560602804506e-19    1.5560602804506e-19
80.7000000000044    1    1.5560602804506e-19    1.5560602804506e-19
80.8000000000044    1    1.5560602804506e-19    1.5560602804506e-19
80.9000000000045    1    1.5560602804506e-19    1.5560602804506e-19
81.0000000000045    1    1.5560602804506e-19    1.5560602804506e-19
81.1000000000046    1    1.5560602804506e-19    1.5560602804506e-19
81.2000000000046    1    1.5560602804506e-19    1.5560602804506e-19
81.3000000000047    1    1.5560602804506e-19    1.5560602804506e-19
81.4000000000047    1    1.5560602804506e-19    1.5560602804506e-19
81.5000000000048    1    1.5560602804506e-19    1.5560602804506e-19
81.6000000000048    1    1.5560602804506e-19    1.5560602804506e-19
81.7000000000049    1    1.5560602804506e-19    1.5560602804506e-19
81.8000000000049    1    1.5560602804506e-19    1.5560602804506e-19
81.900000000005    1    1.5560602804506e-19    1.5560602804506e-19
82.000000000005    1    1.5560602804506e-19    1.5560602804506e-19
82.1000000000051    1    1.5560602804506e-19    1.5560602804506e-19
82.2000000000051    1    1.5560602804506e-19    1.5560602804506e-19
82.3000000000052    1    1.5560602804506e-19    1.5560602804506e-19
82.4000000000052    1    1.5560602804506e-19    1.5560602804506e-19
82.5000000000053    1    1.5560602804506e-19    1.5560602804506e-19
82.6000000000054    1    1.5560602804506e-19    1.5560602804506e-19
82.7000000000054    1    1.5560602804506e-19    1.5560602804506e-19
82.8000000000055    1    1.5560602804506e-19    1.5560602804506e-19
82.9000000000055    1    1.5560602804506e-19    1.5560602804506e-19
83.0000000000056    1    1.5560602804506e-19    1.5560602804506e-19
83.1000000000056    1    1.5560602804506e-19    1.5560602804506e-19
83.2000000000057    1    1.5560602804506e-19    1.5560602804506e-19
83.3000000000057    1    1.5560602804506e-19    1.5560602804506e-19
83.4000000000058    1    1.5560602804506e-19    1.5560602804506e-19
83.5000000000058    1    1.5560602804506e-19    1.5560602804506e-19
83.6000000000059    1    1.5560602804506e-19    1.5560602804506e-19
83.7000000000059    1    1.5560602804506e-19    1.5560602804506e-19
83.800000000006    1    1.5560602804506e-19    1.5560602804506e-19
83.900000000006    1    1.5560602804506e-19    1.5560602804506e-19
84.0000000000061    1    1.5560602804506e-19    1.5560602804506e-19
84.1000000000061    1    1.5560602804506e-19    1.5560602804506e-19
84.2000000000062    1    1.5560602804506e-19    1.5560602804506e-19
84.3000000000062    1    1.5560602804506e-19    1.5560602804506e-19
84.4000000000063    1    1.5560602804506e-19    1.5560602804506e-19
84.5000000000063    1    1.5560602804506e-19    1.5560602804506e-19
84.6000000000064    1    1.5560602804506e-19    1.5560602804506e-19
84.7000000000064    1    1.5560602804506e-19    1.5560602804506e-19
84.8000000000065    1    1.5560602804506e-19    1.5560602804506e-19
84.9000000000065    1    1.5560602804506e-19    1.5560602804506e-19
85.0000000000066    1    1.5560602804506e-19    1.5560602804506e-19
85.1000000000066    1    1.5560602804506e-19    1.5560602804506e-19
85.2000000000067    1    1.5560602804506e-19    1.5560602804506e-19
85.3000000000067    1    1.5560602804506e-19    1.5560602804506e-19
85.4000000000068    1    1.5560602804506e-19    1.5560602804506e-19
85.5000000000068    1    1.5560602804506e-19    1.5560602804506e-19
85.6000000000069    1    1.5560602804506e-19    1.5560602804506e-19
85.7000000000069    1    1.5560602804506e-19    1.5560602804506e-19
85.800000000007    1    1.5560602804506e-19    1.5560602804506e-19
85.900000000007    1    1.5560602804506e-19    1.5560602804506e-19
86.0000000000071    1    1.5560602804506e-19    1.5560602804506e-19
86.1000000000071    1    1.5560602804506e-19    1.5560602804506e-19
86.2000000000072    1    1.5560602804506e-19    1.5560602804506e-19
86.3000000000072    1    1.5560602804506e-19    1.5560602804506e-19
86.4000000000073    1    1.5560602804506e-19    1.5560602804506e-19
86.5000000000073    1    1.5560602804506e-19    1.5560602804506e-19
86.6000000000074    1    1.5560602804506e-19    1.5560602804506e-19
86.7000000000074    1    1.5560602804506e-19    1.5560602804506e-19
86.8000000000075    1    1.5560602804506e-19    1.5560602804506e-19
86.9000000000076    1    1.5560602804506e-19    1.5560602804506e-19
87.0000000000076    1    1.5560602804506e-19    1.5560602804506e-19
87.1000000000077    1    1.5560602804506e-19    1.5560602804506e-19
87.2000000000077    1    1.5560602804506e-19    1.5560602804506e-19
87.3000000000078    1    1.5560602804506e-19    1.5560602804506e-19
87.4000000000078    1    1.5560602804506e-19    1.5560602804506e-19
87.5000000000079    1    1.5560602804506e-19    1.5560602804506e-19
87.6000000000079    1    1.5560602804506e-19    1.5560602804506e-19
87.700000000008    1    1.5560602804506e-19    1.5560602804506e-19
87.800000000008    1    1.5560602804506e-19    1.5560602804506e-19
87.9000000000081    1    1.5560602804506e-19    1.5560602804506e-19
88.0000000000081    1    1.5560602804506e-19    1.5560602804506e-19
88.1000000000082    1    1.5560602804506e-19    1.5560602804506e-19
88.2000000000082    1    1.5560602804506e-19    1.5560602804506e-19
88.3000000000083    1    1.5560602804506e-19    1.5560602804506e-19
88.4000000000083    1    1.5560602804506e-19    1.5560602804506e-19
88.5000000000084    1    1.5560602804506e-19    1.5560602804506e-19
88.6000000000084    1    1.5560602804506e-19    1.5560602804506e-19
88.7000000000085    1    1.5560602804506e-19    1.5560602804506e-19
88.8000000000085    1    1.5560602804506e-19    1.5560602804506e-19
88.9000000000086    1    1.5560602804506e-19    1.5560602804506e-19
89.0000000000086    1    1.5560602804506e-19    1.5560602804506e-19
89.1000000000087    1    1.5560602804506e-19    1.5560602804506e-19
89.2000000000087    1    1.5560602804506e-19    1.5560602804506e-19
89.3000000000088    1    1.5560602804506e-19    1.5560602804506e-19
89.4000000000088    1    1.5560602804506e-19    1.5560602804506e-19
89.5000000000089    1    1.5560602804506e-19    1.5560602804506e-19
89.6000000000089    1    1.5560602804506e-19    1.5560602804506e-19
89.700000000009    1    1.5560602804506e-19    1.5560602804506e-19
89.800000000009    1    1.5560602804506e-19    1.5560602804506e-19
89.9000000000091    1    1.5560602804506e-19    1.5560602804506e-19
90.0000000000091    1    1.5560602804506e-19    1.5560602804506e-19
90.1000000000092    1    1.5560602804506e-19    1.5560602804506e-19
90.2000000000092    1    1.5560602804506e-19    1.5560602804506e-19
90.3000000000093    1    1.5560602804506e-19    1.5560602804506e-19
90.4000000000093    1    1.5560602804506e-19    1.5560602804506e-19
90.5000000000094    1    1.5560602804506e-19    1.5560602804506e-19
90.6000000000094    1    1.5560602804506e-19    1.5560602804506e-19
90.7000000000095    1    1.5560602804506e-19    1.5560602804506e-19
90.8000000000095    1    1.5560602804506e-19    1.5560602804506e-19
90.9000000000096    1    1.5560602804506e-19    1.5560602804506e-19
91.0000000000096    1    1.5560602804506e-19    1.5560602804506e-19
91.1000000000097    1    1.5560602804506e-19    1.5560602804506e-19
91.2000000000098    1    1.5560602804506e-19    1.5560602804506e-19
91.3000000000098    1    1.5560602804506e-19    1.5560602804506e-19
91.4000000000099    1    1.5560602804506e-19    1.5560602804506e-19
91.5000000000099    1    1.5560602804506e-19    1.5560602804506e-19
91.60000000001    1    1.5560602804506e-19    1.5560602804506e-19
91.70000000001    1    1.5560602804506e-19    1.5560602804506e-19
91.8000000000101    1    1.5560602804506e-19    1.5560602804506e-19
91.9000000000101    1    1.5560602804506e-19    1.5560602804506e-19
92.0000000000102    1    1.5560602804506e-19    1.5560602804506e-19
92.1000000000102    1    1.5560602804506e-19    1.5560602804506e-19
92.2000000000103    1    1.5560602804506e-19    1.5560602804506e-19
92.3000000000103    1    1.5560602804506e-19    1.5560602804506e-19
92.4000000000104    1    1.5560602804506e-19    1.5560602804506e-19
92.5000000000104    1    1.5560602804506e-19    1.5560602804506e-19
92.6000000000105    1    1.5560602804506e-19    1.5560602804506e-19
92.7000000000105    1    1.5560602804506e-19    1.5560602804506e-19
92.8000000000106    1    1.5560602804506e-19    1.5560602804506e-19
92.9000000000106    1    1.5560602804506e-19    1.5560602804506e-19
93.0000000000107    1    1.5560602804506e-19    1.5560602804506e-19
93.1000000000107    1    1.5560602804506e-19    1.5560602804506e-19
93.2000000000108    1    1.5560602804506e-19    1.5560602804506e-19
93.3000000000108    1    1.5560602804506e-19    1.5560602804506e-19
93.4000000000109    1    1.5560602804506e-19    1.5560602804506e-19
93.5000000000109    1    1.5560602804506e-19    1.5560602804506e-19
93.600000000011    1    1.5560602804506e-19    1.5560602804506e-19
93.700000000011    1    1.5560602804506e-19    1.5560602804506e-19
93.8000000000111    1    1.5560602804506e-19    1.5560602804506e-19
93.9000000000111    1    1.5560602804506e-19    1.5560602804506e-19
94.0000000000112    1    1.5560602804506e-19    1.5560602804506e-19
94.1000000000112    1    1.5560602804506e-19    1.5560602804506e-19
94.2000000000113    1    1.5560602804506e-19    1.5560602804506e-19
94.3000000000113    1    1.5560602804506e-19    1.5560602804506e-19
94.4000000000114    1    1.5560602804506e-19    1.5560602804506e-19
94.5000000000114    1    1.5560602804506e-19    1.5560602804506e-19
94.6000000000115    1    1.5560602804506e-19    1.5560602804506e-19
94.7000000000115    1    1.5560602804506e-19    1.5560602804506e-19
94.8000000000116    1    1.5560602804506e-19    1.5560602804506e-19
94.9000000000116    1    1.5560602804506e-19    1.5560602804506e-19
95.0000000000117    1    1.5560602804506e-19    1.5560602804506e-19
95.1000000000117    1    1.5560602804506e-19    1.5560602804506e-19
95.2000000000118    1    1.5560602804506e-19    1.5560602804506e-19
95.3000000000118    1    1.5560602804506e-19    1.5560602804506e-19
95.4000000000119    1    1.5560602804506e-19    1.5560602804506e-19
95.500000000012    1    1.5560602804506e-19    1.5560602804506e-19
95.600000000012    1    1.5560602804506e-19    1.5560602804506e-19
95.7000000000121    1    1.5560602804506e-19    1.5560602804506e-19
95.8000000000121    1    1.5560602804506e-19    1.5560602804506e-19
95.9000000000122    1    1.5560602804506e-19    1.5560602804506e-19
96.0000000000122    1    1.5560602804506e-19    1.5560602804506e-19
96.1000000000123    1    1.5560602804506e-19    1.5560602804506e-19
96.2000000000123    1    1.5560602804506e-19    1.5560602804506e-19
96.3000000000124    1    1.5560602804506e-19    1.5560602804506e-19
96.4000000000124    1    1.5560602804506e-19    1.5560602804506e-19
96.5000000000125    1    1.5560602804506e-19    1.5560602804506e-19
96.6000000000125    1    1.5560602804506e-19    1.5560602804506e-19
96.7000000000126    1    1.5560602804506e-19    1.5560602804506e-19
96.8000000000126    1    1.5560602804506e-19    1.5560602804506e-19
96.9000000000127    1    1.5560602804506e-19    1.5560602804506e-19
97.0000000000127    1    1.5560602804506e-19    1.5560602804506e-19
97.1000000000128    1    1.5560602804506e-19    1.5560602804506e-19
97.2000000000128    1    1.5560602804506e-19    1.5560602804506e-19
97.3000000000129    1    1.5560602804506e-19    1.5560602804506e-19
97.4000000000129    1    1.5560602804506e-19    1.5560602804506e-19
97.500000000013    1    1.5560602804506e-19    1.5560602804506e-19
97.600000000013    1    1.5560602804506e-19    1.5560602804506e-19
97.7000000000131    1    1.5560602804506e-19    1.5560602804506e-19
97.8000000000131    1    1.5560602804506e-19    1.5560602804506e-19
97.9000000000132    1    1.5560602804506e-19    1.5560602804506e-19
98.0000000000132    1    1.5560602804506e-19    1.5560602804506e-19
98.1000000000133    1    1.5560602804506e-19    1.5560602804506e-19
98.2000000000133    1    1.5560602804506e-19    1.5560602804506e-19
98.3000000000134    1    1.5560602804506e-19    1.5560602804506e-19
98.4000000000134    1    1.5560602804506e-19    1.5560602804506e-19
98.5000000000135    1    1.5560602804506e-19    1.5560602804506e-19
98.6000000000135    1    1.5560602804506e-19    1.5560602804506e-19
98.7000000000136    1    1.5560602804506e-19    1.5560602804506e-19
98.8000000000136    1    1.5560602804506e-19    1.5560602804506e-19
98.9000000000137    1    1.5560602804506e-19    1.5560602804506e-19
99.0000000000137    1    1.5560602804506e-19    1.5560602804506e-19
99.1000000000138    1    1.5560602804506e-19    1.5560602804506e-19
99.2000000000138    1    1.5560602804506e-19    1.5560602804506e-19
99.3000000000139    1    1.5560602804506e-19    1.5560602804506e-19
99.4000000000139    1    1.5560602804506e-19    1.5560602804506e-19
99.500000000014    1    1.5560602804506e-19    1.5560602804506e-19
99.600000000014    1    1.5560602804506e-19    1.5560602804506e-19
99.7000000000141    1    1.5560602804506e-19    1.5560602804506e-19
99.8000000000142    1    1.5560602804506e-19    1.5560602804506e-19
99.9000000000142    1    1.5560602804506e-19    1.5560602804506e-19
