0.75 0 18
1.5 0 62
2.25 0 98
3 0 210
3.75 0 350
4.5 0 450
5.25 0 602
6 0 762
6.75 0 1142
7.5 0 1250
8.25 0 1458
9 0 1814
9.75 0 2178
10.5 0 2498
11.25 0 2622
12 0 3338
12.75 0 3722
13.5 0 4170
14.25 0 4358
15 0 5034
15.75 0 5714
16.5 0 5982
17.25 0 6602
18 0 7130
18.75 0 8034
19.5 0 8606
20.25 0 9066
21 0 9962
21.75 0 10550
22.5 0 11226
23.25 0 12146
24 0 12303
24.75 0 12584
25.5 0 12120
26.25 0 11180
27 0 11096
27.75 0 10056
28.5 0 9716
29.25 0 8604
30 0 8060
30.75 0 7320
31.5 0 6356
32.25 0 5348
33 0 4308
33.75 0 3563
34.5 0 2448
35.25 0 1868
36 0 1358
36.75 0 1062
37.5 0 776
38.25 0 432
39 0 200
39.75 0 168
40.5 0 56
41.25 0 7

0.75 1.419017514849269e-54 18
1.5 3.848953306448938e-54 62
2.25 3.510476491803687e-54 98
3 6.533775855594298e-54 210
3.75 6.019129694209069e-54 350
4.5 8.548678547629261e-54 450
5.25 1.092388896703996e-53 602
6 1.252701533562729e-53 762
6.75 1.548959815238845e-53 1142
7.5 1.699929688531326e-53 1250
8.25 1.737963507443277e-53 1458
9 2.226844447306484e-53 1814
9.75 2.470747900971482e-53 2178
10.5 3.052390254877564e-53 2498
11.25 3.011389822129929e-53 2622
12 3.654105848291462e-53 3338
12.75 4.419225951939511e-53 3722
13.5 4.545173579539545e-53 4170
14.25 5.069547417902242e-53 4358
15 5.570771794918415e-53 5034
15.75 6.406703397074044e-53 5714
16.5 7.427233531573955e-53 5982
17.25 8.198767873451382e-53 6602
18 8.881269134169594e-53 7130
18.75 1.039273352938821e-52 8034
19.5 1.165159095343758e-52 8606
20.25 1.313546503254504e-52 9066
21 1.518067514164469e-52 9962
21.75 1.698729571587288e-52 10550
22.5 1.854185450002428e-52 11226
23.25 2.055751426238826e-52 12146
24 2.205070255941906e-52 12303
24.75 2.352232367319761e-52 12584
25.5 2.300555988509731e-52 12120
26.25 2.166089883658682e-52 11180
27 2.29884620496139e-52 11096
27.75 2.109983689057537e-52 10056
28.5 2.176442888460836e-52 9716
29.25 1.981963739054073e-52 8604
30 1.900872722531158e-52 8060
30.75 1.90026793408365e-52 7320
31.5 1.740990944683172e-52 6356
32.25 1.5200533917889e-52 5348
33 1.266415661143701e-52 4308
33.75 1.079781126122447e-52 3563
34.5 7.950849157554394e-53 2448
35.25 6.181101200456556e-53 1868
36 4.656081423581368e-53 1358
36.75 3.894183714297896e-53 1062
37.5 2.962047976322744e-53 776
38.25 1.782949607512621e-53 432
39 8.627699851806998e-54 200
39.75 6.532487340919411e-54 168
40.5 2.847523302055324e-54 56
41.25 1.836260571520242e-55 7

0.75 1.691881149150342e-54 18
1.5 5.229328888418016e-54 62
2.25 3.893413988301155e-54 98
3 5.867581931200669e-54 210
3.75 9.529665371081478e-54 350
4.5 9.630295670991411e-54 450
5.25 1.052531807966468e-53 602
6 1.084772164998412e-53 762
6.75 1.731133877889878e-53 1142
7.5 1.428616927047574e-53 1250
8.25 1.939918230301249e-53 1458
9 2.054475938509845e-53 1814
9.75 2.390900011811128e-53 2178
10.5 2.910852443253716e-53 2498
11.25 3.010865821007384e-53 2622
12 3.92416879396162e-53 3338
12.75 4.100777892229068e-53 3722
13.5 4.55366818322219e-53 4170
14.25 4.696625167525249e-53 4358
15 5.671336143104872e-53 5034
15.75 6.388233138250728e-53 5714
16.5 6.768453350689876e-53 5982
17.25 7.882053746240182e-53 6602
18 8.769252680021522e-53 7130
18.75 1.050797215797563e-52 8034
19.5 1.142920946823157e-52 8606
20.25 1.289869634599716e-52 9066
21 1.435119815264128e-52 9962
21.75 1.55680179777821e-52 10550
22.5 1.720236350596504e-52 11226
23.25 2.037586491898842e-52 12146
24 2.023564590817891e-52 12303
24.75 2.166185436272764e-52 12584
25.5 2.147526700306995e-52 12120
26.25 2.07383685835944e-52 11180
27 2.100415397940215e-52 11096
27.75 1.976103438312444e-52 10056
28.5 1.94166158479766e-52 9716
29.25 1.83193417689756e-52 8604
30 1.773635476564538e-52 8060
30.75 1.691963589261718e-52 7320
31.5 1.548892625227853e-52 6356
32.25 1.328282627682916e-52 5348
33 1.148916891190292e-52 4308
33.75 9.608930412045548e-53 3563
34.5 7.140547390134503e-53 2448
35.25 5.822040372412102e-53 1868
36 4.140581796430786e-53 1358
36.75 3.475096267779387e-53 1062
37.5 2.446014455215151e-53 776
38.25 1.48940211641352e-53 432
39 6.357358771806543e-54 200
39.75 6.098422052337859e-54 168
40.5 2.120298714986247e-54 56
41.25 2.118566333865675e-55 7

0.75 7.396133603743103e-55 18
1.5 4.573646474401783e-54 62
2.25 5.467337889689779e-54 98
3 7.355246849589417e-54 210
3.75 9.660511603069292e-54 350
4.5 1.011920798691261e-53 450
5.25 1.210300643534977e-53 602
6 1.411951250154624e-53 762
6.75 1.948156083309818e-53 1142
7.5 1.880601372530149e-53 1250
8.25 2.227196645640689e-53 1458
9 2.49090929761153e-53 1814
9.75 2.582481289512393e-53 2178
10.5 2.726564785681548e-53 2498
11.25 3.138825444403058e-53 2622
12 3.9179300524106e-53 3338
12.75 4.515062649226787e-53 3722
13.5 4.787026432340245e-53 4170
14.25 5.061095523433843e-53 4358
15 6.321529145508275e-53 5034
15.75 7.146751573815255e-53 5714
16.5 8.095781744217432e-53 5982
17.25 9.070444245390348e-53 6602
18 1.013672712813531e-52 7130
18.75 1.182745782574402e-52 8034
19.5 1.303565115452989e-52 8606
20.25 1.397709347228799e-52 9066
21 1.669596485037343e-52 9962
21.75 1.866483272428373e-52 10550
22.5 2.104044913022262e-52 11226
23.25 2.412078905940523e-52 12146
24 2.575278596190125e-52 12303
24.75 2.61928092823741e-52 12584
25.5 2.671970661341077e-52 12120
26.25 2.543958431250039e-52 11180
27 2.615630024661199e-52 11096
27.75 2.461905131071844e-52 10056
28.5 2.487526561088043e-52 9716
29.25 2.379200200471191e-52 8604
30 2.250195639445942e-52 8060
30.75 2.179509311757881e-52 7320
31.5 2.006641272061271e-52 6356
32.25 1.802746311200971e-52 5348
33 1.576170594810826e-52 4308
33.75 1.307711030551594e-52 3563
34.5 9.275382260851885e-53 2448
35.25 7.487278324589552e-53 1868
36 5.316557623245989e-53 1358
36.75 4.572138679753942e-53 1062
37.5 3.283681572648015e-53 776
38.25 1.771969767864421e-53 432
39 9.036678761329056e-54 200
39.75 7.13886155877377e-54 168
40.5 2.206652750094092e-54 56
41.25 3.502500326940487e-55 7

0.75 3.029831594405582e-54 18
1.5 6.222379845918979e-54 62
2.25 5.341982594620819e-54 98
3 9.688098176707484e-54 210
3.75 1.322448761361106e-53 350
4.5 1.146369690694707e-53 450
5.25 1.145475476948831e-53 602
6 1.180933124841507e-53 762
6.75 1.823396549929141e-53 1142
7.5 1.899743853937962e-53 1250
8.25 1.872636973834141e-53 1458
9 2.604327019912235e-53 1814
9.75 2.760665063391376e-53 2178
10.5 3.587926134012582e-53 2498
11.25 3.678738042723779e-53 2622
12 4.534897490586028e-53 3338
12.75 5.382059698504013e-53 3722
13.5 6.227595195883959e-53 4170
14.25 6.776503911751118e-53 4358
15 8.021000966726201e-53 5034
15.75 9.680118790701897e-53 5714
16.5 1.094380812384936e-52 5982
17.25 1.208036393756422e-52 6602
18 1.469052235590358e-52 7130
18.75 1.794706334617182e-52 8034
19.5 2.175863698147959e-52 8606
20.25 2.526263415474296e-52 9066
21 3.018233836644953e-52 9962
21.75 3.371545648194766e-52 10550
22.5 3.830364692165376e-52 11226
23.25 4.395674685624824e-52 12146
24 4.575737731450341e-52 12303
24.75 4.762188817374636e-52 12584
25.5 4.808278598504769e-52 12120
26.25 4.428495572655578e-52 11180
27 4.454802953261757e-52 11096
27.75 4.189534906618089e-52 10056
28.5 4.107528376134659e-52 9716
29.25 3.964575557356009e-52 8604
30 3.903598749458281e-52 8060
30.75 3.786350092126565e-52 7320
31.5 3.404129922767323e-52 6356
32.25 2.986930111221784e-52 5348
33 2.567522890337287e-52 4308
33.75 2.221837507490147e-52 3563
34.5 1.455188673706229e-52 2448
35.25 1.135430242376184e-52 1868
36 7.713073349192316e-53 1358
36.75 5.483796627081249e-53 1062
37.5 3.657514682828649e-53 776
38.25 2.027505871983443e-53 432
39 8.425775985608194e-54 200
39.75 7.57316591670376e-54 168
40.5 3.021989534555984e-54 56
41.25 4.387186816175648e-55 7

0.75 2.45941929665123e-53 18
1.5 8.736988309716743e-54 62
2.25 2.656979549975397e-53 98
3 5.284201676934572e-53 210
3.75 1.679133095831614e-53 350
4.5 1.030686224211465e-53 450
5.25 1.141202356908444e-53 602
6 1.40686551575332e-53 762
6.75 2.104075030729563e-53 1142
7.5 1.849446977468272e-53 1250
8.25 2.184507472523432e-53 1458
9 2.971075555854498e-53 1814
9.75 3.485804424282095e-53 2178
10.5 3.971650109770985e-53 2498
11.25 4.296785398163021e-53 2622
12 6.332981742836513e-53 3338
12.75 7.644688564310836e-53 3722
13.5 8.744392604511125e-53 4170
14.25 1.035825316414967e-52 4358
15 1.243925561913321e-52 5034
15.75 1.501853927136359e-52 5714
16.5 1.705618851764567e-52 5982
17.25 2.030023687298056e-52 6602
18 2.41850266275379e-52 7130
18.75 3.197563078754104e-52 8034
19.5 4.081127631330313e-52 8606
20.25 4.882201691613903e-52 9066
21 5.911711807017744e-52 9962
21.75 6.694004260337497e-52 10550
22.5 7.708489404625094e-52 11226
23.25 8.452327333837039e-52 12146
24 8.89811353978229e-52 12303
24.75 9.299499139598404e-52 12584
25.5 9.290254438196066e-52 12120
26.25 8.519917491377874e-52 11180
27 8.399308106996341e-52 11096
27.75 7.773032095005797e-52 10056
28.5 7.922608776483309e-52 9716
29.25 7.626488168912372e-52 8604
30 7.39014639884539e-52 8060
30.75 7.149212009156833e-52 7320
31.5 6.601632541082996e-52 6356
32.25 5.995537595032941e-52 5348
33 5.06420808869745e-52 4308
33.75 4.230195541109053e-52 3563
34.5 2.616182074465956e-52 2448
35.25 2.037686681816605e-52 1868
36 1.368607058064508e-52 1358
36.75 7.835335494634913e-53 1062
37.5 4.581522594918237e-53 776
38.25 2.21608397000502e-53 432
39 9.364646651166813e-54 200
39.75 8.171872729417891e-54 168
40.5 3.537933419638724e-54 56
41.25 1.623362189524422e-55 7

0.75 1.623678379031517e-51 18
1.5 1.156044610765502e-52 62
2.25 3.830301710609135e-52 98
3 3.5079634757445e-51 210
3.75 1.297022634238164e-51 350
4.5 1.803025482875197e-53 450
5.25 1.969230193077935e-53 602
6 2.629510519324564e-53 762
6.75 4.091423442386864e-53 1142
7.5 4.071394093629747e-53 1250
8.25 5.446204942578548e-53 1458
9 7.451966987211677e-53 1814
9.75 9.746918324297771e-53 2178
10.5 1.224633886970024e-52 2498
11.25 1.557454289057566e-52 2622
12 2.352822176175367e-52 3338
12.75 3.138538618948048e-52 3722
13.5 4.337091224979258e-52 4170
14.25 5.239675402129596e-52 4358
15 6.30083701001289e-52 5034
15.75 8.187976413984495e-52 5714
16.5 9.155615338976792e-52 5982
17.25 1.063234724287574e-51 6602
18 1.383989398533527e-51 7130
18.75 1.885837314380979e-51 8034
19.5 2.533517807718713e-51 8606
20.25 3.352944978427188e-51 9066
21 4.228217884393821e-51 9962
21.75 5.001408463689813e-51 10550
22.5 5.996540917981132e-51 11226
23.25 6.721825691218074e-51 12146
24 7.115363582929772e-51 12303
24.75 7.425786497171441e-51 12584
25.5 7.48406265046357e-51 12120
26.25 7.099189611773301e-51 11180
27 7.38830159418361e-51 11096
27.75 7.029633372131079e-51 10056
28.5 7.29305504468569e-51 9716
29.25 6.929903561474519e-51 8604
30 7.342135596074395e-51 8060
30.75 7.431150796564957e-51 7320
31.5 7.141165887498289e-51 6356
32.25 6.651393728311163e-51 5348
33 5.576018648937505e-51 4308
33.75 4.59255009452455e-51 3563
34.5 3.108131529563506e-51 2448
35.25 2.485528154887669e-51 1868
36 1.65719020163963e-51 1358
36.75 1.142867763346579e-51 1062
37.5 6.884776203713191e-52 776
38.25 3.70648868279682e-52 432
39 1.516371608121381e-52 200
39.75 1.077242430841103e-52 168
40.5 3.608424551528576e-53 56
41.25 5.214666565357011e-54 7

0.75 8.48899457130354e-51 18
1.5 7.253884260485941e-51 62
2.25 9.752685918235372e-50 98
3 5.296284589119897e-50 210
3.75 5.864006501257603e-50 350
4.5 6.048475862432148e-53 450
5.25 7.410795061767914e-53 602
6 9.539262368402559e-53 762
6.75 1.494015009063498e-52 1142
7.5 1.804977466065185e-52 1250
8.25 2.594358161367678e-52 1458
9 3.912397300864812e-52 1814
9.75 5.016383769555764e-52 2178
10.5 7.11113474752354e-52 2498
11.25 9.12874030972708e-52 2622
12 1.434395498303035e-51 3338
12.75 1.923053118331687e-51 3722
13.5 2.584581779474887e-51 4170
14.25 3.170311111521563e-51 4358
15 4.105747912399966e-51 5034
15.75 4.926759154140858e-51 5714
16.5 5.557735705813811e-51 5982
17.25 6.809820315011484e-51 6602
18 8.207143569746887e-51 7130
18.75 1.161839765545669e-50 8034
19.5 1.492423649452397e-50 8606
20.25 1.888031966287196e-50 9066
21 2.382239214358363e-50 9962
21.75 2.794056716594709e-50 10550
22.5 3.298007122494933e-50 11226
23.25 3.583537649856596e-50 12146
24 3.689932835692335e-50 12303
24.75 3.848337122598995e-50 12584
25.5 3.692261379392123e-50 12120
26.25 3.250454686338417e-50 11180
27 3.297438390194871e-50 11096
27.75 3.061830780408776e-50 10056
28.5 3.087255218624053e-50 9716
29.25 2.995644759569152e-50 8604
30 3.089242819410744e-50 8060
30.75 3.05965807878832e-50 7320
31.5 2.945559656328995e-50 6356
32.25 2.638717926738731e-50 5348
33 2.105510314967069e-50 4308
33.75 1.73434871675787e-50 3563
34.5 1.153655906912678e-50 2448
35.25 8.288018555819011e-51 1868
36 5.535874087809861e-51 1358
36.75 2.879636202296778e-51 1062
37.5 1.385424630791968e-51 776
38.25 5.435899625043338e-52 432
39 2.480698870765522e-52 200
39.75 1.746472043419105e-52 168
40.5 5.998225312571924e-53 56
41.25 7.063476088788149e-54 7

0.75 1.259852056248737e-48 18
1.5 1.093037352114222e-48 62
2.25 3.629604202071203e-49 98
3 4.076024404199629e-48 210
3.75 6.303292103233946e-49 350
4.5 1.018831149742493e-51 450
5.25 2.844273876924302e-52 602
6 3.443111378079182e-52 762
6.75 6.066035525180997e-52 1142
7.5 7.132350013026408e-52 1250
8.25 1.050102357730213e-51 1458
9 1.498889403118799e-51 1814
9.75 1.970352591430339e-51 2178
10.5 2.653078794451146e-51 2498
11.25 3.491953307656443e-51 2622
12 5.628344541048635e-51 3338
12.75 7.548164245354301e-51 3722
13.5 1.045185561312032e-50 4170
14.25 1.29528992730149e-50 4358
15 1.814894126777993e-50 5034
15.75 2.170538212968435e-50 5714
16.5 2.599097612505069e-50 5982
17.25 3.216456786304219e-50 6602
18 3.906300420573646e-50 7130
18.75 5.382164246392727e-50 8034
19.5 6.808620174038404e-50 8606
20.25 8.469534221246616e-50 9066
21 1.04580964601211e-49 9962
21.75 1.232810567327023e-49 10550
22.5 1.494653303285068e-49 11226
23.25 1.721338423776666e-49 12146
24 1.82757795455093e-49 12303
24.75 1.839325670115762e-49 12584
25.5 1.755661312836408e-49 12120
26.25 1.573656883239359e-49 11180
27 1.530440537917637e-49 11096
27.75 1.428457642109081e-49 10056
28.5 1.361728509104877e-49 9716
29.25 1.300161947167264e-49 8604
30 1.292548458740693e-49 8060
30.75 1.243319368034447e-49 7320
31.5 1.139636706510171e-49 6356
32.25 1.042129053022789e-49 5348
33 8.149813345444187e-50 4308
33.75 6.797400412733778e-50 3563
34.5 4.597513433875523e-50 2448
35.25 3.134007372624284e-50 1868
36 2.27253384382475e-50 1358
36.75 1.256122501819985e-50 1062
37.5 7.955817173894241e-51 776
38.25 3.996209389924689e-51 432
39 2.103584713016349e-51 200
39.75 1.676337939273217e-51 168
40.5 5.924386410097097e-52 56
41.25 5.15645647631907e-53 7

0.75 2.16350681310227e-46 18
1.5 1.597637632603196e-47 62
2.25 2.128500256930021e-47 98
3 7.090715361671264e-46 210
3.75 1.577543985099327e-46 350
4.5 4.937330720298258e-51 450
5.25 2.703399519951353e-51 602
6 3.530040839497209e-51 762
6.75 6.048175564927087e-51 1142
7.5 7.153484617234445e-51 1250
8.25 1.042159765599669e-50 1458
9 1.530102638154936e-50 1814
9.75 2.172603519332338e-50 2178
10.5 3.048002059283167e-50 2498
11.25 4.013435796940346e-50 2622
12 6.444399487232263e-50 3338
12.75 8.755532153258755e-50 3722
13.5 1.23091467699629e-49 4170
14.25 1.514145321722361e-49 4358
15 2.00922112081824e-49 5034
15.75 2.423748174867599e-49 5714
16.5 2.84325945150301e-49 5982
17.25 3.402202696605761e-49 6602
18 4.192776930683698e-49 7130
18.75 5.603358655667582e-49 8034
19.5 7.542881313537127e-49 8606
20.25 9.782593599134581e-49 9066
21 1.319072366186175e-48 9962
21.75 1.585839596774392e-48 10550
22.5 2.030245553680902e-48 11226
23.25 2.249075354402752e-48 12146
24 2.298737488777474e-48 12303
24.75 2.34744793489152e-48 12584
25.5 2.280683571316127e-48 12120
26.25 2.133455213179658e-48 11180
27 2.152484815349436e-48 11096
27.75 2.04047866713625e-48 10056
28.5 2.065513349434632e-48 9716
29.25 1.970645145480128e-48 8604
30 2.053897325670629e-48 8060
30.75 2.133550076938909e-48 7320
31.5 2.136913876092913e-48 6356
32.25 1.908083796042675e-48 5348
33 1.584824106223425e-48 4308
33.75 1.37259837530141e-48 3563
34.5 9.356006981937533e-49 2448
35.25 6.503563239048259e-49 1868
36 4.887882381913858e-49 1358
36.75 2.553160832102962e-49 1062
37.5 1.7111304335065e-49 776
38.25 6.83257918729527e-50 432
39 2.907020627455329e-50 200
39.75 2.358599016327748e-50 168
40.5 8.02430588231977e-51 56
41.25 7.466019169758849e-52 7

