0.75 0 18
1.5 0 62
2.25 0 98
3 0 210
3.75 0 350
4.5 0 450
5.25 0 602
6 0 762
6.75 0 1142
7.5 0 1250
8.25 0 1458
9 0 1814
9.75 0 2178
10.5 0 2498
11.25 0 2622
12 0 3338
12.75 0 3722
13.5 0 4170
14.25 0 4358
15 0 5034
15.75 0 5714
16.5 0 5982
17.25 0 6602
18 0 7130
18.75 0 8034
19.5 0 8606
20.25 0 9066
21 0 9962
21.75 0 10550
22.5 0 11226
23.25 0 12146
24 0 12303
24.75 0 12584
25.5 0 12120
26.25 0 11180
27 0 11096
27.75 0 10056
28.5 0 9716
29.25 0 8604
30 0 8060
30.75 0 7320
31.5 0 6356
32.25 0 5348
33 0 4308
33.75 0 3563
34.5 0 2448
35.25 0 1868
36 0 1358
36.75 0 1062
37.5 0 776
38.25 0 432
39 0 200
39.75 0 168
40.5 0 56
41.25 0 7

0.75 2.194477280256404e-14 18
1.5 5.4174840312247e-14 62
2.25 6.74731984724435e-14 98
3 9.81778058462883e-14 210
3.75 9.809829395617024e-14 350
4.5 1.552897493721859e-13 450
5.25 1.691479827211093e-13 602
6 1.924051646927012e-13 762
6.75 2.628386119252529e-13 1142
7.5 2.617762429793785e-13 1250
8.25 2.790460190833449e-13 1458
9 3.418146896714606e-13 1814
9.75 4.277426556608906e-13 2178
10.5 4.737957932522979e-13 2498
11.25 4.777070944151923e-13 2622
12 5.845907128578859e-13 3338
12.75 7.169801103453535e-13 3722
13.5 7.348489472774138e-13 4170
14.25 8.734918836347466e-13 4358
15 9.459097955083166e-13 5034
15.75 1.056667152632957e-12 5714
16.5 1.199841810057906e-12 5982
17.25 1.300562423044942e-12 6602
18 1.411202443496964e-12 7130
18.75 1.712891571197977e-12 8034
19.5 1.889900478811e-12 8606
20.25 2.115338006403165e-12 9066
21 2.479947072739051e-12 9962
21.75 2.67444732292484e-12 10550
22.5 2.837567524455546e-12 11226
23.25 3.196433358843767e-12 12146
24 3.439194034827465e-12 12303
24.75 3.728748967377845e-12 12584
25.5 3.62727882907527e-12 12120
26.25 3.534984092019928e-12 11180
27 3.531952352215709e-12 11096
27.75 3.377994601503979e-12 10056
28.5 3.310618282033915e-12 9716
29.25 3.10521568399585e-12 8604
30 2.947073518479541e-12 8060
30.75 2.912407283320901e-12 7320
31.5 2.582259543694343e-12 6356
32.25 2.333777649143829e-12 5348
33 1.924488165041513e-12 4308
33.75 1.69584179575903e-12 3563
34.5 1.205147146501577e-12 2448
35.25 9.746598940408175e-13 1868
36 7.328100091437522e-13 1358
36.75 5.776501781113212e-13 1062
37.5 4.34974937145972e-13 776
38.25 2.614284822785697e-13 432
39 1.380445214644562e-13 200
39.75 8.523785865702143e-14 168
40.5 3.340426191311092e-14 56
41.25 2.583789822435538e-15 7

0.75 1.241057687056197e-14 18
1.5 7.74705948063154e-14 62
2.25 8.038791957475805e-14 98
3 9.649405577470524e-14 210
3.75 1.587038821168287e-13 350
4.5 1.552281448629771e-13 450
5.25 1.757801167431297e-13 602
6 1.752001352845647e-13 762
6.75 2.653313815354037e-13 1142
7.5 2.28783228651231e-13 1250
8.25 3.210738649127906e-13 1458
9 3.362420702357708e-13 1814
9.75 3.913679061306019e-13 2178
10.5 4.918899531391495e-13 2498
11.25 4.835882653735851e-13 2622
12 6.462274125212489e-13 3338
12.75 6.968726112868132e-13 3722
13.5 7.908094990034425e-13 4170
14.25 8.149761433015379e-13 4358
15 9.289986893985062e-13 5034
15.75 1.041226012038001e-12 5714
16.5 1.122109839458101e-12 5982
17.25 1.267066299406735e-12 6602
18 1.46351014963222e-12 7130
18.75 1.715700292211359e-12 8034
19.5 1.903039996125583e-12 8606
20.25 2.057434674166248e-12 9066
21 2.335201938647971e-12 9962
21.75 2.607349605006495e-12 10550
22.5 2.899701252628231e-12 11226
23.25 3.298966965157528e-12 12146
24 3.374594059978974e-12 12303
24.75 3.61275390174169e-12 12584
25.5 3.676710957132926e-12 12120
26.25 3.405903669097347e-12 11180
27 3.712138235890946e-12 11096
27.75 3.402729141519887e-12 10056
28.5 3.395248489432832e-12 9716
29.25 3.033227922853976e-12 8604
30 3.085286727262925e-12 8060
30.75 2.916318132967572e-12 7320
31.5 2.625592296230378e-12 6356
32.25 2.295894463761355e-12 5348
33 2.020495998500533e-12 4308
33.75 1.754660690964444e-12 3563
34.5 1.21595688685824e-12 2448
35.25 9.425630420209045e-13 1868
36 7.376156225329683e-13 1358
36.75 5.857481809878165e-13 1062
37.5 4.508752644786668e-13 776
38.25 2.519491508997567e-13 432
39 1.256718650855594e-13 200
39.75 9.504307085642873e-14 168
40.5 3.503289607561687e-14 56
41.25 3.82017233874885e-15 7

0.75 8.933354243607314e-15 18
1.5 7.514576527810475e-14 62
2.25 1.106063433917369e-13 98
3 1.144086688270533e-13 210
3.75 1.614732897254646e-13 350
4.5 1.490415499962381e-13 450
5.25 1.773979515829358e-13 602
6 2.062135436116325e-13 762
6.75 2.983036644249334e-13 1142
7.5 2.910845789549695e-13 1250
8.25 3.597174288526659e-13 1458
9 3.586423863070867e-13 1814
9.75 4.155264457083932e-13 2178
10.5 4.203079216895104e-13 2498
11.25 4.800827154178779e-13 2622
12 5.696789223088639e-13 3338
12.75 7.04020232755991e-13 3722
13.5 7.477324588301096e-13 4170
14.25 7.812107075105319e-13 4358
15 9.161852653519938e-13 5034
15.75 1.069723232018777e-12 5714
16.5 1.138613951342211e-12 5982
17.25 1.3653972804194e-12 6602
18 1.441030938602459e-12 7130
18.75 1.718902613785862e-12 8034
19.5 1.831409930927181e-12 8606
20.25 2.027597287917086e-12 9066
21 2.409326740461376e-12 9962
21.75 2.541805713986324e-12 10550
22.5 2.879430942707391e-12 11226
23.25 3.277978337297682e-12 12146
24 3.506333259553698e-12 12303
24.75 3.728252507904189e-12 12584
25.5 3.59954219307305e-12 12120
26.25 3.557684077307551e-12 11180
27 3.4828347265828e-12 11096
27.75 3.334271840487309e-12 10056
28.5 3.402574852175013e-12 9716
29.25 3.028479625884638e-12 8604
30 3.114059521481342e-12 8060
30.75 2.915397787639465e-12 7320
31.5 2.638093073258979e-12 6356
32.25 2.348173355695965e-12 5348
33 1.923541435913079e-12 4308
33.75 1.75817195555274e-12 3563
34.5 1.214672259227849e-12 2448
35.25 9.865107411796589e-13 1868
36 7.24226987137268e-13 1358
36.75 5.873223398838671e-13 1062
37.5 4.497307410347649e-13 776
38.25 2.781561242664479e-13 432
39 1.211016242558482e-13 200
39.75 1.150548190798385e-13 168
40.5 3.39234600696831e-14 56
41.25 1.975873292103257e-15 7

0.75 1.98652302204025e-14 18
1.5 9.209311007445109e-14 62
2.25 6.957545268023144e-14 98
3 1.386046587880768e-13 210
3.75 1.733004868906183e-13 350
4.5 1.915403517060125e-13 450
5.25 1.609122843257737e-13 602
6 1.61407301160481e-13 762
6.75 2.652395752978487e-13 1142
7.5 2.871871883183445e-13 1250
8.25 2.628129250186409e-13 1458
9 3.358873186798032e-13 1814
9.75 3.71252510375278e-13 2178
10.5 4.918826331066719e-13 2498
11.25 4.980853485316003e-13 2622
12 6.321813033939658e-13 3338
12.75 6.720638216857317e-13 3722
13.5 7.474143883404617e-13 4170
14.25 8.426159159525669e-13 4358
15 9.390490324356559e-13 5034
15.75 1.043412923976619e-12 5714
16.5 1.115449319647764e-12 5982
17.25 1.326436832387441e-12 6602
18 1.416290479053191e-12 7130
18.75 1.735361544920571e-12 8034
19.5 1.925771259038351e-12 8606
20.25 2.121456142833891e-12 9066
21 2.321057824783247e-12 9962
21.75 2.632473435946106e-12 10550
22.5 2.965986151596735e-12 11226
23.25 3.286438911859154e-12 12146
24 3.453713287547196e-12 12303
24.75 3.648571609888278e-12 12584
25.5 3.607779839963843e-12 12120
26.25 3.388871331012139e-12 11180
27 3.528994928227626e-12 11096
27.75 3.37073456473145e-12 10056
28.5 3.355842989587137e-12 9716
29.25 3.108906339734549e-12 8604
30 3.055449635300356e-12 8060
30.75 2.797472288969837e-12 7320
31.5 2.509025261210069e-12 6356
32.25 2.264023541569648e-12 5348
33 1.99575512313678e-12 4308
33.75 1.699600161205534e-12 3563
34.5 1.166156091394282e-12 2448
35.25 9.657618299451213e-13 1868
36 7.199240918035435e-13 1358
36.75 5.618496775392559e-13 1062
37.5 4.121781174070709e-13 776
38.25 2.878282080971489e-13 432
39 1.099696204459083e-13 200
39.75 1.099564837171684e-13 168
40.5 4.192675038381754e-14 56
41.25 2.788331173221562e-15 7

0.75 4.130574775376129e-15 18
1.5 6.18933635650329e-14 62
2.25 1.047930362309105e-13 98
3 9.884502238490254e-14 210
3.75 1.579174155791633e-13 350
4.5 1.251048041277245e-13 450
5.25 1.695900869421943e-13 602
6 1.867723685406813e-13 762
6.75 3.064377173202995e-13 1142
7.5 2.489294877001749e-13 1250
8.25 2.987959648161667e-13 1458
9 3.50430150874816e-13 1814
9.75 4.29271101767237e-13 2178
10.5 4.812239596759753e-13 2498
11.25 4.339291291918633e-13 2622
12 6.792551171901694e-13 3338
12.75 6.876296951438006e-13 3722
13.5 6.663540115728769e-13 4170
14.25 7.63057041957497e-13 4358
15 9.17942498117009e-13 5034
15.75 1.051177843160437e-12 5714
16.5 1.149799239217594e-12 5982
17.25 1.302494576543376e-12 6602
18 1.454207353835894e-12 7130
18.75 1.733944819363806e-12 8034
19.5 1.863093556730672e-12 8606
20.25 2.046307059304017e-12 9066
21 2.229041490543985e-12 9962
21.75 2.622433631980323e-12 10550
22.5 2.874207726104736e-12 11226
23.25 3.249667019484125e-12 12146
24 3.379213184570368e-12 12303
24.75 3.664569727982568e-12 12584
25.5 3.551123339651975e-12 12120
26.25 3.517397116006838e-12 11180
27 3.458515131532407e-12 11096
27.75 3.300469289831675e-12 10056
28.5 3.322266080527846e-12 9716
29.25 3.05252677610417e-12 8604
30 2.961039220168633e-12 8060
30.75 2.853546041795311e-12 7320
31.5 2.64130564150998e-12 6356
32.25 2.2870725314449e-12 5348
33 1.94939723306693e-12 4308
33.75 1.681740431617032e-12 3563
34.5 1.215826270776746e-12 2448
35.25 9.172907784721299e-13 1868
36 7.604806732743051e-13 1358
36.75 5.661027114352084e-13 1062
37.5 4.539867814244554e-13 776
38.25 2.459792849102223e-13 432
39 1.109454565523146e-13 200
39.75 9.77656502449363e-14 168
40.5 4.689845383768712e-14 56
41.25 3.915663872843373e-15 7

0.75 2.251271548137368e-14 18
1.5 3.428271087384258e-14 62
2.25 8.058467824971187e-14 98
3 1.321471743077589e-13 210
3.75 1.472459783087289e-13 350
4.5 1.381033220418847e-13 450
5.25 1.553849765703894e-13 602
6 1.977652634711498e-13 762
6.75 2.994351973288021e-13 1142
7.5 2.390288396148457e-13 1250
8.25 3.744582862346908e-13 1458
9 3.506612782235713e-13 1814
9.75 4.477235939389996e-13 2178
10.5 4.552983103117104e-13 2498
11.25 5.053847589293359e-13 2622
12 6.385976228597659e-13 3338
12.75 7.075482795102173e-13 3722
13.5 7.944651595210467e-13 4170
14.25 8.20170394927048e-13 4358
15 9.340440964472729e-13 5034
15.75 1.119354489960433e-12 5714
16.5 1.095377175966323e-12 5982
17.25 1.235387401457088e-12 6602
18 1.407496585112417e-12 7130
18.75 1.711736131586332e-12 8034
19.5 1.8719863606393e-12 8606
20.25 2.028622437103673e-12 9066
21 2.40518916201795e-12 9962
21.75 2.639040517633289e-12 10550
22.5 2.835064176172996e-12 11226
23.25 3.292029901662178e-12 12146
24 3.466801158372672e-12 12303
24.75 3.588980387652079e-12 12584
25.5 3.639465758519494e-12 12120
26.25 3.486838430219233e-12 11180
27 3.571825932149245e-12 11096
27.75 3.448198784852339e-12 10056
28.5 3.390019501432676e-12 9716
29.25 3.140306424572144e-12 8604
30 3.124975604047341e-12 8060
30.75 2.816472791316023e-12 7320
31.5 2.629513635061819e-12 6356
32.25 2.385101066554596e-12 5348
33 1.948504397035205e-12 4308
33.75 1.728223225372484e-12 3563
34.5 1.204328433266172e-12 2448
35.25 9.608063190742632e-13 1868
36 7.493962695619354e-13 1358
36.75 5.933982337223148e-13 1062
37.5 4.398710554387408e-13 776
38.25 2.633272732871959e-13 432
39 1.304722753886943e-13 200
39.75 9.799948665822028e-14 168
40.5 4.786839223027121e-14 56
41.25 2.752360707326212e-15 7

0.75 2.123258291518811e-14 18
1.5 4.545136343780928e-14 62
2.25 5.241286173727598e-14 98
3 1.456413367968641e-13 210
3.75 1.47556095753821e-13 350
4.5 1.590241798662292e-13 450
5.25 1.726433551716681e-13 602
6 1.935361204878538e-13 762
6.75 3.10340026221662e-13 1142
7.5 2.743355238794887e-13 1250
8.25 3.177968874815662e-13 1458
9 3.120839665219822e-13 1814
9.75 4.077722720288624e-13 2178
10.5 4.697520403217249e-13 2498
11.25 5.069421865529645e-13 2622
12 6.155336253093598e-13 3338
12.75 6.635022341780667e-13 3722
13.5 7.711855523316154e-13 4170
14.25 8.072814954327848e-13 4358
15 8.981136354097667e-13 5034
15.75 9.851868501471686e-13 5714
16.5 1.155280223251896e-12 5982
17.25 1.265863270281551e-12 6602
18 1.412257117704377e-12 7130
18.75 1.676046002945563e-12 8034
19.5 1.920455350386132e-12 8606
20.25 2.034774825784405e-12 9066
21 2.344173680299574e-12 9962
21.75 2.542470550268123e-12 10550
22.5 2.844702211971847e-12 11226
23.25 3.241302991538617e-12 12146
24 3.463794646408859e-12 12303
24.75 3.616866973604427e-12 12584
25.5 3.582416749979179e-12 12120
26.25 3.452571093168083e-12 11180
27 3.470154802685807e-12 11096
27.75 3.301746230884231e-12 10056
28.5 3.335398645189136e-12 9716
29.25 2.983680443227387e-12 8604
30 3.045211617215942e-12 8060
30.75 2.881744724066899e-12 7320
31.5 2.661078835559738e-12 6356
32.25 2.32629657730331e-12 5348
33 1.905565646765452e-12 4308
33.75 1.754742263532784e-12 3563
34.5 1.242907163403378e-12 2448
35.25 9.542050688727858e-13 1868
36 7.50096366011138e-13 1358
36.75 5.633554572792721e-13 1062
37.5 4.716008415061087e-13 776
38.25 2.759775958341586e-13 432
39 1.305610109829766e-13 200
39.75 1.114462972507642e-13 168
40.5 4.12255295562118e-14 56
41.25 1.045145124717094e-15 7

0.75 5.364360474983224e-15 18
1.5 4.93645057931131e-14 62
2.25 4.338327117174646e-14 98
3 1.135128436589301e-13 210
3.75 1.198618074881624e-13 350
4.5 1.342649504747408e-13 450
5.25 1.350534038608088e-13 602
6 1.720053891816135e-13 762
6.75 2.868099542813829e-13 1142
7.5 2.6282719195482e-13 1250
8.25 3.254352911396686e-13 1458
9 3.572906655022693e-13 1814
9.75 3.858984765236062e-13 2178
10.5 4.887372837676365e-13 2498
11.25 4.359262843923383e-13 2622
12 6.119022198168035e-13 3338
12.75 6.553617021423465e-13 3722
13.5 7.128898315427442e-13 4170
14.25 8.13837092453657e-13 4358
15 9.46385244853043e-13 5034
15.75 1.027439568936561e-12 5714
16.5 1.183729151296268e-12 5982
17.25 1.343314080229494e-12 6602
18 1.537561742078999e-12 7130
18.75 1.718507183196305e-12 8034
19.5 1.896100402133657e-12 8606
20.25 2.045445385315821e-12 9066
21 2.355459487864307e-12 9962
21.75 2.650373085593182e-12 10550
22.5 2.9411062224812e-12 11226
23.25 3.283648208848707e-12 12146
24 3.371011251808927e-12 12303
24.75 3.775006512071615e-12 12584
25.5 3.694180212057361e-12 12120
26.25 3.515667045055547e-12 11180
27 3.611084950603955e-12 11096
27.75 3.364682058749725e-12 10056
28.5 3.335410780238553e-12 9716
29.25 3.101398485021523e-12 8604
30 3.000095926532253e-12 8060
30.75 2.920963036941991e-12 7320
31.5 2.559436894442148e-12 6356
32.25 2.328180589716093e-12 5348
33 1.963227656627815e-12 4308
33.75 1.754770865077148e-12 3563
34.5 1.251424047805759e-12 2448
35.25 9.347151850381798e-13 1868
36 7.438338236953122e-13 1358
36.75 5.674452907130239e-13 1062
37.5 4.244627692573954e-13 776
38.25 2.666583338428859e-13 432
39 1.092108246933666e-13 200
39.75 1.080594121471779e-13 168
40.5 4.034210506288231e-14 56
41.25 4.92902885287538e-15 7

0.75 2.629466835298191e-14 18
1.5 5.236493255450911e-14 62
2.25 8.318648250128989e-14 98
3 1.148250956007706e-13 210
3.75 1.276450849961174e-13 350
4.5 1.530182410427384e-13 450
5.25 1.366974590005693e-13 602
6 1.685527600931538e-13 762
6.75 2.74666404134406e-13 1142
7.5 2.700991332621001e-13 1250
8.25 2.756889564965172e-13 1458
9 3.285754474150791e-13 1814
9.75 4.565746115408006e-13 2178
10.5 4.674458493279319e-13 2498
11.25 4.821585649424262e-13 2622
12 5.660189760166221e-13 3338
12.75 6.848080445839489e-13 3722
13.5 7.268747620533901e-13 4170
14.25 8.205706813379441e-13 4358
15 8.824038023289645e-13 5034
15.75 1.056481690485551e-12 5714
16.5 1.156284171707682e-12 5982
17.25 1.293538466633861e-12 6602
18 1.461280559341701e-12 7130
18.75 1.734507566917509e-12 8034
19.5 1.876751665911695e-12 8606
20.25 2.053013468735891e-12 9066
21 2.38156394049084e-12 9962
21.75 2.518198505020853e-12 10550
22.5 2.945539837399876e-12 11226
23.25 3.289692497720189e-12 12146
24 3.493143623964779e-12 12303
24.75 3.557811000654324e-12 12584
25.5 3.543192898865234e-12 12120
26.25 3.401118988387301e-12 11180
27 3.469656984926149e-12 11096
27.75 3.376771421026473e-12 10056
28.5 3.254335198194289e-12 9716
29.25 3.0026075887581e-12 8604
30 3.011803715898713e-12 8060
30.75 2.797720498407335e-12 7320
31.5 2.544734648154551e-12 6356
32.25 2.31125150939075e-12 5348
33 1.973520317484454e-12 4308
33.75 1.668671002208607e-12 3563
34.5 1.199543855774118e-12 2448
35.25 9.710665554617601e-13 1868
36 7.540375456266663e-13 1358
36.75 6.036961949622374e-13 1062
37.5 4.498713429264056e-13 776
38.25 2.487012357269421e-13 432
39 1.036050051153172e-13 200
39.75 9.418182906048868e-14 168
40.5 4.133892730202683e-14 56
41.25 1.72829896465012e-15 7

