0 0 0
1 3.25573305840795e-26 1.0496667502156e-26
2 4.43954500717287e-26 1.43132656138212e-26
2.99999999999998 3.52848706678553e-26 1.13762722587826e-26
3.99999999999996 3.57942317854469e-26 1.15401111764058e-26
4.99999999999994 5.12459597155086e-26 1.65220665023446e-26
5.99999999999992 5.48110334926166e-26 1.76711880594239e-26
6.9999999999999 4.3630885357603e-26 1.40668960070467e-26
7.99999999999987 5.39419697951904e-26 1.73912130989653e-26
8.99999999999985 6.73770115772011e-26 2.17225824713879e-26
9.99999999999983 5.83529498232388e-26 1.88137366139081e-26
10.9999999999998 5.78853043972347e-26 1.86623168131617e-26
11.9999999999998 7.3273356702144e-26 2.36238495586291e-26
12.9999999999998 7.63662260972568e-26 2.46206642519224e-26
13.9999999999997 6.54609010901901e-26 2.11049762801454e-26
14.9999999999997 7.64514375924115e-26 2.46484216808363e-26
15.9999999999997 8.97801107307574e-26 2.89453826302478e-26
16.9999999999999 8.01979791456649e-26 2.58568863518962e-26
18 8.06092353442919e-26 2.59885718296646e-26
19.0000000000002 9.64430711935757e-26 3.10939154066952e-26
20.0000000000003 9.89983746133573e-26 3.19173884331887e-26
21.0000000000005 8.84181901563646e-26 2.85064561156856e-26
22.0000000000006 1.00175202599307e-25 3.22971372915242e-26
23.0000000000008 1.13274137422839e-25 3.65198838788708e-26
24.000000000001 1.0336014206395e-25 3.33246957706729e-26
25.0000000000011 1.0458596120036e-25 3.37187486788326e-26
26.0000000000013 1.20733614176847e-25 3.89253329850786e-26
27.0000000000014 1.23149116500873e-25 3.97037558929654e-26
28.0000000000016 1.12565205704622e-25 3.62914743060809e-26
29.0000000000017 1.25084240978677e-25 4.03280009836493e-26
