0    1    -0.150000124996253    1.00000000000016    0.0225000375003239    3.84265093750585e-07    1.19681002469905e-06
0.999999999999906    0.354656351920437    -1.456740939396    0.125781127957521    2.1220941645126    9.15542671639063e-08    5.22603926561778e-07
1.9999999999998    0.00240928040819183    0.956766711252239    5.80463208537896e-06    0.915402539760464    9.0539111734338e-09    1.96842026913507e-07
3.00000000000191    0.0131363048795223    -0.440916503019361    0.000172562505887766    0.19440736263484    2.25737684286029e-09    1.35653774857768e-07
4.00000000000402    -0.0018429618228475    -0.485012205881617    3.39650829154374e-06    0.235236839865321    1.05215726945483e-07    3.34192800719077e-06
5.00000000000169    -0.00268296481847161    0.102153714563424    1.02607541995582e-05    0.0314470745988672    0.0017499868520654    0.14495410721936
5.99999999999936    -1.45293315263445e-05    -0.00224174322672061    5.86151944894172e-07    0.0345535274497523    0.000765467728529145    0.185872273448887
6.99999999999702    -3.83188004675272e-07    0.00138453689855848    1.96382834290292e-07    0.0215027522672064    0.000443150863089812    0.146631631392353
7.99999999999469    -9.09747188778858e-07    0.000759524229954906    9.95029205933803e-08    0.0149886320493763    0.000315439523448525    0.122425712872421
8.99999999999236    -1.04434368229614e-06    -7.84433694326542e-05    5.85816994223514e-08    0.0111706089299024    0.000242034313205018    0.105691072359685
9.99999999999003    4.5261433418646e-07    -0.000117544995359867    3.86077771552967e-08    0.00866853060627586    0.000196488097083669    0.0931048698481982
10.9999999999877    4.19897099007607e-07    -0.000163831853711732    2.59976764544424e-08    0.0071306733324279    0.000161237403045536    0.0844431553860442
11.9999999999854    1.3899978095375e-06    -0.000310655875083169    1.8544392253114e-08    0.00593013868290087    0.000136170702279174    0.0770067670781481
12.999999999983    9.05848261969838e-07    -8.03994623551388e-06    1.32252524778896e-08    0.00511737714014715    0.000114997530046588    0.0715358446899623
13.9999999999807    9.52547163322505e-07    4.20627916913478e-05    1.00645581280014e-08    0.00436431376688859    0.000100317749087103    0.0660629396682447
14.9999999999784    -4.163183944084e-07    0.000134674279622405    7.6181731776012e-09    0.00386040011177521    8.72811540746092e-05    0.0621319722414605
15.999999999976    4.9340601012673e-07    -3.79744060425963e-05    5.86003294940524e-09    0.00343780788711994    7.65492619161962e-05    0.0586328103118418
16.9999999999737    -8.55367250790339e-07    -5.98830805740699e-06    4.61767777095197e-09    0.00307203559056936    6.79481134235399e-05    0.0554259465837935
17.9999999999714    1.98453336178342e-07    0.000102689785699145    3.70207271015351e-09    0.0027625972069829    6.08443368476219e-05    0.0525603145138117
18.9999999999691    -1.32558720368195e-07    0.000247533489228333    3.00151301146677e-09    0.00250774655458967    5.47859054835496e-05    0.050076793844668
19.9999999999667    1.47271174514367e-07    0.000572382449966807    2.4528950410777e-09    0.00227988878635893    4.9526491419026e-05    0.0477447501270025
20.9999999999644    1.19831766916118e-07    -0.000175312402562003    2.01862240882915e-09    0.00210150316638371    4.49289221902417e-05    0.0458418196840529
21.9999999999621    3.63996547143874e-07    0.000211145734983126    1.65224785110081e-09    0.00195535121042292    4.064622193531e-05    0.0442188492376443
22.9999999999597    -1.94732759059171e-07    -0.000426668231668977    1.3916048300879e-09    0.0018025767495688    3.73037117354352e-05    0.0424546193457071
23.9999999999574    1.70127541168445e-07    0.000142650389331897    1.15877121355417e-09    0.00169378478629729    3.40403036145964e-05    0.0411553694815599
24.9999999999551    1.62206643468297e-07    0.000115571752459253    9.76983024393163e-10    0.00158304872671106    3.12563067779605e-05    0.0397873770168516
25.9999999999527    -7.49200173097097e-08    -0.000505564410953965    8.40390264154571e-10    0.00146935076171059    2.89893885955806e-05    0.0383287772611777
26.9999999999504    -1.90938771731444e-08    -0.000264375400805334    7.09943718449135e-10    0.00139576947204279    2.66447622221139e-05    0.0373590628588331
27.9999999999481    1.98487337223782e-07    0.000165535230407932    6.12194044585568e-10    0.00130781276767564    2.4741759180837e-05    0.0361633151932056
28.9999999999458    -6.44584525850634e-08    0.000163279819513577    5.23109965166816e-10    0.00124728916733046    2.28715065151972e-05    0.0353166038433907
29.9999999999434    -8.20240116231321e-08    -0.00017669773422442    4.54549734840046e-10    0.00117618973693622    2.13200142331463e-05    0.0342951675144901
30.9999999999411    -5.37911530239868e-08    3.0144541205221e-05    4.03300806620713e-10    0.0010942604809449    2.00822785841789e-05    0.0330795944995028
31.9999999999388    -1.02569536389493e-07    2.48444469922245e-05    3.45827473583988e-10    0.00105739220910586    1.8596154254958e-05    0.032517558208748
32.999999999972    -8.72056896115317e-09    0.000479482017317097    3.06290755064124e-10    0.000995460036242749    1.75011622190014e-05    0.0315472682373263
34.0000000000052    1.28372220278894e-08    -2.70118903325589e-05    2.67875421719417e-10    0.000952169651192985    1.63668951522623e-05    0.030857234509119
35.0000000000383    1.50103211552779e-08    -9.94492093808841e-05    2.3424081537242e-10    0.000915704094938669    1.5304920452674e-05    0.0302604396001351
36.0000000000715    1.14283601942941e-07    -0.000112999581307463    2.07689874473427e-10    0.000872856060089201    1.44109962782506e-05    0.029543921391444
37.0000000001047    -9.68798252446866e-08    0.000296527128667403    1.85061695042487e-10    0.000831671755976846    1.36033933024796e-05    0.0288371952110258
38.0000000001379    -2.99651149248904e-08    0.000155616248380036    1.64969931856914e-10    0.00079400557537871    1.28440271701987e-05    0.0281776748324263
39.0000000001711    1.01398113162173e-07    0.000209426275678669    1.47146556047079e-10    0.000760876808192184    1.21299742155425e-05    0.0275832004819462
40.0000000002043    -7.39474469808893e-08    0.000229783085846052    1.31528822551441e-10    0.000730170904861494    1.14683631929986e-05    0.0270206977074048
41.0000000002375    7.436554869605e-08    -0.000140706913573571    1.19134957752753e-10    0.00069411066695584    1.09146428030385e-05    0.0263456043491189
42.0000000002707    2.08809142706681e-08    0.000131437992957064    1.0563211372113e-10    0.000674834382807391    1.02777272637752e-05    0.0259772420949838
43.0000000003039    5.91008800546942e-08    -0.00023576256379761    9.56016189546226e-11    0.000645480230721059    9.7774294188503e-06    0.0254052090472519
44.0000000003371    1.51259523942671e-08    -8.92695251672216e-05    8.54698642489985e-11    0.00062656918131871    9.24497893207782e-06    0.0250312047706575
45.0000000003703    2.2203542620167e-08    -4.54192698757345e-05    7.7322945874939e-11    0.000602759780825253    8.79331864984058e-06    0.0245511245753668
46.0000000004035    8.50236260569319e-08    -5.51629091740641e-05    7.02708156663767e-11    0.000578776742187701    8.38233777948543e-06    0.0240577160021718
47.0000000004367    1.284031641483e-08    -0.000210273298752517    6.27532338457515e-11    0.000566467913692056    7.92168346830558e-06    0.0237996575360211
48.0000000004699    9.58733374560121e-10    3.34835380810984e-06    5.78419389378251e-11    0.000539653087867429    7.60538874868704e-06    0.0232304342760947
49.0000000005031    3.65994147623797e-08    -0.000262788967974007    5.27593502933578e-11    0.000519915072492203    7.26347098680767e-06    0.0228001318954631
50.0000000005363    6.25717825774737e-09    9.33245055309999e-05    4.77002526998949e-11    0.000506540083943047    6.90653411977492e-06    0.0225062518976331
51.0000000005695    -5.21400141619608e-08    7.1785534733145e-07    4.38225321320339e-11    0.000486870036596257    6.61965358239818e-06    0.0220651316805711
52.0000000006027    -5.81881803159991e-08    0.000188748745032746    3.96615807346829e-11    0.000475670784406095    6.29747527747068e-06    0.0218090613809339
53.0000000006359    8.39093914849275e-08    -6.91322837168659e-06    3.64711133475398e-11    0.000458507306717102    6.03854887879202e-06    0.0214127826058263
54.0000000006691    7.66132390345997e-08    -5.48597495618751e-05    3.33905118356615e-11    0.000444413415019497    5.77794446557477e-06    0.0210810437461568
55.0000000007023    2.10833451181797e-08    1.39360969396356e-05    3.0802663374476e-11    0.000428774045206642    5.54997467264804e-06    0.0207068551690459
56.0000000007355    2.42080201841709e-09    4.43469352800949e-05    2.8278848349918e-11    0.000416141888157158    5.31778548736554e-06    0.020399507874125
57.0000000007687    -2.36880350769136e-08    -5.84860602436557e-05    2.59655767093075e-11    0.00040445365095285    5.09558785483105e-06    0.0201109480217519
58.0000000008019    -5.87577982951111e-09    0.00010391609146943    2.39768139257071e-11    0.000391766367409629    4.89660896957461e-06    0.0197928160920967
59.0000000008351    2.40175472794537e-08    9.40890888333539e-05    2.19882740456269e-11    0.000382404963304142    4.68910409385946e-06    0.0195549510494786
60.0000000008683    5.16861049648092e-08    -0.000134063125896527    2.04553834280474e-11    0.000368787037521268    4.52246746528938e-06    0.0192033607631462
61.0000000009015    2.71389573577837e-08    2.37178182871702e-05    1.88121992699854e-11    0.000360172300383415    4.33721831903571e-06    0.0189781911110756
62.0000000009347    4.70275629751814e-09    0.000129456674307854    1.75001953258178e-11    0.00034824342139589    4.18332083516206e-06    0.0186608323063407
63.0000000009679    -1.48118417952053e-08    -0.000215631442628497    1.62305065965575e-11    0.000338253106950846    4.02868306098905e-06    0.0183903945045177
64.000000001001    -1.94861128986967e-08    0.000132737086528336    1.51096417439711e-11    0.000327745699374301    3.88706342054966e-06    0.0181032615912205
65.0000000010342    1.19513963024095e-08    2.23079382092983e-05    1.3870007411658e-11    0.000322331360657864    3.72422670843015e-06    0.0179535752153647
66.0000000010674    -2.93000021840494e-08    9.192323880969e-05    1.29073983265912e-11    0.000313294971421253    3.59256730437486e-06    0.0176999017381289
67.0000000011006    4.73170700181088e-09    0.00017143989362555    1.20264748401275e-11    0.000304487022997608    3.46791759577363e-06    0.0174487143182666
68.0000000011338    -9.93174218626191e-10    -0.000151619535128818    1.12105237434136e-11    0.00029614032793864    3.34821187457105e-06    0.0172080603048457
69.000000001167    2.2481487441449e-08    7.91634559434187e-05    1.04422052918888e-11    0.000288478748939901    3.23136192256628e-06    0.0169844776807279
70.0000000012002    1.9870011813225e-08    -0.000117734050859765    9.64907567633792e-12    0.000283678637533448    3.10623258288372e-06    0.0168423506740216
71.0000000012334    -5.06141482852829e-09    0.00016328710712954    9.10560384951335e-12    0.000273440437312154    3.017545067036e-06    0.0165352282909187
72.0000000012666    3.83088505732598e-08    7.89295824892933e-05    8.45281755929568e-12    0.000268242001782808    2.90712056703251e-06    0.0163779049912929
73.0000000012998    1.96014502121706e-08    0.000147841321629537    7.95409727162038e-12    0.00025985578429158    2.82023280152011e-06    0.0161193649761769
74.000000001333    -1.4047045575466e-08    1.48031061392605e-05    7.48256613162593e-12    0.000252058667783659    2.73539189370308e-06    0.015876348719139
75.0000000013662    4.53222571893496e-08    -4.30326821657895e-05    6.97931495693314e-12    0.000246783235715035    2.64145052006211e-06    0.0157092770012913
76.0000000013994    1.73352970984091e-08    1.2512618159759e-05    6.55263575840011e-12    0.000240326537015901    2.55975296579077e-06    0.0155024636896942
77.0000000014326    2.35885801169786e-08    8.12565705712064e-05    6.06715904456192e-12    0.000237397851646525    2.46304742614713e-06    0.0154075062555971
78.0000000014658    -2.41547376883166e-09    0.000115815581589951    5.78820079404703e-12    0.000227960135418539    2.40586677925722e-06    0.0150979045622099
79.000000001499    1.08287168281366e-08    -2.98510477764481e-05    5.42697900029257e-12    0.000222908057418463    2.3295625639129e-06    0.0149300758984477
80.0000000015322    3.3546057634828e-08    -4.82573628048025e-05    5.09296834742887e-12    0.000217914625318491    2.25651124735642e-06    0.014761852747722
81.0000000015654    3.95001248075125e-10    -7.41006603930131e-05    4.78814872941854e-12    0.000212862636515239    2.18818385274011e-06    0.0145896245876091
82.0000000015986    -1.43814850490369e-08    7.58898487181385e-05    4.52019911208862e-12    0.000207217210882166    2.12602734812523e-06    0.0143948411458073
83.0000000016318    -1.83593424778113e-08    -0.000185947668907038    4.2595087100185e-12    0.000202265594106765    2.06377606453856e-06    0.0142207952510115
84.000000001665    7.0967054381371e-09    -7.26728992517598e-05    4.01651387400908e-12    0.000197399985116048    2.0041116512762e-06    0.0140497225512023
85.0000000016982    -9.27413942189302e-09    -2.6222896264208e-05    3.76745666565919e-12    0.000193837911261843    1.9409715752677e-06    0.0139225437195059
86.0000000017314    6.77794629973338e-09    3.73096091641491e-05    3.55487177773358e-12    0.000189385546282498    1.88542457743012e-06    0.013761691548482
87.0000000017646    1.54301683427685e-08    5.0098397796983e-05    3.4066075112259e-12    0.000182339787717152    1.84563523512389e-06    0.0135032321267055
88.0000000017978    -7.58522403811495e-09    -7.90144458965832e-05    3.19436089561378e-12    0.000179489048747844    1.78726141344518e-06    0.0133971192972663
89.000000001831    9.11145304337483e-09    -4.00415050359938e-05    3.03063896167742e-12    0.000174759430986041    1.74084920171187e-06    0.0132196001325273
90.0000000018642    2.04975480010517e-09    -4.09490317389865e-06    2.87009052863461e-12    0.000170550052343025    1.69413291306788e-06    0.0130594806778368
91.0000000018973    1.43765270864313e-08    8.97714020205619e-05    2.69607140089242e-12    0.000167939363926606    1.6419088635979e-06    0.0129588311595601
92.0000000019305    1.10499415723561e-09    -1.41812829612836e-05    2.57814092009232e-12    0.00016254687272207    1.60565864961399e-06    0.012749379263842
93.0000000019637    6.4947405451471e-10    1.24561080256485e-05    2.42498358875394e-12    0.000160025718172318    1.55723574545969e-06    0.0126501210673136
94.0000000019969    6.88712125382614e-09    5.45926320450635e-05    2.33075289049003e-12    0.000154270282949449    1.5266648152266e-06    0.0124204389050458
95.0000000020301    -1.83694550904084e-08    -1.86226507925342e-05    2.18804846756668e-12    0.00015235773281706    1.47909128544737e-06    0.0123433134130969
96.0000000020633    5.80534320178091e-09    -6.48837688410823e-05    2.07563229879388e-12    0.000148987847207588    1.44069379008316e-06    0.0122058853551936
97.0000000020965    5.94960470443237e-09    9.70141965588634e-06    2.00089799508676e-12    0.000143469884230864    1.41451850369326e-06    0.0119778875480329
98.0000000021297    7.46382562884989e-09    -2.62811985203714e-06    1.91740704688111e-12    0.000139038058305736    1.38468456270303e-06    0.0117914397508838
99.0000000021629    -8.82161005759568e-09    -0.000160615013723427    1.78625719083113e-12    0.000138651984017082    1.33648021684839e-06    0.0117739622402337
100.000000002196    4.67575710947687e-09    -1.34272603608323e-05    1.72491972654158e-12    0.000133497687990627    1.31335367050808e-06    0.0115541121553889
101.000000002229    -2.48055579756411e-09    -7.88341789510636e-06    1.64366116986954e-12    0.000130307195123243    1.28205109754349e-06    0.0114152149771682
102.000000002263    -9.20783538827879e-09    6.68045136148023e-05    1.56917543885682e-12    0.000127005525795523    1.25263348774663e-06    0.0112694748303762
103.000000002296    -1.62229328209912e-09    2.18408349460961e-05    1.49944740297469e-12    0.000123732300187509    1.22451817917873e-06    0.0111234807126833
104.000000002329    9.62447019433973e-09    0.000102689535727138    1.42282711384335e-12    0.00012143816427643    1.19278434069903e-06    0.0110194200907163
105.000000002362    7.23315329181552e-11    9.6342224876278e-05    1.36101348734834e-12    0.000118292050258639    1.16662482491866e-06    0.0108757881753161
106.000000002395    -nan    -nan    -nan    -nan    0    0
107.000000002428    -nan    -nan    -nan    -nan    0    0
108.000000002462    -nan    -nan    -nan    -nan    0    0
109.000000002495    -nan    -nan    -nan    -nan    0    0
110.000000002528    -nan    -nan    -nan    -nan    0    0
111.000000002561    -nan    -nan    -nan    -nan    0    0
112.000000002594    -nan    -nan    -nan    -nan    0    0
113.000000002628    -nan    -nan    -nan    -nan    0    0
114.000000002661    -nan    -nan    -nan    -nan    0    0
115.000000002694    -nan    -nan    -nan    -nan    0    0
116.000000002727    -nan    -nan    -nan    -nan    0    0
117.00000000276    -nan    -nan    -nan    -nan    0    0
118.000000002794    -nan    -nan    -nan    -nan    0    0
119.000000002827    -nan    -nan    -nan    -nan    0    0
120.00000000286    -nan    -nan    -nan    -nan    0    0
121.000000002893    -nan    -nan    -nan    -nan    0    0
122.000000002926    -nan    -nan    -nan    -nan    0    0
123.00000000296    -nan    -nan    -nan    -nan    0    0
124.000000002993    -nan    -nan    -nan    -nan    0    0
125.000000003026    -nan    -nan    -nan    -nan    0    0
126.000000003059    -nan    -nan    -nan    -nan    0    0
127.000000003092    -nan    -nan    -nan    -nan    0    0
128.000000003126    -nan    -nan    -nan    -nan    0    0
129.000000003159    -nan    -nan    -nan    -nan    0    0
130.000000003192    -nan    -nan    -nan    -nan    0    0
131.000000003225    -nan    -nan    -nan    -nan    0    0
132.000000003258    -nan    -nan    -nan    -nan    0    0
133.000000003292    -nan    -nan    -nan    -nan    0    0
134.000000003325    -nan    -nan    -nan    -nan    0    0
135.000000003358    -nan    -nan    -nan    -nan    0    0
136.000000003391    -nan    -nan    -nan    -nan    0    0
137.000000003424    -nan    -nan    -nan    -nan    0    0
138.000000003458    -nan    -nan    -nan    -nan    0    0
139.000000003491    -nan    -nan    -nan    -nan    0    0
140.000000003524    -nan    -nan    -nan    -nan    0    0
141.000000003557    -nan    -nan    -nan    -nan    0    0
142.00000000359    -nan    -nan    -nan    -nan    0    0
143.000000003624    -nan    -nan    -nan    -nan    0    0
144.000000003657    -nan    -nan    -nan    -nan    0    0
145.00000000369    -nan    -nan    -nan    -nan    0    0
146.000000003723    -nan    -nan    -nan    -nan    0    0
147.000000003756    -nan    -nan    -nan    -nan    0    0
148.00000000379    -nan    -nan    -nan    -nan    0    0
149.000000003823    -nan    -nan    -nan    -nan    0    0
150.000000003856    -nan    -nan    -nan    -nan    0    0
151.000000003889    -nan    -nan    -nan    -nan    0    0
152.000000003922    -nan    -nan    -nan    -nan    0    0
153.000000003956    -nan    -nan    -nan    -nan    0    0
154.000000003989    -nan    -nan    -nan    -nan    0    0
155.000000004022    -nan    -nan    -nan    -nan    0    0
156.000000004055    -nan    -nan    -nan    -nan    0    0
157.000000004088    -nan    -nan    -nan    -nan    0    0
158.000000004122    -nan    -nan    -nan    -nan    0    0
159.000000004155    -nan    -nan    -nan    -nan    0    0
160.000000004188    -nan    -nan    -nan    -nan    0    0
161.000000004221    -nan    -nan    -nan    -nan    0    0
162.000000004254    -nan    -nan    -nan    -nan    0    0
163.000000004288    -nan    -nan    -nan    -nan    0    0
164.000000004321    -nan    -nan    -nan    -nan    0    0
165.000000004354    -nan    -nan    -nan    -nan    0    0
166.000000004387    -nan    -nan    -nan    -nan    0    0
167.00000000442    -nan    -nan    -nan    -nan    0    0
168.000000004453    -nan    -nan    -nan    -nan    0    0
169.000000004487    -nan    -nan    -nan    -nan    0    0
170.00000000452    -nan    -nan    -nan    -nan    0    0
171.000000004553    -nan    -nan    -nan    -nan    0    0
172.000000004586    -nan    -nan    -nan    -nan    0    0
173.000000004619    -nan    -nan    -nan    -nan    0    0
174.000000004653    -nan    -nan    -nan    -nan    0    0
175.000000004686    -nan    -nan    -nan    -nan    0    0
176.000000004719    -nan    -nan    -nan    -nan    0    0
177.000000004752    -nan    -nan    -nan    -nan    0    0
178.000000004785    -nan    -nan    -nan    -nan    0    0
179.000000004819    -nan    -nan    -nan    -nan    0    0
180.000000004852    -nan    -nan    -nan    -nan    0    0
181.000000004885    -nan    -nan    -nan    -nan    0    0
182.000000004918    -nan    -nan    -nan    -nan    0    0
183.000000004951    -nan    -nan    -nan    -nan    0    0
184.000000004985    -nan    -nan    -nan    -nan    0    0
185.000000005018    -nan    -nan    -nan    -nan    0    0
186.000000005051    -nan    -nan    -nan    -nan    0    0
187.000000005084    -nan    -nan    -nan    -nan    0    0
188.000000005117    -nan    -nan    -nan    -nan    0    0
189.000000005151    -nan    -nan    -nan    -nan    0    0
190.000000005184    -nan    -nan    -nan    -nan    0    0
191.000000005217    -nan    -nan    -nan    -nan    0    0
192.00000000525    -nan    -nan    -nan    -nan    0    0
193.000000005283    -nan    -nan    -nan    -nan    0    0
194.000000005317    -nan    -nan    -nan    -nan    0    0
195.00000000535    -nan    -nan    -nan    -nan    0    0
196.000000005383    -nan    -nan    -nan    -nan    0    0
197.000000005416    -nan    -nan    -nan    -nan    0    0
198.000000005449    -nan    -nan    -nan    -nan    0    0
199.000000005483    -nan    -nan    -nan    -nan    0    0
