0 0 0
2.99999999999998 6.24393113544268e-25 7.95059738663163e-28
5.99999999999992 6.43521620872827e-25 6.96118528073211e-29
8.99999999999985 6.00175676769118e-25 1.52817397551838e-29
11.9999999999998 6.01635187731261e-25 5.18095647337333e-30
14.9999999999997 6.21939722104102e-25 2.20629896255994e-30
18 6.66492485617574e-25 1.12483006183927e-30
21.0000000000005 7.12154074291393e-25 6.40096758981438e-31
24.000000000001 7.87165814791461e-25 4.10497423512504e-31
27.0000000000014 1.43750344098005e-24 4.65020349458146e-31
30.0000000000019 8.94878905840299e-24 1.90799425632627e-30
33.000000000002 1.61724223216329e-22 2.41468946372867e-29
36.0000000000014 2.26261913981184e-21 2.47674599280576e-28
39.0000000000008 2.65420781404681e-20 2.16272951060004e-27
42.0000000000002 2.69645372771574e-19 1.63790995253628e-26
44.9999999999996 2.35727618449665e-18 1.07703478354231e-25
47.999999999999 2.34152566341436e-17 8.1791973868663e-25
50.9999999999984 8.47805925572956e-16 2.30248848629994e-23
53.9999999999978 2.59831504700923e-15 5.57257046711456e-23
56.9999999999972 8.44010645011149e-15 1.45511989542955e-22
59.9999999999966 2.41354427388216e-14 3.42548720442869e-22
62.999999999996 5.43410180243178e-14 6.46438578745186e-22
65.9999999999969 9.59384582497278e-14 9.61848501255393e-22
68.9999999999984 2.72168587370288e-13 2.28805700804534e-21
71.9999999999999 6.81355946976368e-13 4.8035472773729e-21
75.0000000000015 1.65119447252784e-12 9.81636046009281e-21
78.000000000003 3.7109503425349e-12 1.87322758199793e-20
81.0000000000045 8.71427001047161e-12 3.76117258056479e-20
84.0000000000061 8.03642880018452e-11 2.99372230581414e-19
87.0000000000076 4.13609217922695e-10 1.34756040008414e-18
90.0000000000091 1.51390551778102e-09 4.35080285227806e-18
93.0000000000107 4.56139351187883e-09 1.16063281712738e-17
96.0000000000122 1.2125352177444e-08 2.7208515035202e-17
99.0000000000137 2.87849316835353e-08 5.69468454497728e-17
102.000000000015 6.65100759871174e-08 1.16227717418141e-16
105.000000000017 1.21949444618218e-07 1.888669322044e-16
108.000000000018 2.12303664588392e-07 2.92499334386076e-16
111.00000000002 3.65193092876659e-07 4.49510525229327e-16
114.000000000021 5.25978833959535e-07 5.82329289165791e-16
117.000000000023 8.37051074609674e-07 8.39867748844958e-16
120.000000000024 1.29906048642221e-06 1.18733347166573e-15
123.000000000026 1.76495745236552e-06 1.460088385045e-15
126.000000000028 2.19659315688053e-06 1.6402057021639e-15
129.000000000028 2.81461883933939e-06 1.91968220438495e-15
132.000000000025 3.57737771461086e-06 2.22418296947402e-15
135.000000000022 4.20664927907528e-06 2.39777679276729e-15
138.000000000019 5.03285393435339e-06 2.62611324228163e-15
141.000000000017 6.2250953812511e-06 2.97808943028821e-15
144.000000000014 7.44106564370274e-06 3.27295888588497e-15
147.000000000011 8.12486245266271e-06 3.29127805136587e-15
150.000000000009 8.31487597081706e-06 3.10679255721537e-15
153.000000000006 9.10262433822532e-06 3.14217393800295e-15
156.000000000003 9.53639433787669e-06 3.04578705394077e-15
159 1.00013056998382e-05 2.95993836947383e-15
161.999999999998 1.01574239314122e-05 2.78947840911054e-15
164.999999999995 1.06893798386844e-05 2.72772262287976e-15
167.999999999992 1.09552693776208e-05 2.60110131839487e-15
170.999999999989 1.11828056329993e-05 2.47358416728124e-15
173.999999999987 1.12943148342864e-05 2.33029615349295e-15
176.999999999984 1.15206677081444e-05 2.21983857065492e-15
179.999999999981 1.18605425291465e-05 2.13665123118226e-15
182.999999999979 1.21083390381204e-05 2.04167628735279e-15
185.999999999976 1.22031782718813e-05 1.92803458171831e-15
188.999999999973 1.25340327889717e-05 1.85745301724861e-15
191.99999999997 1.26253489982263e-05 1.75672643478028e-15
194.999999999968 1.28039655270311e-05 1.67437506028967e-15
197.999999999965 1.31259070576666e-05 1.61474618879592e-15
200.999999999962 1.29708968424898e-05 1.50244945037122e-15
203.999999999959 1.32703999163617e-05 1.44865661870236e-15
206.999999999957 1.36574069793323e-05 1.40629114366461e-15
209.999999999954 1.36279579150811e-05 1.32472722118776e-15
212.999999999951 1.38194840172213e-05 1.26919429666147e-15
215.999999999949 1.37125424844738e-05 1.19082788010158e-15
218.999999999946 1.39713232110727e-05 1.14811166852712e-15
221.999999999943 1.41158001576602e-05 1.09850080560224e-15
224.99999999994 1.44789051382484e-05 1.0678242798247e-15
227.999999999938 1.4353611089615e-05 1.00391407854108e-15
230.999999999935 1.4587351424153e-05 9.68263665711344e-16
233.999999999932 1.46322745113514e-05 9.22349369719834e-16
236.999999999929 1.44746375365084e-05 8.67047523823095e-16
239.999999999927 1.47138056904521e-05 8.38099601367465e-16
242.999999999924 1.48653738280196e-05 8.05658360380806e-16
245.999999999921 1.48480624639088e-05 7.66149622377242e-16
248.999999999919 1.53743477295443e-05 7.55732763584865e-16
251.999999999916 1.52225545551742e-05 7.13237650234479e-16
254.999999999913 1.51663770529469e-05 6.77732416647057e-16
257.99999999991 1.56800684300768e-05 6.68629127716133e-16
260.999999999908 1.5626482916249e-05 6.36212613740786e-16
263.999999999905 1.54254288944514e-05 5.99940244788192e-16
266.999999999902 1.55334643012139e-05 5.77422257655266e-16
269.999999999899 1.59634543151066e-05 5.67456049007916e-16
272.999999999897 1.60915127144091e-05 5.47256421887744e-16
275.999999999894 1.58819384847256e-05 5.17004841466533e-16
278.999999999891 1.58035666051602e-05 4.92660553270857e-16
281.999999999889 1.61998552075521e-05 4.83846835239229e-16
284.999999999886 1.638436498341e-05 4.69065769256067e-16
287.999999999883 1.60577561720415e-05 4.4084122405525e-16
290.99999999988 1.61886293785755e-05 4.26370112037868e-16
293.999999999878 1.68584886939483e-05 4.26142347369087e-16
296.999999999875 1.65648168765298e-05 4.02053092358407e-16
299.999999999872 1.66031852007457e-05 3.87091785809301e-16
302.999999999869 1.65661861862546e-05 3.71146167079843e-16
305.999999999867 1.65348090132424e-05 3.56111033435791e-16
308.999999999864 1.683139558817e-05 3.48615080861721e-16
311.999999999861 1.70174758449217e-05 3.39097757263214e-16
314.999999999859 1.66157503307978e-05 3.18644984819942e-16
317.999999999856 1.67923718363904e-05 3.10041687039708e-16
320.999999999853 1.71769702214291e-05 3.05441501720072e-16
323.99999999985 1.70788662094132e-05 2.92594385999173e-16
326.999999999848 1.68602123806346e-05 2.78383007638038e-16
329.999999999845 1.7049043485152e-05 2.7139420266567e-16
332.999999999842 1.72714801950551e-05 2.65150045610466e-16
335.999999999839 1.7508468991546e-05 2.59307900304635e-16
338.999999999837 1.7389551771714e-05 2.48545343715123e-16
341.999999999834 1.71468755254914e-05 2.36576149619511e-16
344.999999999831 1.7654583243606e-05 2.35213904907324e-16
347.999999999829 1.73520059818942e-05 2.23303236658675e-16
350.999999999826 1.71568966741118e-05 2.13335814674468e-16
353.999999999823 1.78894482039585e-05 2.14992975418427e-16
356.99999999982 1.76580205989154e-05 2.05158069738847e-16
359.999999999818 1.78095126133035e-05 2.00101971311387e-16
362.999999999815 1.78205279066783e-05 1.93681224474266e-16
365.999999999812 1.76910722802213e-05 1.86041070156076e-16
368.999999999809 1.75609283542453e-05 1.78736514854914e-16
371.999999999807 1.77020531109943e-05 1.74424964049629e-16
374.999999999804 1.78548315249705e-05 1.70361890273421e-16
377.999999999801 1.79553623364402e-05 1.65939523610871e-16
380.999999999798 1.77796476395017e-05 1.59197398000298e-16
383.999999999796 1.78344928265824e-05 1.5475096649657e-16
386.999999999793 1.82951114222697e-05 1.53880681890342e-16
389.99999999979 1.81054130122715e-05 1.47645349920273e-16
392.999999999788 1.75483706707556e-05 1.38779614521048e-16
395.999999999785 1.80495141586118e-05 1.38462430818552e-16
398.999999999782 1.84177316546163e-05 1.37080718725655e-16
401.999999999779 1.81162916126599e-05 1.30853280614678e-16
404.999999999777 1.83408678473299e-05 1.28591409714307e-16
407.999999999774 1.80285769495534e-05 1.22717511916261e-16
410.999999999771 1.82207837784543e-05 1.20442057972403e-16
413.999999999768 1.85138806749322e-05 1.18866192460112e-16
416.999999999766 1.81444616527968e-05 1.13175131093766e-16
419.999999999763 1.82938124656526e-05 1.10878588982352e-16
422.99999999976 1.865581229791e-05 1.09895781367815e-16
425.999999999758 1.8543782888293e-05 1.0618713764541e-16
428.999999999755 1.84819085481972e-05 1.02901125481693e-16
431.999999999752 1.84800488388304e-05 1.00058387467916e-16
434.999999999749 1.81882311582901e-05 9.57877647220847e-17
437.999999999747 1.85628313511889e-05 9.51056481190954e-17
440.999999999744 1.87647741327692e-05 9.35486827804928e-17
443.999999999741 1.84025091804246e-05 8.92856864788862e-17
446.999999999738 1.89443247371207e-05 8.94674207507569e-17
449.999999999736 1.92008212391086e-05 8.82836321107471e-17
452.999999999733 1.85854157752397e-05 8.32106695386184e-17
455.99999999973 1.8565899694519e-05 8.09548279787589e-17
458.999999999728 1.87759722402551e-05 7.9748738196872e-17
461.999999999725 1.88644569598503e-05 7.80614379875711e-17
464.999999999722 1.89304884017822e-05 7.63306241500291e-17
467.999999999719 1.88003956799914e-05 7.38786999294728e-17
470.999999999717 1.90019151513469e-05 7.27847673586336e-17
473.999999999714 1.91795831237882e-05 7.16211035779255e-17
476.999999999711 1.87668455293668e-05 6.83309085493805e-17
479.999999999708 1.86522363319996e-05 6.62301377786087e-17
482.999999999706 1.91041439984276e-05 6.61636509156144e-17
485.999999999703 1.9090725286802e-05 6.4496798637042e-17
488.9999999997 1.8974190104912e-05 6.2543043537214e-17
491.999999999698 1.96342186784277e-05 6.31530034319926e-17
494.999999999695 1.90802216230539e-05 5.98951201437117e-17
497.999999999692 1.90798493854043e-05 5.84628776246037e-17
500.999999999689 1.93897875317344e-05 5.79994091757022e-17
503.999999999687 1.9063238434903e-05 5.56765579437874e-17
506.999999999684 1.91869718191714e-05 5.47216075062218e-17
509.999999999681 1.92541873437586e-05 5.36308761782926e-17
512.999999999678 1.9326837040114e-05 5.25833267136499e-17
515.999999999676 1.9520801183142e-05 5.18848995921631e-17
518.999999999673 1.93778812053393e-05 5.03236777388028e-17
521.99999999967 1.90810483538163e-05 4.84220296943722e-17
524.999999999668 1.93565791380854e-05 4.80074826744631e-17
527.999999999665 1.95622415569606e-05 4.74221861182767e-17
530.999999999662 1.95762807930369e-05 4.63924659681689e-17
533.999999999659 1.98447552307793e-05 4.59789461941639e-17
536.999999999657 1.94359190825033e-05 4.40330629191114e-17
539.999999999654 1.95584912799188e-05 4.33326955532245e-17
542.999999999651 1.98711969247362e-05 4.30594925884486e-17
545.999999999648 1.95280794557289e-05 4.13930543544457e-17
548.999999999646 1.90287711084227e-05 3.94591091543568e-17
551.999999999643 1.98722899046043e-05 4.03190945664334e-17
554.99999999964 1.98435533968619e-05 3.93959550967025e-17
557.999999999638 1.96000736493758e-05 3.80809005567427e-17
560.999999999635 1.9587426369405e-05 3.72487834186593e-17
563.999999999632 1.96649951425372e-05 3.66058937507746e-17
566.999999999629 2.01083812569733e-05 3.66446297349679e-17
569.999999999627 1.94837744958359e-05 3.4763164058932e-17
572.999999999624 1.94685961131649e-05 3.40142215080229e-17
575.999999999621 2.00813910461825e-05 3.43585527475877e-17
578.999999999618 2.03061805344645e-05 3.40275891964166e-17
581.999999999616 1.96757711151864e-05 3.22961807483921e-17
584.999999999613 1.95960186509618e-05 3.15097530123304e-17
587.99999999961 2.00950678475901e-05 3.16567276422921e-17
590.999999999608 1.98231079903519e-05 3.05981706486609e-17
593.999999999605 1.97956283088633e-05 2.99425605346335e-17
596.999999999602 1.9956628762276e-05 2.95837928028043e-17
599.999999999599 1.98011089357886e-05 2.87690399505786e-17
602.999999999597 2.02209945890563e-05 2.87985625658792e-17
605.999999999594 1.99565425876761e-05 2.78623245152019e-17
608.999999999591 1.95182798533032e-05 2.67168063762604e-17
611.999999999588 1.98140775860008e-05 2.6593495107998e-17
614.999999999586 2.00298634174204e-05 2.63615703132887e-17
617.999999999583 2.02596631520883e-05 2.61492118316576e-17
620.99999999958 1.99791073388069e-05 2.52917478233381e-17
623.999999999578 1.98077301545442e-05 2.45959247293216e-17
626.999999999575 2.03159554729863e-05 2.47469757017797e-17
629.999999999572 2.02841174870905e-05 2.42403268778929e-17
632.999999999569 1.95794869716593e-05 2.29570909071775e-17
635.999999999567 1.96001555074239e-05 2.25504677039247e-17
638.999999999564 2.02888997835117e-05 2.29071591566034e-17
641.999999999561 2.01045545254027e-05 2.22772550837805e-17
644.999999999558 2.02216978278101e-05 2.19925767547288e-17
647.999999999556 2.04892392148459e-05 2.18729805527703e-17
650.999999999553 1.99465444274091e-05 2.09035009924248e-17
653.99999999955 1.98801962455255e-05 2.04538901868351e-17
656.999999999548 2.0008551550386e-05 2.0212140068069e-17
659.999999999545 1.99345889383502e-05 1.97730754791353e-17
662.999999999542 2.00081244846247e-05 1.94889802234299e-17
665.999999999539 1.99684437375822e-05 1.9101909523935e-17
668.999999999537 2.02509903735952e-05 1.90266612274148e-17
671.999999999534 2.05399334696491e-05 1.89554394912882e-17
674.999999999531 2.00978521248412e-05 1.82194571714757e-17
677.999999999528 1.98201639698566e-05 1.76512057629158e-17
680.999999999526 2.03811683024758e-05 1.7832729259256e-17
683.999999999523 2.03088143738442e-05 1.74595136071967e-17
686.99999999952 2.01988602249582e-05 1.70633537435801e-17
689.999999999518 2.01519004996321e-05 1.67293028296247e-17
692.999999999515 2.04020310277139e-05 1.66450567727355e-17
695.999999999512 2.01172480282609e-05 1.61311878225589e-17
698.999999999509 2.01935607590645e-05 1.59158925162124e-17
701.999999999507 2.01814528326738e-05 1.56358954554688e-17
704.999999999504 2.00255222937661e-05 1.52521988412383e-17
707.999999999501 2.04174416264517e-05 1.52884349660768e-17
710.999999999498 2.00973878352402e-05 1.47963632518887e-17
713.999999999496 2.04167743677369e-05 1.47800479105767e-17
716.999999999493 2.04771392341669e-05 1.4576736441123e-17
719.99999999949 2.02732343779068e-05 1.41924326698113e-17
722.999999999487 2.04539831947254e-05 1.40823726308434e-17
725.999999999485 2.01246413844976e-05 1.36278412766381e-17
728.999999999482 2.04618305359377e-05 1.36293171269472e-17
731.999999999479 2.0718333429895e-05 1.35749645601773e-17
734.999999999477 2.05953887138117e-05 1.32751200335582e-17
737.999999999474 2.00931538502052e-05 1.27418376373738e-17
740.999999999471 2.02695839089749e-05 1.26465147451675e-17
743.999999999468 2.09378952503441e-05 1.28539644526908e-17
746.999999999466 2.0044058790758e-05 1.21084329112127e-17
749.999999999463 2.01746142762902e-05 1.19931386737703e-17
752.99999999946 2.05659529818503e-05 1.20318673087422e-17
755.999999999457 2.0942238844183e-05 1.2058517659413e-17
758.999999999455 2.07637360070811e-05 1.17677274308189e-17
761.999999999452 2.01338749438465e-05 1.12317474264178e-17
764.999999999449 2.05257742594103e-05 1.12717132868444e-17
767.999999999447 2.08716264630832e-05 1.1283253776557e-17
770.999999999444 2.06407413799669e-05 1.09855412558924e-17
773.999999999441 2.04408618203091e-05 1.07114047232041e-17
776.999999999438 2.06534623618122e-05 1.06561827925942e-17
779.999999999436 2.08255896012644e-05 1.05806112333499e-17
782.999999999433 2.05323070684687e-05 1.02724536454066e-17
785.99999999943 2.05414486070358e-05 1.0120802311638e-17
788.999999999427 2.03052524722976e-05 9.85295657136042e-18
791.999999999425 2.04128544570849e-05 9.75572911996947e-18
794.999999999422 2.08322743701103e-05 9.80662535560676e-18
797.999999999419 2.08677812540552e-05 9.67612345434775e-18
800.999999999417 2.06523974051023e-05 9.43350997537206e-18
803.999999999414 2.07943490375168e-05 9.35708335912712e-18
806.999999999411 2.06894612120398e-05 9.1721020295113e-18
809.999999999408 2.0657317889496e-05 9.02270409206423e-18
812.999999999406 2.05057339353226e-05 8.82506390062493e-18
815.999999999403 2.05502413841883e-05 8.71464889254512e-18
818.9999999994 2.0925302132761e-05 8.74419223275139e-18
821.999999999397 2.06996151680977e-05 8.52410359038863e-18
824.999999999395 2.07431733555466e-05 8.41833954119791e-18
827.999999999392 2.09228625902736e-05 8.36868356792235e-18
830.999999999389 2.08082682377929e-05 8.20328281884671e-18
833.999999999387 2.06471510932924e-05 8.02301752065674e-18
836.999999999384 2.08171702324411e-05 7.97359043179832e-18
839.999999999381 2.06548799157005e-05 7.79892389664782e-18
842.999999999378 2.06483543134775e-05 7.68591349310853e-18
845.999999999376 2.07995228324875e-05 7.63274409381871e-18
848.999999999373 2.11080405532156e-05 7.63695447858244e-18
851.99999999937 2.06478806631098e-05 7.3656853169626e-18
854.999999999367 2.07189943464267e-05 7.28785037086055e-18
857.999999999365 2.06151720536814e-05 7.15018808071723e-18
860.999999999362 2.11389423980269e-05 7.23014350100259e-18
863.999999999359 2.08723673930024e-05 7.04011940468733e-18
866.999999999357 2.05043904033232e-05 6.82070873746223e-18
869.999999999354 2.09854211909947e-05 6.88478802644535e-18
872.999999999351 2.11309905581485e-05 6.837579114112e-18
875.999999999348 2.05326293773742e-05 6.5533370683061e-18
878.999999999346 2.0719422136137e-05 6.52301508648864e-18
881.999999999343 2.09271057692202e-05 6.49918873103168e-18
884.99999999934 2.11419907536871e-05 6.47713114294285e-18
887.999999999337 2.09156533951867e-05 6.32155810169684e-18
890.999999999335 2.08629144007976e-05 6.22103078327235e-18
893.999999999332 2.06389565824e-05 6.07190045814006e-18
896.999999999329 2.10198839059825e-05 6.10158191565793e-18
899.999999999327 2.09285656876481e-05 5.99435583458614e-18
902.999999999324 2.06091595183555e-05 5.82476212429107e-18
905.999999999321 2.08454984893782e-05 5.81376750729999e-18
908.999999999318 2.11380244326673e-05 5.81787131888625e-18
911.999999999316 2.10950012121844e-05 5.72988680351186e-18
914.999999999313 2.0990991290456e-05 5.62717854616027e-18
917.99999999931 2.0411418324546e-05 5.40050617365029e-18
920.999999999307 2.12307514925108e-05 5.5443367349635e-18
923.999999999305 2.1170280315335e-05 5.45698722876276e-18
926.999999999302 2.09250360050296e-05 5.32417208487802e-18
929.999999999299 2.08295046417092e-05 5.23175380229021e-18
932.999999999297 2.13802370555625e-05 5.3012750060342e-18
935.999999999294 2.11490059298367e-05 5.17691788581471e-18
938.999999999291 2.06213384958672e-05 4.98347977696815e-18
941.999999999288 2.08917192118915e-05 4.98475190234132e-18
944.999999999286 2.09645122777652e-05 4.93877386827277e-18
947.999999999283 2.11614914822358e-05 4.92235475934271e-18
950.99999999928 2.0911508140813e-05 4.80295571350575e-18
953.999999999277 2.10990697044285e-05 4.78532604712317e-18
956.999999999275 2.10235410093274e-05 4.70866262210401e-18
959.999999999272 2.10401610130168e-05 4.65365608759215e-18
962.999999999269 2.08191399067687e-05 4.54763694535421e-18
965.999999999266 2.09629596798273e-05 4.52230286213898e-18
968.999999999264 2.10865290318464e-05 4.49279146402057e-18
971.999999999261 2.08141158049154e-05 4.38014692194436e-18
974.999999999258 2.11924900473447e-05 4.40508542409973e-18
977.999999999256 2.11378666225417e-05 4.34009886293053e-18
980.999999999253 2.09915591333766e-05 4.2574385116462e-18
983.99999999925 2.09227232799787e-05 4.19193983625101e-18
986.999999999247 2.10015048545834e-05 4.15672510653548e-18
989.999999999245 2.10125533499023e-05 4.10864281412718e-18
992.999999999242 2.11497881703167e-05 4.08565285732614e-18
995.999999999239 2.12670297090422e-05 4.05894458551087e-18
998.999999999236 2.107902547769e-05 3.97494825007963e-18
