0    1.14431026951656e-23    -4.06320164173997e-25    1.96394388991796e-13    1.5655685794307e-12    4.43164065546606e-07    1.25122682972781e-06
0.5    2.50341341393965e-20    9.0908471778621e-20    2.67232263188346e-13    1.07080806422372e-12    5.16945125896692e-07    1.03479856214807e-06
1    4.7887179250395e-20    7.99519377829763e-21    2.26116010343573e-13    1.41810957790606e-12    4.75516572101933e-07    1.19084406112054e-06
1.49999999999995    4.92250885068531e-20    -5.36456275284029e-20    2.34285412052933e-13    1.25555745162963e-12    4.84030383398536e-07    1.12051660033648e-06
1.99999999999989    -2.98337990556633e-20    -2.55962308709973e-19    2.40412043215165e-13    1.30034404472818e-12    4.90318308056272e-07    1.14032628871222e-06
2.49999999999984    -1.93291811669466e-19    -3.20365235119901e-19    2.35632200222712e-13    1.28976991360472e-12    4.85419612523755e-07    1.13568037475547e-06
2.99999999999978    -2.72072682054428e-19    4.48233113996633e-20    2.34839787124937e-13    1.30503362751319e-12    4.84602710604199e-07    1.14238068414745e-06
3.49999999999973    -1.81552171090807e-19    1.94628302546128e-19    2.3747958379535e-13    1.29008143503901e-12    4.87318770206268e-07    1.13581751837124e-06
3.99999999999967    -1.01763414906895e-19    1.50922280115321e-19    2.37913076933355e-13    1.28602700756351e-12    4.87763341112629e-07    1.13403130801734e-06
4.49999999999984    -1.02473927784685e-19    -1.24061438055317e-19    2.33031630852218e-13    1.31534804545702e-12    4.82733498788118e-07    1.14688623910875e-06
5    -1.78376106873053e-19    -2.90513210120909e-19    2.39806350183075e-13    1.27331372152971e-12    4.89700265655508e-07    1.12841203535309e-06
5.50000000000017    -3.46472176469545e-19    -2.35678989483546e-19    2.35484251685395e-13    1.31009973674901e-12    4.85267196176905e-07    1.14459588359779e-06
6.00000000000034    -4.63225169729165e-19    -2.38130968500036e-19    2.3694043361394e-13    1.28370016001473e-12    4.8676527568628e-07    1.13300492497373e-06
6.50000000000051    -5.30174020689138e-19    -8.8233901912611e-20    2.35282509906292e-13    1.30673965689852e-12    4.85059284939781e-07    1.14312713942873e-06
7.00000000000067    -5.66964661232837e-19    -7.49474536776102e-20    2.37829322624116e-13    1.28262845717569e-12    4.87677478077588e-07    1.13253187909908e-06
7.50000000000084    -6.27505600663767e-19    -4.37093358990437e-20    2.35266105028943e-13    1.30506844195097e-12    4.85042374467368e-07    1.14239592171496e-06
8.00000000000101    -5.89016982131803e-19    1.14033392587811e-19    2.37121285284473e-13    1.28930197556673e-12    4.86951009121526e-07    1.13547433945762e-06
8.50000000000073    -4.27704580753076e-19    5.29472429963871e-19    2.36599877989612e-13    1.29391649341012e-12    4.8641533486272e-07    1.13750450258894e-06
9.00000000000045    -2.20544446892279e-19    3.08625636844697e-19    2.34986376288655e-13    1.30142912567723e-12    4.84753933752636e-07    1.14080196602094e-06
9.50000000000017    -7.25093022694513e-20    2.38033459334673e-19    2.37461875280218e-13    1.28745488281319e-12    4.87300600533405e-07    1.13466069060895e-06
9.9999999999999    5.02755751691559e-20    2.4506737432544e-19    2.35996315776069e-13    1.30027085640971e-12    4.85794520117373e-07    1.14029419730599e-06
10.4999999999996    9.37883907463103e-20    -2.61373992060862e-20    2.36459928722364e-13    1.29022685367198e-12    4.86271455796414e-07    1.13588153153046e-06
10.9999999999993    8.18492623103871e-20    -2.20511015345769e-20    2.35648623257522e-13    1.30098680365857e-12    4.85436528557052e-07    1.14060808503998e-06
11.4999999999991    1.35679339642196e-19    2.73191015531922e-19    2.37228531110168e-13    1.2879115936723e-12    4.8706111640139e-07    1.13486192714017e-06
11.9999999999988    3.16233273559628e-19    4.50066606878332e-19    2.35626931422689e-13    1.30073842818461e-12    4.85414185436199e-07    1.14049920130819e-06
12.4999999999985    5.59959987157503e-19    4.45770843084255e-19    2.36706135284176e-13    1.29168939227995e-12    4.86524547463102e-07    1.13652513930839e-06
12.9999999999982    7.62685359377365e-19    4.09355938024699e-19    2.36446938591308e-13    1.29478623692324e-12    4.86258098741099e-07    1.13788674169411e-06
13.499999999998    9.84153897472527e-19    5.14648994928525e-19    2.35731200764898e-13    1.29717143883898e-12    4.85521576003475e-07    1.13893434351545e-06
13.9999999999977    1.26683857556244e-18    4.77829230599461e-19    2.36576617788196e-13    1.29278192873488e-12    4.86391424459968e-07    1.13700568544527e-06
14.4999999999974    1.398231040737e-18    1.71042768858361e-19    2.36429458695449e-13    1.29643973722525e-12    4.86240124522287e-07    1.13861307616997e-06
14.9999999999971    1.49979845112029e-18    1.84042272460563e-19    2.36603271889798e-13    1.29250107734411e-12    4.86418823535642e-07    1.13688217390551e-06
15.4999999999968    1.64880300113588e-18    4.72247618986035e-19    2.35847790135231e-13    1.29755302835399e-12    4.85641627267712e-07    1.13910185161556e-06
15.9999999999966    1.84224465735554e-18    2.32524270857389e-19    2.36168005042733e-13    1.29263626306552e-12    4.85971197750168e-07    1.13694162693848e-06
16.4999999999972    1.9387202771028e-18    1.29534957599859e-19    2.35924097023847e-13    1.29825425533239e-12    4.85720183875292e-07    1.13940960823243e-06
16.9999999999978    1.95957825017143e-18    2.70304311502167e-20    2.37029031328634e-13    1.28976498637565e-12    4.86856273789949e-07    1.13567820546828e-06
17.4999999999984    1.99028705465193e-18    9.49536942579673e-20    2.35502945855298e-13    1.30076396309574e-12    4.85286457523078e-07    1.1405103958736e-06
17.999999999999    2.08189139030333e-18    3.03606514106259e-19    2.37484089775115e-13    1.29159329658677e-12    4.87323393420749e-07    1.13648286242546e-06
18.4999999999996    2.32088873517537e-18    6.03440040142195e-19    2.3736536647286e-13    1.292941025238e-12    4.87201566574719e-07    1.137075646225e-06
19.0000000000002    2.55098264195654e-18    2.41083774277374e-19    2.35891822140401e-13    1.29908649846944e-12    4.85686958997667e-07    1.13977475777868e-06
19.5000000000008    2.61094015374592e-18    6.97654815736114e-20    2.36965374162216e-13    1.29140212938587e-12    4.86790893672238e-07    1.13639875456895e-06
20.0000000000015    2.66078982157444e-18    1.7926584806814e-19    2.36268381897644e-13    1.29720131770748e-12    4.86074461268686e-07    1.13894746046843e-06
20.5000000000021    2.80709440858178e-18    3.64167618134592e-19    2.36729871890802e-13    1.29403538684216e-12    4.86548940899887e-07    1.13755676203087e-06
21.0000000000027    3.00564084824164e-18    4.14278773385544e-19    2.36770757086748e-13    1.2937875761548e-12    4.86590954587884e-07    1.13744783447629e-06
21.5000000000033    3.16913584220503e-18    2.40008564689058e-19    2.36049543978074e-13    1.29645797461103e-12    4.85849301716154e-07    1.13862108473848e-06
22.0000000000039    3.28577771129212e-18    2.21514862834794e-19    2.3626659234666e-13    1.29402315208805e-12    4.86072620445402e-07    1.13755138437261e-06
22.5000000000045    3.38896306716262e-18    2.21007641176172e-19    2.36202596191011e-13    1.29520903702651e-12    4.86006786157365e-07    1.13807250956453e-06
23.0000000000051    3.51935412640422e-18    2.63786582255234e-19    2.36122592406723e-13    1.29467509821511e-12    4.85924471915876e-07    1.13783790507045e-06
23.5000000000057    3.58480075481828e-18    -7.70419705101838e-21    2.36034934123889e-13    1.29485641157004e-12    4.85834266107166e-07    1.13791757679106e-06
24.0000000000063    3.54223157813956e-18    -1.97717292423382e-19    2.36082590139036e-13    1.29623549099461e-12    4.85883309179309e-07    1.13852338183922e-06
24.500000000007    3.40498681699743e-18    -2.36374904045367e-19    2.36757172388831e-13    1.29203324700029e-12    4.86576995334583e-07    1.13667640381961e-06
25.0000000000076    3.34319828235713e-18    -4.19484493206773e-20    2.36072421201574e-13    1.29878397647833e-12    4.85872844684259e-07    1.13964203874652e-06
25.5000000000082    3.35823034805455e-18    1.02224361426303e-19    2.3730889606284e-13    1.29088671730612e-12    4.87143609280507e-07    1.13617195763059e-06
26.0000000000088    3.42291595960179e-18    1.1576112852988e-19    2.36715535269529e-13    1.29760493586899e-12    4.86534207707463e-07    1.13912463579232e-06
26.5000000000094    3.50311315684029e-18    2.77563599282525e-19    2.36786926983486e-13    1.29146394516558e-12    4.86607569796737e-07    1.13642595234603e-06
27.00000000001    3.62015352733141e-18    6.26171668578936e-20    2.35795479267815e-13    1.29996870344002e-12    4.85587766802063e-07    1.14016170056708e-06
27.5000000000106    3.57980404330261e-18    -2.28367533586842e-19    2.37193327897463e-13    1.28990934491799e-12    4.87024976666971e-07    1.13574175978432e-06
28.0000000000112    3.37381102473347e-18    -4.62656728778741e-19    2.36320760081072e-13    1.29837198501832e-12    4.86128337048018e-07    1.13946126964383e-06
28.5000000000118    3.21135626875345e-18    -2.49646870359248e-19    2.36835232728071e-13    1.29243126874182e-12    4.86657202482477e-07    1.13685147171555e-06
29.0000000000125    3.11194614035899e-18    -6.74519896764972e-20    2.36329322674164e-13    1.29567879741378e-12    4.86137143894769e-07    1.1382788750626e-06
29.5000000000131    3.15896399261992e-18    1.98289952833016e-19    2.36110587362861e-13    1.29578187418841e-12    4.85912118970973e-07    1.13832415163187e-06
30.0000000000137    3.29961560667185e-18    3.89001013401657e-19    2.36477992466006e-13    1.29259011633226e-12    4.8629002916573e-07    1.13692133251701e-06
30.5000000000143    3.5105040780155e-18    3.95271684792156e-19    2.35659439439847e-13    1.2979299775765e-12    4.8544766910538e-07    1.13926729856364e-06
31.0000000000149    3.67913534154625e-18    2.80631255533624e-19    2.36550507963987e-13    1.29294122925331e-12    4.86364583377519e-07    1.13707573593552e-06
31.5000000000155    3.81771077699225e-18    2.85598007803426e-19    2.36698457758643e-13    1.29550220114298e-12    4.86516657226289e-07    1.13820130080007e-06
32.0000000000161    3.928317380426e-18    1.76650314280357e-19    2.36694592253337e-13    1.29418230490324e-12    4.8651268457599e-07    1.13762133634318e-06
32.500000000015    4.02357568737766e-18    1.4342947486576e-19    2.36816860139419e-13    1.29651283034072e-12    4.86638325802047e-07    1.13864517315128e-06
33.0000000000138    4.06770021099476e-18    9.09287044831181e-20    2.3742068893747e-13    1.29088005391105e-12    4.87258339012757e-07    1.13616902523834e-06
33.5000000000126    4.06837516558544e-18    -1.32139004967017e-19    2.35669635993818e-13    1.29825840628734e-12    4.85458171209239e-07    1.13941142976861e-06
34.0000000000115    3.99759237600616e-18    -1.25615910355212e-19    2.36108551878722e-13    1.29487869327165e-12    4.85910024468237e-07    1.13792736730938e-06
34.5000000000103    3.92120159414358e-18    -1.35331576799722e-19    2.36696409720208e-13    1.29294830386454e-12    4.8651455242388e-07    1.13707884681078e-06
35.0000000000091    3.90504629223601e-18    2.746891846202e-20    2.36265720631536e-13    1.29691548496985e-12    4.86071723752304e-07    1.13882197246534e-06
35.500000000008    3.92513006248265e-18    9.13326897199869e-20    2.36462658499421e-13    1.29154484575676e-12    4.86274262633157e-07    1.13646154609681e-06
36.0000000000068    3.96609258380095e-18    1.52994082095715e-22    2.35446286038394e-13    1.29998113269966e-12    4.85228076308857e-07    1.14016715121058e-06
36.5000000000056    3.93055786744938e-18    -1.22613600362762e-19    2.36859522260695e-13    1.28917190072119e-12    4.86682157327239e-07    1.13541706025636e-06
37.0000000000045    3.894132972533e-18    1.16602752238975e-19    2.35626030968586e-13    1.30020953203844e-12    4.854132579242e-07    1.14026730727424e-06
37.5000000000033    4.09519653567107e-18    5.9526718691108e-19    2.36887372625659e-13    1.29006652418155e-12    4.86710768964134e-07    1.13581095442047e-06
38.0000000000021    4.38117275060501e-18    4.46579460045282e-19    2.35789845623554e-13    1.29781471675706e-12    4.85581965916727e-07    1.13921671193723e-06
38.500000000001    4.54136115873217e-18    2.88766414491576e-19    2.36103664629377e-13    1.29400365232388e-12    4.8590499547687e-07    1.13754281340259e-06
38.9999999999998    4.66809272328401e-18    1.7003765272954e-19    2.36340564203827e-13    1.29529711311128e-12    4.86148705854317e-07    1.13811120419372e-06
39.4999999999986    4.70889055952586e-18    -2.77263751965029e-20    2.3664799216591e-13    1.29327842469034e-12    4.86464790263294e-07    1.1372239993468e-06
39.9999999999975    4.67334007143404e-18    -2.86878426038315e-20    2.35897652540489e-13    1.29687995208434e-12    4.85692961180713e-07    1.13880637163845e-06
40.4999999999963    4.73053176741947e-18    3.34004433476993e-19    2.36812070993141e-13    1.29434515101692e-12    4.86633405134852e-07    1.13769290716648e-06
40.9999999999951    4.99667206903512e-18    5.71990954754768e-19    2.36853910785455e-13    1.29151896890901e-12    4.86676392262307e-07    1.1364501612077e-06
41.499999999994    5.23892127501089e-18    4.00611987868399e-19    2.35255822963662e-13    1.30064332047178e-12    4.85031775210308e-07    1.1404575048952e-06
41.9999999999928    5.38500725172298e-18    2.93881283789814e-19    2.37167040090882e-13    1.2914088870995e-12    4.86997987768822e-07    1.13640172786718e-06
42.4999999999917    5.58589557535581e-18    3.84487863624447e-19    2.37318660138548e-13    1.29434955994521e-12    4.87153630940536e-07    1.13769484482668e-06
42.9999999999905    5.74718630040196e-18    3.21053798558314e-19    2.36442403677347e-13    1.29504796601219e-12    4.86253435645803e-07    1.13800174253478e-06
43.4999999999893    5.87959933257485e-18    2.03613154919447e-19    2.36128320003623e-13    1.29682680564232e-12    4.85930365385435e-07    1.13878303712442e-06
43.9999999999882    5.96231600412229e-18    1.16814349169511e-19    2.36984010265961e-13    1.29158276864311e-12    4.86810035091679e-07    1.13647823060678e-06
44.499999999987    6.04923985217645e-18    2.37984353412277e-19    2.35894439497338e-13    1.29827335452684e-12    4.8568965347981e-07    1.13941798938179e-06
44.9999999999858    6.1053211333585e-18    -4.54191650772177e-20    2.37066660034691e-13    1.29295570531654e-12    4.86894916829793e-07    1.13708210139661e-06
45.4999999999847    6.04315272920533e-18    -1.88843595676049e-19    2.36830004581008e-13    1.2935650755946e-12    4.86651830964405e-07    1.13735002334136e-06
45.9999999999835    5.92286532011284e-18    -2.44425194595589e-19    2.36095795837992e-13    1.29854419474798e-12    4.85896898362185e-07    1.13953683343189e-06
46.4999999999823    5.90682099289811e-18    2.58267461956044e-19    2.37332993240502e-13    1.29014485999481e-12    4.87168341788033e-07    1.13584543842673e-06
46.9999999999812    6.16010126803244e-18    7.3709483661805e-19    2.35974479102354e-13    1.29781572553313e-12    4.85772044381266e-07    1.139217154687e-06
47.49999999998    6.59998236159845e-18    8.89924297654964e-19    2.3603878856853e-13    1.29368879505637e-12    4.85838232921751e-07    1.13740441139305e-06
47.9999999999788    6.98844759031631e-18    6.52960854199868e-19    2.35926729377885e-13    1.29606840518816e-12    4.85722893611044e-07    1.13845000118062e-06
48.4999999999777    7.17679762225494e-18    1.08931357513765e-19    2.36522303373991e-13    1.29407459489357e-12    4.86335587196733e-07    1.13757399534869e-06
48.9999999999765    7.21172906461297e-18    7.26936906426812e-20    2.36549716692701e-13    1.29401101303832e-12    4.8636376992196e-07    1.13754604875509e-06
49.4999999999753    7.24098913722393e-18    5.17082939953633e-20    2.3618460500013e-13    1.29628910615835e-12    4.85988276607708e-07    1.13854692751698e-06
49.9999999999742    7.25277510598007e-18    -7.39152399116368e-21    2.3643095546195e-13    1.29246642471926e-12    4.86241663642627e-07    1.13686693360273e-06
50.499999999973    7.25039852429466e-18    2.98800376643063e-20    2.35578934059089e-13    1.29794805172804e-12    4.85364743321029e-07    1.13927523089376e-06
50.9999999999718    7.34890453438413e-18    4.04072155860439e-19    2.36673959187425e-13    1.29367040564732e-12    4.86491479049145e-07    1.13739632742827e-06
51.4999999999707    7.61499824150758e-18    5.64368820240526e-19    2.36995345761481e-13    1.29194763563805e-12    4.86821677579666e-07    1.13663874456137e-06
51.9999999999695    7.82210373678265e-18    2.78713708298161e-19    2.3537520486807e-13    1.2988989456424e-12    4.85154825667095e-07    1.13969247854077e-06
52.4999999999683    7.98075371946383e-18    3.91944522838191e-19    2.36436700677495e-13    1.29312907384385e-12    4.86247571384675e-07    1.13715833279445e-06
52.9999999999672    8.24739412531947e-18    6.85492547151045e-19    2.36804584170436e-13    1.2947111866742e-12    4.8662571260717e-07    1.13785376330801e-06
53.499999999966    8.5590740413538e-18    5.10073009969456e-19    2.36625831604647e-13    1.29427669133445e-12    4.86442012581815e-07    1.13766281970294e-06
53.9999999999648    8.77881661802741e-18    2.53757210390691e-19    2.36462627464798e-13    1.29623776982717e-12    4.8627423072254e-07    1.13852438262304e-06
54.4999999999637    8.76631723416474e-18    -1.37502405688616e-19    2.36816369253809e-13    1.29228870786727e-12    4.86637821437883e-07    1.13678877011838e-06
54.9999999999625    8.70972863670493e-18    -1.29359625602257e-19    2.36026728142699e-13    1.2978701629489e-12    4.85825820786318e-07    1.13924104690311e-06
55.4999999999614    8.67078253599933e-18    -2.56784065594569e-20    2.36758202158235e-13    1.29209730531883e-12    4.86578053510672e-07    1.13670458137496e-06
55.9999999999602    8.66095728660194e-18    2.28874926093802e-20    2.36216767207994e-13    1.29627540062208e-12    4.86021364970712e-07    1.13854090862914e-06
56.499999999959    8.68877840416986e-18    8.72023834549503e-20    2.36127133569288e-13    1.29398661048351e-12    4.85929144597531e-07    1.13753532274102e-06
56.9999999999579    8.76713117726216e-18    1.19975244589178e-19    2.36110570768664e-13    1.29676296709762e-12    4.85912101895666e-07    1.13875500749618e-06
57.4999999999567    8.69941049424071e-18    -3.73009881412803e-19    2.37023471674705e-13    1.29211846393791e-12    4.86850564007792e-07    1.13671388833686e-06
57.9999999999555    8.44162416375094e-18    -5.81964115496162e-19    2.36386664680458e-13    1.29605574443202e-12    4.86196117508623e-07    1.13844444064347e-06
58.4999999999544    8.21350472383907e-18    -2.85846664838688e-19    2.36298080158882e-13    1.29454880118018e-12    4.86105009394968e-07    1.13778240502311e-06
58.9999999999532    8.16264400714286e-18    1.94951085950266e-20    2.36191326899416e-13    1.29435979476759e-12    4.85995192259569e-07    1.13769934287033e-06
59.499999999952    8.12998242825626e-18    -1.60012789160894e-19    2.35973069761415e-13    1.29670723051811e-12    4.85770593759456e-07    1.13873053463851e-06
59.9999999999509    8.03714721533969e-18    -1.99899329649966e-19    2.3676721941875e-13    1.29125570498677e-12    4.86587319418365e-07    1.13633432799805e-06
60.4999999999497    7.97713044805515e-18    -1.28521422646483e-20    2.35382932933138e-13    1.29765972000746e-12    4.85162790136608e-07    1.13914868213393e-06
60.9999999999485    7.98293553946968e-18    3.50942199309419e-21    2.35922918237104e-13    1.29549746701155e-12    4.85718970431569e-07    1.13819922114345e-06
61.4999999999474    7.97835448209712e-18    7.24213589955082e-22    2.37119257796475e-13    1.29220803708801e-12    4.86948927297797e-07    1.13675328769615e-06
61.9999999999462    8.03427822541506e-18    2.38352399660917e-19    2.36509834229518e-13    1.29625564720141e-12    4.86322767541803e-07    1.13853223371207e-06
62.499999999945    8.15852161462945e-18    2.07333184043522e-19    2.36758691969096e-13    1.29436311771963e-12    4.86578556832394e-07    1.13770080325173e-06
62.9999999999439    8.25015814570125e-18    1.37856449896002e-19    2.36618892073665e-13    1.29297018271882e-12    4.86434879581702e-07    1.13708846741088e-06
63.4999999999427    8.25483314757237e-18    -3.93306714823656e-20    2.3550654493141e-13    1.29872811109237e-12    4.85290165706467e-07    1.1396175284245e-06
63.9999999999415    8.33314615611757e-18    3.24896867567332e-19    2.36999214200153e-13    1.29191424573248e-12    4.86825650721234e-07    1.13662405646391e-06
64.4999999999439    8.46396657813776e-18    1.83877846887805e-19    2.36546570533854e-13    1.29417810411027e-12    4.86360535543185e-07    1.13761949003622e-06
64.9999999999463    8.5729844826038e-18    2.23061305666633e-19    2.35971022051945e-13    1.29902347005847e-12    4.85768486063006e-07    1.13974710794039e-06
65.4999999999487    8.68550369725042e-18    3.54860465821584e-19    2.37647357567925e-13    1.28811983333582e-12    4.87490879471529e-07    1.13495367012747e-06
65.9999999999511    8.90391842492865e-18    3.51044386811225e-19    2.35666453952534e-13    1.30085412499079e-12    4.85454893839308e-07    1.14054992218263e-06
66.4999999999535    9.0591382334631e-18    3.4061006076143e-19    2.36785134573188e-13    1.29081647598782e-12    4.86605728052175e-07    1.13614104581598e-06
66.9999999999559    9.21563846174705e-18    3.43680576803704e-19    2.3637472741806e-13    1.29741104910496e-12    4.86183841173337e-07    1.13903952921089e-06
67.4999999999582    9.45901444307854e-18    5.85441350954581e-19    2.36682773950313e-13    1.29211262674083e-12    4.86500538489232e-07    1.13671132075863e-06
67.9999999999606    9.73260407220943e-18    3.89551212959701e-19    2.36277017868391e-13    1.29842618280336e-12    4.86083344570035e-07    1.13948505159276e-06
68.499999999963    9.78659964381227e-18    -1.5113882503389e-19    2.3722800697763e-13    1.28977228742734e-12    4.87060578344861e-07    1.13568141986534e-06
68.9999999999654    9.58598552689219e-18    -5.34628306094741e-19    2.36007783226055e-13    1.30054053496915e-12    4.85806322752242e-07    1.14041244072886e-06
69.4999999999678    9.38869731229822e-18    -2.77012964374235e-19    2.37569147872242e-13    1.28981535139264e-12    4.8741065629738e-07    1.13570037923417e-06
69.9999999999702    9.36414347141304e-18    2.76816616516272e-19    2.36745151433093e-13    1.29664930031985e-12    4.86564642604755e-07    1.13870509804771e-06
70.4999999999726    9.53560301469797e-18    2.76080668815989e-19    2.36169773162751e-13    1.29395680384788e-12    4.8597301690809e-07    1.13752222125455e-06
70.999999999975    9.66398842843477e-18    2.1933950707075e-19    2.35928169576742e-13    1.29683573205978e-12    4.85724376140154e-07    1.13878695639693e-06
71.4999999999773    9.69454109540549e-18    -9.35911840018375e-20    2.36760574764829e-13    1.29366811610789e-12    4.86580491558004e-07    1.13739532094513e-06
71.9999999999797    9.61363055909403e-18    -2.11622689456938e-19    2.37090712913364e-13    1.29320791283279e-12    4.86919616480343e-07    1.13719299717893e-06
72.4999999999821    9.49826490195975e-18    -1.5688933053019e-19    2.35884483546494e-13    1.29528497122377e-12    4.85679404078961e-07    1.13810586995401e-06
72.9999999999845    9.5298465318322e-18    2.37430212427471e-19    2.35420111309944e-13    1.29724320927274e-12    4.85201103986733e-07    1.13896585079305e-06
73.4999999999869    9.69441906203133e-18    4.28568757099305e-19    2.36497797615527e-13    1.29127274789482e-12    4.86310392255324e-07    1.13634182704625e-06
73.9999999999893    9.90867377678561e-18    3.2620508440224e-19    2.35424828791559e-13    1.29754012126342e-12    4.85205965329733e-07    1.1390961861333e-06
74.4999999999917    1.00032888698297e-17    1.44595245585021e-19    2.36405749061284e-13    1.29557222910355e-12    4.8621574332932e-07    1.13823206293952e-06
74.9999999999941    1.00778944705204e-17    7.94167672747323e-20    2.37472530494862e-13    1.28919354436907e-12    4.87311533307864e-07    1.13542659136074e-06
75.4999999999964    1.00930182759196e-17    5.59115860247606e-20    2.35396063427424e-13    1.30161584582806e-12    4.85176321997915e-07    1.14088380031801e-06
75.9999999999988    1.0172093906733e-17    3.01861081426622e-19    2.37079171032275e-13    1.28930680568092e-12    4.86907764399249e-07    1.13547646637036e-06
76.5000000000012    1.03786128578705e-17    4.47960816680686e-19    2.36040293540614e-13    1.29770750164773e-12    4.8583978176001e-07    1.13916965446229e-06
77.0000000000036    1.05888432593771e-17    3.50606976288246e-19    2.36331405461941e-13    1.29438607147433e-12    4.86139286071329e-07    1.13771089098871e-06
77.500000000006    1.07175651687128e-17    2.55016071038658e-19    2.36619112209901e-13    1.29206758726483e-12    4.86435105856784e-07    1.13669150927806e-06
78.0000000000084    1.08388836859544e-17    1.27565383712898e-19    2.35129875097729e-13    1.29907862564509e-12    4.84901923173882e-07    1.13977130409793e-06
78.5000000000108    1.08544154745627e-17    -2.35302810116839e-20    2.36541936675661e-13    1.29215018626398e-12    4.86355771710032e-07    1.13672784177391e-06
79.0000000000132    1.0788301481031e-17    -2.72496006506689e-19    2.36350801276685e-13    1.29426237734808e-12    4.86159234486691e-07    1.13765652872388e-06
79.5000000000155    1.05500855144723e-17    -6.63605278874593e-19    2.35722100158915e-13    1.2969525088769e-12    4.85512203923768e-07    1.13883822770265e-06
80.0000000000179    1.0221868371997e-17    -5.81640441499616e-19    2.36643757042864e-13    1.29294417524501e-12    4.86460437284332e-07    1.13707703135936e-06
80.5000000000203    1.00131059042695e-17    -1.88866272359982e-19    2.36378468382708e-13    1.29503582951562e-12    4.86187688431852e-07    1.13799641015058e-06
81.0000000000227    1.00150347634421e-17    1.12952382233891e-19    2.36467714775154e-13    1.29621350410215e-12    4.86279461601201e-07    1.13851372591733e-06
81.5000000000251    1.00764049513867e-17    1.05722174214149e-19    2.37043041975796e-13    1.29030326805201e-12    4.86870662471869e-07    1.13591516763005e-06
82.0000000000275    1.01186482535382e-17    1.03323796743691e-19    2.35236962897881e-13    1.30057526927851e-12    4.85012332727613e-07    1.14042766946374e-06
82.5000000000299    1.02331983270473e-17    3.55093563944952e-19    2.36856720750988e-13    1.29107364040585e-12    4.86679279146943e-07    1.13625421469223e-06
83.0000000000323    1.03955149580014e-17    2.43058998377413e-19    2.36616633345519e-13    1.29522392979216e-12    4.86432557859277e-07    1.13807905252322e-06
83.5000000000346    1.04640511203417e-17    -4.88822221429498e-21    2.36110565281732e-13    1.29498972334366e-12    4.85912096249653e-07    1.13797615236158e-06
84.000000000037    1.04403725655896e-17    6.98296583491246e-21    2.36177708073733e-13    1.29548526878167e-12    4.85981180781451e-07    1.13819386256545e-06
84.5000000000394    1.04692217296175e-17    1.26897730919733e-19    2.36664816821904e-13    1.29381206135487e-12    4.86482082734713e-07    1.13745859764427e-06
85.0000000000418    1.0601513860135e-17    3.27736155730294e-19    2.36623553823269e-13    1.29521246028971e-12    4.86439671309063e-07    1.13807401353766e-06
85.5000000000442    1.07431335330888e-17    2.36469664693119e-19    2.36970164716836e-13    1.2951525580825e-12    4.86795814194038e-07    1.13804769587329e-06
86.0000000000466    1.07978469326482e-17    -2.61600760414814e-20    2.3721460313002e-13    1.2914025237662e-12    4.87046818211577e-07    1.13639892809092e-06
86.500000000049    1.07406248213164e-17    -1.86897577150474e-19    2.35721719125114e-13    1.30021518613343e-12    4.85511811519673e-07    1.14026978655642e-06
87.0000000000514    1.06902281568819e-17    1.03616735810602e-19    2.37319314992876e-13    1.28893034751337e-12    4.8715430306308e-07    1.13531068325519e-06
87.5000000000537    1.08770185030714e-17    5.34376049733294e-19    2.35708930832721e-13    1.29922784817595e-12    4.85498641432415e-07    1.13983676382891e-06
88.0000000000561    1.10939020256812e-17    3.60939771572406e-19    2.36676580332382e-13    1.2930160586928e-12    4.8649417296858e-07    1.1371086397934e-06
88.5000000000585    1.12887644958694e-17    3.37984490744423e-19    2.36680408310083e-13    1.29312720129854e-12    4.86498107200925e-07    1.13715750945001e-06
89.0000000000609    1.14358643520588e-17    3.45484607030636e-19    2.35716579125965e-13    1.29799395034454e-12    4.85506518108629e-07    1.13929537449449e-06
89.5000000000633    1.15881020214082e-17    1.87660067634702e-19    2.3652136441045e-13    1.29101458859148e-12    4.8633462185048e-07    1.13622822909461e-06
90.0000000000657    1.16491601043736e-17    7.7056681541754e-20    2.35637370784145e-13    1.29928451528549e-12    4.85424938362405e-07    1.13986162111262e-06
90.5000000000681    1.16723024217746e-17    4.94271306026434e-20    2.37150371691558e-13    1.29054636621564e-12    4.86980874051084e-07    1.13602216801242e-06
91.0000000000705    1.17312810189768e-17    1.95943654217716e-19    2.36289533493276e-13    1.29539892146715e-12    4.86096218349079e-07    1.13815593020779e-06
91.5000000000728    1.18217465721911e-17    1.05467311708707e-19    2.35413046537449e-13    1.29660787811756e-12    4.85193823680237e-07    1.13868690961017e-06
92.0000000000752    1.18410779442612e-17    -1.15117918055438e-20    2.36460330679203e-13    1.29467260758256e-12    4.86271869101229e-07    1.13783681061151e-06
92.5000000000776    1.17955955584322e-17    -1.41344872891427e-19    2.37027660191034e-13    1.291644194385e-12    4.86854865633521e-07    1.13650525488667e-06
93.00000000008    1.17835323416962e-17    1.1914189162598e-19    2.36025366596281e-13    1.29893554720248e-12    4.85824419514171e-07    1.13970853607511e-06
93.5000000000824    1.18638916501789e-17    1.77919520340537e-19    2.37055616021697e-13    1.29021874742018e-12    4.86883575428148e-07    1.13587796326022e-06
94.0000000000848    1.19351684965526e-17    4.52375936821041e-20    2.36266987569833e-13    1.30020371663238e-12    4.86073026992687e-07    1.14026475725262e-06
94.5000000000872    1.19328737304716e-17    1.76911734857873e-20    2.37769243368802e-13    1.28734137546906e-12    4.87615876862928e-07    1.13461067131817e-06
95.0000000000896    1.19556304954752e-17    7.46762000309523e-20    2.35911766694765e-13    1.30358242950125e-12    4.85707490877755e-07    1.14174534354262e-06
95.5000000000919    1.20077445536203e-17    6.90015148466398e-20    2.38228902764888e-13    1.28426034932444e-12    4.88086982785741e-07    1.13325211198764e-06
96.0000000000943    1.19814402455325e-17    -1.42969592535491e-19    2.35121448576524e-13    1.30352237838982e-12    4.848932342037e-07    1.14171904529522e-06
96.5000000000967    1.19214867374205e-17    -6.31653694997532e-20    2.36549048716865e-13    1.28993380280078e-12    4.86363083217533e-07    1.13575252709416e-06
97.0000000000991    1.19099964222711e-17    2.26305425634122e-20    2.36084498280403e-13    1.29677785385947e-12    4.85885272755208e-07    1.13876154389735e-06
97.5000000001015    1.19750163162144e-17    2.21468076643086e-19    2.36186041392533e-13    1.29388956892457e-12    4.85989754411071e-07    1.13749266763552e-06
98.0000000001039    1.2072188073323e-17    1.19633508467314e-19    2.3615445439329e-13    1.29461685207045e-12    4.85957255726561e-07    1.13781230968488e-06
98.5000000001063    1.20619243581213e-17    -1.95473479587662e-19    2.3606724359227e-13    1.29610531350527e-12    4.85867516502462e-07    1.13846621096336e-06
99.0000000001087    1.18758562386525e-17    -4.75492328541854e-19    2.36643300792618e-13    1.29113812289757e-12    4.86459968335133e-07    1.13628258936656e-06
99.500000000111    1.16683683892903e-17    -3.33990514789938e-19    2.35215473627197e-13    1.29908967458465e-12    4.84990178897673e-07    1.1397761510861e-06
100.000000000113    1.15686978724892e-17    -4.39820433721737e-21    2.36372527922603e-13    1.29185978723954e-12    4.86181579168322e-07    1.1366000999646e-06
100.500000000116    1.16418766063133e-17    1.98593102612562e-19    2.36199814942188e-13    1.29622314209672e-12    4.86003924821794e-07    1.13851795861845e-06
101.000000000118    1.17189867815543e-17    1.08350992571037e-19    2.36587096034517e-13    1.29355357733175e-12    4.8640219575421e-07    1.13734496848219e-06
101.500000000121    1.17300311132254e-17    -9.01931220065019e-20    2.36511461249209e-13    1.29519868691168e-12    4.86324440316554e-07    1.13806796234306e-06
102.000000000123    1.1634296717888e-17    -2.55467368037924e-19    2.36508684452806e-13    1.29413085836024e-12    4.86321585427591e-07    1.13759872466535e-06
102.500000000125    1.15300932064975e-17    -1.08613138547176e-19    2.36388229714882e-13    1.29572247526279e-12    4.86197726974203e-07    1.13829806081834e-06
103.000000000128    1.15192983278349e-17    -7.33419851678855e-21    2.36815337308952e-13    1.29341885651925e-12    4.86636761156566e-07    1.13728574092848e-06
103.50000000013    1.14902121832006e-17    -4.81412767248426e-20    2.36388747784731e-13    1.29444377330378e-12    4.86198259750825e-07    1.13773624944615e-06
104.000000000133    1.15232354304775e-17    1.67678181020646e-19    2.35828523275637e-13    1.29655194197155e-12    4.8562179036328e-07    1.13866234765691e-06
104.500000000135    1.16635548272071e-17    4.39053987472412e-19    2.36663149744896e-13    1.29367479071615e-12    4.86480369331483e-07    1.13739825510511e-06
105.000000000137    1.19552846300767e-17    6.36524654663301e-19    2.36730293036077e-13    1.29315391370922e-12    4.86549373687889e-07    1.13716925464471e-06
105.50000000014    1.22095931762375e-17    3.73466994273315e-19    2.35784456736743e-13    1.29732680638307e-12    4.85576416989894e-07    1.13900254889226e-06
106.000000000142    1.23447662921112e-17    1.36175316978449e-19    2.36672291884187e-13    1.29345171910142e-12    4.86489765446496e-07    1.13730018864916e-06
106.500000000144    1.23822191424593e-17    1.3151647380594e-19    2.36773766880103e-13    1.29380671521601e-12    4.86594047312648e-07    1.13745624760516e-06
107.000000000147    1.25076631392731e-17    3.22426158241406e-19    2.3624011045452e-13    1.29559720809922e-12    4.86045379007475e-07    1.13824303560322e-06
107.500000000149    1.26693136886935e-17    3.19204671589433e-19    2.36058664220996e-13    1.29342155140701e-12    4.85858687501825e-07    1.13728692571708e-06
108.000000000152    1.28443706260231e-17    3.46544512969827e-19    2.35642153255426e-13    1.29835784019636e-12    4.85429864404144e-07    1.13945506282449e-06
108.500000000154    1.29722719950114e-17    1.90866890864437e-19    2.37316178845545e-13    1.29026434912986e-12    4.87151084208528e-07    1.1358980364143e-06
109.000000000156    1.29963742005327e-17    -1.47438718926454e-19    2.36298507381486e-13    1.29650843992019e-12    4.86105448829249e-07    1.13864324523539e-06
109.500000000159    1.29272066684571e-17    -6.12236026189133e-20    2.36249593491017e-13    1.29562875740025e-12    4.8605513420909e-07    1.13825689429067e-06
110.000000000161    1.2913251256544e-17    7.18629854248472e-20    2.37007282060293e-13    1.29248012384584e-12    4.86833936841191e-07    1.13687295853399e-06
110.500000000164    1.30089215094751e-17    1.98794998295768e-19    2.36283037172909e-13    1.29577486084494e-12    4.86089536168913e-07    1.13832107107131e-06
111.000000000166    1.30350099709313e-17    -1.6784763995512e-19    2.36169096795736e-13    1.29485881939921e-12    4.85972321018117e-07    1.13791863478863e-06
111.500000000168    1.28651627386725e-17    -3.03918298997087e-19    2.36349095742518e-13    1.29368954350567e-12    4.86157480393461e-07    1.13740474040935e-06
112.000000000171    1.28617352217974e-17    2.81262107877208e-19    2.35672531403023e-13    1.29497998219206e-12    4.85461153340845e-07    1.13797187232025e-06
112.500000000173    1.31281329482901e-17    7.05705577633882e-19    2.35697254823234e-13    1.29772251240311e-12    4.85486616523292e-07    1.13917624290674e-06
113.000000000176    1.34500388816179e-17    5.19186225991221e-19    2.37461394957234e-13    1.29006467389067e-12    4.87300107692614e-07    1.13581013989605e-06
113.500000000178    1.36225702052055e-17    1.74344244188588e-19    2.36569007460338e-13    1.29789747457133e-12    4.86383601142491e-07    1.13925303360199e-06
114.00000000018    1.36409019119864e-17    -8.10582159196707e-20    2.3708764597598e-13    1.29132252447617e-12    4.86916467143986e-07    1.13636372895133e-06
114.500000000183    1.36168846560055e-17    4.80081491138356e-20    2.3582231170748e-13    1.29671444062996e-12    4.85615394841926e-07    1.13873370048926e-06
115.000000000185    1.36679643824005e-17    1.52701765837644e-19    2.35721758994416e-13    1.2954073692343e-12    4.85511852578715e-07    1.13815964136597e-06
115.500000000187    1.37699189981287e-17    1.97325491742728e-19    2.36541492470846e-13    1.29389774948108e-12    4.86355315043278e-07    1.13749626350203e-06
116.00000000019    1.38444111670332e-17    1.06386386513539e-19    2.36679629183059e-13    1.2940446784048e-12    4.86497306449953e-07    1.1375608460231e-06
116.500000000192    1.3856881597353e-17    -2.91581293152429e-20    2.36357101551934e-13    1.29482105953622e-12    4.8616571408516e-07    1.13790204303192e-06
117.000000000195    1.38520303922789e-17    -6.56633418585639e-21    2.36120003907497e-13    1.29529161716838e-12    4.85921808429605e-07    1.13810878968945e-06
117.500000000197    1.38356782836487e-17    -6.50940146071351e-20    2.36432955171101e-13    1.29378850011529e-12    4.8624371992973e-07    1.13744824063132e-06
118.000000000199    1.38104478831376e-17    1.68503928607412e-20    2.36061430780455e-13    1.29504868120016e-12    4.85861534575907e-07    1.13800205676447e-06
118.500000000202    1.38184483231312e-17    -3.18429445280368e-20    2.36218215714872e-13    1.2958636860395e-12    4.86022855136332e-07    1.13836008628179e-06
119.000000000204    1.38388155785716e-17    1.21436582733669e-19    2.37080169603946e-13    1.29310830776682e-12    4.86908789819969e-07    1.13714920206929e-06
119.500000000207    1.38353676581436e-17    -2.11490432647396e-19    2.36961823717733e-13    1.29401905761543e-12    4.86787246872526e-07    1.1375495846843e-06
120.000000000209    1.36361464133349e-17    -4.87157494597341e-19    2.36171078042874e-13    1.29611350642637e-12    4.85974359450037e-07    1.13846980918528e-06
120.500000000211    1.34303727633267e-17    -3.71247145593013e-19    2.36701519279774e-13    1.29443885751453e-12    4.8651980358437e-07    1.13773408910629e-06
121.000000000214    1.32749105070642e-17    -1.54815787451737e-19    2.3666704920685e-13    1.29173107927584e-12    4.86484377145711e-07    1.13654347883213e-06
121.500000000216    1.32631433716112e-17    3.35954462091782e-20    2.3523659506897e-13    1.30046828716846e-12    4.85011953532044e-07    1.14038076411717e-06
122.000000000218    1.32866067083466e-17    5.90740380626314e-20    2.37309267640462e-13    1.28954978869938e-12    4.87143990664426e-07    1.13558345739068e-06
122.500000000221    1.33725109309363e-17    3.33039055944904e-19    2.36416252035528e-13    1.29640782868501e-12    4.86226543943795e-07    1.13859906406294e-06
123.000000000223    1.35811935432716e-17    4.72944199245486e-19    2.3630813892106e-13    1.29527469398746e-12    4.86115355570115e-07    1.13810135488341e-06
123.500000000226    1.38249452787548e-17    4.24348840274403e-19    2.36775718595122e-13    1.29281826831887e-12    4.86596052794432e-07    1.13702166572096e-06
124.000000000228    1.39843997750739e-17    2.57563858310181e-19    2.36012224565556e-13    1.29561685189623e-12    4.85810893831701e-07    1.13825166456994e-06
124.50000000023    1.40576579300003e-17    -8.71849052255423e-21    2.35952055678857e-13    1.29594649543691e-12    4.85748963641568e-07    1.1383964579341e-06
125.000000000233    1.40292318449249e-17    -2.23513063007257e-20    2.3677416789362e-13    1.29159754570369e-12    4.86594459374149e-07    1.13648473183923e-06
125.500000000235    1.40802909853066e-17    2.86182147161595e-19    2.35490520422479e-13    1.29634915305356e-12    4.85273655191046e-07    1.13857329718098e-06
126.000000000238    1.43197771820057e-17    5.54348596234232e-19    2.35472017724297e-13    1.29645774239412e-12    4.85254590626712e-07    1.13862098276561e-06
126.50000000024    1.45352175480867e-17    2.82613476034721e-19    2.36915601811729e-13    1.29240210358711e-12    4.86739768060644e-07    1.13683864448175e-06
127.000000000242    1.46139373060374e-17    1.22049297385372e-19    2.36603087728302e-13    1.2935814736718e-12    4.86418634232183e-07    1.13735723221501e-06
127.500000000245    1.47538929255559e-17    4.34905260686771e-19    2.35668209402719e-13    1.29746055464851e-12    4.85456701882587e-07    1.13906126027027e-06
128.000000000247    1.50257823704755e-17    6.44763665480729e-19    2.364448580919e-13    1.29229565108262e-12    4.86255959441013e-07    1.13679182398653e-06
128.50000000025    1.53292313240426e-17    4.87465710757164e-19    2.36186948709974e-13    1.29660502542622e-12    4.8599068788401e-07    1.13868565698626e-06
129.000000000252    1.55030864233392e-17    2.22359963539836e-19    2.36763514958028e-13    1.29278667045369e-12    4.86583512830046e-07    1.13700777062151e-06
129.500000000254    1.5555565772084e-17    2.71691244589e-20    2.36502700431208e-13    1.29544984077814e-12    4.86315433058841e-07    1.13817829920366e-06
130.000000000257    1.55925784177259e-17    1.26239072605013e-19    2.36376816914671e-13    1.2941049429168e-12    4.86185990043595e-07    1.1375873341932e-06
130.500000000259    1.56590359570769e-17    1.50869203736082e-19    2.36381775745667e-13    1.29614715139456e-12    4.86191089743186e-07    1.13848458548834e-06
131.000000000261    1.57082570899197e-17    -1.66023454571874e-20    2.37131923254417e-13    1.29252533339119e-12    4.86961932038241e-07    1.13689284164832e-06
131.500000000264    1.56885597411175e-17    -3.83397729242188e-21    2.36521297563721e-13    1.29445718790831e-12    4.86334553125439e-07    1.13774214473593e-06
132.000000000266    1.56722189047417e-17    -6.64732385160618e-20    2.35756030887034e-13    1.29709789873138e-12    4.85547145895261e-07    1.13890205844549e-06
132.500000000269    1.56363211514461e-17    -1.21852233317438e-19    2.36779721463625e-13    1.2923357280873e-12    4.86600165909985e-07    1.13680945108989e-06
133.000000000271    1.55517755602393e-17    -1.53676797631127e-19    2.36339457176627e-13    1.2955796458306e-12    4.86147567284489e-07    1.1382353209379e-06
133.500000000273    1.54789424041382e-17    -1.73254102940083e-19    2.36547650342742e-13    1.29489505522489e-12    4.86361645632899e-07    1.13793455665292e-06
134.000000000276    1.5397892231924e-17    -1.2386966584304e-19    2.36750736239536e-13    1.29286482107097e-12    4.86570381588867e-07    1.13704213689334e-06
134.500000000278    1.53846106363069e-17    1.28441284273984e-19    2.36238317800769e-13    1.29792835024337e-12    4.86043534882184e-07    1.13926658436178e-06
135.000000000281    1.55278202534926e-17    3.88150956226749e-19    2.37419738682137e-13    1.29038051888558e-12    4.87257363907552e-07    1.13594917090756e-06
135.500000000283    1.57575455005564e-17    5.37252381946085e-19    2.3621218995032e-13    1.29713887899612e-12    4.86016656042074e-07    1.13892004943109e-06
136.000000000285    1.60385941498166e-17    5.39231112021666e-19    2.36277493570851e-13    1.29445203708563e-12    4.86083833891697e-07    1.13773988111766e-06
136.500000000288    1.62418661477391e-17    2.33170760973713e-19    2.36632805650359e-13    1.29365184975385e-12    4.86449180953529e-07    1.13738817021888e-06
137.00000000029    1.62627784538108e-17    -1.26088475246431e-19    2.36184082382182e-13    1.29539253978306e-12    4.85987738921654e-07    1.13815312668509e-06
137.500000000292    1.61756081216861e-17    -1.70976659032842e-19    2.36274022804995e-13    1.29403462597994e-12    4.86080263747661e-07    1.13755642760258e-06
138.000000000295    1.61081064019152e-17    -8.95225297535207e-20    2.36049353610564e-13    1.29507536715838e-12    4.85849105804018e-07    1.13801378162058e-06
138.500000000297    1.60900177665295e-17    2.95491932881632e-20    2.36211109092121e-13    1.29491632355754e-12    4.86015544084879e-07    1.1379439017621e-06
139.0000000003    1.61305411145173e-17    9.20275573813451e-20    2.36504728436804e-13    1.2930057442259e-12    4.86317518126588e-07    1.13710410439234e-06
139.500000000302    1.62014021486476e-17    1.88592801017061e-19    2.35787153667285e-13    1.2963986998105e-12    4.85579194022236e-07    1.13859505523716e-06
140.000000000304    1.62089560426798e-17    -1.75420915277415e-19    2.36280015586851e-13    1.2939806807564e-12    4.86086428103944e-07    1.13753271634551e-06
140.500000000307    1.60706271919756e-17    -4.61761657963647e-19    2.36539039530158e-13    1.29486660823934e-12    4.86352793278869e-07    1.13792205718992e-06
141.000000000309    1.57226321116778e-17    -8.13019808763113e-19    2.36768381566497e-13    1.29278098515786e-12    4.86588513599013e-07    1.13700527050575e-06
141.500000000312    1.53259128878748e-17    -7.47154004352207e-19    2.3578679645074e-13    1.2966309693207e-12    4.85578826196881e-07    1.13869704896461e-06
142.000000000314    1.50044463043299e-17    -5.38977880047538e-19    2.363131212282e-13    1.29440996619114e-12    4.86120480157131e-07    1.13772139216556e-06
142.500000000316    1.47780676413542e-17    -3.75623491238257e-19    2.36608096987281e-13    1.29252802863182e-12    4.8642378332816e-07    1.13689402700156e-06
143.000000000319    1.46548012791658e-17    -7.42473949328423e-20    2.35633181012747e-13    1.29701020578459e-12    4.85420622772403e-07    1.13886355889746e-06
143.500000000321    1.46835324467679e-17    1.61098946371526e-19    2.36201335695315e-13    1.29392290262806e-12    4.86005489367471e-07    1.13750731981296e-06
144.000000000324    1.4808191964275e-17    2.89110047855471e-19    2.36548609627249e-13    1.29393308515172e-12    4.8636263181627e-07    1.13751179560993e-06
144.500000000326    1.49333156197787e-17    2.19627902298847e-19    2.3628770154797e-13    1.29496139175306e-12    4.86094334001097e-07    1.13796370405785e-06
145.000000000328    1.50519706760244e-17    2.74098526771843e-19    2.3645801106757e-13    1.29579185945212e-12    4.86269483997885e-07    1.13832853757258e-06
145.500000000331    1.52062965011348e-17    3.59766510385346e-19    2.37317723252601e-13    1.29175654655328e-12    4.87152669347712e-07    1.13655468260585e-06
146.000000000333    1.54419728838685e-17    5.60384766616372e-19    2.36268918631195e-13    1.29618956512261e-12    4.86075013378794e-07    1.1385032126097e-06
146.500000000335    1.57344647663583e-17    6.2967366311213e-19    2.36089256317269e-13    1.29350256128585e-12    4.85890168986026e-07    1.13732254056879e-06
147.000000000338    1.60890133527772e-17    7.36970198109638e-19    2.35373808428707e-13    1.2962907180227e-12    4.85153386496175e-07    1.13854763537706e-06
147.50000000034    1.63968723450592e-17    5.06872502776646e-19    2.36169689561164e-13    1.29509708030227e-12    4.85972930893444e-07    1.13802332151071e-06
148.000000000343    1.66343652354013e-17    3.84850730149274e-19    2.36815458921751e-13    1.29064903725376e-12    4.86636886108884e-07    1.13606735594935e-06
148.500000000345    1.67680196005154e-17    2.38748773462901e-19    2.35610395071391e-13    1.30123473879005e-12    4.85397151898722e-07    1.1407167653673e-06
149.000000000347    1.68543897724194e-17    3.9185302567645e-20    2.37872168849511e-13    1.28662833936039e-12    4.87721404953187e-07    1.13429640718835e-06
149.50000000035    1.68814609902785e-17    1.47718703811828e-19    2.35723379674514e-13    1.30009072306176e-12    4.85513521618619e-07    1.14021520909948e-06
150.000000000352    1.70078177350812e-17    3.96808687344475e-19    2.36439159776533e-13    1.29292010193719e-12    4.86250100027273e-07    1.13706644570016e-06
150.500000000355    1.72524010763711e-17    4.58160837763524e-19    2.36756457619111e-13    1.2935792782013e-12    4.86576260846243e-07    1.13735626705149e-06
151.000000000357    1.74207323126484e-17    2.24091291739897e-19    2.35840962462184e-13    1.29465149461365e-12    4.8563459767832e-07    1.13782753289488e-06
151.500000000359    1.7499097019193e-17    2.13334368886277e-19    2.3539754646412e-13    1.29764168610529e-12    4.85177850343686e-07    1.13914076658914e-06
152.000000000362    1.77220433310845e-17    5.97090756048809e-19    2.37118224524719e-13    1.29179252492791e-12    4.86947866331417e-07    1.13657051031949e-06
152.500000000364    1.80041407583974e-17    5.35592929349587e-19    2.36678328721141e-13    1.29300605967092e-12    4.86495969891983e-07    1.13710424309775e-06
153.000000000366    1.82729866266853e-17    5.04081651127648e-19    2.35517586598885e-13    1.29928439478143e-12    4.85301541929227e-07    1.13986156825355e-06
153.500000000369    1.85005858839665e-17    4.89935046531104e-19    2.36824090429513e-13    1.28847687910069e-12    4.86645754558193e-07    1.13511095453294e-06
154.000000000371    1.87724892991709e-17    4.75322860822625e-19    2.3524193686186e-13    1.30165264187705e-12    4.85017460368036e-07    1.14089992632003e-06
154.500000000374    1.89743633983114e-17    4.44856683299381e-19    2.37220246649862e-13    1.288144688474e-12    4.87052611788359e-07    1.1349646199217e-06
155.000000000376    1.92239049734087e-17    5.34521034542173e-19    2.36138240811359e-13    1.29929031665527e-12    4.85940573333159e-07    1.13986416587911e-06
155.500000000378    1.94923904496454e-17    4.35547290141775e-19    2.37153644485221e-13    1.29159535643011e-12    4.86984234329224e-07    1.13648376866109e-06
156.000000000381    1.96518327340948e-17    3.07305171032037e-19    2.36990072431e-13    1.29542276754132e-12    4.86816261469355e-07    1.13816640590966e-06
156.500000000383    1.98108131369248e-17    3.51139258126695e-19    2.36728948135295e-13    1.29380544695284e-12    4.86547991605448e-07    1.13745569010526e-06
157.000000000386    2.00832076124639e-17    6.88545446427315e-19    2.36228329358691e-13    1.29459626930363e-12    4.86033259519028e-07    1.13780326476225e-06
157.500000000388    2.04077240943824e-17    6.13755653657185e-19    2.35837355536784e-13    1.29686314985376e-12    4.8563088404341e-07    1.13879899449102e-06
158.00000000039    2.06885537513872e-17    4.46930908963398e-19    2.37152138534952e-13    1.29261454173201e-12    4.86982688126541e-07    1.13693207437032e-06
158.500000000393    2.07958335349676e-17    1.00439517306328e-20    2.37025777758943e-13    1.29311828952654e-12    4.86852932371721e-07    1.13715359100103e-06
159.000000000395    2.08480232874594e-17    2.44644407555335e-19    2.35859234173866e-13    1.29756401472825e-12    4.85653409515332e-07    1.13910667398986e-06
159.500000000398    2.09462907798375e-17    2.02602076870204e-19    2.36802521027702e-13    1.292361450969e-12    4.86623592756971e-07    1.13682076466301e-06
160.0000000004    2.10922019281103e-17    2.00158770325449e-19    2.36211691358207e-13    1.29460326694833e-12    4.86016143104534e-07    1.13780633982604e-06
160.500000000402    2.1112339674656e-17    3.15455609809204e-20    2.35998703418689e-13    1.29750195934412e-12    4.85796977572616e-07    1.13907943504574e-06
161.000000000405    2.11019703214118e-17    -1.21933332560385e-19    2.37402134743555e-13    1.29020233563963e-12    4.87239299260184e-07    1.13587073896621e-06
161.500000000407    2.11063426606029e-17    1.84637190612193e-19    2.36229443261629e-13    1.29674239431049e-12    4.86034405429933e-07    1.13874597444316e-06
162.000000000409    2.12325287430102e-17    3.45418793362434e-19    2.36146941618556e-13    1.2950976425879e-12    4.85949525793117e-07    1.13802356855555e-06
162.500000000412    2.14328538945766e-17    3.35801108137653e-19    2.36819439199836e-13    1.29327232412449e-12    4.86640975668753e-07    1.13722131712543e-06
163.000000000414    2.15785191433185e-17    3.46771256988997e-19    2.36505959198045e-13    1.29479220233733e-12    4.86318783513494e-07    1.13788936295992e-06
163.500000000417    2.1782032435566e-17    4.68200326636648e-19    2.36326526071659e-13    1.29505949774929e-12    4.86134267534864e-07    1.13800680918406e-06
164.000000000419    2.20390783658226e-17    4.54436819754816e-19    2.36430093267022e-13    1.29226157738623e-12    4.86240777050858e-07    1.13677683710842e-06
164.500000000421    2.22062452064724e-17    2.6979762541068e-19    2.34994011820739e-13    1.29780285735316e-12    4.84761809366971e-07    1.13921150685602e-06
165.000000000424    2.23109417790896e-17    1.873727277889e-19    2.36163448920912e-13    1.2939018829436e-12    4.85966510081623e-07    1.13749808041315e-06
165.500000000426    2.24686776801052e-17    4.50459524939437e-19    2.36345196718269e-13    1.29101658363028e-12    4.86153470334491e-07    1.13622910701596e-06
166.000000000429    2.27358423595358e-17    5.62782747864085e-19    2.35116054488732e-13    1.30189880766118e-12    4.84887672032124e-07    1.14100780350582e-06
166.500000000431    2.29645438111533e-17    3.50697297908399e-19    2.37746453501376e-13    1.28616995390128e-12    4.87592507634578e-07    1.13409433201179e-06
167.000000000433    2.31031291472707e-17    2.02114032230862e-19    2.35738132108236e-13    1.29869365398091e-12    4.85528713989437e-07    1.13960241048399e-06
167.500000000436    2.31898955502497e-17    1.76248240686965e-19    2.35428640912875e-13    1.29424572080353e-12    4.8520989366755e-07    1.13764920814965e-06
168.000000000438    2.3292769553197e-17    2.21350376677518e-19    2.36075102657432e-13    1.29577297005938e-12    4.85875604097831e-07    1.13832024055596e-06
168.500000000441    2.34024453074269e-17    2.49335020441038e-19    2.37006533644132e-13    1.29160080037968e-12    4.86833168184063e-07    1.13648616374318e-06
169.000000000443    2.35142718889711e-17    1.28146889159168e-19    2.36126550483131e-13    1.29625351212929e-12    4.85928544626811e-07    1.13853129606932e-06
169.500000000445    2.35814710422904e-17    1.69753091693608e-19    2.36370673489886e-13    1.29504640666227e-12    4.86179672024536e-07    1.13800105740824e-06
170.000000000448    2.35283372115614e-17    -4.694968161265e-19    2.368483930499e-13    1.29226124919055e-12    4.86670723436185e-07    1.1367766927548e-06
170.50000000045    2.32419521563493e-17    -5.50180306455448e-19    2.36210048082816e-13    1.29724336985473e-12    4.86014452545206e-07    1.1389659212877e-06
171.000000000452    2.30318039959019e-17    -2.34664374510171e-19    2.36686907091448e-13    1.29124960055801e-12    4.86504786298602e-07    1.13633164197694e-06
171.500000000455    2.2975982693733e-17    -5.97808558181223e-20    2.35966288643117e-13    1.29923680021995e-12    4.85763613955509e-07    1.13984069071952e-06
172.000000000457    2.3005828035048e-17    2.0276286878555e-19    2.37427847708329e-13    1.28858556469119e-12    4.87265684927976e-07    1.13515882795809e-06
172.50000000046    2.31370797066506e-17    3.30112276064602e-19    2.35626671999993e-13    1.29823276403975e-12    4.8541391821825e-07    1.13940017730372e-06
173.000000000462    2.3315616572168e-17    2.95733801623653e-19    2.3581963447458e-13    1.29534189377716e-12    4.85612638297831e-07    1.13813087726199e-06
173.500000000464    2.34203573801415e-17    1.64951781301845e-19    2.37163225129749e-13    1.29192673979699e-12    4.86994070939009e-07    1.13662955257946e-06
174.000000000467    2.35156846294973e-17    2.46592354889999e-19    2.3626066667276e-13    1.29432176429026e-12    4.8606652494567e-07    1.13768262898326e-06
174.500000000469    2.3614780548093e-17    1.09814366456291e-19    2.35466833999257e-13    1.29741487459534e-12    4.85249249354656e-07    1.13904120847112e-06
