0.1 2.795290201658199e-16 7.532783878788804e-19 2.461961119089445 18
0.2 1.062478412992187e-15 7.20686721436118e-17 2.402972766604647 62
0.3 1.745704534671346e-15 1.483788724267928e-16 2.32806866753222 98
0.4 4.778226074560677e-15 7.083438914560055e-16 2.890495524773611 210
0.5 7.658057035316391e-15 1.6406326852124e-15 2.789461258810804 350
0.6 9.212565473742408e-15 3.235553821917435e-15 2.614962954630751 450
0.7 1.279468062363348e-14 5.496622760227112e-15 2.685875299401368 602
0.8 1.480247747265596e-14 8.621882185112165e-15 2.438700806775018 762
0.9 2.353307789238721e-14 1.792942241306557e-14 2.595957061771774 1142
1 2.42220122214579e-14 2.420202168242754e-14 2.449537495981808 1250
1.1 2.844307346793206e-14 3.277810565830474e-14 2.455904756271179 1458
1.2 3.555499714870847e-14 5.211771857612632e-14 2.461520511300523 1814
1.3 4.465415891694877e-14 7.036031522157519e-14 2.575191222928182 2178
1.4 5.140286560605707e-14 9.820455222210876e-14 2.586718411665942 2498
1.5 5.038178923619007e-14 1.165918407281088e-13 2.41026718360639 2622
1.6 6.543611418499464e-14 1.730682443789179e-13 2.457126232470364 3338
1.7 7.404218567556308e-14 2.089321925237506e-13 2.495903284620762 3722
1.8 8.276898920019212e-14 2.557744168790088e-13 2.492326984246414 4170
1.9 8.77554211373827e-14 3.099789061708341e-13 2.526614730019222 4358
2 1.006469636010734e-13 3.957136291467284e-13 2.506340753905975 5034
2.1 1.167161538795532e-13 5.075797003495539e-13 2.562203470364315 5714
2.2 1.181047157485403e-13 5.808141795595389e-13 2.477516811708988 5982
2.3 1.346372758325372e-13 6.759360535897085e-13 2.555662635533039 6602
2.4 1.417422532002224e-13 8.024399719603142e-13 2.490737047486821 7130
2.5 1.641087855067658e-13 9.912525519978004e-13 2.559406141274463 8034
2.6 1.729543349192276e-13 1.145415923922885e-12 2.519647112401366 8606
2.7 1.805761108398616e-13 1.318249318797872e-12 2.497651111572627 9066
2.8 2.013928808798395e-13 1.55681357285038e-12 2.534454956601289 9962
2.9 2.102760657003718e-13 1.748136972552168e-12 2.498944596523555 10550
3 2.289968910910499e-13 2.000769033661499e-12 2.556583913130854 11226
3.1 2.474280673840729e-13 2.327099218734406e-12 2.552922079164786 12146
3.2 2.530206602424455e-13 2.43793263995835e-12 2.575223432306306 12303
3.3 2.524462127387634e-13 2.659158363791257e-12 2.511926763368116 12584
3.4 2.454375836767712e-13 2.733657768665768e-12 2.536330695769977 12120
3.5 2.240021191832058e-13 2.585643252233883e-12 2.508753718266031 11180
3.6 2.232360667798575e-13 2.778347542045047e-12 2.519370743996026 11096
3.7 1.991260088068589e-13 2.702374045746003e-12 2.480720667811388 10056
3.8 1.967110499677372e-13 2.746869909510908e-12 2.535747347062385 9716
3.9 1.75656024781874e-13 2.589493872834336e-12 2.556769796166232 8604
4 1.602199795107605e-13 2.4675082549066e-12 2.488810503496006 8060
4.1 1.494763045047708e-13 2.354133513509858e-12 2.556099133910311 7320
4.2 1.26783918884875e-13 2.237662016525083e-12 2.499394905728498 6356
4.3 1.071325636544743e-13 1.856396018101192e-12 2.508081092586403 5348
4.4 8.788022060904518e-14 1.587337622126892e-12 2.552991792227713 4308
4.5 7.111200194551599e-14 1.360212532837761e-12 2.498240943294477 3563
4.6 4.942404799885848e-14 9.368500852005393e-13 2.526932580328833 2448
4.7 3.76446890555391e-14 7.498061205270887e-13 2.521171934933851 1868
4.8 2.622114808810066e-14 6.116002325113362e-13 2.416437364778914 1358
4.9 2.185761313501715e-14 4.222246609131668e-13 2.569749749182243 1062
5 1.367922896780492e-14 3.239445270610194e-13 2.207062152999653 776
5.1 8.73751957598232e-15 2.157145471592138e-13 2.53580659921567 432
5.2 4.155535712373696e-15 9.472973476999255e-14 2.593828690777481 200
5.3 3.650343639229609e-15 6.223451413276877e-14 2.701425991198217 168
5.4 1.273119656854528e-15 2.55815102764629e-14 2.833713136965699 56
5.5 2.650605817185784e-16 2.269133234624657e-16 4.692172228068685 7


0.1 2.025960168392034e-16 1.755449155745096e-18 1.790969528763024 18
0.2 1.275327827327648e-15 6.001716050139176e-17 2.87259939282261 62
0.3 1.691283155999485e-15 1.528718053190712e-16 2.25680528439568 98
0.4 4.686010968285763e-15 7.175167364127985e-16 2.83564982909849 210
0.5 7.726731609502255e-15 1.635697948482902e-15 2.814309583857018 350
0.6 9.074853213949582e-15 3.283700541125487e-15 2.576695504829973 450
0.7 1.175280849951079e-14 5.986189665855076e-15 2.471158173121004 602
0.8 1.427705753186227e-14 8.946248787511785e-15 2.353825544840345 762
0.9 2.221867583616616e-14 1.899267180462357e-14 2.453807793498649 1142
1 2.376887087859457e-14 2.468036857075189e-14 2.404718395308552 1250
1.1 2.959625769271538e-14 3.1520629333544e-14 2.553764488580191 1458
1.2 3.690678471920845e-14 5.030816196182516e-14 2.553407726273583 1814
1.3 4.486087939389715e-14 6.994847773254458e-14 2.586963093601724 2178
1.4 5.291086938815123e-14 9.559480845540275e-14 2.661320138924959 2498
1.5 5.149539037658119e-14 1.140823034365345e-13 2.462567064526737 2622
1.6 7.432295329375231e-14 1.532417389416966e-13 2.784645423103247 3338
1.7 7.64696937276974e-14 2.020384307840861e-13 2.57624856669748 3722
1.8 8.927496536104488e-14 2.380996028401316e-13 2.684877697544813 4170
1.9 9.592438157673689e-14 2.851051227755764e-13 2.757688674191509 4358
2 1.075084455537807e-13 3.731846856911927e-13 2.674262323579724 5034
2.1 1.341621170599177e-13 4.458505619324094e-13 2.938534062800129 5714
2.2 1.373756038746737e-13 5.086912425277856e-13 2.87473924523554 5982
2.3 1.508462185936862e-13 6.089785010070699e-13 2.858183747181965 6602
2.4 1.631252771356428e-13 7.106897585324344e-13 2.860170143665308 7130
2.5 1.895523892264956e-13 8.761077586370871e-13 2.949694848804981 8034
2.6 2.050517984347267e-13 9.928998563101308e-13 2.979590179118786 8606
2.7 2.204098466405816e-13 1.120923215768141e-12 3.039579096692205 9066
2.8 2.397968024246362e-13 1.357299693319286e-12 3.009993345684052 9962
2.9 2.651203518082308e-13 1.452755386808563e-12 3.140347600499561 10550
3 2.862540400962618e-13 1.683433912058316e-12 3.185910885233133 11226
3.1 3.166766438766465e-13 1.935267098853208e-12 3.256464427839103 12146
3.2 3.250007831751423e-13 2.006131438382869e-12 3.296879889669553 12303
3.3 3.314330043337959e-13 2.160260811679898e-12 3.285950985078057 12584
3.4 3.139901982146318e-13 2.263792361042795e-12 3.233954187537423 12120
3.5 2.854242958335237e-13 2.141192710033866e-12 3.186339769876532 11180
3.6 2.98770039181352e-13 2.203997039737411e-12 3.358889956540605 11096
3.7 2.668576856670663e-13 2.159671984358825e-12 3.311482524941187 10056
3.8 2.659790351028744e-13 2.171034117995749e-12 3.41515245941345 9716
3.9 2.34184015651828e-13 2.087630526335792e-12 3.395873131695736 8604
4 2.088023947111796e-13 2.037494182132423e-12 3.232265162132805 8060
4.1 2.069703029249918e-13 1.824605630253175e-12 3.52493557792829 7320
4.2 1.887432381561512e-13 1.656361421810977e-12 3.702468265981784 6356
4.3 1.509718104933776e-13 1.43507732196849e-12 3.519724935012931 5348
4.4 1.202247252256963e-13 1.269535223392269e-12 3.47934069035994 4308
4.5 9.975756535564919e-14 1.061522919383687e-12 3.490166603072586 3563
4.6 7.166631914173201e-14 6.917209712140721e-13 3.648303868588292 2448
4.7 5.701139389861103e-14 5.286839856511001e-13 3.800113343848778 1868
4.8 4.175154521218901e-14 4.333362402372159e-13 3.826353842729407 1358
4.9 2.53112164049186e-14 3.822647478993512e-13 2.970698991299888 1062
5 1.569755553328608e-14 2.999170218013474e-13 2.528211276278443 776
5.1 1.208577765285307e-14 1.747669527693264e-13 3.494047085059547 432
5.2 6.146891205287409e-15 7.02505403622647e-14 3.820895244245553 200
5.3 5.021699584825061e-15 4.530430263866149e-14 3.705801377206597 168
5.4 1.938571649197679e-15 1.731820548798617e-14 4.298577756575823 56
5.5 3.577667613010468e-17 3.079153596027882e-15 0.6512292993073304 7


0.1 1.639335629985233e-16 2.609401656014668e-18 1.455664403543771 18
0.2 1.25080958098068e-15 6.14441224150196e-17 2.818637590656041 62
0.3 1.525270764563721e-15 1.675987238906905e-16 2.0393619519469 98
0.4 4.395219031380362e-15 7.582083010422987e-16 2.662882337009299 210
0.5 7.423194739482028e-15 1.711121792393845e-15 2.705796847669335 350
0.6 8.767288536850198e-15 3.383594015231872e-15 2.491045266219889 450
0.7 1.198028415719944e-14 5.851775595879844e-15 2.518041216279465 602
0.8 1.375924210252227e-14 9.239883101177985e-15 2.270107628788148 762
0.9 2.346870292580729e-14 1.80454537765639e-14 2.589271959529241 1142
1 2.474441496018132e-14 2.3686625512132e-14 2.501537168709332 1250
1.1 2.896544217482469e-14 3.217053803080304e-14 2.500352323817101 1458
1.2 3.809111572024708e-14 4.882306051033243e-14 2.633977737860406 1814
1.3 4.555941430084937e-14 6.872325427167349e-14 2.626567392091068 2178
1.4 5.38914767832007e-14 9.362375972485659e-14 2.709801087474876 2498
1.5 5.469079743673725e-14 1.075093123974256e-13 2.612606994283134 2622
1.6 6.927115430143449e-14 1.646723014858535e-13 2.598638990681728 3338
1.7 7.693193545056762e-14 2.014662701967791e-13 2.591713200394451 3722
1.8 8.799007424558348e-14 2.415777894902878e-13 2.646967907185838 4170
1.9 9.498408843753683e-14 2.879986576950999e-13 2.731207679928738 4358
2 1.077904974358163e-13 3.723103283381955e-13 2.681265885043881 5034
2.1 1.321571430497632e-13 4.535058107847314e-13 2.895432792518863 5714
2.2 1.322151855836092e-13 5.280382693789006e-13 2.768501283398218 5982
2.3 1.482092669535237e-13 6.205275314239727e-13 2.809113586421652 6602
2.4 1.635752757713284e-13 7.089350945330158e-13 2.86805675677351 7130
2.5 1.872275475661242e-13 8.849405461150173e-13 2.914110869901696 8034
2.6 2.048840990177443e-13 9.941838180275481e-13 2.97731081387781 8606
2.7 2.168888562611931e-13 1.139040962354542e-12 2.99181131171554 9066
2.8 2.447763681179307e-13 1.332687190683718e-12 3.071776948022447 9962
2.9 2.641391763872809e-13 1.460558792327062e-12 3.129028214077606 10550
3 2.859748639796089e-13 1.682610194907244e-12 3.182934399991556 11226
3.1 3.29394248415685e-13 1.856150524273524e-12 3.385705573115632 12146
3.2 3.168859472321425e-13 2.054833010248773e-12 3.215655446602741 12303
3.3 3.278621179502423e-13 2.170057598045398e-12 3.250970416717283 12584
3.4 3.213471251463852e-13 2.213388194183446e-12 3.308936978734156 12120
3.5 2.918842707958543e-13 2.097564090081471e-12 3.257745415911459 11180
3.6 2.895550727805315e-13 2.271870467761147e-12 3.256586709379871 11096
3.7 2.667417343831963e-13 2.16200262911558e-12 3.31019855032114 10056
3.8 2.675086308369644e-13 2.161462346642954e-12 3.434727562794705 9716
3.9 2.313594151593773e-13 2.109179231431937e-12 3.355483948597302 8604
4 2.150646159346881e-13 1.980941586774219e-12 3.328198818771019 8060
4.1 2.035527257634331e-13 1.865036786102141e-12 3.467573113127543 7320
4.2 1.861573300264902e-13 1.676510914408855e-12 3.652354189569792 6356
4.3 1.478765508362296e-13 1.462899728378764e-12 3.448411308596192 5348
4.4 1.23712016501841e-13 1.230778636958594e-12 3.579275343242357 4308
4.5 1.014234412383556e-13 1.038570556515077e-12 3.547884761943048 3563
4.6 6.762807012019802e-14 7.371903429620789e-13 3.444881622620103 2448
4.7 5.364881631375314e-14 5.668925489602985e-13 3.578201578581342 1868
4.8 4.201658068896542e-14 4.297743481336744e-13 3.850538635539088 1358
4.9 2.688470772681768e-14 3.630019657592391e-13 3.153398568873227 1062
5 1.938171188428453e-14 2.553872506343898e-13 3.114343894784425 776
5.1 1.654574805555059e-14 1.202941836486775e-13 4.770509891852872 432
5.2 7.209619249156114e-15 5.725524275254121e-14 4.47587758310532 200
5.3 4.157366164603558e-15 5.597605983022282e-14 3.072948423624457 168
5.4 1.574171115839029e-15 2.183699619818434e-14 3.496606642622386 56
5.5 2.212568727691694e-16 7.715782773752023e-16 3.920458360472697 7


0.1 1.544264013157874e-16 3.227327205789284e-18 1.375450537527344 18
0.2 1.107115756930674e-15 7.013507873686009e-17 2.50198745307608 62
0.3 1.327075128413353e-15 1.873711846722989e-16 1.780025162824913 98
0.4 4.547275706229241e-15 7.599759094506419e-16 2.754221992271935 210
0.5 6.893886649947938e-15 1.848361933405084e-15 2.51656102589467 350
0.6 9.23025476475326e-15 3.220641062449156e-15 2.620123352104982 450
0.7 1.134106655126008e-14 6.177728296987544e-15 2.386435768853229 602
0.8 1.382030172229477e-14 9.192064578468468e-15 2.280042920488629 762
0.9 2.229532915690398e-14 1.889104666719757e-14 2.462237212873669 1142
1 2.366633580692014e-14 2.478612249694454e-14 2.39473494311807 1250
1.1 2.948234162607996e-14 3.163278722696256e-14 2.54429110547785 1458
1.2 3.588175550019969e-14 5.186653740090802e-14 2.484078983356215 1814
1.3 4.555073261767647e-14 6.891280555985689e-14 2.626234450448007 2178
1.4 5.452498659112734e-14 9.249068933624552e-14 2.741195759319385 2498
1.5 5.488939116270787e-14 1.072900606419884e-13 2.62206524398024 2622
1.6 7.097853311089702e-14 1.607483090387699e-13 2.661632112617956 3338
1.7 7.95471823281024e-14 1.946625546974962e-13 2.678346826603939 3722
1.8 8.857518751925041e-14 2.398617853917254e-13 2.664366457316531 4170
1.9 9.42945898827483e-14 2.901770585979293e-13 2.711820272021543 4358
2 1.093696556854663e-13 3.670314462443622e-13 2.719989641428061 5034
2.1 1.31839628116957e-13 4.541819821872297e-13 2.888672597023539 5714
2.2 1.329463244995253e-13 5.255846755865007e-13 2.783686517844216 5982
2.3 1.52505646667528e-13 6.036582338133242e-13 2.889418561884169 6602
2.4 1.616210166197346e-13 7.177952570744041e-13 2.834422239352404 7130
2.5 1.905618020012599e-13 8.707481266648167e-13 2.965379947701617 8034
2.6 2.090913438830842e-13 9.711372081261525e-13 3.037638660031003 8606
2.7 2.22058523413475e-13 1.110822693204464e-12 3.062200843404523 9066
2.8 2.480962852793158e-13 1.318452039651803e-12 3.113044991637149 9962
2.9 2.713556383534995e-13 1.416185308923842e-12 3.213460217530157 10550
3 2.863749031576802e-13 1.682825924562629e-12 3.187481443519855 11226
3.1 3.210790825796274e-13 1.903928401613427e-12 3.301367519519856 12146
3.2 3.273677829967508e-13 1.994355610267313e-12 3.320883219613091 12303
3.3 3.198619139272684e-13 2.231950283133677e-12 3.172802853150075 12584
3.4 3.212513286078406e-13 2.207959574513576e-12 3.308033700152736 12120
3.5 2.934220760090478e-13 2.083966070493417e-12 3.274809883590907 11180
3.6 2.928788437849203e-13 2.249997552981866e-12 3.293679962051771 11096
3.7 2.727207624717259e-13 2.114888842236148e-12 3.383664075439252 10056
3.8 2.636289776538788e-13 2.192730123319844e-12 3.385595782411083 9716
3.9 2.444134413191422e-13 2.000170070555003e-12 3.542784200444609 8604
4 2.174742749957929e-13 1.960568756747211e-12 3.365207161972467 8060
4.1 2.03474319776679e-13 1.86438093452986e-12 3.466369431142306 7320
4.2 1.804955174370782e-13 1.729977125446213e-12 3.542560499081324 6356
4.3 1.459500709904135e-13 1.479360292737729e-12 3.404061172232763 5348
4.4 1.239761273284534e-13 1.222562397615631e-12 3.586891295464027 4308
4.5 9.954242300086039e-14 1.061875161504024e-12 3.482948907840818 3563
4.6 6.539339239490572e-14 7.619316703013088e-13 3.332351950993874 2448
4.7 5.278901168716942e-14 5.780573585301752e-13 3.521597734894863 1868
4.8 4.089928350308773e-14 4.432613246479288e-13 3.749276672927112 1358
4.9 2.877143700966095e-14 3.40701554807344e-13 3.372500137729864 1062
5 2.197318582241503e-14 2.241867393622638e-13 3.526709740290989 776
5.1 1.354806969916568e-14 1.570969163713901e-13 3.912819593480786 432
5.2 5.102502005674681e-15 8.313898852040975e-14 3.177650010372433 200
5.3 3.978553365257147e-15 5.816005161783307e-14 2.942100334593274 168
5.4 1.548860036636391e-15 2.215577218762914e-14 3.441024944562701 56
5.5 9.481478573364812e-17 2.344433143478912e-15 1.691900361539353 7


0.1 5.226557238712306e-17 4.626387535569799e-18 0.4846231004226836 18
0.2 1.413396510436883e-15 5.307789778216904e-17 3.177927423597065 62
0.3 1.258774929691498e-15 1.958804282933544e-16 1.690920789318448 98
0.4 4.414685171508038e-15 7.664529868854234e-16 2.675056467461806 210
0.5 7.111977305905121e-15 1.781943029550198e-15 2.594535117928195 350
0.6 9.496027175161013e-15 3.127654705630934e-15 2.694274585334961 450
0.7 1.270688249049216e-14 5.512616291474794e-15 2.668072543799912 602
0.8 1.380601676376835e-14 9.208592896896842e-15 2.277838530788515 762
0.9 2.351409830358316e-14 1.801030702950037e-14 2.594383654540828 1142
1 2.408670538292476e-14 2.43426283075782e-14 2.43649452388737 1250
1.1 2.875011691040872e-14 3.245591548770011e-14 2.482319899255862 1458
1.2 3.837915193932612e-14 4.829755759753506e-14 2.653672575761378 1814
1.3 4.552105405725442e-14 6.89533844960712e-14 2.624651492217396 2178
1.4 5.080699309069004e-14 9.92364406578564e-14 2.557667969089114 2498
1.5 5.330012587594529e-14 1.103677220068781e-13 2.547541403024296 2622
1.6 7.16076757755888e-14 1.590007283816195e-13 2.684865782990899 3338
1.7 7.567942134379309e-14 2.044641338360189e-13 2.550433855628642 3722
1.8 8.742547387344192e-14 2.429462539451384e-13 2.630449782469891 4170
1.9 9.402107790290357e-14 2.906224064774205e-13 2.70415808370731 4358
2 1.087253663515526e-13 3.688804570376553e-13 2.704315701124343 5034
2.1 1.281909672054635e-13 4.670769050649126e-13 2.810086636513233 5714
2.2 1.366730061190076e-13 5.114046936611064e-13 2.860589098492921 5982
2.3 1.473999428568686e-13 6.247454815403009e-13 2.794255554689678 6602
2.4 1.667441018682003e-13 6.962010572646157e-13 2.92304001273278 7130
2.5 1.938193137887173e-13 8.553592883738511e-13 3.015437767535836 8034
2.6 2.086736259165677e-13 9.725912186147425e-13 3.031757304580722 8606
2.7 2.244283707577076e-13 1.097567127592499e-12 3.094527673979745 9066
2.8 2.521661205479856e-13 1.294113609220362e-12 3.163502743084444 9962
2.9 2.596352637687862e-13 1.48069492436304e-12 3.076536416876471 10550
3 2.933337701683232e-13 1.641360797851311e-12 3.264050176541934 11226
3.1 3.243020133881294e-13 1.888166751034175e-12 3.334262022610612 12146
3.2 3.234216982596847e-13 2.01076447490947e-12 3.281375861972514 12303
3.3 3.234430049523901e-13 2.209014734902949e-12 3.208012483548829 12584
3.4 3.306997245280033e-13 2.149083737972509e-12 3.404360122740344 12120
3.5 2.871147818352473e-13 2.130531375743972e-12 3.205364551946496 11180
3.6 2.931071768774427e-13 2.247547217357639e-12 3.296336413356985 11096
3.7 2.63500366652574e-13 2.189106838944127e-12 3.270702670436783 10056
3.8 2.64610478512183e-13 2.179934006866894e-12 3.398143978998331 9716
3.9 2.381119003871826e-13 2.04542512386619e-12 3.452491556948356 8604
4 2.197208481751967e-13 1.94498074397763e-12 3.39975478321124 8060
4.1 2.025295788344142e-13 1.868407942910831e-12 3.450533532048097 7320
4.2 1.768198196445461e-13 1.76129577010277e-12 3.47128565102771 6356
4.3 1.511711678096073e-13 1.425710570403903e-12 3.524632140703798 5348
4.4 1.230672860238805e-13 1.23526610837087e-12 3.561053841294339 4308
4.5 9.958175262092031e-14 1.060327355753764e-12 3.484423241015226 3563
4.6 6.794376598845865e-14 7.314927490972763e-13 3.461006245153832 2448
4.7 5.117548299446708e-14 5.963168601484553e-13 3.415167668941706 1868
4.8 3.804848719979276e-14 4.750692622505786e-13 3.490562245218547 1358
4.9 2.905528426037187e-14 3.371853291190092e-13 3.405565885848956 1062
5 2.123553248871847e-14 2.3301044308173e-13 3.409490467998503 776
5.1 1.072511545396766e-14 1.915759899799379e-13 3.105048779927927 432
5.2 5.702198904719751e-15 7.56920023910594e-14 3.547296792121073 200
5.3 4.916918750867198e-15 4.659020051340398e-14 3.62947871309875 168
5.4 1.993605241157791e-15 1.66264714555812e-14 4.420210864623758 56
5.5 1.518053030747453e-16 1.635311820668775e-15 2.6965335284623 7


0.1 8.468185661455004e-17 4.39143919649973e-18 0.7684623885430055 18
0.2 1.178009793513167e-15 7.032480427128833e-17 2.660474827270561 62
0.3 1.381495879885213e-15 1.842007880055682e-16 1.851699730619628 98
0.4 4.443780979786002e-15 7.51566626906155e-16 2.692063885843778 210
0.5 7.254443576424353e-15 1.737032279597427e-15 2.64548793438575 350
0.6 8.940471732367105e-15 3.309528292320066e-15 2.539483064511465 450
0.7 1.222626015996896e-14 5.783785039434501e-15 2.569249961225041 602
0.8 1.35599692552638e-14 9.3644167477407e-15 2.238139482519028 762
0.9 2.242086066373838e-14 1.876563116973013e-14 2.475979385455083 1142
1 2.458850701413753e-14 2.392248708971876e-14 2.486436896044145 1250
1.1 2.795179298652846e-14 3.338609832747989e-14 2.414763723771558 1458
1.2 3.721446054555923e-14 5.001444518174101e-14 2.57474683981215 1814
1.3 4.52820300616429e-14 6.921710348805332e-14 2.611178963586422 2178
1.4 5.316314092258608e-14 9.486593201160557e-14 2.674115282912572 2498
1.5 5.360790823475414e-14 1.098780272910242e-13 2.56211259703242 2622
1.6 7.145795920520778e-14 1.595548020514249e-13 2.6794824758219 3338
1.7 7.627920814480248e-14 2.027121777140998e-13 2.57035618683508 3722
1.8 8.698322867643703e-14 2.441981458127345e-13 2.617469836772746 4170
1.9 9.325585540264951e-14 2.933397292012623e-13 2.682651008617716 4358
2 1.106436749392227e-13 3.624664751502717e-13 2.751338543413937 5034
2.1 1.295567903080257e-13 4.617685305695203e-13 2.839629064926092 5714
2.2 1.356791032967425e-13 5.138820457603144e-13 2.840159205259313 5982
2.3 1.52381496105502e-13 6.043350678602325e-13 2.88732663352234 6602
2.4 1.66885679064316e-13 6.952851620349374e-13 2.925587231409215 7130
2.5 1.873389752427477e-13 8.8456258490441e-13 2.916154351011613 8034
2.6 2.065924230421848e-13 9.844748372283809e-13 3.002093585911384 8606
2.7 2.195754732237034e-13 1.128876562245696e-12 3.028760306558771 9066
2.8 2.491311695174032e-13 1.30838548166186e-12 3.126020365147082 9962
2.9 2.589209114886071e-13 1.486535755175557e-12 3.068326470213565 10550
3 2.859660837814226e-13 1.685443141780205e-12 3.183233912596666 11226
3.1 3.165145942955872e-13 1.932082424753487e-12 3.255268114661794 12146
3.2 3.322186024066798e-13 1.961321738282585e-12 3.369730192175197 12303
3.3 3.355040507737758e-13 2.121648491133305e-12 3.326227334636375 12584
3.4 3.152926250771671e-13 2.254115482816626e-12 3.247692066306826 12120
3.5 2.941162197291402e-13 2.080882758703433e-12 3.282733260897318 11180
3.6 2.843644987715776e-13 2.310271036841122e-12 3.199255129270175 11096
3.7 2.721130971656546e-13 2.122375842483286e-12 3.376490513060074 10056
3.8 2.723446713479325e-13 2.11878370372346e-12 3.496495647480571 9716
3.9 2.460381040603181e-13 1.982377858655216e-12 3.56630939413513 8604
4 2.172033804487914e-13 1.967452274773347e-12 3.361359774823189 8060
4.1 2.022965089112893e-13 1.875297953652345e-12 3.446784425372117 7320
4.2 1.829335399221818e-13 1.707657244613801e-12 3.590178007528151 6356
4.3 1.469804630163162e-13 1.47109442905882e-12 3.428118612401352 5348
4.4 1.235271781092098e-13 1.226859359474052e-12 3.574302902258585 4308
4.5 9.869647666076142e-14 1.071201756318666e-12 3.45392688504448 3563
4.6 6.896441624654639e-14 7.240226749158475e-13 3.512688597461163 2448
4.7 5.04173977024296e-14 6.055454031371961e-13 3.365247913152742 1868
4.8 4.128773556536779e-14 4.379577603709494e-13 3.784795711219478 1358
4.9 3.012766184454898e-14 3.245716441895596e-13 3.530172202434465 1062
5 1.943475887094727e-14 2.546614213981648e-13 3.123131658035967 776
5.1 1.332849540024727e-14 1.595688399896389e-13 3.850249270748024 432
5.2 6.568972497149725e-15 6.506516217919476e-14 4.081578826799391 200
5.3 4.005309695507179e-15 5.784613923061821e-14 2.961924841384477 168
5.4 1.176738976200888e-15 2.677037875921638e-14 2.622063909610339 56
5.5 1.689182526285861e-16 1.422293936340696e-15 2.998295751832989 7


0.1 1.182578721780884e-16 3.821509900444623e-18 1.060714049517996 18
0.2 1.579903452769625e-15 4.590584233792827e-17 3.546555709326553 62
0.3 1.581866451316819e-15 1.622429379286566e-16 2.113795504028914 98
0.4 4.850946689274574e-15 6.988739513537541e-16 2.934417217184487 210
0.5 6.940986150902352e-15 1.811794688381608e-15 2.533358282207238 350
0.6 9.289150025259257e-15 3.190622539943375e-15 2.636761756771181 450
0.7 1.166915797143087e-14 6.025003378800719e-15 2.454373581205552 602
0.8 1.375584231058948e-14 9.249233345229801e-15 2.269920232612164 762
0.9 2.480603764249468e-14 1.694372215515748e-14 2.734394793991561 1142
1 2.570835477177491e-14 2.278860715719225e-14 2.597590404110481 1250
1.1 2.801854864360295e-14 3.330395049965117e-14 2.42050928363832 1458
1.2 3.624249626772258e-14 5.135155650900689e-14 2.508847145954154 1814
1.3 4.394665127796558e-14 7.13251818700429e-14 2.535664274378745 2178
1.4 5.387936965371139e-14 9.356887044924236e-14 2.709594440057747 2498
1.5 5.575297573405531e-14 1.053836136139987e-13 2.662866446037353 2622
1.6 7.03495450479871e-14 1.62222077499008e-13 2.638766152356476 3338
1.7 7.778270498811729e-14 1.99242983769816e-13 2.620259072698711 3722
1.8 8.602767004573745e-14 2.466791766920116e-13 2.589286323647514 4170
1.9 9.394694619009188e-14 2.91163710995913e-13 2.702291385657452 4358
2 1.105938882574799e-13 3.628349978352128e-13 2.750237446842425 5034
2.1 1.283393561234776e-13 4.664497045349256e-13 2.813495296207714 5714
2.2 1.344625954394339e-13 5.19367971612506e-13 2.815232569277821 5982
2.3 1.504062617270221e-13 6.126176863291615e-13 2.850579773464339 6602
2.4 1.633364879092711e-13 7.106166362520626e-13 2.864386098725761 7130
2.5 1.918163190446831e-13 8.636956408723006e-13 2.984925471857623 8034
2.6 2.009341008879028e-13 1.01135502782018e-12 2.921127322336849 8606
2.7 2.19755890871762e-13 1.12291553665942e-12 3.031234636048444 9066
2.8 2.405400604523105e-13 1.358003128186085e-12 3.019839446151235 9962
2.9 2.567768001864303e-13 1.49867197079376e-12 3.043374563036433 10550
3 2.885468965726666e-13 1.66913364399477e-12 3.211697262068093 11226
3.1 3.206474631794327e-13 1.906472506738879e-12 3.297358582954191 12146
3.2 3.27050219101778e-13 1.992869849970839e-12 3.318043378953033 12303
3.3 3.326195562455728e-13 2.141507214909678e-12 3.298099986342291 12584
3.4 3.228246555795975e-13 2.200123514184499e-12 3.324447608681442 12120
3.5 2.885079714298506e-13 2.119600019518193e-12 3.220969673303887 11180
3.6 2.93737707372763e-13 2.239740944596945e-12 3.303568793902507 11096
3.7 2.741235938338268e-13 2.101266800571518e-12 3.401235010467083 10056
3.8 2.621950221300118e-13 2.204250851438625e-12 3.367770620618999 9716
3.9 2.353889328174466e-13 2.068387723565644e-12 3.413708059725424 8604
4 2.167285094125457e-13 1.968237883340383e-12 3.354186881456305 8060
4.1 2.022336577736643e-13 1.867494984205768e-12 3.445771319285722 7320
4.2 1.855496165286914e-13 1.68536053856989e-12 3.641141283388146 6356
4.3 1.465484522817148e-13 1.470430208176449e-12 3.418217978535188 5348
4.4 1.226581335046969e-13 1.237804966910431e-12 3.549582535873043 4308
4.5 9.665842783946608e-14 1.090022001879359e-12 3.383436693565439 3563
4.6 6.793326141528968e-14 7.334777758588129e-13 3.460783649679922 2448
4.7 5.039730062301849e-14 6.04813372615229e-13 3.364019191594497 1868
4.8 4.266669930765355e-14 4.230568424869233e-13 3.910179806779493 1358
4.9 2.994159100505857e-14 3.267517063538026e-13 3.508706383300296 1062
5 2.030784207275878e-14 2.447674424096835e-13 3.26219406858741 776
5.1 1.418342042763852e-14 1.491526164286674e-13 4.095092930825545 432
5.2 5.566259917631601e-15 7.739230582755443e-14 3.46379804754642 200
5.3 4.334903685471181e-15 5.374016421002981e-14 3.203441730615606 168
5.4 2.235509153447216e-15 1.36233512039352e-14 4.953113241927982 56
5.5 7.910932477357396e-17 2.539407700924276e-15 1.415229735812516 7


0.1 1.104845689762363e-16 3.430967433348664e-18 0.9902762986413322 18
0.2 1.080046376051232e-15 7.444339380396027e-17 2.443884244210655 62
0.3 1.707551892262603e-15 1.474487176337848e-16 2.278103862842014 98
0.4 4.518487913219787e-15 7.413931532416547e-16 2.736699575607669 210
0.5 6.715085546253898e-15 1.858374510328889e-15 2.452468532187892 350
0.6 9.7581512372811e-15 3.032957309517897e-15 2.767602163641738 450
0.7 1.262094052457647e-14 5.545743946920301e-15 2.650621638585647 602
0.8 1.430137857195433e-14 8.908633157436022e-15 2.358237402772219 762
0.9 2.189094847441421e-14 1.919512582425903e-14 2.418806781293573 1142
1 2.416377057033544e-14 2.431544329484018e-14 2.44446462760114 1250
1.1 2.924388557500445e-14 3.198552196563267e-14 2.524520770903822 1458
1.2 3.766283454246297e-14 4.926712614429406e-14 2.605326298669743 1814
1.3 4.383721474490478e-14 7.164739702906035e-14 2.52961365749628 2178
1.4 5.301556098880348e-14 9.539095369148425e-14 2.667093083346793 2498
1.5 5.417808775529244e-14 1.086917282837206e-13 2.589065074169722 2622
1.6 7.115429631786364e-14 1.60186374839454e-13 2.668488204939009 3338
1.7 7.748729104559329e-14 1.99692573260192e-13 2.610545267339133 3722
1.8 8.765135543939956e-14 2.423518900893393e-13 2.637434013172968 4170
1.9 9.343335285817365e-14 2.923487726948147e-13 2.68783876347333 4358
2 1.113120384658582e-13 3.609411628766624e-13 2.767939626375342 5034
2.1 1.278326135470202e-13 4.687045403256912e-13 2.802693891873159 5714
2.2 1.342081870508419e-13 5.2042951331597e-13 2.810099962505156 5982
2.3 1.526652263393171e-13 6.025725143276221e-13 2.892819504114778 6602
2.4 1.622474873759955e-13 7.145119679064475e-13 2.845657103514308 7130
2.5 1.918075106344087e-13 8.636201957985709e-13 2.984900618123744 8034
2.6 2.030956857968237e-13 1.002358906032099e-12 2.952240377744876 8606
2.7 2.207223730288972e-13 1.117392819939054e-12 3.044485154544444 9066
2.8 2.456734834506471e-13 1.328097297829613e-12 3.083468976945709 9962
2.9 2.642165595694362e-13 1.457973372292908e-12 3.13049588885708 10550
3 2.891252788371746e-13 1.667468803806896e-12 3.218195467608719 11226
3.1 3.221763730392065e-13 1.897547774456592e-12 3.313015229524452 12146
3.2 3.25642001860422e-13 1.995629621376264e-12 3.303993340335392 12303
3.3 3.253998602730253e-13 2.192626670669021e-12 3.227518749125492 12584
3.4 3.221128434915178e-13 2.203837094832876e-12 3.317318883266556 12120
3.5 2.902829431628933e-13 2.104359827948933e-12 3.240652534787102 11180
3.6 2.939154509815272e-13 2.234748681146518e-12 3.30563831722674 11096
3.7 2.681530324805275e-13 2.15310896911445e-12 3.328159763288561 10056
3.8 2.640057057630002e-13 2.186735702499087e-12 3.390867060770896 9716
3.9 2.36436964295859e-13 2.063463304715997e-12 3.42890300472577 8604
4 2.228730635818464e-13 1.917142640700904e-12 3.448384952897354 8060
4.1 2.04548477122541e-13 1.851994275690669e-12 3.484972755852539 7320
4.2 1.768544283676938e-13 1.765149991334696e-12 3.472398607661916 6356
4.3 1.550825295924824e-13 1.39045486998031e-12 3.615333582564193 5348
4.4 1.219391866577338e-13 1.247695776313539e-12 3.529165876330517 4308
4.5 9.818400133621504e-14 1.077250100310339e-12 3.43645266238639 3563
4.6 6.793898824773547e-14 7.349009323137496e-13 3.461239142357373 2448
4.7 5.336273260623497e-14 5.706889159647419e-13 3.560000203193438 1868
4.8 4.100952132281329e-14 4.415249184991889e-13 3.759835789966093 1358
4.9 2.675799713023057e-14 3.635268500007672e-13 3.139239877247828 1062
5 2.027932432051234e-14 2.445977318571192e-13 3.257747624571069 776
5.1 1.232649024740517e-14 1.71986162301123e-13 3.563758024640399 432
5.2 5.647494877686048e-15 7.634527001815715e-14 3.513982248448281 200
5.3 4.515489606153695e-15 5.153856967059504e-14 3.33584742983247 168
5.4 1.129963480359057e-15 2.734533904769205e-14 2.519275027297405 56
5.5 2.341803776947139e-16 6.101431998766471e-16 4.149025398472535 7


0.1 2.24196969133867e-16 1.77169531670906e-18 1.981526536175848 18
0.2 1.486542519241819e-15 5.015951217479549e-17 3.340357026090714 62
0.3 1.731199949655607e-15 1.455273284790154e-16 2.309207419744405 98
0.4 4.437106065887612e-15 7.625226646070256e-16 2.688765330471965 210
0.5 6.524797376949362e-15 1.913630007795968e-15 2.384563030913736 350
0.6 9.232405603207529e-15 3.222027600277237e-15 2.62123525086309 450
0.7 1.157566900185576e-14 6.081308175295458e-15 2.435329926306487 602
0.8 1.431798952908534e-14 8.875038769801467e-15 2.360954505198681 762
0.9 2.350166504024117e-14 1.796646250952853e-14 2.593359159776464 1142
1 2.413625158912063e-14 2.429179074550107e-14 2.441777232602247 1250
1.1 2.76293287645282e-14 3.376704430503267e-14 2.38771305707444 1458
1.2 3.716224477328458e-14 5.009735708111588e-14 2.57149902416398 1814
1.3 4.283934900962285e-14 7.31368179118572e-14 2.473173881384935 2178
1.4 5.33732514987006e-14 9.477335507937644e-14 2.684871071899066 2498
1.5 5.341469193689681e-14 1.102511509198199e-13 2.553329887456402 2622
1.6 7.239594893892619e-14 1.572777007458353e-13 2.714328708596326 3338
1.7 7.77199976312354e-14 1.990938729952814e-13 2.618346399141554 3722
1.8 8.617790344463474e-14 2.466955436725906e-13 2.593966723844344 4170
1.9 9.551379198927438e-14 2.862303542457697e-13 2.746797872055546 4358
2 1.123303106479177e-13 3.572169028647863e-13 2.792933827861419 5034
2.1 1.284714349146021e-13 4.658852698292582e-13 2.816552865753712 5714
2.2 1.370526119211571e-13 5.09009597862157e-13 2.868805896998355 5982
2.3 1.507402361713592e-13 6.114223984372828e-13 2.857035251187479 6602
2.4 1.615544245606097e-13 7.183970790954666e-13 2.833818332744494 7130
2.5 1.906956737952913e-13 8.691233969133202e-13 2.967970210756811 8034
2.6 2.032660831897349e-13 9.996423399016716e-13 2.954753485784577 8606
2.7 2.197500390066563e-13 1.125777443164759e-12 3.031437861538095 9066
2.8 2.454127064390408e-13 1.329860194611263e-12 3.080363003135798 9962