0.1 0 18
0.2 0 62
0.3 0 98
0.4 0 210
0.5 0 350
0.6 0 450
0.7 0 602
0.8 0 762
0.9 0 1142
1 0 1250
1.1 0 1458
1.2 0 1814
1.3 0 2178
1.4 0 2498
1.5 0 2622
1.6 0 3338
1.7 0 3722
1.8 0 4170
1.9 0 4358
2 0 5034
2.1 0 5714
2.2 0 5982
2.3 0 6602
2.4 0 7130
2.5 0 8034
2.6 0 8606
2.7 0 9066
2.8 0 9962
2.9 0 10550
3 0 11226
3.1 0 12146
3.2 0 12303
3.3 0 12584
3.4 0 12120
3.5 0 11180
3.6 0 11096
3.7 0 10056
3.8 0 9716
3.9 0 8604
4 0 8060
4.1 0 7320
4.2 0 6356
4.3 0 5348
4.4 0 4308
4.5 0 3563
4.6 0 2448
4.7 0 1868
4.8 0 1358
4.9 0 1062
5 0 776
5.1 0 432
5.2 0 200
5.3 0 168
5.4 0 56
5.5 0 7

0.1 3.369460407567835e-16 18
0.2 3.188993745625232e-15 62
0.3 1.081035384189927e-15 98
0.4 3.675604697415215e-15 210
0.5 4.343167938110188e-15 350
0.6 3.464677413867541e-15 450
0.7 7.555543232556434e-15 602
0.8 4.193949431889503e-15 762
0.9 1.032544925130382e-14 1142
1 8.269487558269741e-15 1250
1.1 8.10489010782284e-15 1458
1.2 1.495312308242353e-14 1814
1.3 9.751684121679837e-15 2178
1.4 1.938375559023345e-14 2498
1.5 1.175212471345773e-14 2622
1.6 2.369082619521975e-14 3338
1.7 1.987834045761536e-14 3722
1.8 2.478433228029613e-14 4170
1.9 2.634418831508881e-14 4358
2 2.914360404613603e-14 5034
2.1 3.607029698523675e-14 5714
2.2 3.594549215038436e-14 5982
2.3 4.101595236849451e-14 6602
2.4 4.670632096449318e-14 7130
2.5 5.449300236088182e-14 8034
2.6 6.01526730137799e-14 8606
2.7 6.542477765292107e-14 9066
2.8 7.255948884840233e-14 9962
2.9 8.346848585143715e-14 10550
3 9.500585046193667e-14 11226
3.1 1.052678625271347e-13 12146
3.2 1.128523946814182e-13 12303
3.3 1.18204963877666e-13 12584
3.4 1.143793924914281e-13 12120
3.5 1.096452114135012e-13 11180
3.6 1.149889361417154e-13 11096
3.7 1.069327770773013e-13 10056
3.8 1.10344161465224e-13 9716
3.9 9.888546152023389e-14 8604
4 9.207615286606644e-14 8060
4.1 9.000636649831437e-14 7320
4.2 8.443223739827089e-14 6356
4.3 7.372104543659949e-14 5348
4.4 6.251391987764708e-14 4308
4.5 5.290255242145201e-14 3563
4.6 3.943412487511059e-14 2448
4.7 3.159327092428245e-14 1868
4.8 2.2963980928427e-14 1358
4.9 1.75878463806501e-14 1062
5 1.284200727625589e-14 776
5.1 8.142025604734693e-15 432
5.2 3.903491844264968e-15 200
5.3 3.482187313540525e-15 168
5.4 1.265011978054854e-15 56
5.5 1.249918349871694e-16 7

0.1 8.514464457215679e-16 18
0.2 8.908195969975221e-16 62
0.3 1.157951459370018e-15 98
0.4 4.162108721788361e-15 210
0.5 4.481750577872641e-15 350
0.6 4.733357620882711e-15 450
0.7 5.536325651847483e-15 602
0.8 6.766583335387904e-15 762
0.9 8.205141559098166e-15 1142
1 8.12054366076776e-15 1250
1.1 9.904147591529565e-15 1458
1.2 1.225716373581679e-14 1814
1.3 1.369098977793533e-14 2178
1.4 1.652559267090077e-14 2498
1.5 1.559400939580998e-14 2622
1.6 1.976347372063444e-14 3338
1.7 2.229408581779686e-14 3722
1.8 2.451273114442964e-14 4170
1.9 2.560436140601245e-14 4358
2 2.954672866483667e-14 5034
2.1 3.429303755416773e-14 5714
2.2 3.686099805346305e-14 5982
2.3 4.223568297315819e-14 6602
2.4 4.646293703434557e-14 7130
2.5 5.385019751137604e-14 8034
2.6 6.204527322500694e-14 8606
2.7 6.567603782403387e-14 9066
2.8 7.718493089451393e-14 9962
2.9 8.268836917758176e-14 10550
3 9.388488318982802e-14 11226
3.1 1.10443702282499e-13 12146
3.2 1.099867713747436e-13 12303
3.3 1.16751033778295e-13 12584
3.4 1.144429610089886e-13 12120
3.5 1.117495094740412e-13 11180
3.6 1.141387607492259e-13 11096
3.7 1.079114990886678e-13 10056
3.8 1.095818203271368e-13 9716
3.9 9.978150986776976e-14 8604
4 9.312940425552186e-14 8060
4.1 9.119473084620866e-14 7320
4.2 8.509659870408913e-14 6356
4.3 7.170758596274256e-14 5348
4.4 6.303366481795794e-14 4308
4.5 5.396373858329598e-14 3563
4.6 3.640306846711399e-14 2448
4.7 3.080330465335067e-14 1868
4.8 2.435271760768551e-14 1358
4.9 1.735512705702129e-14 1062
5 1.397980638890471e-14 776
5.1 9.660636901267189e-15 432
5.2 4.41201960708924e-15 200
5.3 2.650646051111304e-15 168
5.4 9.918050336888419e-16 56
5.5 1.253514876463998e-16 7

0.1 5.61650547128438e-16 18
0.2 1.829607421569767e-15 62
0.3 1.646131356978387e-15 98
0.4 2.515012680558886e-15 210
0.5 4.98891961734336e-15 350
0.6 4.229002838787683e-15 450
0.7 5.631477641255623e-15 602
0.8 7.554746682109806e-15 762
0.9 8.564646351463807e-15 1142
1 8.945337189083299e-15 1250
1.1 8.820806553985749e-15 1458
1.2 1.251009302626283e-14 1814
1.3 1.374770513924662e-14 2178
1.4 1.473975853135591e-14 2498
1.5 1.521450717759316e-14 2622
1.6 1.992979700444692e-14 3338
1.7 2.13233487892388e-14 3722
1.8 2.29437504106583e-14 4170
1.9 2.483332866162474e-14 4358
2 3.033905672813331e-14 5034
2.1 3.375082454458201e-14 5714
2.2 3.734945148028353e-14 5982
2.3 4.186892204476728e-14 6602
2.4 4.51341110084103e-14 7130
2.5 5.650667216943864e-14 8034
2.6 6.291497378316223e-14 8606
2.7 6.486677041673457e-14 9066
2.8 7.498472153725695e-14 9962
2.9 8.392888339903737e-14 10550
3 9.048611150599752e-14 11226
3.1 1.05809330860267e-13 12146
3.2 1.107952970280585e-13 12303
3.3 1.14370875465553e-13 12584
3.4 1.165105616857784e-13 12120
3.5 1.119151830587431e-13 11180
3.6 1.098737768775959e-13 11096
3.7 1.062542247861861e-13 10056
3.8 1.070423306644236e-13 9716
3.9 9.916670306808156e-14 8604
4 9.728107893722449e-14 8060
4.1 9.305919084117614e-14 7320
4.2 8.478247061477585e-14 6356
4.3 7.341190683891138e-14 5348
4.4 6.263001280435397e-14 4308
4.5 5.318752942441046e-14 3563
4.6 3.762025671482159e-14 2448
4.7 3.099833535983681e-14 1868
4.8 2.165257590675496e-14 1358
4.9 1.83296058877321e-14 1062
5 1.390064731065368e-14 776
5.1 8.053334132568894e-15 432
5.2 4.092097565641138e-15 200
5.3 2.907468132905795e-15 168
5.4 1.105104004634388e-15 56
5.5 4.142353825829928e-17 7

0.1 1.029242830987301e-15 18
0.2 1.86357812769863e-15 62
0.3 1.658665282446835e-15 98
0.4 3.821401428154948e-15 210
0.5 4.550031755131063e-15 350
0.6 4.876213752005587e-15 450
0.7 5.152164200169918e-15 602
0.8 6.565946871917422e-15 762
0.9 1.01201837572489e-14 1142
1 8.729860107908939e-15 1250
1.1 1.116070728007401e-14 1458
1.2 1.235969452521126e-14 1814
1.3 1.374303618644598e-14 2178
1.4 1.52280197442237e-14 2498
1.5 1.582361071417217e-14 2622
1.6 2.078987099629035e-14 3338
1.7 2.088488999931936e-14 3722
1.8 2.484084141729283e-14 4170
1.9 2.546661127833766e-14 4358
2 3.094841071322872e-14 5034
2.1 3.463800110339149e-14 5714
2.2 3.70481796192385e-14 5982
2.3 3.873326137959493e-14 6602
2.4 4.627812199085187e-14 7130
2.5 5.646831984535322e-14 8034
2.6 6.174655140247393e-14 8606
2.7 7.033001539194567e-14 9066
2.8 7.901758145955221e-14 9962
2.9 8.395978809930889e-14 10550
3 9.575519089310573e-14 11226
3.1 1.072678438941027e-13 12146
3.2 1.095626730409027e-13 12303
3.3 1.160487903765908e-13 12584
3.4 1.207374919865365e-13 12120
3.5 1.104607325835375e-13 11180
3.6 1.1109424594739e-13 11096
3.7 1.048689115218561e-13 10056
3.8 1.076537776531603e-13 9716
3.9 9.974906058040315e-14 8604
4 9.711713683317039e-14 8060
4.1 9.300283707486717e-14 7320
4.2 8.109444832317829e-14 6356
4.3 7.50818058581308e-14 5348
4.4 6.134272128797679e-14 4308
4.5 5.399073345447131e-14 3563
4.6 3.964991847532814e-14 2448
4.7 2.994036635341997e-14 1868
4.8 2.353407973237246e-14 1358
4.9 1.877381461391727e-14 1062
5 1.39689613366897e-14 776
5.1 7.538595513892624e-15 432
5.2 3.511277018598256e-15 200
5.3 3.249574309107089e-15 168
5.4 1.452363537196046e-15 56
5.5 1.207022880440347e-16 7

0.1 6.331167810335353e-16 18
0.2 1.633464879746594e-15 62
0.3 1.689984052540212e-15 98
0.4 3.087534736736681e-15 210
0.5 4.444192478597239e-15 350
0.6 5.424847748700623e-15 450
0.7 4.525102884122838e-15 602
0.8 7.516165197579709e-15 762
0.9 9.266205994765128e-15 1142
1 7.964123729928625e-15 1250
1.1 1.135942619532121e-14 1458
1.2 1.182229337862491e-14 1814
1.3 1.548871051026446e-14 2178
1.4 1.562653278432525e-14 2498
1.5 1.508392270717509e-14 2622
1.6 1.986243272664877e-14 3338
1.7 2.082413424640988e-14 3722
1.8 2.451006079545766e-14 4170
1.9 2.559338316428235e-14 4358
2 3.161745135463125e-14 5034
2.1 3.446321154924614e-14 5714
2.2 3.573179281100708e-14 5982
2.3 4.393516412460189e-14 6602
2.4 4.363083673431367e-14 7130
2.5 5.568068687634451e-14 8034
2.6 5.927976952984554e-14 8606
2.7 6.470472104581668e-14 9066
2.8 7.681617748232163e-14 9962
2.9 8.294341698746117e-14 10550
3 9.171988542363917e-14 11226
3.1 1.089251729767853e-13 12146
3.2 1.111255916757954e-13 12303
3.3 1.177998818463083e-13 12584
3.4 1.140868580434558e-13 12120
3.5 1.127390375189661e-13 11180
3.6 1.095765532740021e-13 11096
3.7 1.066716675568428e-13 10056
3.8 1.103957846951494e-13 9716
3.9 1.032540997497533e-13 8604
4 9.682551266371338e-14 8060
4.1 9.062049132339852e-14 7320
4.2 8.363587236962398e-14 6356
4.3 7.496657084325768e-14 5348
4.4 6.102969616050653e-14 4308
4.5 5.349971203173543e-14 3563
4.6 4.023895103864654e-14 2448
4.7 3.139819486929984e-14 1868
4.8 2.345934772972595e-14 1358
4.9 1.828355029954919e-14 1062
5 1.572713853452265e-14 776
5.1 7.477775704009045e-15 432
5.2 3.581513471220429e-15 200
5.3 3.001709653699915e-15 168
5.4 1.124275393296264e-15 56
5.5 8.673579468384037e-17 7

0.1 7.707206199806443e-16 18
0.2 2.764953986714778e-15 62
0.3 1.565478873895775e-15 98
0.4 3.198042918635802e-15 210
0.5 6.17344952598091e-15 350
0.6 5.063199954610792e-15 450
0.7 6.213367944208514e-15 602
0.8 8.421079224060628e-15 762
0.9 9.629728120612397e-15 1142
1 8.660660045502788e-15 1250
1.1 1.013093289332776e-14 1458
1.2 1.117652780138042e-14 1814
1.3 1.454484930794487e-14 2178
1.4 1.385291589587591e-14 2498
1.5 1.542263648486188e-14 2622
1.6 1.976220936938308e-14 3338
1.7 2.181733610066468e-14 3722
1.8 2.560699061011001e-14 4170
1.9 2.535975375400189e-14 4358
2 3.139006793829452e-14 5034
2.1 3.550451658522534e-14 5714
2.2 3.637647559450047e-14 5982
2.3 4.222027200042476e-14 6602
2.4 4.568292404627763e-14 7130
2.5 5.734169442688439e-14 8034
2.6 5.928911678336366e-14 8606
2.7 6.588877546085352e-14 9066
2.8 7.402757828707678e-14 9962
2.9 8.208108067174423e-14 10550
3 9.394295159146622e-14 11226
3.1 1.037816624339864e-13 12146
3.2 1.098423679387805e-13 12303
3.3 1.167727018075197e-13 12584
3.4 1.160161242314378e-13 12120
3.5 1.098422669824299e-13 11180
3.6 1.13439838462833e-13 11096
3.7 1.07379978606721e-13 10056
3.8 1.066715953108734e-13 9716
3.9 9.670074743328586e-14 8604
4 9.582291709728214e-14 8060
4.1 9.083309862353159e-14 7320
4.2 8.355060048929887e-14 6356
4.3 7.360733544229186e-14 5348
4.4 6.277506705531316e-14 4308
4.5 5.402893984516188e-14 3563
4.6 3.932237490549339e-14 2448
4.7 3.029489130015407e-14 1868
4.8 2.251488430034732e-14 1358
4.9 1.96949375436856e-14 1062
5 1.381221903665736e-14 776
5.1 8.46739588803969e-15 432
5.2 3.826242114820962e-15 200
5.3 3.325445307093761e-15 168
5.4 1.20241542438996e-15 56
5.5 9.185672264029785e-17 7

0.1 9.898286817277355e-16 18
0.2 6.967599583873709e-16 62
0.3 1.663831346799846e-15 98
0.4 3.060008850776398e-15 210
0.5 3.926898356182046e-15 350
0.6 4.848197515853326e-15 450
0.7 4.546997210372035e-15 602
0.8 7.555516081825679e-15 762
0.9 8.565166536516749e-15 1142
1 7.995314903189492e-15 1250
1.1 1.00175878760948e-14 1458
1.2 1.163881173814898e-14 1814
1.3 1.326407930101695e-14 2178
1.4 1.576424141578637e-14 2498
1.5 1.549404021421956e-14 2622
1.6 2.096478723019074e-14 3338
1.7 2.287169377350373e-14 3722
1.8 2.521669961051501e-14 4170
1.9 2.456471439369439e-14 4358
2 3.113606687440242e-14 5034
2.1 3.339648075260823e-14 5714
2.2 3.649268099697488e-14 5982
2.3 4.234166948345999e-14 6602
2.4 4.70215271607202e-14 7130
2.5 5.5351545895539e-14 8034
2.6 5.916339666624052e-14 8606
2.7 6.739639640203998e-14 9066
2.8 7.470253683071291e-14 9962
2.9 8.431104105782568e-14 10550
3 9.290954309467893e-14 11226
3.1 1.073407621458827e-13 12146
3.2 1.10968290510477e-13 12303
3.3 1.1505434220885e-13 12584
3.4 1.158531752114343e-13 12120
3.5 1.13341585658315e-13 11180
3.6 1.125089846777755e-13 11096
3.7 1.082580865196845e-13 10056
3.8 1.069428284106797e-13 9716
3.9 9.87416717686486e-14 8604
4 9.869341679186391e-14 8060
4.1 9.360696523410986e-14 7320
4.2 8.2593155156221e-14 6356
4.3 7.428004279609553e-14 5348
4.4 6.284111689388633e-14 4308
4.5 5.23578949013806e-14 3563
4.6 3.821776024335226e-14 2448
4.7 3.141537793127703e-14 1868
4.8 2.226098454427022e-14 1358
4.9 1.794337360339995e-14 1062
5 1.495236272417597e-14 776
5.1 7.905390330466833e-15 432
5.2 3.646311773083401e-15 200
5.3 3.332072777382553e-15 168
5.4 6.871487572071132e-16 56
5.5 7.051405118103832e-17 7

0.1 3.947006418042726e-16 18
0.2 2.298336827053547e-15 62
0.3 1.403546459889393e-15 98
0.4 3.154316901920144e-15 210
0.5 4.266685112971287e-15 350
0.6 4.692258111235175e-15 450
0.7 4.809866939202912e-15 602
0.8 7.741688430046058e-15 762
0.9 8.775751701360983e-15 1142
1 7.309463225731207e-15 1250
1.1 9.156219811918446e-15 1458
1.2 1.248049153452857e-14 1814
1.3 1.294995279327964e-14 2178
1.4 1.51574417254621e-14 2498
1.5 1.608214740293901e-14 2622
1.6 2.027956024804037e-14 3338
1.7 2.304696986446187e-14 3722
1.8 2.384656298935376e-14 4170
1.9 2.435139108235748e-14 4358
2 3.124806409777055e-14 5034
2.1 3.458170662453806e-14 5714
2.2 3.580049896468535e-14 5982
2.3 4.345647855176041e-14 6602
2.4 4.567512921291907e-14 7130
2.5 5.432397470724705e-14 8034
2.6 5.993231863176144e-14 8606
2.7 6.638780154091346e-14 9066
2.8 7.281292527049738e-14 9962
2.9 8.29387603054559e-14 10550
3 9.059180486196597e-14 11226
3.1 1.060732583913416e-13 12146
3.2 1.114207478110241e-13 12303
3.3 1.158172378773003e-13 12584
3.4 1.136917656341021e-13 12120
3.5 1.110545892346092e-13 11180
3.6 1.157122469883945e-13 11096
3.7 1.078524611206393e-13 10056
3.8 1.073271519566751e-13 9716
3.9 1.004192612375314e-13 8604
4 9.728013998704775e-14 8060
4.1 9.307227415649033e-14 7320
4.2 8.532044471873625e-14 6356
4.3 7.234685426560528e-14 5348
4.4 6.089987814595476e-14 4308
4.5 5.314099766520083e-14 3563
4.6 3.741227044554056e-14 2448
4.7 3.112583214989602e-14 1868
4.8 2.221789985715258e-14 1358
4.9 1.918094990067019e-14 1062
5 1.422081454024654e-14 776
5.1 8.28879451504533e-15 432
5.2 3.636235582389419e-15 200
5.3 2.969619082917083e-15 168
5.4 1.248417053078846e-15 56
5.5 1.271550786505082e-16 7

