0.75 8.594062977390822e-15 1.002892173404489e-14 18
1.5 5.005845291116858e-14 1.781142476598821e-13 62
2.25 7.927535500411866e-14 4.919706065956687e-13 98
3 2.315094299954154e-13 1.764071005838848e-12 210
3.75 4.059184337853466e-13 5.122559635214632e-12 350
4.5 4.924810067687812e-13 8.839268424366616e-12 450
5.25 6.421946721069468e-13 1.870917965442235e-11 602
6 8.862350374547517e-13 3.197655049161303e-11 762
6.75 1.302625773695921e-12 5.860069599017115e-11 1142
7.5 1.429581782325776e-12 7.514522887958297e-11 1250
8.25 1.585053106842929e-12 1.080409100504739e-10 1458
9 2.068238061215381e-12 1.545710378238681e-10 1814
9.75 2.480118988091849e-12 2.175214901563911e-10 2178
10.5 2.831826853209789e-12 3.072630485391329e-10 2498
11.25 3.019571044799267e-12 3.579798529232852e-10 2622
12 3.762775134244332e-12 5.220754709720991e-10 3338
12.75 4.292846326555103e-12 6.362995648126463e-10 3722
13.5 4.553618117263777e-12 8.33428944351331e-10 4170
14.25 5.012458045390813e-12 9.610000591952752e-10 4358
15 5.688593212477868e-12 1.275756673753946e-09 5034
15.75 6.511550113848218e-12 1.51861547315185e-09 5714
16.5 6.621118881666412e-12 1.796774576371063e-09 5982
17.25 7.44332578620531e-12 2.194630057614666e-09 6602
18 8.31996508554587e-12 2.564476755799674e-09 7130
18.75 8.974437666961773e-12 3.195044846514805e-09 8034
19.5 1.001888418297916e-11 3.66365464027999e-09 8606
20.25 1.045637650757555e-11 4.180092507821947e-09 9066
21 1.117386999644282e-11 4.901999327156425e-09 9962
21.75 1.205942785168197e-11 5.628675126159335e-09 10550
22.5 1.265002090445081e-11 6.433604338602689e-09 11226
23.25 1.368227168690974e-11 7.386298789363617e-09 12146
24 1.377260623473178e-11 7.9652688856776e-09 12303
24.75 1.438041889500042e-11 8.774696492643046e-09 12584
25.5 1.368272158244256e-11 8.667584738574476e-09 12120
26.25 1.271251192219408e-11 8.441848692904882e-09 11180
27 1.225699161454695e-11 9.064823263837391e-09 11096
27.75 1.155297955564711e-11 8.609921258716053e-09 10056
28.5 1.088539227190468e-11 8.765762946047197e-09 9716
29.25 9.849772691657866e-12 8.058117597699767e-09 8604
30 9.336755452153207e-12 7.78792809218968e-09 8060
30.75 8.203733393407685e-12 7.742459309755725e-09 7320
31.5 7.324576210417269e-12 6.836884319815192e-09 6356
32.25 6.078657569735537e-12 6.169825897948867e-09 5348
33 4.666991931279353e-12 4.978276065584913e-09 4308
33.75 4.013157048541282e-12 4.465707783124695e-09 3563
34.5 2.828409615126784e-12 3.126046781846853e-09 2448
35.25 2.132569882261973e-12 2.372828496118671e-09 1868
36 1.52312164075046e-12 1.802559195660713e-09 1358
36.75 1.173923149303605e-12 1.480029434340034e-09 1062
37.5 8.786568326127779e-13 1.162790359401565e-09 776
38.25 4.842790892162824e-13 5.418581117035213e-10 432
39 1.997594089445927e-13 2.700210968362797e-10 200
39.75 1.763940750984905e-13 2.422286828940139e-10 168
40.5 6.948769097737024e-14 6.563223210313436e-11 56
41.25 2.129502767973839e-15 2.574376742720599e-12 7


0.75 8.330900956974317e-15 1.041151062194681e-14 18
1.5 5.125506984773241e-14 1.661794042460677e-13 62
2.25 7.375873798991366e-14 5.171306293776719e-13 98
3 2.156028794376377e-13 1.918235428155071e-12 210
3.75 3.656324807743178e-13 5.657624096881129e-12 350
4.5 4.30156020061719e-13 1.003443160426622e-11 450
5.25 6.676464805843296e-13 1.782924508751183e-11 602
6 8.718520362940545e-13 3.218691375371568e-11 762
6.75 1.301544192626326e-12 5.79505323655085e-11 1142
7.5 1.380548875768351e-12 7.724378413208637e-11 1250
8.25 1.571347810762538e-12 1.073814356503145e-10 1458
9 1.991917772415195e-12 1.586934190691721e-10 1814
9.75 2.36687140375599e-12 2.25544111911346e-10 2178
10.5 2.903121260998813e-12 2.972625163832229e-10 2498
11.25 3.037958589300024e-12 3.52205063863986e-10 2622
12 3.898460596397249e-12 4.992120699251852e-10 3338
12.75 4.353610840921168e-12 6.215265608523539e-10 3722
13.5 4.980392915064313e-12 7.58086176702036e-10 4170
14.25 5.267093891998192e-12 9.070915398926769e-10 4358
15 6.129728551892642e-12 1.182866980291534e-09 5034
15.75 6.697295029534388e-12 1.468217064218863e-09 5714
16.5 7.49475891057244e-12 1.597481272574854e-09 5982
17.25 8.39019642006502e-12 1.958311087281045e-09 6602
18 9.186034174617996e-12 2.338801958109757e-09 7130
18.75 1.045118994017513e-11 2.793741670673857e-09 8034
19.5 1.156347245348401e-11 3.222860248123259e-09 8606
20.25 1.232502485498979e-11 3.625329395334251e-09 9066
21 1.390911181786227e-11 4.04353137218438e-09 9962
21.75 1.536128943863668e-11 4.578493830640423e-09 10550
22.5 1.594760320156891e-11 5.329722932032322e-09 11226
23.25 1.774791762164445e-11 6.001168100736856e-09 12146
24 1.793922352696575e-11 6.509068069057935e-09 12303
24.75 1.943756021467751e-11 6.859429239504109e-09 12584
25.5 1.785857909324934e-11 6.978016924199604e-09 12120
26.25 1.659709605559197e-11 6.770662390972875e-09 11180
27 1.667309070346228e-11 7.099981158104111e-09 11096
27.75 1.537071118054967e-11 6.828055609490739e-09 10056
28.5 1.451526630010304e-11 6.990579087300434e-09 9716
29.25 1.331417827177529e-11 6.31506612863955e-09 8604
30 1.238744781909729e-11 6.202973256908374e-09 8060
30.75 1.139618260335737e-11 6.031857482863141e-09 7320
31.5 1.013051960709751e-11 5.300112331720245e-09 6356
32.25 8.758368456139571e-12 4.662622888327689e-09 5348
33 6.646963360697657e-12 3.814687196340436e-09 4308
33.75 5.834979699549008e-12 3.345148794707535e-09 3563
34.5 3.841203606954343e-12 2.477441200121098e-09 2448
35.25 2.857305226470777e-12 1.892045340081818e-09 1868
36 2.098829731470198e-12 1.413673059717012e-09 1358
36.75 1.700732075172083e-12 1.116858499828363e-09 1062
37.5 1.205632241441994e-12 9.340535293113702e-10 776
38.25 7.070335671088461e-13 3.84068466722769e-10 432
39 3.01715145169362e-13 1.975756104064084e-10 200
39.75 1.850173352841398e-13 2.343348653518487e-10 168
40.5 8.322451711053468e-14 5.541787974055965e-11 56
41.25 1.141997290227404e-15 3.245343791636903e-12 7


0.75 8.444029791394263e-15 9.993364752728056e-15 18
1.5 4.260603782765255e-14 2.057608029841703e-13 62
2.25 7.188171324819107e-14 5.260279681332906e-13 98
3 2.063851728434883e-13 1.985917114766055e-12 210
3.75 3.274101905288473e-13 6.172116935657964e-12 350
4.5 4.32932260133308e-13 9.889034579108025e-12 450
5.25 6.158884470644557e-13 1.904183767123438e-11 602
6 8.122480984683563e-13 3.401491347260388e-11 762
6.75 1.308877142554976e-12 5.70924765108105e-11 1142
7.5 1.436831124090571e-12 7.30923745485604e-11 1250
8.25 1.572877849427103e-12 1.063019419054565e-10 1458
9 2.043212806828003e-12 1.531090627245909e-10 1814
9.75 2.470028812643479e-12 2.146134380736506e-10 2178
10.5 2.856254014382703e-12 2.98465953967015e-10 2498
11.25 2.943621038681269e-12 3.598637532453835e-10 2622
12 3.782019204714272e-12 5.091024553323961e-10 3338
12.75 4.338588514064286e-12 6.166495580464887e-10 3722
13.5 4.818282130149154e-12 7.745667535975493e-10 4170
14.25 5.273302036638217e-12 8.97253033242287e-10 4358
15 6.154166841350081e-12 1.165478614503828e-09 5034
15.75 7.040227985875697e-12 1.383734125951081e-09 5714
16.5 7.41494676345717e-12 1.596168178488545e-09 5982
17.25 8.410010286234604e-12 1.933097436903066e-09 6602
18 9.709797392405298e-12 2.189151876697014e-09 7130
18.75 1.069061187862603e-11 2.702382876788317e-09 8034
19.5 1.173325807745278e-11 3.149115751138019e-09 8606
20.25 1.251971206140348e-11 3.528444067953117e-09 9066
21 1.367103561263872e-11 4.079910818366931e-09 9962
21.75 1.494801357188426e-11 4.6729635638373e-09 10550
22.5 1.600863944625754e-11 5.269657766060279e-09 11226
23.25 1.793477246360281e-11 5.88402690226733e-09 12146
24 1.783120016810266e-11 6.45931213661583e-09 12303
24.75 1.882568146416383e-11 7.030869312702805e-09 12584
25.5 1.787034803586953e-11 6.893125510486061e-09 12120
26.25 1.618597054165436e-11 6.864672878786331e-09 11180
27 1.690291833290457e-11 6.926355418938348e-09 11096
27.75 1.528977087411252e-11 6.796919496721372e-09 10056
28.5 1.466154543175218e-11 6.84850596039047e-09 9716
29.25 1.302334375727547e-11 6.391323821647032e-09 8604
30 1.257768273202107e-11 6.050882048144992e-09 8060
30.75 1.171492516631684e-11 5.811055115519891e-09 7320
31.5 1.018317396755163e-11 5.213235405743643e-09 6356
32.25 8.432105225587855e-12 4.792472988395765e-09 5348
33 6.856773340033695e-12 3.655745176478705e-09 4308
33.75 5.609552281171104e-12 3.459994198597806e-09 3563
34.5 3.995276551861987e-12 2.351162472113012e-09 2448
35.25 2.904696708265752e-12 1.844079763856532e-09 1868
36 2.1857687158897e-12 1.341013849633122e-09 1358
36.75 1.678403131036067e-12 1.119391574469953e-09 1062
37.5 1.17655871408063e-12 9.43807794292784e-10 776
38.25 5.966025683475704e-13 4.554441015442727e-10 432
39 3.42818539027607e-13 1.671250157335562e-10 200
39.75 2.161072644622769e-13 2.109030421251037e-10 168
40.5 8.574888139009721e-14 5.306234271120656e-11 56
41.25 4.047793721692484e-15 1.188410309929641e-12 7


0.75 8.311724653832944e-15 1.010812986110303e-14 18
1.5 4.785705244454365e-14 1.853202744933087e-13 62
2.25 7.261964116342081e-14 5.180139916351399e-13 98
3 2.19968352319588e-13 1.841420315565742e-12 210
3.75 3.760171140097505e-13 5.44639938292133e-12 350
4.5 4.522655392367058e-13 9.361590668327346e-12 450
5.25 5.459513781455028e-13 2.077671389487342e-11 602
6 9.092931568292483e-13 3.026453753605124e-11 762
6.75 1.225896578172416e-12 5.99466438232319e-11 1142
7.5 1.40843790242429e-12 7.391424164799907e-11 1250
8.25 1.588533585939364e-12 1.043922944633869e-10 1458
9 2.024702957938185e-12 1.528672044610119e-10 1814
9.75 2.391542541775088e-12 2.187710562972607e-10 2178
10.5 3.086491524698978e-12 2.717111764794973e-10 2498
11.25 3.009651346746488e-12 3.477724760204861e-10 2622
12 3.887235023886531e-12 4.899648026472552e-10 3338
12.75 4.236722335978807e-12 6.248991231602434e-10 3722
13.5 4.82238227271935e-12 7.678016174838327e-10 4170
14.25 5.188501694002895e-12 9.027087637839941e-10 4358
15 6.30904508044807e-12 1.125435736846605e-09 5034
15.75 6.736701658224654e-12 1.431494054032308e-09 5714
16.5 7.200834282529761e-12 1.62803633058554e-09 5982
17.25 8.231532856709818e-12 1.955341587083469e-09 6602
18 9.385326166711358e-12 2.238710151439437e-09 7130
18.75 1.045374709151926e-11 2.734898270347516e-09 8034
19.5 1.13108282022472e-11 3.226079118843643e-09 8606
20.25 1.233495532282718e-11 3.543121484819584e-09 9066
21 1.333108305540471e-11 4.14790436413942e-09 9962
21.75 1.507617523217928e-11 4.57401140968942e-09 10550
22.5 1.61842389027317e-11 5.166671615421563e-09 11226
23.25 1.734403899050661e-11 6.00215332782315e-09 12146
24 1.794038162612431e-11 6.361499902724274e-09 12303
24.75 1.914410639113709e-11 6.821064995090825e-09 12584
25.5 1.777605337892269e-11 6.861002129632434e-09 12120
26.25 1.614606726661239e-11 6.824184407489022e-09 11180
27 1.640511213565277e-11 7.069377034358647e-09 11096
27.75 1.489083584025758e-11 6.909112419031137e-09 10056
28.5 1.468128544209595e-11 6.779617884893647e-09 9716
29.25 1.30623680517512e-11 6.300302955564503e-09 8604
30 1.244236175119514e-11 6.056384741671405e-09 8060
30.75 1.146693753691507e-11 5.867324218455968e-09 7320
31.5 9.998931957033005e-12 5.258091597326755e-09 6356
32.25 8.184374619441938e-12 4.884311077540825e-09 5348
33 6.555102668052776e-12 3.797431350459865e-09 4308
33.75 5.912695555878881e-12 3.251930983768626e-09 3563
34.5 3.938017644596246e-12 2.36476608697701e-09 2448
35.25 2.869860706777013e-12 1.849784886993378e-09 1868
36 2.097030310689307e-12 1.383304305434259e-09 1358
36.75 1.684516966315397e-12 1.10341087641215e-09 1062
37.5 1.363357328365596e-12 8.081216577917739e-10 776
38.25 5.872435384924171e-13 4.571936977183838e-10 432
39 2.589425650099353e-13 2.227416832264013e-10 200
39.75 2.147664726789352e-13 2.098013296214318e-10 168
40.5 7.519299372177149e-14 5.986981298979039e-11 56
41.25 4.512954665629984e-15 8.411261977789403e-13 7


0.75 8.13389588696872e-15 1.033515079532778e-14 18
1.5 5.240530088926876e-14 1.615455453629196e-13 62
2.25 7.771343343422133e-14 4.808232427338562e-13 98
3 1.901735471959846e-13 2.121353158800866e-12 210
3.75 3.414729190358645e-13 5.8527781826758e-12 350
4.5 4.365561962720136e-13 9.59607986404599e-12 450
5.25 5.991149250665435e-13 1.902159155834191e-11 602
6 8.865755992754533e-13 3.070559937839913e-11 762
6.75 1.285168544590499e-12 5.711326523133683e-11 1142
7.5 1.367388515381953e-12 7.548163756358682e-11 1250
8.25 1.578328883941797e-12 1.038139214655867e-10 1458
9 1.918213270258716e-12 1.59091280755921e-10 1814
9.75 2.492176729627481e-12 2.074938572299306e-10 2178
10.5 2.943717469479791e-12 2.835134633750965e-10 2498
11.25 2.961821355047828e-12 3.502541095860662e-10 2622
12 3.851638156776913e-12 4.896385750060301e-10 3338
12.75 4.219329736778051e-12 6.203862196938051e-10 3722
13.5 4.942662697128431e-12 7.404095422979094e-10 4170
14.25 5.127945628393642e-12 9.039238666134098e-10 4358
15 6.181351708952366e-12 1.135424397815973e-09 5034
15.75 6.95356662958716e-12 1.372484360254914e-09 5714
16.5 7.408071037005227e-12 1.563833445975543e-09 5982
17.25 8.211724433520168e-12 1.940051405240875e-09 6602
18 9.195698772965597e-12 2.263560144893193e-09 7130
18.75 1.03716738771977e-11 2.730440407406126e-09 8034
19.5 1.178870305095415e-11 3.065332979089696e-09 8606
20.25 1.231724428099991e-11 3.507769412209913e-09 9066
21 1.39596789440009e-11 3.914240542618494e-09 9962
21.75 1.494349142947196e-11 4.56226248153743e-09 10550
22.5 1.62045298827084e-11 5.105782978718486e-09 11226
23.25 1.724395310065966e-11 5.974980165752161e-09 12146
24 1.816290768227942e-11 6.209641378809494e-09 12303
24.75 1.821298655098163e-11 7.107897464807761e-09 12584
25.5 1.763532143040274e-11 6.848767754791704e-09 12120
26.25 1.654294406488693e-11 6.601422955954756e-09 11180
27 1.643911372002917e-11 6.97228925137392e-09 11096
27.75 1.455613859819763e-11 6.985693122921068e-09 10056
28.5 1.402086601552084e-11 7.011056662876198e-09 9716
29.25 1.321041678772812e-11 6.169749464999684e-09 8604
30 1.171951926520834e-11 6.34888601883944e-09 8060
30.75 1.123542287077457e-11 5.932013367159863e-09 7320
31.5 9.829820915554204e-12 5.303840637639604e-09 6356
32.25 8.540031125803446e-12 4.637192698849469e-09 5348
33 6.393985642592093e-12 3.855127292500267e-09 4308
33.75 5.607684405415609e-12 3.386213786219391e-09 3563
34.5 3.954590004979862e-12 2.328910678668909e-09 2448
35.25 2.906379315021839e-12 1.804926433054395e-09 1868
36 2.185685981637917e-12 1.314711232058e-09 1358
36.75 1.618997511744211e-12 1.136446405609408e-09 1062
37.5 1.342125713030852e-12 8.138457693574909e-10 776
38.25 6.1861576516363e-13 4.312723713655287e-10 432
39 3.197487399823894e-13 1.788116116520997e-10 200
39.75 2.50200859971167e-13 1.833298017950819e-10 168
40.5 7.330660403977989e-14 6.06128163097306e-11 56
41.25 1.167395381538713e-15 3.164609692244047e-12 7


0.75 8.302702249339272e-15 9.829741026279677e-15 18
1.5 4.464509887388227e-14 1.891845077791081e-13 62
2.25 8.054294455839805e-14 4.589992506955091e-13 98
3 1.853962278537797e-13 2.173097035736451e-12 210
3.75 3.329806448935894e-13 5.945567271841699e-12 350
4.5 4.793395660682599e-13 8.575858656436906e-12 450
5.25 6.190606273762991e-13 1.833391909423328e-11 602
6 8.467390907239912e-13 3.159872576488192e-11 762
6.75 1.236820218572689e-12 5.83700615539278e-11 1142
7.5 1.407090916499484e-12 7.229808171074647e-11 1250
8.25 1.57275694372146e-12 1.031530086614849e-10 1458
9 2.001830137623969e-12 1.515162327494649e-10 1814
9.75 2.309689404513875e-12 2.213133247192468e-10 2178
10.5 2.803474059980638e-12 2.947777623767388e-10 2498
11.25 3.017580135223821e-12 3.396863114059698e-10 2622
12 3.751445901099549e-12 4.970831570331544e-10 3338
12.75 4.277267787995344e-12 6.05759378519058e-10 3722
13.5 4.895069413248229e-12 7.414480786860228e-10 4170
14.25 5.130102765354625e-12 8.932141265394712e-10 4358
15 6.255083500252068e-12 1.109937940197048e-09 5034
15.75 6.855304493180615e-12 1.379174586954466e-09 5714
16.5 7.376079936295105e-12 1.561708427903245e-09 5982
17.25 8.03532605141861e-12 1.960427701901551e-09 6602
18 9.295843594844205e-12 2.213348481052134e-09 7130
18.75 1.056622068097472e-11 2.642914036300484e-09 8034
19.5 1.153453594967731e-11 3.097134646680404e-09 8606
20.25 1.193950939534569e-11 3.579723009540503e-09 9066
21 1.386092497605777e-11 3.901104222664055e-09 9962
21.75 1.47641436878666e-11 4.57003973920419e-09 10550
22.5 1.607927211780831e-11 5.07855397757734e-09 11226
23.25 1.758526087232692e-11 5.796170715013877e-09 12146
24 1.796837442980867e-11 6.199999970981412e-09 12303
24.75 1.850192193073665e-11 6.916651571555408e-09 12584
25.5 1.769871497412326e-11 6.760907279456281e-09 12120
26.25 1.566990608005503e-11 6.874115944826952e-09 11180
27 1.607527332437322e-11 7.055455368322919e-09 11096
27.75 1.509852205838632e-11 6.671454197199985e-09 10056
28.5 1.449951935629329e-11 6.704503679371708e-09 9716
29.25 1.294349195133193e-11 6.225437770107019e-09 8604
30 1.248544436625413e-11 5.903389498228029e-09 8060
30.75 1.116744055704617e-11 5.902447407102544e-09 7320
31.5 9.791329018721071e-12 5.251317078592746e-09 6356
32.25 8.430927839990267e-12 4.646101972570669e-09 5348
33 6.444106937525057e-12 3.771396930257904e-09 4308
33.75 5.740306010689366e-12 3.267423602743544e-09 3563
34.5 4.146816401115665e-12 2.183134709516708e-09 2448
35.25 2.658368719845591e-12 1.942020584960712e-09 1868
36 2.15537327478973e-12 1.322420847862841e-09 1358
36.75 1.669492691935055e-12 1.091008228249501e-09 1062
37.5 1.213185629748013e-12 8.919315017254336e-10 776
38.25 6.132442907498324e-13 4.309076135415404e-10 432
39 2.995421387821193e-13 1.908173536943097e-10 200
39.75 2.861078675556263e-13 1.565360227986886e-10 168
40.5 8.675650754553861e-14 5.062239429744813e-11 56
41.25 1.478458058342494e-15 2.926366306138391e-12 7


0.75 8.205503761343164e-15 9.900278688632744e-15 18
1.5 4.685212331525187e-14 1.785521900852855e-13 62
2.25 7.977353821809173e-14 4.530605010897488e-13 98
3 1.701050749011005e-13 2.301766262693334e-12 210
3.75 3.998900686577062e-13 4.858664597593081e-12 350
4.5 4.889377797107462e-13 8.243237322163203e-12 450
5.25 6.257704119114183e-13 1.79712634213865e-11 602
6 8.048374942001684e-13 3.297502844091337e-11 762
6.75 1.272213505530913e-12 5.635307244865614e-11 1142
7.5 1.312648171273677e-12 7.691299721342428e-11 1250
8.25 1.719123853990898e-12 9.241005101136941e-11 1458
9 2.013050004211417e-12 1.486915245920203e-10 1814
9.75 2.33379228788541e-12 2.174203456224859e-10 2178
10.5 2.745268356256696e-12 2.980001117838385e-10 2498
11.25 3.048113303953076e-12 3.333933456745861e-10 2622
12 3.708897397707792e-12 4.977449780424131e-10 3338
12.75 4.388337199605412e-12 5.846023039962495e-10 3722
13.5 4.728856357193166e-12 7.579001069481973e-10 4170
14.25 5.097556868765503e-12 8.900379660960833e-10 4358
15 6.155618819411495e-12 1.118101381716772e-09 5034
15.75 6.746828653946405e-12 1.385632013799e-09 5714
16.5 7.408402054070588e-12 1.53041992103027e-09 5982
17.25 8.333100792991745e-12 1.870139125662752e-09 6602
18 9.02080813586794e-12 2.255029519195988e-09 7130
18.75 1.02508427642571e-11 2.701173511431755e-09 8034
19.5 1.121447680917301e-11 3.159515614971402e-09 8606
20.25 1.226166806014559e-11 3.461337734776209e-09 9066
21 1.333359681854705e-11 4.02130730229385e-09 9962
21.75 1.434179926548396e-11 4.648722494593877e-09 10550
22.5 1.566127421072437e-11 5.161162522650787e-09 11226
23.25 1.718881330745816e-11 5.87564568297646e-09 12146
24 1.793918354040714e-11 6.177213592661335e-09 12303
24.75 1.850206631950797e-11 6.858347359026259e-09 12584
25.5 1.729238967974363e-11 6.824830529955051e-09 12120
26.25 1.588946362811163e-11 6.72768155293803e-09 11180
27 1.596674734354149e-11 7.024980593830216e-09 11096
27.75 1.444571338335319e-11 6.884449273854528e-09 10056
28.5 1.422108349248368e-11 6.783312986704296e-09 9716
29.25 1.269112903169207e-11 6.295318520819511e-09 8604
30 1.181815006739388e-11 6.156406250119838e-09 8060
30.75 1.101763416167389e-11 5.907140282525817e-09 7320
31.5 9.46322502360096e-12 5.364812406565072e-09 6356
32.25 8.256774692042655e-12 4.696537823104986e-09 5348
33 6.642150146504653e-12 3.637081948546966e-09 4308
33.75 5.675380873170692e-12 3.270361102692084e-09 3563
34.5 3.902800585127614e-12 2.315687963267262e-09 2448
35.25 2.80888290035666e-12 1.828649794356722e-09 1868
36 1.980834860810753e-12 1.417402753946284e-09 1358
36.75 1.709921689069634e-12 1.053989012719754e-09 1062
37.5 1.251765365972768e-12 8.570773302211962e-10 776
38.25 6.484895092971842e-13 4.020670342167387e-10 432
39 2.499030683011605e-13 2.230779100188769e-10 200
39.75 2.849782474602957e-13 1.554854630976811e-10 168
40.5 9.451834503061804e-14 4.461290533577796e-11 56
41.25 4.964341780071019e-15 4.630720998969355e-13 7


0.75 8.04212161961554e-15 1.010753751226326e-14 18
1.5 4.967256492628238e-14 1.685231628709642e-13 62
2.25 7.038790865497899e-14 5.11898959047741e-13 98
3 2.157660322628091e-13 1.819860444070498e-12 210
3.75 3.576584904776394e-13 5.408647763264904e-12 350
4.5 4.408419638784381e-13 9.24372246901838e-12 450
5.25 6.531427927004937e-13 1.699988313812096e-11 602
6 8.700110759579518e-13 3.035022728789696e-11 762
6.75 1.246233995426273e-12 5.698782056969293e-11 1142
7.5 1.379219588766804e-12 7.242503770966112e-11 1250
8.25 1.557406508745757e-12 1.021336091124138e-10 1458
9 1.927762928830795e-12 1.538310694641689e-10 1814
9.75 2.39704357308777e-12 2.096429671682854e-10 2178
10.5 2.91746346569518e-12 2.769530521416603e-10 2498
11.25 3.021225347086481e-12 3.323135196602402e-10 2622
12 3.663936656353893e-12 4.987228758196507e-10 3338
12.75 4.23764356439881e-12 5.98952172048351e-10 3722
13.5 4.804126793457681e-12 7.391713076046865e-10 4170
14.25 5.187368426655834e-12 8.663547450029253e-10 4358
15 5.879031936827664e-12 1.156909933397867e-09 5034
15.75 6.622362061978806e-12 1.394002419685071e-09 5714
16.5 7.287216568581353e-12 1.542484030490737e-09 5982
17.25 8.112008417747358e-12 1.903487943652992e-09 6602
18 9.304495857132229e-12 2.166968659921538e-09 7130
18.75 1.018385746551805e-11 2.690908583076745e-09 8034
19.5 1.131977340778838e-11 3.097680908399914e-09 8606
20.25 1.204814716896021e-11 3.486824343411573e-09 9066
21 1.298937040358496e-11 4.061508161793269e-09 9962
21.75 1.459022238594327e-11 4.549395408473167e-09 10550
22.5 1.543374357757186e-11 5.189169971690761e-09 11226
23.25 1.696668658533989e-11 5.870061724983544e-09 12146
24 1.752521447851236e-11 6.225580107588776e-09 12303
24.75 1.846935565859824e-11 6.807857857778542e-09 12584
25.5 1.717874627617919e-11 6.815102239815176e-09 12120
26.25 1.626339036492396e-11 6.512790014351894e-09 11180
27 1.613813500122367e-11 6.880882063702144e-09 11096
27.75 1.445842517633673e-11 6.821831424551367e-09 10056
28.5 1.435839988224407e-11 6.643753136114139e-09 9716
29.25 1.325439015800414e-11 5.961780956555627e-09 8604
30 1.190302517831012e-11 6.068195803618361e-09 8060
30.75 1.123969778539458e-11 5.744898331658671e-09 7320
31.5 9.690806018861288e-12 5.212699408253689e-09 6356
32.25 8.307385535354436e-12 4.633014549486519e-09 5348
33 6.532287137383073e-12 3.650475127148589e-09 4308
33.75 5.42680857662418e-12 3.397062127888637e-09 3563
34.5 3.721518712794039e-12 2.40563494441813e-09 2448
35.25 2.934194831426756e-12 1.728563707640437e-09 1868
36 2.166919574356808e-12 1.285002712890844e-09 1358
36.75 1.836590523548948e-12 9.574405714920272e-10 1062
37.5 1.26230068376987e-12 8.410314226942766e-10 776
38.25 5.77188489657473e-13 4.466278699851402e-10 432
39 2.760861760064496e-13 2.028093920266292e-10 200
39.75 2.464607863536229e-13 1.803384880211992e-10 168
40.5 8.200241639940555e-14 5.279540366358588e-11 56
41.25 3.595185414551219e-15 1.402023918165591e-12 7


0.75 8.143198978680397e-15 9.718662742562504e-15 18
1.5 4.293701012933997e-14 1.94510320118133e-13 62
2.25 6.494515790489058e-14 5.37383853399285e-13 98
3 1.764611018774988e-13 2.180835222468763e-12 210
3.75 3.592525020798356e-13 5.416769664480967e-12 350
4.5 4.64646691585698e-13 8.610912090382925e-12 450
5.25 6.501321810967749e-13 1.692478808873792e-11 602
6 8.453985295487164e-13 3.08039806927449e-11 762
6.75 1.266927505222801e-12 5.524173542395562e-11 1142
7.5 1.343295452804377e-12 7.363341658531384e-11 1250
8.25 1.51118557069518e-12 1.039954967873572e-10 1458
9 1.996741568452288e-12 1.472496023079316e-10 1814
9.75 2.383149668330633e-12 2.086531466626989e-10 2178
10.5 2.810110580332172e-12 2.854963181448331e-10 2498
11.25 3.01103430484576e-12 3.302393828918854e-10 2622
12 3.619982135890321e-12 4.99385498651337e-10 3338
12.75 4.256457485450303e-12 5.901692084051731e-10 3722
13.5 4.726327684879338e-12 7.433143452139238e-10 4170
14.25 5.241701059629635e-12 8.474049751880328e-10 4358
15 5.883675933797957e-12 1.144661057055728e-09 5034
15.75 6.774591121359623e-12 1.354284345404969e-09 5714
16.5 7.238017450297598e-12 1.537309041405982e-09 5982
17.25 7.957797072429229e-12 1.919973429556804e-09 6602
18 9.180299410587058e-12 2.173654847876046e-09 7130
18.75 1.011365252400529e-11 2.682216208436627e-09 8034
19.5 1.12803559950655e-11 3.071745821302761e-09 8606
20.25 1.20215410340911e-11 3.449865148525513e-09 9066
21 1.297494073377264e-11 4.037850743151705e-09 9962
21.75 1.414078335297625e-11 4.624053743408761e-09 10550
22.5 1.530394797257772e-11 5.178177402145919e-09 11226
23.25 1.738227977764679e-11 5.706807878285147e-09 12146
24 1.748512336534497e-11 6.207770618154376e-09 12303
24.75 1.820138751095388e-11 6.822604699030603e-09 12584
25.5 1.736139447656926e-11 6.695580578369203e-09 12120
26.25 1.560082195108079e-11 6.687604682955569e-09 11180
27 1.609960144927356e-11 6.827854501671344e-09 11096
27.75 1.449957581939257e-11 6.728750655695704e-09 10056
28.5 1.398105562760083e-11 6.751747306134178e-09 9716
29.25 1.295879603171416e-11 6.022775797112474e-09 8604
30 1.214630175021348e-11 5.882610709920622e-09 8060
30.75 1.085437344013953e-11 5.906216338277256e-09 7320
31.5 9.760101250873479e-12 5.109152520697398e-09 6356
32.25 8.495376217064643e-12 4.471305500438788e-09 5348
33 6.634677424702844e-12 3.559174815931184e-09 4308
33.75 5.432882390559451e-12 3.351631965873486e-09 3563
34.5 4.075344274620412e-12 2.153417649276021e-09 2448
35.25 2.803199713489677e-12 1.793863687011137e-09 1868
36 2.024931834500156e-12 1.364393568299693e-09 1358
36.75 1.617607178388972e-12 1.092320060658756e-09 1062
37.5 1.162953975984112e-12 8.992545258680623e-10 776
38.25 6.319953864069728e-13 4.047620551655746e-10 432
39 3.507031767442456e-13 1.493972553042786e-10 200
39.75 2.453933121978592e-13 1.793469786452513e-10 168
40.5 6.455218618028521e-14 6.443272067232786e-11 56
41.25 3.155328711667728e-16 3.680317131081126e-12 7


0.75 7.951087080003391e-15 9.919356575407024e-15 18
1.5 4.546102078400016e-14 1.765666308281537e-13 62
2.25 6.324789284277296e-14 5.519116519868093e-13 98
3 2.145893768103868e-13 1.766377309049241e-12 210
3.75 3.462923433292034e-13 5.537053056139727e-12 350
4.5 4.155845770539648e-13 9.54189108749187e-12 450
5.25 6.38625476477921e-13 1.706740155568228e-11 602
6 8.503110733014384e-13 3.0308005485335e-11 762
6.75 1.165234761601261e-12 5.926827823537751e-11 1142
7.5 1.242094101164145e-12 7.851419077726826e-11 1250
8.25 1.561117317708512e-12 9.953791655421385e-11 1458
9 1.96127878000481e-12 1.484235350596505e-10 1814
9.75 2.312571810486845e-12 2.122848250600119e-10 2178
10.5 2.822480201317231e-12 2.813045651988423e-10 2498
11.25 2.831600824959638e-12 3.469104309351072e-10 2622
12 3.836000664292721e-12 4.664401817297591e-10 3338
12.75 4.1226037781322e-12 6.025732627016028e-10 3722
13.5 4.530731226198457e-12 7.654683268093035e-10 4170
14.25 5.005604151677678e-12 8.797146161786537e-10 4358
15 5.955764482813393e-12 1.12036380852673e-09 5034
15.75 6.594394762389639e-12 1.37341152034049e-09 5714
16.5 7.155851197448233e-12 1.54219177832507e-09 5982
17.25 7.989783829757032e-12 1.891027493739191e-09 6602
18 9.035265922262587e-12 2.181737996540535e-09 7130
18.75 1.02122322349161e-11 2.630887136433643e-09 8034
19.5 1.115811748364617e-11 3.080370714529438e-09 8606
20.25 1.199255139195521e-11 3.425306507540444e-09 9066
21 1.301360438596544e-11 3.990484770831447e-09 9962
21.75 1.423165812748118e-11 4.560454720410579e-09 10550
22.5 1.531468980836504e-11 5.137705683815813e-09 11226
23.25 1.691860366708942e-11 5.788499963510559e-09 12146
24 1.710982323573214e-11 6.268326675814472e-09 12303
24.75 1.810316253480458e-11 6.77905766982331e-09 12584
25.5 1.685469974655166e-11 6.796086826838532e-09 12120
26.25 1.628056108717849e-11 6.359963578779236e-09 11180
27 1.61442684299224e-11 6.741361229453173e-09 11096
27.75 1.472891821540898e-11 6.555354342523593e-09 10056
28.5 1.455598011025275e-11 6.425559704077987e-09 9716
29.25 1.260953527061476e-11 6.144210209092211e-09 8604
30 1.22823808318237e-11 5.754483319804242e-09 8060
30.75 1.138046307923488e-11 5.577476115588932e-09 7320
31.5 9.770895404717373e-12 5.052713222360902e-09 6356
32.25 8.356968978007414e-12 4.499886945439996e-09 5348
33 6.374889837111812e-12 3.663164336067707e-09 4308
33.75 5.819458535458212e-12 3.103416949630515e-09 3563
34.5 3.758348632658037e-12 2.324495037394668e-09 2448
35.25 2.76160539544848e-12 1.802919789955899e-09 1868
36 1.909768590388273e-12 1.422695017255125e-09 1358
36.75 1.592339449379411e-12 1.097999509396118e-09 1062
37.5 1.250883142524061e-12 8.312425189288993e-10 776
38.25 6.379081662378408e-13 3.963144451261048e-10 432
39 2.733760701774868e-13 2.006042371156046e-10 200
39.75 2.575645279091667e-13 1.692026594974736e-10 168
40.5 6.322380969033604e-14 6.479459722895142e-11 56
41.25 2.708095575655433e-15 1.983687743424891e-12 7


