0.75 1.493855788096732e-14 6.848857090771062e-15 18
1.5 7.405833769511841e-14 1.52445718157789e-13 62
2.25 8.207973566373966e-14 5.343553249285725e-13 98
3 2.547029522664861e-13 2.008490984751159e-12 210
3.75 3.501350743501574e-13 5.132109772926172e-12 350
4.5 4.583656787906772e-13 9.769923028849038e-12 450
5.25 6.572309126108579e-13 1.459701249752484e-11 602
6 8.973183221573248e-13 2.986921468427211e-11 762
6.75 1.235378315951426e-12 5.895140206324103e-11 1142
7.5 1.428191045017796e-12 8.039695858488142e-11 1250
8.25 1.529685510554633e-12 1.063291977512234e-10 1458
9 2.0115287598225e-12 1.457902111338704e-10 1814
9.75 2.563480165565312e-12 2.304262179269492e-10 2178
10.5 2.782444790094944e-12 3.226116681851029e-10 2498
11.25 2.995381641212456e-12 3.528289343033759e-10 2622
12 3.583006348062563e-12 5.324124305920637e-10 3338
12.75 4.226719658215497e-12 6.527974832181811e-10 3722
13.5 4.837958459422356e-12 8.268767953327971e-10 4170
14.25 5.032186539771214e-12 1.012145355432894e-09 4358
15 5.674206063166698e-12 1.236341291508698e-09 5034
15.75 6.355420807785321e-12 1.555311677961905e-09 5714
16.5 7.077607086754853e-12 1.775027153929829e-09 5982
17.25 7.596288509339139e-12 2.13561738679224e-09 6602
18 8.247578140252193e-12 2.507499139046419e-09 7130
18.75 8.901002784356267e-12 3.132795655869082e-09 8034
19.5 9.789038555150794e-12 3.623143772739317e-09 8606
20.25 1.024699266227564e-11 4.106844016695481e-09 9066
21 1.145068444292921e-11 4.91565887110451e-09 9962
21.75 1.207493666670931e-11 5.592519463741425e-09 10550
22.5 1.286026833027766e-11 6.312288709112201e-09 11226
23.25 1.390727034466533e-11 7.411576126760308e-09 12146
24 1.408287943266386e-11 7.940395195302579e-09 12303
24.75 1.413756558435438e-11 8.384668862815903e-09 12584
25.5 1.369872738604007e-11 8.619900574865194e-09 12120
26.25 1.274176866809011e-11 8.461672449581378e-09 11180
27 1.25195923311471e-11 8.984239887242852e-09 11096
27.75 1.107584565352684e-11 8.400371551602667e-09 10056
28.5 1.113139373594012e-11 8.708586943191066e-09 9716
29.25 9.747201307145114e-12 7.958588500411436e-09 8604
30 9.109462504570704e-12 8.068808161818519e-09 8060
30.75 8.260061332496696e-12 7.569806148524827e-09 7320
31.5 7.353081017263594e-12 6.896827762344602e-09 6356
32.25 5.818810287921205e-12 6.116567677640853e-09 5348
33 4.917045345805212e-12 5.111133445464577e-09 4308
33.75 4.157861848828119e-12 4.321908225002466e-09 3563
34.5 2.782829034907263e-12 2.909382398669259e-09 2448
35.25 2.139556625488862e-12 2.294028131448956e-09 1868
36 1.602686981856872e-12 1.91595656255171e-09 1358
36.75 1.124608722021004e-12 1.600789064307233e-09 1062
37.5 8.287201561705423e-13 1.064706915746791e-09 776
38.25 4.546421726800627e-13 6.326788097238672e-10 432
39 2.214724122389713e-13 2.692546800771512e-10 200
39.75 2.330597348443878e-13 2.337758271836053e-10 168
40.5 6.736763185767077e-14 5.223419573293862e-11 56
41.25 2.580699490060549e-15 1.202419275120231e-12 7


0.75 6.006730504388663e-15 1.773729439019164e-14 18
1.5 7.109150145486283e-14 1.586339367911559e-13 62
2.25 8.204776912062078e-14 5.212350186042216e-13 98
3 2.429867069635967e-13 2.090105673418294e-12 210
3.75 3.558033665211667e-13 4.996162330775195e-12 350
4.5 4.310229308677046e-13 1.015792075072565e-11 450
5.25 5.998370782283329e-13 1.606333500874304e-11 602
6 8.418531845765859e-13 3.13532476835081e-11 762
6.75 1.300940050621424e-12 5.530789004087142e-11 1142
7.5 1.461308234337317e-12 7.790003491187342e-11 1250
8.25 1.526767470772815e-12 1.058856572095643e-10 1458
9 1.974726270687977e-12 1.474500246679922e-10 1814
9.75 2.58466840373025e-12 2.261385448860054e-10 2178
10.5 2.945832903610766e-12 3.028614463411703e-10 2498
11.25 3.041459961117393e-12 3.438910099808639e-10 2622
12 3.930005895927602e-12 4.821231704548913e-10 3338
12.75 4.399962383632223e-12 6.218151672002872e-10 3722
13.5 5.050107949279151e-12 7.859661085795633e-10 4170
14.25 5.463284023867337e-12 9.295934104199614e-10 4358
15 6.096907238940432e-12 1.145668807518339e-09 5034
15.75 7.014065361459913e-12 1.408882388226704e-09 5714
16.5 7.545398038557771e-12 1.656214876521853e-09 5982
17.25 8.525452999581496e-12 1.908640636628872e-09 6602
18 9.278786648045794e-12 2.23745657385891e-09 7130
18.75 1.047972037024884e-11 2.701040746604961e-09 8034
19.5 1.121802078996376e-11 3.206911951737174e-09 8606
20.25 1.24397214385793e-11 3.470778526269429e-09 9066
21 1.394497375109903e-11 4.139337190670328e-09 9962
21.75 1.502795049205655e-11 4.656387204042644e-09 10550
22.5 1.624170977782098e-11 5.221183869064385e-09 11226
23.25 1.75961221388488e-11 6.177776679609745e-09 12146
24 1.865984939457559e-11 6.350854981072802e-09 12303
24.75 1.882872580239909e-11 6.609472005866585e-09 12584
25.5 1.77959669183841e-11 6.983683267442704e-09 12120
26.25 1.668461943277311e-11 6.752460418350926e-09 11180
27 1.675551543725632e-11 7.091731889539107e-09 11096
27.75 1.471968007653637e-11 6.704432709359804e-09 10056
28.5 1.462446568308871e-11 7.019956768752136e-09 9716
29.25 1.301804366890485e-11 6.326207383009513e-09 8604
30 1.258994695267593e-11 6.278748794192152e-09 8060
30.75 1.168856914635333e-11 5.738412412016192e-09 7320
31.5 9.934778467485982e-12 5.49155958663683e-09 6356
32.25 8.59256660521443e-12 4.567121793318235e-09 5348
33 6.999435383299084e-12 3.882295804699e-09 4308
33.75 5.840936636512097e-12 3.28324838569614e-09 3563
34.5 3.725670902922861e-12 2.306515783455723e-09 2448
35.25 2.912342263723273e-12 1.786490791548052e-09 1868
36 2.317467728695358e-12 1.437913718447822e-09 1358
36.75 1.834344623597359e-12 1.116871956183749e-09 1062
37.5 1.098466026104929e-12 8.747967217171267e-10 776
38.25 7.555676856107282e-13 4.216049272370059e-10 432
39 3.374145203222755e-13 1.871143871487487e-10 200
39.75 2.443554087346927e-13 2.238473409681252e-10 168
40.5 8.122269426149019e-14 4.203433498406993e-11 56
41.25 3.571056239934827e-15 4.938040533156826e-13 7


0.75 1.5022106836493e-14 7.246467681251464e-15 18
1.5 7.244898283502853e-14 1.430105598657463e-13 62
2.25 7.397316469905727e-14 5.659705469165487e-13 98
3 2.481620361684789e-13 2.043769249372504e-12 210
3.75 3.513436194539453e-13 4.967601582751384e-12 350
4.5 4.652269690417448e-13 9.409877436869196e-12 450
5.25 6.033505436914528e-13 1.587209485061862e-11 602
6 9.053722691230567e-13 2.890308062965541e-11 762
6.75 1.273538879939139e-12 5.622751232474129e-11 1142
7.5 1.434052061209729e-12 7.836797803294377e-11 1250
8.25 1.557179747480028e-12 1.024039162930222e-10 1458
9 2.056221952329743e-12 1.396677161875879e-10 1814
9.75 2.574075793447966e-12 2.244558444402719e-10 2178
10.5 2.999765038343976e-12 2.943879780247266e-10 2498
11.25 3.116325267650453e-12 3.319412309754911e-10 2622
12 3.872529733816564e-12 4.847179838458067e-10 3338
12.75 4.409433779462426e-12 6.143245955330563e-10 3722
13.5 5.119032183867887e-12 7.663373889168082e-10 4170
14.25 5.416920291050227e-12 9.267185874627392e-10 4358
15 6.184565551363165e-12 1.116591643707813e-09 5034
15.75 7.043277376210946e-12 1.390410611484935e-09 5714
16.5 7.671918892828874e-12 1.61099575516465e-09 5982
17.25 8.362994646437489e-12 1.928489585334155e-09 6602
18 9.120143553916093e-12 2.259331088840472e-09 7130
18.75 1.042530730407101e-11 2.678338061369348e-09 8034
19.5 1.13049611066688e-11 3.149956399847438e-09 8606
20.25 1.222070122898493e-11 3.504229554581458e-09 9066
21 1.369092602773129e-11 4.199947826201731e-09 9962
21.75 1.476772810401908e-11 4.708244411418749e-09 10550
22.5 1.575435463251973e-11 5.30180659782615e-09 11226
23.25 1.822577653723949e-11 5.906909928371007e-09 12146
24 1.767762406416311e-11 6.578867259893984e-09 12303
24.75 1.819339993282549e-11 6.797635673609609e-09 12584
25.5 1.791775297507046e-11 6.852118981042868e-09 12120
26.25 1.647738946540748e-11 6.782960820402704e-09 11180
27 1.669224415906608e-11 7.04571792977454e-09 11096
27.75 1.482163661817667e-11 6.590735253319665e-09 10056
28.5 1.460840890763618e-11 6.948057708439277e-09 9716
29.25 1.264679139117985e-11 6.430409613181498e-09 8604
30 1.288042722413325e-11 6.068322140285844e-09 8060
30.75 1.157984896151695e-11 5.748704837695854e-09 7320
31.5 9.912956000333787e-12 5.437424266402047e-09 6356
32.25 8.099531855703468e-12 4.774157107750104e-09 5348
33 6.870770355529486e-12 3.911850491727996e-09 4308
33.75 5.80086103004504e-12 3.286195384598423e-09 3563
34.5 3.761753038353831e-12 2.255910960059633e-09 2448
35.25 2.851431327924727e-12 1.809370393363938e-09 1868
36 2.396744888703293e-12 1.369929096674956e-09 1358
36.75 1.707356995426863e-12 1.190031986795401e-09 1062
37.5 1.104338684024148e-12 8.608603154144768e-10 776
38.25 7.235986404537716e-13 4.387226176916932e-10 432
39 3.435457689344223e-13 1.805736755461301e-10 200
39.75 2.719927790764799e-13 2.02657264179998e-10 168
40.5 8.749793004718562e-14 3.713726145413738e-11 56
41.25 2.487360306999599e-15 1.236416888153804e-12 7


0.75 1.103138915028129e-14 1.098895217912952e-14 18
1.5 6.788314359294209e-14 1.427501281524911e-13 62
2.25 1.028849942842537e-13 4.050424054164059e-13 98
3 2.237483082520269e-13 2.237403214998876e-12 210
3.75 3.397300392572312e-13 5.074391511114547e-12 350
4.5 4.451764464750283e-13 9.689823341868046e-12 450
5.25 6.010390325153861e-13 1.570163397351609e-11 602
6 8.402295843553349e-13 3.098231418113147e-11 762
6.75 1.291206375012875e-12 5.458833252028559e-11 1142
7.5 1.405313866457511e-12 7.92460281936792e-11 1250
8.25 1.628210898307847e-12 9.708451310611679e-11 1458
9 2.060168750142295e-12 1.376037157647157e-10 1814
9.75 2.559087387469664e-12 2.23736834463557e-10 2178
10.5 2.800694555957928e-12 3.111465062708942e-10 2498
11.25 3.07649230316536e-12 3.32608191824177e-10 2622
12 3.762855732897517e-12 4.944120195183594e-10 3338
12.75 4.304105666950254e-12 6.228978312386658e-10 3722
13.5 4.940178439180962e-12 7.881086616914328e-10 4170
14.25 5.3415443338844e-12 9.314100591584337e-10 4358
15 6.153849534134571e-12 1.111723760016983e-09 5034
15.75 6.810658611748855e-12 1.424195074448876e-09 5714
16.5 7.315118717896145e-12 1.673542279621626e-09 5982
17.25 8.76016798054505e-12 1.815361079244149e-09 6602
18 9.326045309091985e-12 2.180099673852476e-09 7130
18.75 1.025548229874062e-11 2.704013903318965e-09 8034
19.5 1.134909787246927e-11 3.108549703028167e-09 8606
20.25 1.189201706811459e-11 3.546854908235186e-09 9066
21 1.363626457038525e-11 4.165387840302784e-09 9962
21.75 1.464132896582098e-11 4.675164166933145e-09 10550
22.5 1.587920078659306e-11 5.232382130896569e-09 11226
23.25 1.799125118582964e-11 5.894809734478602e-09 12146
24 1.849191738967475e-11 6.261142960353801e-09 12303
24.75 1.834263586564945e-11 6.667947307521975e-09 12584
25.5 1.740854647105009e-11 6.962841295203678e-09 12120
26.25 1.684029717601229e-11 6.570296344501348e-09 11180
27 1.636786456754951e-11 7.108623109628598e-09 11096
27.75 1.467078936740462e-11 6.593141728889241e-09 10056
28.5 1.506682948335899e-11 6.667224805136006e-09 9716
29.25 1.249170104229421e-11 6.445898131644742e-09 8604
30 1.265283109626754e-11 6.126868373545928e-09 8060
30.75 1.124400685467921e-11 5.824948452936688e-09 7320
31.5 1.026831308533173e-11 5.194839967104244e-09 6356
32.25 8.233768953441373e-12 4.664491653451103e-09 5348
33 6.91114041360371e-12 3.859113120993181e-09 4308
33.75 5.775692647120445e-12 3.260622436102048e-09 3563
34.5 3.784687605492948e-12 2.219039903781023e-09 2448
35.25 2.917676396865728e-12 1.750090466541335e-09 1868
36 2.020336965931426e-12 1.597306529098219e-09 1358
36.75 1.848681063905524e-12 1.082571151141651e-09 1062
37.5 1.256927111336828e-12 7.501989142117036e-10 776
38.25 6.446048835333334e-13 4.880853408689452e-10 432
39 2.840688601376334e-13 2.195072744049749e-10 200
39.75 2.787637719691128e-13 1.958587606577971e-10 168
40.5 8.267458105312815e-14 3.999917549615886e-11 56
41.25 8.966325993606579e-16 2.333866285767468e-12 7


0.75 7.628747589487347e-15 1.584866148780557e-14 18
1.5 4.868319980875264e-14 1.888451054742505e-13 62
2.25 9.271278576746845e-14 4.522399822975907e-13 98
3 2.08211783835939e-13 2.385142294947188e-12 210
3.75 3.285181392317623e-13 5.189806516181144e-12 350
4.5 4.158058282188145e-13 1.021919081903362e-11 450
5.25 6.214409440675469e-13 1.49871234917179e-11 602
6 9.156911935095679e-13 2.803463277433573e-11 762
6.75 1.298481602924085e-12 5.381233771498615e-11 1142
7.5 1.444025111294063e-12 7.59627788220351e-11 1250
8.25 1.539057127465563e-12 1.015771503918457e-10 1458
9 1.959400406486323e-12 1.439708668794716e-10 1814
9.75 2.591130278582139e-12 2.186524359967505e-10 2178
10.5 2.92767380692591e-12 2.955802720440052e-10 2498
11.25 2.992693263452461e-12 3.39979310362761e-10 2622
12 3.791003535109244e-12 4.844940371665994e-10 3338
12.75 4.475346194591856e-12 5.921344515705568e-10 3722
13.5 5.037362650965101e-12 7.632687015976255e-10 4170
14.25 5.324150040142196e-12 9.231537632397338e-10 4358
15 6.009687441243289e-12 1.128903302446704e-09 5034
15.75 6.833985438738623e-12 1.404770222145369e-09 5714
16.5 7.394271294621132e-12 1.636998220969883e-09 5982
17.25 8.381741123435907e-12 1.880240342201146e-09 6602
18 9.015773567138458e-12 2.229572523278301e-09 7130
18.75 1.054985779754269e-11 2.597698521301578e-09 8034
19.5 1.131051971529883e-11 3.080406846322783e-09 8606
20.25 1.213434756003316e-11 3.439042266756781e-09 9066
21 1.345974271580599e-11 4.164897123863037e-09 9962
21.75 1.484590084386724e-11 4.5879825929382e-09 10550
22.5 1.609000485825553e-11 5.11340367720198e-09 11226
23.25 1.802437889366691e-11 5.839379129178437e-09 12146
24 1.815231548265892e-11 6.312053083282423e-09 12303
24.75 1.863434847799756e-11 6.489950411412753e-09 12584
25.5 1.774483820446825e-11 6.785733571928004e-09 12120
26.25 1.6299492316251e-11 6.707774109935486e-09 11180
27 1.620761666578081e-11 7.097050169911827e-09 11096
27.75 1.496241596337459e-11 6.391380232174888e-09 10056
28.5 1.48547669850373e-11 6.694075207556972e-09 9716
29.25 1.334883860330946e-11 5.945252240930227e-09 8604
30 1.257156955251768e-11 6.093929697696071e-09 8060
30.75 1.125993558485275e-11 5.783777537142665e-09 7320
31.5 9.759867610321005e-12 5.393857175061522e-09 6356
32.25 8.151433856781527e-12 4.661733432088508e-09 5348
33 7.001264740840353e-12 3.758550475494681e-09 4308
33.75 5.687374196235394e-12 3.270076241885216e-09 3563
34.5 3.653552570273403e-12 2.278308861588357e-09 2448
35.25 2.763259979339929e-12 1.828264270390495e-09 1868
36 2.18005528718436e-12 1.481969578115551e-09 1358
36.75 1.691719336009601e-12 1.17538384557314e-09 1062
37.5 1.13049671834266e-12 8.26835743118765e-10 776
38.25 6.979907667912381e-13 4.468730775260593e-10 432
39 2.62353096474892e-13 2.325750179695796e-10 200
39.75 2.923845289049573e-13 1.843909627700326e-10 168
40.5 7.224943774846172e-14 4.67758783193804e-11 56
41.25 1.079254348541301e-15 2.190702244340393e-12 7


0.75 1.595987202851535e-14 5.229656031661167e-15 18
1.5 4.53192928211034e-14 1.979098405632637e-13 62
2.25 9.549969513542626e-14 4.280159617581001e-13 98
3 2.385942556903543e-13 2.070472795086938e-12 210
3.75 3.277809764220643e-13 5.160751783793984e-12 350
4.5 4.337284189939106e-13 9.783769203563945e-12 450
5.25 6.12863171424185e-13 1.509921400614533e-11 602
6 8.418617023643368e-13 3.03023338135572e-11 762
6.75 1.309914300626667e-12 5.301951227106578e-11 1142
7.5 1.414746021991152e-12 7.704871810282098e-11 1250
8.25 1.573328872015986e-12 9.861057211381905e-11 1458
9 1.959955871122694e-12 1.421144686682531e-10 1814
9.75 2.448554205237257e-12 2.283671155524935e-10 2178
10.5 2.942804692348555e-12 2.908879126478611e-10 2498
11.25 2.919105611219223e-12 3.43645319837811e-10 2622
12 3.78931640998691e-12 4.795951997884437e-10 3338
12.75 4.284397035842794e-12 6.12625087179265e-10 3722
13.5 4.873917733189862e-12 7.803612353995957e-10 4170
14.25 5.301041631920218e-12 9.191191847056604e-10 4358
15 6.079078543754844e-12 1.10189924479835e-09 5034
15.75 6.824812271539741e-12 1.391232003868536e-09 5714
16.5 7.48530640394099e-12 1.601387044744962e-09 5982
17.25 8.24597578816704e-12 1.894455685748341e-09 6602
18 9.129063793386282e-12 2.184350467367328e-09 7130
18.75 1.046659666178586e-11 2.595597475635532e-09 8034
19.5 1.14503659090019e-11 3.02217164789482e-09 8606
20.25 1.187714177101289e-11 3.477788011375193e-09 9066
21 1.354333459816171e-11 4.102520365406659e-09 9962
21.75 1.504551018459379e-11 4.464176534468245e-09 10550
22.5 1.571546841426531e-11 5.173201737015822e-09 11226
23.25 1.759524938894999e-11 5.940684907680266e-09 12146
24 1.792554008818884e-11 6.346870040653026e-09 12303
24.75 1.774555606351959e-11 6.737863862245967e-09 12584
25.5 1.736650902760946e-11 6.839608948664379e-09 12120
26.25 1.641984350277911e-11 6.602202802246462e-09 11180
27 1.607864116312519e-11 7.102234192176768e-09 11096
27.75 1.443621650688801e-11 6.559297622737184e-09 10056
28.5 1.446158836593647e-11 6.81126528520599e-09 9716
29.25 1.286272058735655e-11 6.132151094401898e-09 8604
30 1.223782434340048e-11 6.184374766090108e-09 8060
30.75 1.118320579889106e-11 5.762774017991448e-09 7320
31.5 9.812162837944832e-12 5.334835612571571e-09 6356
32.25 8.092245624212246e-12 4.622984498829819e-09 5348
33 6.863505002049914e-12 3.813136580384792e-09 4308
33.75 5.425395665633507e-12 3.394050319171764e-09 3563
34.5 3.719981716535597e-12 2.21375760630256e-09 2448
35.25 2.992007720521185e-12 1.660864301075924e-09 1868
36 2.260014725459024e-12 1.411388835828818e-09 1358
36.75 1.598715430996345e-12 1.224960187726943e-09 1062
37.5 1.263977364554468e-12 7.285619373378231e-10 776
38.25 6.827154462481036e-13 4.52172273916628e-10 432
39 2.632185083911483e-13 2.296251390331369e-10 200
39.75 2.919751436226609e-13 1.826852194401272e-10 168
40.5 6.405237569826858e-14 5.199554123683506e-11 56
41.25 2.737454283744997e-15 1.015293404076465e-12 7


0.75 7.62169403565253e-15 1.503433522234251e-14 18
1.5 5.338436136699415e-14 1.812929739520998e-13 62
2.25 8.114774973833678e-14 5.08693661035848e-13 98
3 2.385974680559081e-13 2.029498222076848e-12 210
3.75 3.496782443110072e-13 4.815896826327126e-12 350
4.5 4.199201313184518e-13 9.88624968255676e-12 450
5.25 6.064270721051001e-13 1.503180806136771e-11 602
6 8.765489233830573e-13 2.875896249175442e-11 762
6.75 1.264250581678519e-12 5.444479486636565e-11 1142
7.5 1.320563247535816e-12 8.097246804789032e-11 1250
8.25 1.517347896338139e-12 1.00826563337433e-10 1458
9 1.890145272236701e-12 1.460523129673974e-10 1814
9.75 2.498091246814477e-12 2.220522809992957e-10 2178
10.5 2.857695813841547e-12 2.962277133307064e-10 2498
11.25 2.869782072355909e-12 3.457399255370735e-10 2622
12 3.69116174800823e-12 4.879730380249487e-10 3338
12.75 4.271871750432289e-12 6.073738843494827e-10 3722
13.5 4.933044109906296e-12 7.637435777433598e-10 4170
14.25 5.279814443681988e-12 9.124854639132558e-10 4358
15 6.010121946309977e-12 1.103738588610152e-09 5034
15.75 6.874228138865961e-12 1.366281402127101e-09 5714
16.5 7.42713938532243e-12 1.599057986016899e-09 5982
17.25 8.047634717916026e-12 1.918067233261103e-09 6602
18 9.071987474088927e-12 2.178110985993796e-09 7130
18.75 1.027693054868105e-11 2.60843067100881e-09 8034
19.5 1.111819238790686e-11 3.07067213296336e-09 8606
20.25 1.195632575983283e-11 3.422462897574103e-09 9066
21 1.324564237858525e-11 4.134576023750198e-09 9962
21.75 1.465263292632759e-11 4.546255884651606e-09 10550
22.5 1.59788094133736e-11 5.036268453363931e-09 11226
23.25 1.758600190404102e-11 5.862721718956946e-09 12146
24 1.82955830036516e-11 6.138460064156292e-09 12303
24.75 1.807081294797865e-11 6.520494334190025e-09 12584
25.5 1.730364084667906e-11 6.80383065159271e-09 12120
26.25 1.642756714098322e-11 6.534241619229931e-09 11180
27 1.614339966498002e-11 6.989295366937812e-09 11096
27.75 1.498125273668894e-11 6.245414661801748e-09 10056
28.5 1.49092813908339e-11 6.531111093054648e-09 9716
29.25 1.256006408980952e-11 6.212909377249239e-09 8604
30 1.228662885022476e-11 6.115748194421744e-09 8060
30.75 1.121700740403159e-11 5.691427838205843e-09 7320
31.5 1.006249891693227e-11 5.141766093710102e-09 6356
32.25 8.40793895086007e-12 4.419744206055627e-09 5348
33 6.518914345258047e-12 3.942927374879818e-09 4308
33.75 5.701067817968526e-12 3.192429124759528e-09 3563
34.5 3.555949623747278e-12 2.283888116117764e-09 2448
35.25 2.782540046089977e-12 1.778892908120241e-09 1868
36 2.225453771100666e-12 1.420723317020431e-09 1358
36.75 1.633797718643397e-12 1.1903835691741e-09 1062
37.5 1.185981656214028e-12 7.729460413353122e-10 776
38.25 6.577732269590553e-13 4.651863668560984e-10 432
39 3.566227023073805e-13 1.630087670001593e-10 200
39.75 2.726728339005726e-13 1.940136160906685e-10 168
40.5 6.125915592630095e-14 5.344217002584831e-11 56
41.25 3.451900586303762e-15 5.003225366553766e-13 7


0.75 1.080480663707431e-14 1.162178476560897e-14 18
1.5 5.967987964252735e-14 1.719956748947714e-13 62
2.25 9.261725052386154e-14 4.419274302961963e-13 98
3 2.317861039838181e-13 2.094745399112031e-12 210
3.75 3.578730839468378e-13 4.650996556430336e-12 350
4.5 4.468055229612265e-13 9.286072489331388e-12 450
5.25 5.605754084404114e-13 1.614542578482008e-11 602
6 7.956675791598576e-13 3.122685490481795e-11 762
6.75 1.233344872675961e-12 5.506437744842899e-11 1142
7.5 1.381948411505283e-12 7.716562613659692e-11 1250
8.25 1.582674041053394e-12 9.58855968034271e-11 1458
9 1.982021376513351e-12 1.375720898823539e-10 1814
9.75 2.532023588357452e-12 2.168557991879331e-10 2178
10.5 2.844167023696543e-12 2.948271521259938e-10 2498
11.25 3.068134655880366e-12 3.196281197994408e-10 2622
12 3.761656925430299e-12 4.73791609779024e-10 3338
12.75 4.179904446291913e-12 6.144594615269075e-10 3722
13.5 4.94920664014435e-12 7.526019731094657e-10 4170
14.25 5.20939129805112e-12 9.150080167867134e-10 4358
15 5.861866465612439e-12 1.120959213782893e-09 5034
15.75 6.574987848988466e-12 1.411094019661221e-09 5714
16.5 7.292576448257559e-12 1.611571783848494e-09 5982
17.25 8.124579804677243e-12 1.882448999539073e-09 6602
18 8.854956673652647e-12 2.203089811514991e-09 7130
18.75 1.024566912035719e-11 2.590622618692229e-09 8034
19.5 1.136733876026795e-11 2.976038812541085e-09 8606
20.25 1.202822633065724e-11 3.374827106071911e-09 9066
21 1.296761691417472e-11 4.190656137616762e-09 9962
21.75 1.484027984292434e-11 4.438885849724745e-09 10550
22.5 1.571392931267393e-11 5.064156128731427e-09 11226
23.25 1.717917610537005e-11 5.911983379325338e-09 12146
24 1.849912289244722e-11 6.008746253375927e-09 12303
24.75 1.779550835840263e-11 6.569432747023016e-09 12584
25.5 1.733228147504621e-11 6.701063175264015e-09 12120
26.25 1.594388063329673e-11 6.657866002129425e-09 11180
27 1.602495112715114e-11 6.984284230034825e-09 11096
27.75 1.463873983361495e-11 6.336308640061778e-09 10056
28.5 1.420681658679117e-11 6.774601616263295e-09 9716
29.25 1.229606311953329e-11 6.272455570604424e-09 8604
30 1.243680275699768e-11 5.965000097903053e-09 8060
30.75 1.104395937873133e-11 5.720293696876177e-09 7320
31.5 9.784841952744646e-12 5.222052477099026e-09 6356
32.25 8.350974968445032e-12 4.394487278535203e-09 5348
33 6.658829530294218e-12 3.847318632518506e-09 4308
33.75 5.664324064796081e-12 3.187004424532147e-09 3563
34.5 3.666605745450166e-12 2.197240318736514e-09 2448
35.25 2.796439441572594e-12 1.749860392269729e-09 1868
36 2.169863891313886e-12 1.440984478795875e-09 1358
36.75 1.641607856725142e-12 1.17404113343352e-09 1062
37.5 1.074638672645228e-12 8.407156025362922e-10 776
38.25 7.663970753262574e-13 3.856572649793986e-10 432
39 3.212095322781258e-13 1.85393142169396e-10 200
39.75 2.814739508603536e-13 1.860105002513913e-10 168
40.5 6.172422437375654e-14 5.261931500108295e-11 56
41.25 2.188098375032203e-15 1.36953855781864e-12 7


0.75 1.434042612480743e-14 6.547243578759495e-15 18
1.5 7.689228405379555e-14 1.278988092034951e-13 62
2.25 7.56330514490124e-14 5.257135210297486e-13 98
3 2.27010117465608e-13 2.073113471619076e-12 210
3.75 3.48506010076894e-13 4.742379091732628e-12 350
4.5 4.509018235221161e-13 9.057786698204856e-12 450
5.25 5.348301107798457e-13 1.671936179031597e-11 602
6 7.867724643069381e-13 3.113828495074169e-11 762
6.75 1.294109738269121e-12 5.188881388033784e-11 1142
7.5 1.335935675004795e-12 7.887230121298205e-11 1250
8.25 1.520904996657287e-12 9.863426255689366e-11 1458
9 1.913363638025687e-12 1.4146812097322e-10 1814
9.75 2.444855111735163e-12 2.221777626793526e-10 2178
10.5 2.938831360327605e-12 2.822174627251526e-10 2498
11.25 2.956659539591696e-12 3.28692037577752e-10 2622
12 3.69092032120951e-12 4.779161196638967e-10 3338
12.75 4.333987581370977e-12 5.868444167833915e-10 3722
13.5 4.883268018260962e-12 7.565854129680818e-10 4170
14.25 5.196243091513787e-12 9.095436941164652e-10 4358
15 5.872364533436312e-12 1.105225082606442e-09 5034
15.75 6.706029333298895e-12 1.37227720516665e-09 5714
16.5 7.35711766846892e-12 1.580241398120887e-09 5982
17.25 8.040963030793686e-12 1.880773568482421e-09 6602
18 9.053523771472569e-12 2.133981599078866e-09 7130
18.75 1.011099946001469e-11 2.602595001451315e-09 8034
19.5 1.118003620011441e-11 3.001488959253676e-09 8606
20.25 1.17055520657324e-11 3.423618786820957e-09 9066
21 1.329945324338088e-11 4.052288401966459e-09 9962
21.75 1.453106093825937e-11 4.4938927800384e-09 10550
22.5 1.570224626635156e-11 5.03182352954236e-09 11226
23.25 1.704298274329549e-11 5.92743843922902e-09 12146
24 1.725605743211725e-11 6.331051822030169e-09 12303
24.75 1.827410225126893e-11 6.349521751171049e-09 12584
25.5 1.743104051773667e-11 6.602969169767052e-09 12120
26.25 1.622870137936044e-11 6.476861281623862e-09 11180
27 1.629255501324668e-11 6.776332987610681e-09 11096
27.75 1.445529553548244e-11 6.363090912572096e-09 10056
28.5 1.453025051551773e-11 6.567152973645884e-09 9716
29.25 1.237229281827023e-11 6.190760798679065e-09 8604
30 1.212892581351198e-11 6.054502103259854e-09 8060
30.75 1.126596491349729e-11 5.529055164607521e-09 7320
31.5 9.568904098959995e-12 5.284475995696463e-09 6356
32.25 8.270641035820999e-12 4.407311290247334e-09 5348
33 6.541799867651256e-12 3.860459068765264e-09 4308
33.75 5.69604861263467e-12 3.131247774380958e-09 3563
34.5 3.578901006762224e-12 2.237916775913461e-09 2448
35.25 2.67553693318261e-12 1.80509844453903e-09 1868
36 2.174903859553628e-12 1.419952741167952e-09 1358
36.75 1.770944844107416e-12 1.074963179998892e-09 1062
37.5 1.086448005132789e-12 8.245432579779321e-10 776
38.25 6.305440503189698e-13 4.7369806611594e-10 432
39 2.56584704800448e-13 2.279178074222689e-10 200
39.75 2.674055593189855e-13 1.937561277994113e-10 168
40.5 6.262853244991351e-14 5.149848076546071e-11 56
41.25 7.712943095129067e-16 2.34588977957935e-12 7


0.75 6.202199427691273e-15 1.676633986341807e-14 18
1.5 8.165775889042855e-14 1.100472606120093e-13 62
2.25 7.754020496958132e-14 5.099283155931145e-13 98
3 2.128375438360104e-13 2.206357491433305e-12 210
3.75 3.475455786309877e-13 4.69801393698149e-12 350
4.5 4.177727076943045e-13 9.724367608931828e-12 450
5.25 5.951932163283957e-13 1.478139623393764e-11 602
6 8.166993827470759e-13 2.988903340046889e-11 762
6.75 1.224717431291968e-12 5.431617708660644e-11 1142
7.5 1.357540410886289e-12 7.712414632209295e-11 1250
8.25 1.504707138636948e-12 9.893514428157791e-11 1458
9 1.989415263831981e-12 1.341479242083959e-10 1814
9.75 2.496263642796104e-12 2.156903070509995e-10 2178
10.5 2.830095366287477e-12 2.898166187260721e-10 2498
11.25 2.843236569530972e-12 3.387895580831368e-10 2622
12 3.682397476863718e-12 4.741448408733051e-10 3338
12.75 4.247899747187603e-12 5.929113624158527e-10 3722
13.5 4.885091372724089e-12 7.48398482186725e-10 4170
14.25 5.172486427709104e-12 9.039819330417419e-10 4358
15 5.889866431958481e-12 1.08969640010339e-09 5034
15.75 6.647766631455869e-12 1.369450583483291e-09 5714
16.5 7.280873370184506e-12 1.580139693342847e-09 5982
17.25 8.128293849896214e-12 1.84369561805882e-09 6602
18 8.802332690697753e-12 2.174765494529828e-09 7130
18.75 9.741330433794006e-12 2.666520177275197e-09 8034
19.5 1.090269552769805e-11 3.04155368735953e-09 8606
20.25 1.184139190249671e-11 3.35170832564451e-09 9066
21 1.355936771350069e-11 3.931502402194704e-09 9962
21.75 1.416837448619268e-11 4.559162850451338e-09 10550
22.5 1.561183888902698e-11 4.994842083479098e-09 11226
23.25 1.760245028190393e-11 5.684078627311096e-09 12146
24 1.788273180709986e-11 6.086889631510592e-09 12303
24.75 1.732934868335467e-11 6.618503227965867e-09 12584
25.5 1.709179542791799e-11 6.700270998017296e-09 12120
26.25 1.549607417187394e-11 6.717087266917447e-09 11180
27 1.551784817817051e-11 7.047695414549301e-09 11096
27.75 1.425407787563882e-11 6.372378194729597e-09 10056
28.5 1.404561722084429e-11 6.719977644345552e-09 9716
29.25 1.18745158564254e-11 6.349444888398888e-09 8604
30 1.18173741854803e-11 6.159579250314782e-09 8060
30.75 1.103212643167629e-11 5.60890221381713e-09 7320
31.5 9.531014881249308e-12 5.274669578269456e-09 6356
32.25 8.055210819478839e-12 4.470026272233462e-09 5348
33 6.823810231392315e-12 3.666399833672621e-09 4308
33.75 5.442847630111704e-12 3.244662889081245e-09 3563
34.5 3.640569233963123e-12 2.170112672728034e-09 2448
35.25 2.800717788532115e-12 1.708807125919218e-09 1868
36 2.488805491900413e-12 1.206870884735589e-09 1358
36.75 1.637849170639203e-12 1.152679221057758e-09 1062
37.5 1.120316627499535e-12 7.937395855160737e-10 776
38.25 5.69493864368704e-13 5.111341802856991e-10 432
39 2.534356009589751e-13 2.281696950105628e-10 200
39.75 2.669361449196427e-13 1.921063320892453e-10 168
40.5 6.405107507172685e-14 5.002191907710188e-11 56
41.25 1.228165250624685e-15 2.011434902458029e-12 7


