0    0
0.1    7.75374336903223e-06
0.2    1.41931656919558e-05
0.3    1.85035122883814e-05
0.4    2.04563519780043e-05
0.5    2.02988902188173e-05
0.6    1.8558864079421e-05
0.7    1.58514206631821e-05
0.8    1.27396637469301e-05
0.900000000000001    9.66257622236899e-06
1    6.91882952619238e-06
1.1    4.68538519848849e-06
1.2    3.05104488773633e-06
1.3    2.05100648487111e-06
1.4    1.69463474175569e-06
1.5    1.98304313558939e-06
1.6    2.91542119468247e-06
1.7    4.48391038410101e-06
1.8    6.65718558257034e-06
1.9    9.35365268006638e-06
2    1.24073347020914e-05
2.1    1.55336734556366e-05
2.2    1.83085007551265e-05
2.29999999999999    2.01795208463196e-05
2.39999999999999    2.05316710804038e-05
2.49999999999999    1.88195435577576e-05
2.59999999999999    1.47565763659596e-05
2.69999999999999    8.5135661717084e-06
2.79999999999998    8.42840656600785e-07
2.89999999999998    6.96421183121743e-06
2.99999999999998    1.33348700634972e-05
3.09999999999998    1.6842332366096e-05
3.19999999999998    1.66549631235302e-05
3.29999999999997    1.2817951130506e-05
3.39999999999997    6.23767864826874e-06
3.49999999999997    1.62382321333698e-06
3.59999999999997    9.2043934469821e-06
3.69999999999997    1.52575126938226e-05
3.79999999999996    1.9089195713029e-05
3.89999999999996    2.05808432756083e-05
3.99999999999996    2.00535137550029e-05
4.09999999999996    1.80670980277631e-05
4.19999999999995    1.52352565098157e-05
4.29999999999995    1.20996092939363e-05
4.39999999999995    9.07047368403635e-06
4.49999999999995    6.41952827751258e-06
4.59999999999995    4.30290280462042e-06
4.69999999999994    2.79584457651971e-06
4.79999999999994    1.92635236284655e-06
4.89999999999994    1.70104961050299e-06
4.99999999999994    2.12051770731581e-06
5.09999999999994    3.1832987056335e-06
5.19999999999993    4.87845334329329e-06
5.29999999999993    7.16691015656412e-06
5.39999999999993    9.95282551785603e-06
5.49999999999993    1.30486938870744e-05
5.59999999999993    1.61425375241331e-05
5.69999999999992    1.87817603426454e-05
5.79999999999992    2.03939268240694e-05
5.89999999999992    2.03652080792427e-05
5.99999999999992    1.81862353401119e-05
6.09999999999991    1.36483608130789e-05
6.19999999999991    7.03471373486586e-06
6.29999999999991    7.82584443248524e-07
6.39999999999991    8.42718769566986e-06
6.49999999999991    1.43180305596236e-05
6.5999999999999    1.71156636334935e-05
6.6999999999999    1.61523947617148e-05
6.7999999999999    1.16602738648997e-05
6.8999999999999    4.69094091481992e-06
6.9999999999999    3.23490831677375e-06
7.09999999999989    1.05899942572929e-05
7.19999999999989    1.62280830457995e-05
7.29999999999989    1.95766936290642e-05
7.39999999999989    2.06211172039117e-05
7.49999999999988    1.97476884672421e-05
7.59999999999988    1.75406616091944e-05
7.69999999999988    1.46069937966287e-05
7.79999999999988    1.14644278128573e-05
7.89999999999988    8.49438694128235e-06
7.99999999999987    5.94257511943308e-06
8.09999999999987    3.94576403295321e-06
8.19999999999987    2.56705827872405e-06
8.29999999999987    1.82833591955145e-06
8.39999999999987    1.73411288828529e-06
8.49999999999986    2.28460458917557e-06
8.59999999999986    3.47739886663589e-06
8.69999999999986    5.29770057500212e-06
8.79999999999986    7.69749662488106e-06
8.89999999999985    1.05652256133792e-05
8.99999999999985    1.3690449893855e-05
9.09999999999985    1.67330352377482e-05
9.19999999999985    1.92127427904865e-05
9.29999999999985    2.0540199803909e-05
9.39999999999984    2.01088888373002e-05
9.49999999999984    1.74537759780602e-05
9.59999999999984    1.24523319545711e-05
9.69999999999984    5.50435172530506e-06
9.79999999999984    2.4016202473387e-06
9.89999999999983    9.81688272538861e-06
9.99999999999983    1.51710453568654e-05
10.0999999999998    1.72304513130772e-05
10.1999999999998    1.55011558762297e-05
10.2999999999998    1.03986210049367e-05
10.3999999999998    3.10468908693018e-06
10.4999999999998    4.82105405963384e-06
10.5999999999998    1.19026452037874e-05
10.6999999999998    1.71021309970376e-05
10.7999999999998    1.99676229927226e-05
10.8999999999998    2.05814933703641e-05
10.9999999999998    1.93867042601603e-05
11.0999999999998    1.69845188858764e-05
11.1999999999998    1.3970568521704e-05
11.2999999999998    1.08368351131594e-05
11.3999999999998    7.93594712567014e-06
11.4999999999998    5.48880033279797e-06
11.5999999999998    3.61430228401627e-06
11.6999999999998    2.36477383519507e-06
11.7999999999998    1.7569639748638e-06
11.8999999999998    1.79382390386174e-06
11.9999999999998    2.47527196806097e-06
12.0999999999998    3.79753766566182e-06
12.1999999999998    5.74110361628577e-06
12.2999999999998    8.247749050172e-06
12.3999999999998    1.11887037759217e-05
12.4999999999998    1.43292709369192e-05
12.5999999999998    1.7300658504471e-05
12.6999999999998    1.95961937160538e-05
12.7999999999998    2.06133419192733e-05
12.8999999999998    1.97595284525676e-05
12.9999999999998    1.66225752268323e-05
13.0999999999998    1.1173824304489e-05
13.1999999999998    3.93277980670348e-06
13.2999999999998    4.00083722951194e-06
13.3999999999998    1.11202628783058e-05
13.4999999999998    1.58853458354091e-05
13.5999999999998    1.71855123340947e-05
13.6999999999998    1.47078647598775e-05
13.7999999999998    9.04512455845996e-06
13.8999999999997    1.49265549409527e-06
13.9999999999997    6.37076909870693e-06
14.0999999999997    1.3135486799154e-05
14.1999999999997    1.7877903808361e-05
14.2999999999997    2.02642986207868e-05
14.3999999999997    2.04666199429271e-05
14.4999999999997    1.89758716490074e-05
14.5999999999997    1.64034642762267e-05
14.6999999999997    1.33296721961385e-05
14.7999999999997    1.02193096701564e-05
14.8999999999997    7.39659783555169e-06
14.9999999999997    5.05890880453386e-06
15.0999999999997    3.30878172638549e-06
15.1999999999997    2.18904985682666e-06
15.2999999999997    1.71223917400098e-06
15.3999999999997    1.88018138136403e-06
15.4999999999997    2.69246980910687e-06
15.5999999999997    4.14347658417302e-06
15.6999999999997    6.20800869699512e-06
15.7999999999997    8.81630296323266e-06
15.8999999999997    1.18208843655765e-05
15.9999999999997    1.49615757001342e-05
16.0999999999997    1.78406962541011e-05
16.1999999999997    1.9926810062576e-05
16.2999999999997    2.06085841822912e-05
16.3999999999998    1.93145314785204e-05
16.4999999999998    1.56939652865562e-05
16.5999999999998    9.81923549792096e-06
16.6999999999998    2.33114653180877e-06
16.7999999999998    5.56656103345432e-06
16.8999999999998    1.23248841434886e-05
16.9999999999999    1.64536952527161e-05
17.0999999999999    1.69813101178473e-05
17.1999999999999    1.37805219508902e-05
17.2999999999999    7.6125825514417e-06
17.3999999999999    1.31604014019793e-07
17.4999999999999    7.87337218000062e-06
17.6    1.42827183073901e-05
17.7    1.85545947085641e-05
17.8    2.04696567012164e-05
17.9    2.02814025679343e-05
18    1.8520471016692e-05
18.1    1.58020963528793e-05
18.2    1.26877455498553e-05
18.3000000000001    9.61409826072401e-06
18.4000000000001    6.87760731499232e-06
18.5000000000001    4.65349378475644e-06
18.6000000000001    3.0294093401606e-06
18.7000000000001    2.03992665792629e-06
18.8000000000001    1.6941624861877e-06
18.9000000000002    1.99318001325999e-06
19.0000000000002    2.93612411850219e-06
19.1000000000002    4.51491395714321e-06
19.2000000000002    6.69764085436952e-06
19.3000000000002    9.40161013496255e-06
19.4000000000002    1.24591564500953e-05
19.5000000000002    1.55835342418031e-05
19.6000000000003    1.83482546803893e-05
19.7000000000003    2.0199287063094e-05
19.8000000000003    2.0521454563327e-05
19.9000000000003    1.87719662501085e-05
20.0000000000003    1.46702526436782e-05
20.1000000000003    8.3960135441874e-06
20.2000000000004    7.11355160332161e-07
20.3000000000004    7.08503203283861e-06
20.4000000000004    1.34190618561458e-05
20.5000000000004    1.68702958456279e-05
20.6000000000004    1.66199472719786e-05
20.7000000000004    1.2728391652006e-05
20.8000000000005    6.11428368513245e-06
20.9000000000005    1.7548652812005e-06
21.0000000000005    9.31907539802879e-06
21.1000000000005    1.53396016296936e-05
21.2000000000005    1.91322886464729e-05
21.3000000000005    2.05871799003887e-05
21.4000000000005    2.00309380696817e-05
21.5000000000006    1.80257106420223e-05
21.6000000000006    1.51848011127331e-05
21.7000000000006    1.20479789028627e-05
21.8000000000006    9.02322659279697e-06
21.9000000000006    6.38008066156104e-06
22.0000000000006    4.27304831807085e-06
22.1000000000007    2.77634263690096e-06
22.2000000000007    1.91742811550544e-06
22.3000000000007    1.70273447874791e-06
22.4000000000007    2.13280927574555e-06
22.5000000000007    3.20612986537405e-06
22.6000000000007    4.91147487424737e-06
22.7000000000007    7.20909465601327e-06
22.8000000000008    1.00019283838515e-05
22.9000000000008    1.31006657170252e-05
23.0000000000008    1.61910745385407e-05
23.1000000000008    1.8818286199096e-05
23.2000000000008    2.04083683308376e-05
23.3000000000008    2.03478500498955e-05
23.4000000000009    1.81306383341129e-05
23.5000000000009    1.35547563869798e-05
23.6000000000009    6.91263043983703e-06
23.7000000000009    9.14043892796812e-07
23.8000000000009    8.54257230553657e-06
23.9000000000009    1.4392036896238e-05
24.000000000001    1.71308776848456e-05
24.100000000001    1.61051340052953e-05
24.200000000001    1.15618659044525e-05
24.300000000001    4.5638353920463e-06
24.400000000001    3.36437667092238e-06
24.500000000001    1.0699051659957e-05
24.600000000001    1.63024478926355e-05
24.7000000000011    1.96118999788997e-05
24.8000000000011    2.06208214523773e-05
24.9000000000011    1.97204511533933e-05
25.0000000000011    1.74966870853943e-05
25.1000000000011    1.45557341973968e-05
25.2000000000011    1.1413313689812e-05
25.3000000000012    8.44850994585755e-06
25.4000000000012    5.90497454100447e-06
25.5000000000012    3.91797671062122e-06
25.6000000000012    2.54969883395351e-06
25.7000000000012    1.82156794115151e-06
25.8000000000012    1.73795470714833e-06
25.9000000000012    2.29904914583745e-06
26.0000000000013    3.5023451726568e-06
26.1000000000013    5.33269895564015e-06
26.2000000000013    7.74131930680877e-06
26.3000000000013    1.06153077211735e-05
26.4000000000013    1.37423110495583e-05
26.5000000000013    1.6779891132912e-05
26.6000000000014    1.92456179657352e-05
26.7000000000014    2.05489053130004e-05
26.8000000000014    2.00841110788996e-05
26.9000000000014    1.73901599704873e-05
27.0000000000014    1.2351838857505e-05
27.1000000000014    5.37853793858289e-06
27.2000000000015    2.53197943589356e-06
27.3000000000015    9.92575914349203e-06
27.4000000000015    1.52341257280142e-05
27.5000000000015    1.72327590182153e-05
27.6000000000015    1.54421321740816e-05
27.7000000000015    1.02923180793635e-05
27.8000000000015    2.97498746437697e-06
27.9000000000016    4.94799083583519e-06
28.0000000000016    1.20054838480543e-05
28.1000000000016    1.71685937728761e-05
28.2000000000016    1.99951059161041e-05
28.3000000000016    2.05749301616098e-05
28.4000000000016    1.93552349131432e-05
28.5000000000017    1.6938352305651e-05
28.6000000000017    1.39188130775514e-05
28.7000000000017    1.07864468467112e-05
28.8000000000017    7.89156435931915e-06
28.9000000000017    5.45310796917775e-06
29.0000000000017    3.58860532301275e-06
29.1000000000017    2.34956195088731e-06
29.2000000000018    1.75235252575234e-06
29.3000000000018    1.79982267223266e-06
29.4000000000018    2.49186576062321e-06
29.5000000000018    3.82458170566924e-06
29.6000000000018    5.77803030732404e-06
29.7000000000018    8.2931065424896e-06
29.8000000000019    1.12395819401589e-05
29.9000000000019    1.43807412451569e-05
