0 0 0
2.99999999999998 7.68940369653547e-24 2.82146670948738e-27
5.99999999999992 5.94327474246155e-24 2.71989942994952e-28
8.99999999999985 5.0363421959135e-24 6.16844321641376e-29
11.9999999999998 5.09132870374025e-24 2.14101335036909e-29
14.9999999999997 5.49401342431624e-24 9.41494913846014e-30
18 6.8550974104337e-24 5.5984988650901e-30
21.0000000000005 5.51373691171227e-23 2.4136007084676e-29
24.000000000001 6.63571098228044e-22 1.71814976743352e-28
27.0000000000014 8.60297531386812e-21 1.4606203439882e-27
30.0000000000019 1.11629451559761e-19 1.31708746920104e-26
33.000000000002 1.45386125944995e-18 1.18807292282191e-25
36.0000000000014 1.78391425959696e-17 1.01723404606768e-24
39.0000000000008 1.31618904047026e-15 5.37659895526797e-23
42.0000000000002 2.55705863717634e-14 7.68378185348726e-22
44.9999999999996 2.72273247357865e-13 6.20651422206249e-21
47.999999999999 8.15410885783557e-13 1.47645480412883e-20
50.9999999999984 1.52346808771368e-12 2.22356112249852e-20
53.9999999999978 2.26699536153976e-12 2.64462853318056e-20
56.9999999999972 5.70164089328764e-12 5.30819079238213e-20
59.9999999999966 4.47552934752355e-11 3.3599256485002e-19
62.999999999996 2.23628838069278e-10 1.36933301908973e-18
65.9999999999969 9.73673118028626e-10 4.95868396542253e-18
68.9999999999984 4.32136980706297e-09 1.86897460411005e-17
71.9999999999999 1.27492210593931e-08 4.72733875561364e-17
75.0000000000015 3.33390042011162e-08 1.0525125149853e-16
78.000000000003 8.82403546019472e-08 2.36768681345528e-16
81.0000000000045 1.87577195087547e-07 4.29668453056813e-16
84.0000000000061 3.51627448746463e-07 6.92426325390766e-16
87.0000000000076 7.15394072783065e-07 1.22323353356813e-15
90.0000000000091 1.06144155232751e-06 1.59497137652238e-15
93.0000000000107 1.66179602458899e-06 2.21377448059468e-15
96.0000000000122 2.65030365993927e-06 3.10791965341133e-15
99.0000000000137 3.32065720413196e-06 3.41980516568377e-15
102.000000000015 4.12313044500204e-06 3.78957259281443e-15
105.000000000017 5.43416097174621e-06 4.43779953462109e-15
108.000000000018 6.95816596199815e-06 5.09261801106857e-15
111.00000000002 8.47729898078791e-06 5.56210987440443e-15
114.000000000021 1.01929890721938e-05 6.01537996973436e-15
117.000000000023 1.20198824263507e-05 6.39815264378045e-15
120.000000000024 1.29780319548052e-05 6.24434415440418e-15
123.000000000026 1.37009051283738e-05 5.97396403919972e-15
126.000000000028 1.41566876123245e-05 5.606823950358e-15
129.000000000028 1.48035758489016e-05 5.33769840820309e-15
132.000000000025 1.57946824653118e-05 5.19573173483712e-15
135.000000000022 1.61466083205157e-05 4.85597765954041e-15
138.000000000019 1.63064275852266e-05 4.49215913557079e-15
141.000000000017 1.6708788992008e-05 4.22436444147323e-15
144.000000000014 1.74848497068089e-05 4.06421484600704e-15
147.000000000011 1.74951172098323e-05 3.74528150805163e-15
150.000000000009 1.78606917712446e-05 3.52725335187846e-15
153.000000000006 1.80987036583593e-05 3.30258221647358e-15
156.000000000003 1.83550931412467e-05 3.09946114575535e-15
159 1.91938425831554e-05 3.0037125689647e-15
161.999999999998 1.89276014860044e-05 2.74901661592781e-15
164.999999999995 1.91858867589411e-05 2.58963663470914e-15
167.999999999992 1.9365260756569e-05 2.43233918699263e-15
170.999999999989 2.0101125198269e-05 2.35244798833134e-15
173.999999999987 2.00128344059163e-05 2.18493884745249e-15
176.999999999984 1.98748066400563e-05 2.02667738827252e-15
179.999999999981 2.03812740309796e-05 1.94335323966498e-15
182.999999999979 2.07635601595916e-05 1.85331390509476e-15
185.999999999976 2.11126453269128e-05 1.76593628338322e-15
188.999999999973 2.06151513683291e-05 1.61754687757916e-15
191.99999999997 2.10680757451409e-05 1.55227684282987e-15
194.999999999968 2.17285944071897e-05 1.50478274912697e-15
197.999999999965 2.16787327310795e-05 1.41247840842918e-15
200.999999999962 2.15023638863467e-05 1.31928948992523e-15
203.999999999959 2.15712648254334e-05 1.24743474501278e-15
206.999999999957 2.20621270567755e-05 1.20351385966949e-15
209.999999999954 2.2382900606533e-05 1.15278999819386e-15
212.999999999951 2.20680126151129e-05 1.07394105843219e-15
215.999999999949 2.21766448488565e-05 1.02054517937521e-15
218.999999999946 2.25056322877301e-05 9.80129542787478e-16
221.999999999943 2.27932371493198e-05 9.40130784771793e-16
224.99999999994 2.26245143149401e-05 8.84427524768551e-16
227.999999999938 2.25718450062486e-05 8.36848639528807e-16
230.999999999935 2.26032431774072e-05 7.9536434992099e-16
233.999999999932 2.31304540715268e-05 7.73002384856151e-16
236.999999999929 2.33678305913271e-05 7.42158296289117e-16
239.999999999927 2.31910516316538e-05 7.00424801091746e-16
242.999999999924 2.32612131017078e-05 6.68513780449081e-16
245.999999999921 2.39711815427205e-05 6.55938767683142e-16
248.999999999919 2.35467537901678e-05 6.13845690727893e-16
251.999999999916 2.34200083663414e-05 5.8199645509374e-16
254.999999999913 2.34643387041072e-05 5.56154542042463e-16
257.99999999991 2.38716866057605e-05 5.39951335892138e-16
260.999999999908 2.44240410266336e-05 5.27488132271085e-16
263.999999999905 2.43113367816343e-05 5.01601944594521e-16
266.999999999902 2.41401380015626e-05 4.7607537958998e-16
269.999999999899 2.45181497922353e-05 4.62401546494641e-16
272.999999999897 2.45455708549325e-05 4.42912494249705e-16
275.999999999894 2.4531648825133e-05 4.23732616316421e-16
278.999999999891 2.45502098659671e-05 4.06114295090795e-16
281.999999999889 2.46204462386556e-05 3.90222223347792e-16
284.999999999886 2.50455336556536e-05 3.80514181031596e-16
287.999999999883 2.50301028443938e-05 3.64688233887971e-16
290.99999999988 2.52494146286392e-05 3.52944321349861e-16
293.999999999878 2.47811051345243e-05 3.32480342396445e-16
296.999999999875 2.52906529668933e-05 3.25816120879594e-16
299.999999999872 2.5646668274326e-05 3.17384899257598e-16
302.999999999869 2.51463948404925e-05 2.99050502732924e-16
305.999999999867 2.52582200232303e-05 2.88777949305386e-16
308.999999999864 2.58999797946522e-05 2.84783323420219e-16
311.999999999861 2.59403851076988e-05 2.74413816343892e-16
314.999999999859 2.56501132816513e-05 2.61160045722933e-16
317.999999999856 2.53636107862418e-05 2.4863300387558e-16
320.999999999853 2.59785960489133e-05 2.45275894625213e-16
323.99999999985 2.61726555986783e-05 2.38081143468167e-16
326.999999999848 2.59849340066922e-05 2.27818195028333e-16
329.999999999845 2.59946623198462e-05 2.19732571048174e-16
332.999999999842 2.62298055918953e-05 2.13833752272191e-16
335.999999999839 2.62238503326454e-05 2.06250742472911e-16
338.999999999837 2.63295046664592e-05 1.99850198964286e-16
341.999999999834 2.65031437835253e-05 1.94202102023764e-16
344.999999999831 2.63617299671468e-05 1.86534680467519e-16
347.999999999829 2.65818879473728e-05 1.81687494946234e-16
350.999999999826 2.70545153192178e-05 1.78678353241019e-16
353.999999999823 2.6293200591135e-05 1.67836966801057e-16
356.99999999982 2.6651644245134e-05 1.64475666732106e-16
359.999999999818 2.66916177717544e-05 1.59300932493957e-16
362.999999999815 2.69016391741486e-05 1.55312038184251e-16
365.999999999812 2.67070820423892e-05 1.49195176434848e-16
368.999999999809 2.64041725843836e-05 1.42764682216357e-16
371.999999999807 2.72654169370324e-05 1.42721661882044e-16
374.999999999804 2.74317571272427e-05 1.39050267218193e-16
377.999999999801 2.68502852072259e-05 1.31832882451667e-16
380.999999999798 2.66634927106825e-05 1.26840596781809e-16
383.999999999796 2.71501433843693e-05 1.25166894852134e-16
386.999999999793 2.71618033211769e-05 1.21381343071142e-16
389.99999999979 2.68197577508797e-05 1.16208514196411e-16
392.999999999788 2.71489762543406e-05 1.14080002700096e-16
395.999999999785 2.71569892461382e-05 1.10696213851669e-16
398.999999999782 2.74902161442763e-05 1.08722356374823e-16
401.999999999779 2.71256321152569e-05 1.04111402036558e-16
404.999999999777 2.70399229932745e-05 1.00739128326459e-16
407.999999999774 2.69740999834357e-05 9.75712666990234e-17
410.999999999771 2.7289985325897e-05 9.58628148292845e-17
413.999999999768 2.75050303726392e-05 9.38466593784593e-17
416.999999999766 2.75184652251679e-05 9.1219273796501e-17
419.999999999763 2.7151723687261e-05 8.74579736804064e-17
422.99999999976 2.7485625360649e-05 8.60473889560641e-17
425.999999999758 2.75973969358447e-05 8.39888862008792e-17
428.999999999755 2.72507825146409e-05 8.0637562975321e-17
431.999999999752 2.71145278179513e-05 7.80280772199852e-17
434.999999999749 2.73865151588888e-05 7.6658941186843e-17
437.999999999747 2.79188787360098e-05 7.6028145838127e-17
440.999999999744 2.78234422410524e-05 7.37281775327215e-17
443.999999999741 2.74238774132302e-05 7.07242778654702e-17
446.999999999738 2.75918100858441e-05 6.92648632548766e-17
449.999999999736 2.75314629151305e-05 6.72886111978878e-17
452.999999999733 2.75155498180125e-05 6.54846273503276e-17
455.99999999973 2.73386697179068e-05 6.33683280710934e-17
458.999999999728 2.74279034554041e-05 6.1928589061917e-17
461.999999999725 2.77197617100426e-05 6.09765226939657e-17
464.999999999722 2.78026100332078e-05 5.95953322949392e-17
467.999999999719 2.80148761726498e-05 5.85245665496306e-17
470.999999999717 2.75796394722258e-05 5.61614363159341e-17
473.999999999714 2.75137375708887e-05 5.4620859293808e-17
476.999999999711 2.78357706254447e-05 5.38827898587017e-17
479.999999999708 2.78643669084574e-05 5.26010514531727e-17
482.999999999706 2.76821078068028e-05 5.09705184892397e-17
485.999999999703 2.76478045861666e-05 4.96609232209377e-17
488.9999999997 2.79408220265533e-05 4.89669818346396e-17
491.999999999698 2.81371401790994e-05 4.81190141481808e-17
494.999999999695 2.73685575453711e-05 4.56795982632668e-17
497.999999999692 2.76283559139392e-05 4.50109753543838e-17
500.999999999689 2.81328667715798e-05 4.47446283669679e-17
503.999999999687 2.84688426136244e-05 4.42101122514838e-17
506.999999999684 2.77915322510281e-05 4.21453205510682e-17
509.999999999681 2.77910830285118e-05 4.11611556521577e-17
512.999999999678 2.83196047714829e-05 4.09714924936582e-17
515.999999999676 2.80801528929192e-05 3.96874967129138e-17
518.999999999673 2.79260906172551e-05 3.85643968462547e-17
521.99999999967 2.75642564018198e-05 3.71969326448272e-17
524.999999999668 2.82434604823163e-05 3.72494344225549e-17
527.999999999665 2.8653456350654e-05 3.69382241321424e-17
530.999999999662 2.81105082663888e-05 3.54255733157707e-17
533.999999999659 2.81957230167107e-05 3.47408372352013e-17
536.999999999657 2.80566165102219e-05 3.38028840758956e-17
539.999999999654 2.83838184710289e-05 3.34426802703471e-17
542.999999999651 2.85815947093207e-05 3.29372466101362e-17
545.999999999648 2.80929112001984e-05 3.16684001941059e-17
548.999999999646 2.85376207298401e-05 3.14719199562892e-17
551.999999999643 2.8700361397195e-05 3.0968592532768e-17
554.99999999964 2.85298646759445e-05 3.01237371249178e-17
557.999999999638 2.82970426728697e-05 2.9240120497368e-17
560.999999999635 2.80184925444264e-05 2.83378757503839e-17
563.999999999632 2.85809936487797e-05 2.82960273632722e-17
566.999999999629 2.88476901958961e-05 2.79599975800252e-17
569.999999999627 2.86053040900597e-05 2.71456782035317e-17
572.999999999624 2.8672543112557e-05 2.66439434791399e-17
575.999999999621 2.91651188132206e-05 2.65404756325647e-17
578.999999999618 2.90563331554467e-05 2.5897903401646e-17
581.999999999616 2.87595732815337e-05 2.51088394085523e-17
584.999999999613 2.88908248347726e-05 2.47092863273796e-17
587.99999999961 2.85613143559539e-05 2.39325975781224e-17
590.999999999608 2.89131329804818e-05 2.37388136223448e-17
593.999999999605 2.92576349124605e-05 2.35396095919051e-17
596.999999999602 2.88410558416321e-05 2.27413945343989e-17
599.999999999599 2.89706733728986e-05 2.23898748875585e-17
602.999999999597 2.89321316376832e-05 2.19181092428972e-17
605.999999999594 2.8989268110369e-05 2.15297655904532e-17
608.999999999591 2.9063252440312e-05 2.11618318070676e-17
611.999999999588 2.8766779225994e-05 2.05380396992368e-17
614.999999999586 2.96161775884644e-05 2.07347221764229e-17
617.999999999583 2.96718535205684e-05 2.03729809648239e-17
620.99999999958 2.93454986788805e-05 1.97621270491031e-17
623.999999999578 2.89284383947203e-05 1.91090844473648e-17
626.999999999575 2.90198289667174e-05 1.88047639985179e-17
629.999999999572 2.93143030202927e-05 1.86361744697738e-17
632.999999999569 2.9209421125013e-05 1.82196293444191e-17
635.999999999567 2.90578516872541e-05 1.7785190592469e-17
638.999999999564 2.93966333257746e-05 1.76566766280395e-17
641.999999999561 2.9659068897053e-05 1.74836088252115e-17
644.999999999558 2.96301838960893e-05 1.71436991861815e-17
647.999999999556 2.8938774427158e-05 1.64353799124217e-17
650.999999999553 2.92714080257083e-05 1.63199380476645e-17
653.99999999955 2.96803171656179e-05 1.62462286996032e-17
656.999999999548 2.96829040640467e-05 1.59528595476248e-17
659.999999999545 2.92321757156083e-05 1.54262946024641e-17
662.999999999542 2.91867703816622e-05 1.51254362438731e-17
665.999999999539 2.9351611538936e-05 1.49383406977025e-17
668.999999999537 2.95324709117959e-05 1.47623529481077e-17
671.999999999534 2.92610889008415e-05 1.43673400665851e-17
674.999999999531 2.89680973611475e-05 1.39718145589177e-17
677.999999999528 2.95304574078654e-05 1.3992531830872e-17
680.999999999526 2.97645778862669e-05 1.38563833040495e-17
683.999999999523 2.95188328624449e-05 1.35021930661687e-17
686.99999999952 2.90031390876463e-05 1.30359704276627e-17
689.999999999518 2.94564116136272e-05 1.30107836439581e-17
692.999999999515 2.94706785008207e-05 1.27930831263141e-17
695.999999999512 2.95828712972786e-05 1.26214322314736e-17
698.999999999509 2.9152753620032e-05 1.22258214876805e-17
701.999999999507 2.93569170518027e-05 1.21021301439154e-17
704.999999999504 2.97311809325738e-05 1.20487895783629e-17
707.999999999501 2.94213318948111e-05 1.17224312151291e-17
710.999999999498 2.94495710798177e-05 1.1536548639493e-17
713.999999999496 2.91103467441241e-05 1.12131896411903e-17
716.999999999493 2.9259665239737e-05 1.10830118448264e-17
719.99999999949 2.96936660244821e-05 1.10611441293117e-17
722.999999999487 2.92913239108455e-05 1.07311259579051e-17
725.999999999485 2.94898114567656e-05 1.0626104867826e-17
728.999999999482 2.94689337310492e-05 1.04448856483465e-17
731.999999999479 2.98038290875469e-05 1.03911086437851e-17
734.999999999477 2.91577254606822e-05 1.00009971177154e-17
737.999999999474 2.91972549780063e-05 9.85246489474957e-18
740.999999999471 2.92398964155139e-05 9.7077805759043e-18
743.999999999468 2.92923766273405e-05 9.56935398538936e-18
746.999999999466 2.99603863068674e-05 9.6308996475477e-18
749.999999999463 2.92001761855073e-05 9.23729765433251e-18
752.99999999946 2.93620032555062e-05 9.14121671905801e-18
755.999999999457 2.95972205685288e-05 9.06897338739148e-18
758.999999999455 2.93990713380417e-05 8.86660055312896e-18
761.999999999452 2.92560912411162e-05 8.68519822860817e-18
764.999999999449 2.92314531581571e-05 8.54245162403302e-18
767.999999999447 2.95775063126755e-05 8.50912313296446e-18
770.999999999444 3.00328361355188e-05 8.50641545264346e-18
773.999999999441 2.96183643954038e-05 8.25953498347074e-18
776.999999999438 2.94522779944603e-05 8.08690392283842e-18
779.999999999436 2.92347728102291e-05 7.90442925181203e-18
782.999999999433 2.96310717367834e-05 7.88932781053688e-18
785.99999999943 2.95647538982082e-05 7.75208815662451e-18
788.999999999427 2.90283436262971e-05 7.49627954255612e-18
791.999999999425 2.96623529822678e-05 7.54451195002539e-18
794.999999999422 2.96651524260906e-05 7.4318199187482e-18
797.999999999419 2.98697414648253e-05 7.37114368589711e-18
800.999999999417 2.92747008718333e-05 7.11653191571878e-18
803.999999999414 2.94931795145217e-05 7.06309729103964e-18
806.999999999411 3.02043004606859e-05 7.12636517161452e-18
809.999999999408 2.98862370760826e-05 6.94735799679393e-18
812.999999999406 2.96428472077797e-05 6.78953597624345e-18
815.999999999403 2.9416313559543e-05 6.63909281593789e-18
818.9999999994 3.00895700211507e-05 6.69196003050695e-18
821.999999999397 3.0058869505378e-05 6.58787909140497e-18
824.999999999395 2.95503854247162e-05 6.38273689943672e-18
827.999999999392 2.96651480415686e-05 6.31512179205911e-18
830.999999999389 2.95537870846137e-05 6.20094042939958e-18
833.999999999387 3.03071993951773e-05 6.26797436064706e-18
836.999999999384 2.99809366931207e-05 6.11196218506093e-18
839.999999999381 2.96197386154642e-05 5.95251616334534e-18
842.999999999378 3.00885986957414e-05 5.96103760609494e-18
845.999999999376 3.02213592968513e-05 5.90278383728272e-18
848.999999999373 3.01448539605196e-05 5.80496713037812e-18
851.99999999937 2.97755035956795e-05 5.6533878613072e-18
854.999999999367 2.98472572175226e-05 5.58783739411139e-18
857.999999999365 3.02658609984411e-05 5.5872480835064e-18
860.999999999362 3.04802128514743e-05 5.54881823723158e-18
863.999999999359 2.95004136275821e-05 5.29618319021892e-18
866.999999999357 3.01491510487806e-05 5.33805695483886e-18
869.999999999354 3.00742998977677e-05 5.2516064974215e-18
872.999999999351 3.02386853252036e-05 5.20799065596796e-18
875.999999999348 3.00074120489442e-05 5.09776116695378e-18
878.999999999346 3.00369461214383e-05 5.03335604179903e-18
881.999999999343 3.02658545030357e-05 5.00305670689681e-18
884.99999999934 3.02188047072769e-05 4.92780941729175e-18
887.999999999337 3.0170369427138e-05 4.85367236193675e-18
890.999999999335 2.98604705526331e-05 4.73935315560169e-18
893.999999999332 2.98569153682314e-05 4.67545819661569e-18
896.999999999329 3.04295681658485e-05 4.70168540110012e-18
899.999999999327 3.03924753263699e-05 4.63356263406971e-18
902.999999999324 3.03598842838251e-05 4.56734897926037e-18
905.999999999321 3.00553613041614e-05 4.46190234340134e-18
908.999999999318 3.02156595089408e-05 4.42670181019876e-18
911.999999999316 3.02970760165884e-05 4.38051162745333e-18
914.999999999313 2.97586601976163e-05 4.24643713659226e-18
917.99999999931 2.99373499808078e-05 4.21626806095343e-18
920.999999999307 2.99566149349872e-05 4.16429929657608e-18
923.999999999305 3.07479978830098e-05 4.21897685077977e-18
926.999999999302 3.00549658631762e-05 4.07071732689534e-18
929.999999999299 2.99964763350427e-05 4.0105798413911e-18
932.999999999297 3.01018759728753e-05 3.97310476716975e-18
935.999999999294 3.02672520244469e-05 3.9439149130535e-18
938.999999999291 3.05734056209896e-05 3.93310028061417e-18
941.999999999288 2.98996835895568e-05 3.79758737282906e-18
944.999999999286 3.01475420794944e-05 3.78066536214078e-18
947.999999999283 3.06305382497723e-05 3.79274987896707e-18
950.99999999928 3.03396304557127e-05 3.70953853129706e-18
953.999999999277 3.02981362763687e-05 3.65802999614303e-18
956.999999999275 2.98536592978286e-05 3.55933892811583e-18
959.999999999272 3.03269849229205e-05 3.57073902946913e-18
962.999999999269 3.04170898749335e-05 3.53685145393408e-18
965.999999999266 3.02665633473365e-05 3.4758139953949e-18
968.999999999264 3.00571002192142e-05 3.40920966234562e-18
971.999999999261 3.04966985102533e-05 3.4164911501543e-18
974.999999999258 3.05064850878917e-05 3.37566919903085e-18
977.999999999256 2.99343229453161e-05 3.2718629981435e-18
980.999999999253 3.00343584285662e-05 3.24278651018147e-18
983.99999999925 3.00990860067151e-05 3.21028254100507e-18
986.999999999247 3.04417977019733e-05 3.20751537842235e-18
989.999999999245 3.03883489272926e-05 3.16320176241776e-18
992.999999999242 2.9814274939211e-05 3.06612048523595e-18
995.999999999239 3.0324292446145e-05 3.08108243229862e-18
998.999999999236 3.05174318646267e-05 3.06357937024421e-18
