0 0 0
2.99999999999998 5.59540373812514e-20 7.52549042268567e-22
5.99999999999992 9.63735773062191e-20 1.99109018690528e-22
8.99999999999985 1.28714011394978e-19 1.00360432057824e-22
11.9999999999998 1.21606087615626e-19 6.27420908895958e-23
14.9999999999997 8.36608260616116e-20 4.14839493571213e-23
18 7.46851699548335e-20 2.79471285934752e-23
21.0000000000005 8.33617861494699e-20 2.02620435732974e-23
24.000000000001 9.54678285484104e-20 1.56660052565687e-23
27.0000000000014 1.03840900782614e-19 1.22531294815511e-23
30.0000000000019 1.13898733671408e-19 1.02451480952381e-23
33.000000000002 1.14410243979731e-19 8.63271627470941e-24
36.0000000000014 1.04282112273984e-19 7.47583020689809e-24
39.0000000000008 9.01436843018837e-20 6.41206727206505e-24
42.0000000000002 8.28676754969494e-20 5.47764574285458e-24
44.9999999999996 8.04923695626107e-20 4.57400046507837e-24
47.999999999999 8.44453447854857e-20 3.99233191306457e-24
50.9999999999984 9.17336790235431e-20 3.61588862304586e-24
53.9999999999978 9.61271640117186e-20 3.20153284847468e-24
56.9999999999972 1.04697388630231e-19 2.98552612225125e-24
59.9999999999966 1.06477110676657e-19 2.63727276431379e-24
62.999999999996 1.08570452985992e-19 2.3921262879777e-24
65.9999999999969 1.07347963395664e-19 2.18945902057112e-24
68.9999999999984 1.03517468349744e-19 2.04784243355094e-24
71.9999999999999 9.40937469020876e-20 1.85592954672585e-24
75.0000000000015 8.92787567445529e-20 1.74135774413235e-24
78.000000000003 8.54773379318523e-20 1.59588672793639e-24
81.0000000000045 8.40399750598088e-20 1.45295505369868e-24
84.0000000000061 8.78078812584034e-20 1.3778927033464e-24
87.0000000000076 8.84127216811081e-20 1.25105459745577e-24
90.0000000000091 9.50818355316692e-20 1.21500173327941e-24
93.0000000000107 9.60024247703244e-20 1.11264610210943e-24
96.0000000000122 1.01251093708668e-19 1.06915426226566e-24
99.0000000000137 1.00186163552554e-19 9.68258240787995e-25
102.000000000015 1.04447822410769e-19 9.2967313800964e-25
105.000000000017 1.04520432995687e-19 8.65917629308925e-25
108.000000000018 1.09364369339315e-19 8.57746072536209e-25
111.00000000002 1.0406571235374e-19 7.89848653161296e-25
114.000000000021 1.01182230960849e-19 7.58725588276234e-25
117.000000000023 9.12914509629818e-20 6.83766575623e-25
120.000000000024 8.77711308255648e-20 6.54539683579513e-25
123.000000000026 8.86948728092771e-20 6.49184317982525e-25
126.000000000028 8.57824395153633e-20 6.05236440252599e-25
129.000000000028 8.85072708939592e-20 5.92868972250702e-25
132.000000000025 8.72597698799546e-20 5.49690874906283e-25
135.000000000022 9.02692179778391e-20 5.32583930354811e-25
138.000000000019 9.31183760640906e-20 5.14317238371177e-25
141.000000000017 9.67530882187263e-20 5.00956334904349e-25
144.000000000014 9.39022358467172e-20 4.56650061858831e-25
147.000000000011 1.00435569013269e-19 4.59620297109464e-25
150.000000000009 9.89143609389701e-20 4.26810973754911e-25
153.000000000006 1.02573111190936e-19 4.18426807873952e-25
156.000000000003 1.05361653044472e-19 4.08056527118477e-25
159 1.05304703681232e-19 3.89858087218259e-25
161.999999999998 1.06786284656284e-19 3.8166927154873e-25
164.999999999995 1.05639346507693e-19 3.68953967844479e-25
167.999999999992 9.86392901413757e-20 3.40687091468403e-25
170.999999999989 9.45476070059297e-20 3.25671129412272e-25
173.999999999987 9.27735083313694e-20 3.194418441067e-25
176.999999999984 9.21349843071098e-20 3.15809718913819e-25
179.999999999981 9.08270466857301e-20 3.07217754723685e-25
182.999999999979 8.82200129728905e-20 2.91427450069158e-25
185.999999999976 8.9061256747548e-20 2.84665967900677e-25
188.999999999973 8.82634631576087e-20 2.71110530298096e-25
191.99999999997 9.04212847424705e-20 2.65824292053132e-25
194.999999999968 9.18550176351257e-20 2.58001265922842e-25
197.999999999965 9.03578493858963e-20 2.42428344412674e-25
200.999999999962 9.31657509117946e-20 2.38909994705783e-25
203.999999999959 9.5929092926984e-20 2.35335374142787e-25
206.999999999957 9.74494015431073e-20 2.28923742437296e-25
209.999999999954 9.99029412188721e-20 2.24945359557876e-25
212.999999999951 9.89943115111468e-20 2.13879779053269e-25
215.999999999949 9.96459110091697e-20 2.06896069361943e-25
218.999999999946 1.03597215870356e-19 2.07220641387481e-25
221.999999999943 1.02898744080231e-19 1.99032455794037e-25
224.99999999994 1.03610044894374e-19 1.94838998679081e-25
227.999999999938 1.05366173738254e-19 1.93955066196725e-25
230.999999999935 1.02817718253342e-19 1.86670712944968e-25
233.999999999932 1.02064808458028e-19 1.84047454033693e-25
236.999999999929 9.8728218544472e-20 1.77697170094917e-25
239.999999999927 9.42759442193804e-20 1.69658094891455e-25
242.999999999924 9.46207713406282e-20 1.69952177172729e-25
245.999999999921 9.29450167756128e-20 1.65855169480539e-25
248.999999999919 8.90437240373786e-20 1.56883070921855e-25
251.999999999916 8.74475985967815e-20 1.51147258268442e-25
254.999999999913 8.65664797244476e-20 1.45965193022437e-25
257.99999999991 8.77851978672719e-20 1.43792073515381e-25
260.999999999908 8.94018517420715e-20 1.41868215665139e-25
263.999999999905 8.91053658551374e-20 1.36783985399987e-25
266.999999999902 9.16039498554017e-20 1.35961873712316e-25
269.999999999899 9.60819944625772e-20 1.37897080442161e-25
272.999999999897 9.68343901114392e-20 1.34439377983005e-25
275.999999999894 9.58500333531721e-20 1.28794155378196e-25
278.999999999891 9.75007201659089e-20 1.26866515710035e-25
281.999999999889 1.0080184451239e-19 1.27078083061948e-25
284.999999999886 1.02505422042577e-19 1.25276220247846e-25
287.999999999883 1.0240342686664e-19 1.21423369246233e-25
290.99999999988 1.02447990016717e-19 1.17999114197236e-25
293.999999999878 1.04987627871611e-19 1.17677977890468e-25
296.999999999875 1.07234132108218e-19 1.17280553001403e-25
299.999999999872 1.03689433670822e-19 1.11050505219887e-25
302.999999999869 9.87541043083132e-20 1.04029073120184e-25
305.999999999867 9.91790368600982e-20 1.03267715444998e-25
308.999999999864 1.0114408740007e-19 1.04594765295558e-25
311.999999999861 1.00168327144858e-19 1.03282484529799e-25
314.999999999859 9.71074146624633e-20 1.00069084840075e-25
317.999999999856 9.43833373272746e-20 9.72438669787417e-26
320.999999999853 9.37180501031247e-20 9.63876175512097e-26
323.99999999985 9.31269141784676e-20 9.53085911258444e-26
326.999999999848 9.07353732464835e-20 9.20273155614383e-26
329.999999999845 8.87792669491781e-20 8.88502017485248e-26
332.999999999842 8.97267775893586e-20 8.82568600846112e-26
335.999999999839 9.26808836831914e-20 8.9305362470924e-26
338.999999999837 9.3508662280835e-20 8.80551235212712e-26
341.999999999834 9.15799596685057e-20 8.41463505327695e-26
344.999999999831 9.18977146799902e-20 8.23176839053891e-26
347.999999999829 9.53320224502558e-20 8.32205197454309e-26
350.999999999826 9.71995237282183e-20 8.26913071197058e-26
353.999999999823 9.61956536317299e-20 7.97705604580974e-26
356.99999999982 9.5033054689725e-20 7.68386169074572e-26
359.999999999818 9.65937347199939e-20 7.61741195815945e-26
362.999999999815 1.00233885408907e-19 7.71190251139821e-26
365.999999999812 1.00574414801129e-19 7.55201174764041e-26
368.999999999809 9.70847296922166e-20 7.11738416485536e-26
371.999999999807 9.75245965991368e-20 6.98403169097132e-26
374.999999999804 1.03127540932826e-19 7.21981791153278e-26
377.999999999801 1.0535436872254e-19 7.21874914273945e-26
380.999999999798 1.0169589037423e-19 6.83092396057028e-26
383.999999999796 9.91075668487517e-20 6.54035875666839e-26
386.999999999793 1.01239131251107e-19 6.5819852937256e-26
389.99999999979 1.03835770989733e-19 6.67203950094302e-26
392.999999999788 1.0256209779537e-19 6.53552529967346e-26
395.999999999785 9.94525369611307e-20 6.30529640521692e-26
398.999999999782 9.92894950799893e-20 6.27999687227141e-26
401.999999999779 1.01492701253456e-19 6.41534796303715e-26
404.999999999777 1.00785393905931e-19 6.3702931095449e-26
407.999999999774 9.66884701054118e-20 6.10689584157294e-26
410.999999999771 9.41088397465438e-20 5.92915418572224e-26
413.999999999768 9.44522171235383e-20 5.92080694707714e-26
416.999999999766 9.46646803640184e-20 5.88675155537362e-26
419.999999999763 9.40031194367534e-20 5.78155949394585e-26
422.99999999976 9.45629489519707e-20 5.73649471421978e-26
425.999999999758 9.6102843383759e-20 5.73702490054264e-26
428.999999999755 9.63605337242313e-20 5.65075863585067e-26
431.999999999752 9.46655065424226e-20 5.4464904811674e-26
434.999999999749 9.34494145795681e-20 5.27084591439393e-26
437.999999999747 9.50468529255432e-20 5.25342111238929e-26
440.999999999744 9.77665721732099e-20 5.29461921614775e-26
443.999999999741 9.81844986498792e-20 5.21006713305278e-26
446.999999999738 9.60313083548883e-20 4.99378250106142e-26
449.999999999736 9.48378109148493e-20 4.83387196123031e-26
452.999999999733 9.66536440825369e-20 4.82963689603192e-26
455.99999999973 9.92221537618839e-20 4.86152802121099e-26
458.999999999728 1.00500768639564e-19 4.82935179403966e-26
461.999999999725 1.01810181098865e-19 4.79917079771079e-26
464.999999999722 1.05522859009423e-19 4.88099228428969e-26
467.999999999719 1.11335163556215e-19 5.05553057728492e-26
470.999999999717 1.15531797347341e-19 5.15322535555153e-26
473.999999999714 1.15727339360229e-19 5.07506646861075e-26
476.999999999711 1.14203431275723e-19 4.92991665880357e-26
479.999999999708 1.13689201634393e-19 4.83859607210297e-26
482.999999999706 1.13606093888389e-19 4.7762216808328e-26
485.999999999703 1.12648691588802e-19 4.68885720886358e-26
488.9999999997 1.11074148481906e-19 4.5884378019823e-26
491.999999999698 1.09078546759626e-19 4.48281325253195e-26
494.999999999695 1.05707503068046e-19 4.33131485722054e-26
497.999999999692 1.02275268963449e-19 4.18525690357598e-26
500.999999999689 1.01847671081258e-19 4.16659513530391e-26
503.999999999687 1.03867344000683e-19 4.2489865117746e-26
506.999999999684 1.04094667954683e-19 4.25559789692493e-26
509.999999999681 1.00948212500208e-19 4.11907883485331e-26
512.999999999678 9.76321306064342e-20 3.96897380425463e-26
515.999999999676 9.76147742859579e-20 3.94517612179714e-26
518.999999999673 1.003671529207e-19 4.02394838142957e-26
521.99999999967 1.01767495872678e-19 4.03896584327826e-26
524.999999999668 1.00020594225652e-19 3.92235453797864e-26
527.999999999665 9.85796549301517e-20 3.81397120467664e-26
530.999999999662 1.00362086707862e-19 3.82631622790156e-26
533.999999999659 1.02914471254453e-19 3.86316064730959e-26
536.999999999657 1.02700009571068e-19 3.79361894366297e-26
539.999999999654 1.01216253765191e-19 3.67803357038071e-26
542.999999999651 1.01857242780817e-19 3.64068235603015e-26
545.999999999648 1.03994796296536e-19 3.65615954594952e-26
548.999999999646 1.05219168153332e-19 3.63883117374791e-26
551.999999999643 1.06292924834387e-19 3.61637656045406e-26
554.99999999964 1.09037981529935e-19 3.65010275621738e-26
557.999999999638 1.1193220370879e-19 3.68720374008667e-26
560.999999999635 1.13141314507097e-19 3.66804499404506e-26
563.999999999632 1.16492462712482e-19 3.71742437209839e-26
566.999999999629 1.2890990316375e-19 4.04978004491443e-26
569.999999999627 1.50927397609518e-19 4.66880645999157e-26
572.999999999624 1.73030644794313e-19 5.27207937200749e-26
575.999999999621 1.83788611787252e-19 5.5179945133402e-26
578.999999999618 1.80907707539536e-19 5.35523828660315e-26
581.999999999616 1.71775209952594e-19 5.01749226726782e-26
584.999999999613 1.63526269048036e-19 4.71809929906988e-26
587.99999999961 1.57392394539799e-19 4.49132261076469e-26
590.999999999608 1.52367678051709e-19 4.30679705874832e-26
593.999999999605 1.47115897398841e-19 4.12604033642328e-26
596.999999999602 1.41705196759848e-19 3.9505428546509e-26
599.999999999599 1.38253462165795e-19 3.83813467665776e-26
602.999999999597 1.35958582933816e-19 3.76469042713883e-26
605.999999999594 1.34259429469001e-19 3.71293093524825e-26
608.999999999591 1.34728659740311e-19 3.72446026995627e-26
611.999999999588 1.37031590070762e-19 3.78801100497812e-26
614.999999999586 1.36900844130343e-19 3.78356770564198e-26
617.999999999583 1.35285822237882e-19 3.73547696260982e-26
620.99999999958 1.37655909809971e-19 3.79309511285996e-26
623.999999999578 1.43115160299825e-19 3.92973080158966e-26
626.999999999575 1.44476769056391e-19 3.94687558229729e-26
629.999999999572 1.41553884395509e-19 3.84096700837715e-26
632.999999999569 1.4090857387668e-19 3.79174715537624e-26
635.999999999567 1.44792164132561e-19 3.85852422605851e-26
638.999999999564 1.47546950960684e-19 3.88924512179906e-26
641.999999999561 1.43386059023733e-19 3.73498087403808e-26
644.999999999558 1.35002969427261e-19 3.47264077110237e-26
647.999999999556 1.2895919789705e-19 3.27404545614849e-26
650.999999999553 1.27541420716441e-19 3.19490930204557e-26
653.99999999955 1.29111127473938e-19 3.19056446084378e-26
656.999999999548 1.32205430047245e-19 3.22268851788769e-26
659.999999999545 1.36472462806894e-19 3.28156189744858e-26
662.999999999542 1.41013415935304e-19 3.34491122509046e-26
665.999999999539 1.44152247539087e-19 3.37339795976631e-26
668.999999999537 1.45801536736281e-19 3.36642098045778e-26
671.999999999534 1.49833896394207e-19 3.4136238809652e-26
674.999999999531 1.64432868163806e-19 3.69685497133437e-26
677.999999999528 2.00909638997187e-19 4.45782393949641e-26
680.999999999526 2.71122450431242e-19 5.93760534491574e-26
683.999999999523 3.80950510262944e-19 8.23559370756208e-26
686.99999999952 5.18391159395007e-19 1.10647373059048e-25
689.999999999518 6.44870581700006e-19 1.3593146503439e-25
692.999999999515 7.08386625621668e-19 1.47512892759674e-25
695.999999999512 6.82675199399627e-19 1.40503639111021e-25
698.999999999509 5.96358552618023e-19 1.21383752621668e-25
701.999999999507 5.10006428731644e-19 1.02741696511852e-25
704.999999999504 4.63648161020715e-19 9.25320191330564e-26
707.999999999501 4.52233324942419e-19 8.95129790438448e-26
710.999999999498 4.37510097557548e-19 8.59964668200128e-26
713.999999999496 3.93302528383643e-19 7.68737540142815e-26
716.999999999493 3.45727560759625e-19 6.72890492841208e-26
719.99999999949 3.26703226382096e-19 6.34010106640668e-26
722.999999999487 3.28187657880794e-19 6.35774218015015e-26
725.999999999485 3.30297565883906e-19 6.3932582295214e-26
728.999999999482 3.34704818697947e-19 6.47699419399306e-26
731.999999999479 3.51732296121608e-19 6.80637988323242e-26
734.999999999477 3.68243143868444e-19 7.12462229635627e-26
737.999999999474 3.79122177520237e-19 7.32998217766387e-26
740.999999999471 3.96565944602763e-19 7.65551803660969e-26
743.999999999468 4.22509468274882e-19 8.13520740937241e-26
746.999999999466 4.34439504875729e-19 8.33314742452663e-26
749.999999999463 4.23361851112679e-19 8.07958594189159e-26
752.99999999946 4.1268852528903e-19 7.82631929635506e-26
755.999999999457 4.20696801074701e-19 7.91881537692741e-26
758.999999999455 4.40177654524993e-19 8.2154314116796e-26
761.999999999452 4.44558419868208e-19 8.21990655240293e-26
764.999999999449 4.17577696564609e-19 7.64377454449909e-26
767.999999999447 3.73984984606157e-19 6.77367950838037e-26
770.999999999444 3.39766888511265e-19 6.08671490737616e-26
773.999999999441 3.26925034194888e-19 5.79119601151814e-26
776.999999999438 3.32886420161543e-19 5.82996862491126e-26
779.999999999436 3.50703077382276e-19 6.07192767874565e-26
782.999999999433 3.73889118551358e-19 6.39939667259036e-26
785.99999999943 3.9624619406955e-19 6.7047112687762e-26
788.999999999427 4.11672475563834e-19 6.88661322463001e-26
791.999999999425 4.17158573526689e-19 6.89952945631303e-26
794.999999999422 4.20346075507438e-19 6.87412287676113e-26
797.999999999419 4.49554831276315e-19 7.26963680608151e-26
800.999999999417 5.60249609129148e-19 8.95899090381129e-26
803.999999999414 8.3080201081443e-19 1.31386758191914e-25
806.999999999411 1.34119029206361e-18 2.09775183703996e-25
809.999999999408 2.12927898265287e-18 3.29418013294481e-25
812.999999999406 3.12852215834073e-18 4.78806773570888e-25
815.999999999403 4.12201367240311e-18 6.24183619703231e-25
818.9999999994 4.7857786841313e-18 7.17201032273548e-25
821.999999999397 4.86677242121062e-18 7.22027638029355e-25
824.999999999395 4.39413228948322e-18 6.45643436527849e-25
827.999999999392 3.69510840426434e-18 5.38004095968319e-25
830.999999999389 3.14575450219947e-18 4.54158878607762e-25
833.999999999387 2.90742247096233e-18 4.16539536851897e-25
836.999999999384 2.8650372796549e-18 4.07694739574284e-25
839.999999999381 2.74182573112098e-18 3.87913754835878e-25
842.999999999378 2.39432017524019e-18 3.37154620558482e-25
845.999999999376 2.0151800580434e-18 2.82735480296769e-25
848.999999999373 1.8358998837948e-18 2.5691249405354e-25
851.99999999937 1.83389769520981e-18 2.56204324035612e-25
854.999999999367 1.86539542513205e-18 2.60370146367111e-25
857.999999999365 1.88107555814695e-18 2.62466910033748e-25
860.999999999362 1.96162795917876e-18 2.73691059531142e-25
863.999999999359 2.08736052641888e-18 2.91222487188089e-25
866.999999999357 2.17133018732394e-18 3.02848915696459e-25
869.999999999354 2.2528852253452e-18 3.13973503612478e-25
872.999999999351 2.4139938537433e-18 3.35919229000036e-25
875.999999999348 2.61745193454103e-18 3.6336784143423e-25
878.999999999346 2.69145969640226e-18 3.72398691267076e-25
881.999999999343 2.60064501229731e-18 3.58279443435769e-25
884.99999999934 2.51148759207369e-18 3.44166033379977e-25
887.999999999337 2.55674034617141e-18 3.48194256987031e-25
890.999999999335 2.71167182569878e-18 3.66700833167926e-25
893.999999999332 2.81127644043726e-18 3.77231818168364e-25
896.999999999329 2.70133949431058e-18 3.59464757245575e-25
899.999999999327 2.41001803893979e-18 3.17880722899188e-25
902.999999999324 2.10437041742392e-18 2.75027393204199e-25
905.999999999321 1.91554359302837e-18 2.47994630205847e-25
908.999999999318 1.86768474256359e-18 2.39482595464489e-25
911.999999999316 1.92777764775799e-18 2.44794337451764e-25
914.999999999313 2.05816604622683e-18 2.5880715460874e-25
917.99999999931 2.22272477560449e-18 2.76775555014308e-25
920.999999999307 2.37664983129192e-18 2.93062391358292e-25
923.999999999305 2.4726132067697e-18 3.01938238624427e-25
926.999999999302 2.48943199446263e-18 3.01056162734424e-25
929.999999999299 2.47426672960542e-18 2.96345997097306e-25
932.999999999297 2.58683946655235e-18 3.06865179569966e-25
935.999999999294 3.13323197066832e-18 3.68142947318466e-25
938.999999999291 4.5691460553306e-18 5.31772056131997e-25
941.999999999288 7.43623319292952e-18 8.57299899523048e-25
944.999999999286 1.21824982472703e-17 1.39133801432465e-24
947.999999999283 1.88431501548132e-17 2.13206909648694e-24
950.99999999928 2.66674309485054e-17 2.98969687537321e-24
953.999999999277 3.396618635267e-17 3.77358566572191e-24
956.999999999275 3.85623507486741e-17 4.24636451101551e-24
959.999999999272 3.89356904022887e-17 4.2506945344545e-24
962.999999999269 3.53890723320112e-17 3.83162905417449e-24
965.999999999266 3.00731293223525e-17 3.23054414187912e-24
968.999999999264 2.55601287930268e-17 2.72560502364388e-24
971.999999999261 2.32303075772406e-17 2.46047098119602e-24
974.999999999258 2.27138387212291e-17 2.39120398613039e-24
977.999999999256 2.23104813139611e-17 2.33631307836452e-24
980.999999999253 2.03870718104631e-17 2.12535434159456e-24
983.99999999925 1.72477243910945e-17 1.79157070474493e-24
986.999999999247 1.47687579218915e-17 1.52982029266225e-24
989.999999999245 1.39189026756811e-17 1.43894426943515e-24
992.999999999242 1.40815076715245e-17 1.45391758946686e-24
995.999999999239 1.42762341083043e-17 1.47301816159454e-24
998.999999999236 1.43453942258511e-17 1.479757936182e-24
