0 0 0
2.99999999999998 4.69306255141588e-18 1.58415587306632e-19
5.99999999999992 3.99857671319535e-18 4.83099055837921e-20
8.99999999999985 4.18370711584045e-18 2.61566102934421e-20
11.9999999999998 4.84792629257031e-18 1.86212143416889e-20
14.9999999999997 4.81302270356663e-18 1.26051007285594e-20
18 6.91612098563025e-18 1.31592888201162e-20
21.0000000000005 1.77048061309015e-17 2.57256585295305e-20
24.000000000001 1.90601056823586e-17 2.18297234093121e-20
27.0000000000014 7.28159284065047e-17 6.76453647600806e-20
30.0000000000019 2.52135683811262e-16 1.93483558436065e-19
33.000000000002 2.51145268443994e-16 1.62061477386252e-19
36.0000000000014 3.34965590794487e-16 1.83888719715942e-19
39.0000000000008 5.4580164967421e-16 2.57910841757267e-19
42.0000000000002 3.877207215669e-16 1.59005335184443e-19
44.9999999999996 1.08618413622053e-15 3.89763787530613e-19
47.999999999999 2.82350624660586e-15 8.92292545427778e-19
50.9999999999984 3.88703671118947e-15 1.08865024472006e-18
53.9999999999978 1.1133185524207e-14 2.77883227644946e-18
56.9999999999972 1.54206340690935e-13 3.44877378124412e-17
59.9999999999966 7.74221642883013e-13 1.55948855896059e-16
62.999999999996 6.12692867687409e-13 1.11709213765758e-16
65.9999999999969 4.14409479226726e-13 6.87254064806836e-17
68.9999999999984 5.77186035330161e-13 8.74772523780772e-17
71.9999999999999 2.21376860156927e-12 3.08029181184405e-16
75.0000000000015 2.97986204726291e-12 3.82316359176845e-16
78.000000000003 1.04824276358051e-11 1.24527395330529e-15
81.0000000000045 7.928293195351e-11 8.75234956884141e-15
84.0000000000061 6.76920312284205e-10 6.96343484836769e-14
87.0000000000076 2.19254084937226e-08 2.10333315169918e-12
90.0000000000091 7.31927982357875e-08 6.563747700029e-12
93.0000000000107 1.37755847788442e-07 1.15693021126907e-11
96.0000000000122 1.99719361948149e-07 1.57330088014711e-11
99.0000000000137 2.80164619456792e-07 2.07271888511792e-11
102.000000000015 3.81565323803026e-07 2.65509748418499e-11
105.000000000017 5.38221676904855e-07 3.52624792423402e-11
108.000000000018 6.77724414689438e-07 4.18613880687986e-11
111.00000000002 9.06984097585519e-07 5.28822876953312e-11
114.000000000021 1.11184363447736e-06 6.12613056471059e-11
117.000000000023 1.37452938339554e-06 7.16684686561381e-11
120.000000000024 1.67397750371198e-06 8.26917683307109e-11
123.000000000026 1.8844588091257e-06 8.82997800163605e-11
126.000000000028 2.25109160291775e-06 1.00144710949135e-10
129.000000000028 2.62965202163559e-06 1.11189756836876e-10
132.000000000025 3.00441777827044e-06 1.20873058953945e-10
135.000000000022 3.13167292573902e-06 1.19984621472014e-10
138.000000000019 3.35500617746284e-06 1.22525395733678e-10
141.000000000017 3.57159389615387e-06 1.24458628991831e-10
144.000000000014 4.01183750514182e-06 1.33516735728844e-10
147.000000000011 4.58430647159268e-06 1.45815996094385e-10
150.000000000009 4.89916649205901e-06 1.49071460741995e-10
153.000000000006 5.2846921831283e-06 1.53932687826407e-10
156.000000000003 5.35558336938334e-06 1.49450930282917e-10
159 5.56721986016083e-06 1.48960805234517e-10
161.999999999998 5.70854503759285e-06 1.46554214602376e-10
164.999999999995 5.7797721839024e-06 1.42470239369207e-10
167.999999999992 6.06599090112019e-06 1.43686563279351e-10
170.999999999989 6.4079144239147e-06 1.45946010800898e-10
173.999999999987 6.5285215449889e-06 1.43039078955141e-10
176.999999999984 6.71535205680223e-06 1.41673180704595e-10
179.999999999981 7.39731422218688e-06 1.50363490048663e-10
182.999999999979 7.48587934218362e-06 1.46646893959056e-10
185.999999999976 7.44156014947132e-06 1.40570332752904e-10
188.999999999973 7.5949156714045e-06 1.38490385946933e-10
191.99999999997 7.51099514298976e-06 1.32270257707025e-10
194.999999999968 7.41760822592208e-06 1.26152012929851e-10
197.999999999965 7.87862014563971e-06 1.29470883488943e-10
200.999999999962 7.90224497496979e-06 1.25584906915122e-10
203.999999999959 7.88277480339747e-06 1.21225808727165e-10
206.999999999957 8.38049670943307e-06 1.24749619921965e-10
209.999999999954 8.70823106886825e-06 1.25500891964843e-10
212.999999999951 8.75183948422644e-06 1.22170686280681e-10
215.999999999949 9.13210335791129e-06 1.23553895268815e-10
218.999999999946 9.41075648481031e-06 1.23465922814162e-10
221.999999999943 9.21575837327819e-06 1.17292881516406e-10
224.99999999994 9.25436367863553e-06 1.14294408072118e-10
227.999999999938 9.47106226471626e-06 1.13542407655295e-10
230.999999999935 9.72371149077001e-06 1.13194022665368e-10
233.999999999932 9.48954270428848e-06 1.07319934926519e-10
236.999999999929 9.72735637655241e-06 1.0691800525742e-10
239.999999999927 1.02417862986961e-05 1.09451756453637e-10
242.999999999924 1.05677723255606e-05 1.09857375284874e-10
245.999999999921 1.04769156334238e-05 1.05975657744858e-10
248.999999999919 1.04722082724198e-05 1.03082472450789e-10
251.999999999916 1.05827481460245e-05 1.01394920756233e-10
254.999999999913 1.03751404352574e-05 9.68083144948729e-11
257.99999999991 1.04579959748638e-05 9.50756451695392e-11
260.999999999908 1.08962484556671e-05 9.65609913248973e-11
263.999999999905 1.1112916111115e-05 9.60182746030331e-11
266.999999999902 1.11893828502041e-05 9.42682779545568e-11
269.999999999899 1.12740066905997e-05 9.26247521747313e-11
272.999999999897 1.12455794725525e-05 9.01257893382298e-11
275.999999999894 1.11444920593664e-05 8.7164393165034e-11
278.999999999891 1.13062378072936e-05 8.63434458823023e-11
281.999999999889 1.14641202615948e-05 8.55213636137521e-11
284.999999999886 1.12327922798927e-05 8.18656512392477e-11
287.999999999883 1.15293902888905e-05 8.20855964115731e-11
290.99999999988 1.19572545761668e-05 8.31680560301748e-11
293.999999999878 1.16827839777387e-05 7.940880747647e-11
296.999999999875 1.15637952454428e-05 7.68532422203119e-11
299.999999999872 1.14400037297558e-05 7.43772568815586e-11
302.999999999869 1.15472223182126e-05 7.34665695030142e-11
305.999999999867 1.18585143162252e-05 7.38372235863131e-11
308.999999999864 1.21585184268836e-05 7.40878544175111e-11
311.999999999861 1.23201400088815e-05 7.34748897044799e-11
314.999999999859 1.2490251372748e-05 7.29129547708139e-11
317.999999999856 1.20836111054043e-05 6.907415197371e-11
320.999999999853 1.17328080212299e-05 6.57022357156715e-11
323.99999999985 1.17741610194014e-05 6.46200299657433e-11
326.999999999848 1.20164460091581e-05 6.46497263098014e-11
329.999999999845 1.25900428651198e-05 6.6401097428873e-11
332.999999999842 1.29086532052577e-05 6.67403328879927e-11
335.999999999839 1.26370512335564e-05 6.4054876669993e-11
338.999999999837 1.22120609431204e-05 6.06962578654438e-11
341.999999999834 1.17462221369069e-05 5.72628298998255e-11
344.999999999831 1.1943913520796e-05 5.71267708073851e-11
347.999999999829 1.23188447603377e-05 5.78257364971168e-11
350.999999999826 1.24883625738085e-05 5.75468883012221e-11
353.999999999823 1.27161489850141e-05 5.75299414203886e-11
356.99999999982 1.27200709607658e-05 5.65039847375316e-11
359.999999999818 1.26433206165722e-05 5.51477098162761e-11
362.999999999815 1.25838172342763e-05 5.3902973194312e-11
365.999999999812 1.25565198778575e-05 5.28271882376836e-11
368.999999999809 1.31354020763702e-05 5.42888080142162e-11
371.999999999807 1.31558341707786e-05 5.34223399003772e-11
374.999999999804 1.28654547491629e-05 5.13434345591361e-11
377.999999999801 1.25899362164134e-05 4.9391583743202e-11
380.999999999798 1.25934886900899e-05 4.85774048120436e-11
383.999999999796 1.25996108501567e-05 4.77929953369938e-11
386.999999999793 1.2659632327203e-05 4.7226285418544e-11
389.99999999979 1.28686867727182e-05 4.72125374534505e-11
392.999999999788 1.30376086606652e-05 4.70415531643837e-11
395.999999999785 1.29892828416988e-05 4.60948228690806e-11
398.999999999782 1.26025678363308e-05 4.39925239292913e-11
401.999999999779 1.246248633359e-05 4.28056580708345e-11
404.999999999777 1.26352394212416e-05 4.27149546516471e-11
407.999999999774 1.26587264415934e-05 4.21319976150094e-11
410.999999999771 1.2695129195019e-05 4.1607286748509e-11
413.999999999768 1.28187798283962e-05 4.13725718730214e-11
416.999999999766 1.27547879480025e-05 4.05351925166632e-11
419.999999999763 1.2923362123875e-05 4.04374620709959e-11
422.99999999976 1.29788549348096e-05 3.9986475641546e-11
425.999999999758 1.31953362832105e-05 4.00349617332166e-11
428.999999999755 1.3106826889686e-05 3.91697532471513e-11
431.999999999752 1.27951170167641e-05 3.76757140647365e-11
434.999999999749 1.27312844891635e-05 3.69431896060718e-11
437.999999999747 1.2617085664923e-05 3.60862967822959e-11
440.999999999744 1.25324196111023e-05 3.53324008263581e-11
443.999999999741 1.24655790557337e-05 3.4643597308172e-11
446.999999999738 1.24500315708585e-05 3.41093685159259e-11
449.999999999736 1.2499464115426e-05 3.37587031176467e-11
452.999999999733 1.2862217886845e-05 3.42457389194851e-11
455.99999999973 1.28631758517791e-05 3.37645986356492e-11
458.999999999728 1.26792869751861e-05 3.28157355181191e-11
461.999999999725 1.25288912652551e-05 3.1979106313449e-11
464.999999999722 1.20835482851686e-05 3.04234444542976e-11
467.999999999719 1.23448468840622e-05 3.06650859529293e-11
470.999999999717 1.26426283968146e-05 3.09878874008027e-11
473.999999999714 1.27959562535821e-05 3.0950194003658e-11
476.999999999711 1.27959240116842e-05 3.05430369370175e-11
479.999999999708 1.27665023235311e-05 3.00717997590905e-11
482.999999999706 1.27586105796934e-05 2.96577599912838e-11
485.999999999703 1.30322659037748e-05 2.98954036747103e-11
488.9999999997 1.303890664713e-05 2.95181201200576e-11
491.999999999698 1.27483764510704e-05 2.84854215414268e-11
494.999999999695 1.27571979700096e-05 2.81386830004522e-11
497.999999999692 1.2714560225207e-05 2.76900122845696e-11
500.999999999689 1.2459718491978e-05 2.67980527912557e-11
503.999999999687 1.26270221722211e-05 2.68250799766526e-11
506.999999999684 1.2700713496257e-05 2.66525508180005e-11
509.999999999681 1.25438631601007e-05 2.60028092372825e-11
512.999999999678 1.23421811287352e-05 2.52717885326222e-11
515.999999999676 1.25682906435283e-05 2.54185674120457e-11
518.999999999673 1.27547170617704e-05 2.54777767753515e-11
521.99999999967 1.29181719897767e-05 2.54872742043673e-11
524.999999999668 1.32573263512466e-05 2.5839017026227e-11
527.999999999665 1.31539835802758e-05 2.53311780298342e-11
530.999999999662 1.2724382111138e-05 2.42160065262008e-11
533.999999999659 1.23690968417308e-05 2.3266841518516e-11
536.999999999657 1.22114811311923e-05 2.27070545663184e-11
539.999999999654 1.24570036636631e-05 2.28993590295834e-11
542.999999999651 1.2863984588987e-05 2.33779728560058e-11
545.999999999648 1.28619095970655e-05 2.31068633308508e-11
548.999999999646 1.29972098079357e-05 2.30828105265969e-11
551.999999999643 1.31227951635077e-05 2.3038842335837e-11
554.99999999964 1.3332701760268e-05 2.31404475058522e-11
557.999999999638 1.33563702123757e-05 2.29182158521552e-11
560.999999999635 1.30043104286535e-05 2.20627182198555e-11
563.999999999632 1.25624037336858e-05 2.10759554084816e-11
566.999999999629 1.22558983504448e-05 2.03363158128559e-11
569.999999999627 1.22866421799565e-05 2.01662748031729e-11
572.999999999624 1.25446193289622e-05 2.03685236092241e-11
575.999999999621 1.27618253806725e-05 2.05003376517587e-11
578.999999999618 1.27509264157835e-05 2.02651900593868e-11
581.999999999616 1.27506420424804e-05 2.00493449255924e-11
584.999999999613 1.2857467214978e-05 2.00026316012431e-11
587.99999999961 1.31047224266774e-05 2.01704852244714e-11
590.999999999608 1.31359805389714e-05 2.00025993376022e-11
593.999999999605 1.30758232748943e-05 1.96981831789145e-11
596.999999999602 1.29994639339634e-05 1.93758823112413e-11
599.999999999599 1.29699446616902e-05 1.91297732225684e-11
602.999999999597 1.30797652512027e-05 1.90927506752861e-11
605.999999999594 1.30220995823861e-05 1.88155475750606e-11
608.999999999591 1.2537350418366e-05 1.79331546808713e-11
611.999999999588 1.21727876874499e-05 1.72384744582677e-11
614.999999999586 1.23127653041816e-05 1.72640690539489e-11
617.999999999583 1.26626825591976e-05 1.7579028087355e-11
620.99999999958 1.29916757703371e-05 1.78562138176666e-11
623.999999999578 1.3156268432237e-05 1.79018340682168e-11
626.999999999575 1.3241094111805e-05 1.78367236884169e-11
629.999999999572 1.32863306372883e-05 1.77183331265391e-11
632.999999999569 1.30379923119205e-05 1.72140420082281e-11
635.999999999567 1.28507541814622e-05 1.67996649443112e-11
638.999999999564 1.27106967936923e-05 1.64546957982207e-11
641.999999999561 1.26575918673401e-05 1.62284337536108e-11
644.999999999558 1.241564284506e-05 1.57673495814077e-11
647.999999999556 1.24723848607417e-05 1.56909712959727e-11
650.999999999553 1.25864699065266e-05 1.5687121689243e-11
653.99999999955 1.28954445636301e-05 1.5922865289571e-11
656.999999999548 1.31043883593245e-05 1.60305733814562e-11
659.999999999545 1.2882929391098e-05 1.56128202000234e-11
662.999999999542 1.28983136333641e-05 1.54853716588463e-11
665.999999999539 1.31187802208447e-05 1.56026276592619e-11
668.999999999537 1.32181187323923e-05 1.55734814286817e-11
671.999999999534 1.31950994515937e-05 1.54012417426211e-11
674.999999999531 1.31920669701075e-05 1.52548584664783e-11
677.999999999528 1.30139559765581e-05 1.4910878995955e-11
680.999999999526 1.2830030323152e-05 1.45670311882225e-11
683.999999999523 1.28216324373706e-05 1.44274139603407e-11
686.99999999952 1.28810236845606e-05 1.43659558701452e-11
689.999999999518 1.27107194926935e-05 1.40519921922797e-11
692.999999999515 1.24980935247807e-05 1.36967160327445e-11
695.999999999512 1.24672128710988e-05 1.35439247949208e-11
698.999999999509 1.24823281004677e-05 1.34420152820627e-11
701.999999999507 1.28420832933376e-05 1.37083165058958e-11
704.999999999504 1.3097363845791e-05 1.38578767579278e-11
707.999999999501 1.32641221628859e-05 1.39106401237172e-11
710.999999999498 1.31268321875133e-05 1.36454152595424e-11
713.999999999496 1.31349649965919e-05 1.35343400124956e-11
716.999999999493 1.29961958076766e-05 1.3275006342434e-11
719.99999999949 1.28718015865077e-05 1.30350342004477e-11
722.999999999487 1.27643108598447e-05 1.28166590679142e-11
725.999999999485 1.27874713409912e-05 1.27324187946291e-11
728.999999999482 1.26814300295591e-05 1.25222359432953e-11
731.999999999479 1.25829409175518e-05 1.23228749865598e-11
734.999999999477 1.25841217569717e-05 1.22233706981665e-11
737.999999999474 1.26187874989687e-05 1.2156810410234e-11
740.999999999471 1.27249507129639e-05 1.21583133131959e-11
743.999999999468 1.28207043662142e-05 1.21487583535374e-11
746.999999999466 1.27177201868245e-05 1.195138559928e-11
749.999999999463 1.25556166245344e-05 1.17012329914581e-11
752.99999999946 1.27621252686589e-05 1.17951416660536e-11
755.999999999457 1.2894760290889e-05 1.18193825988169e-11
758.999999999455 1.29266638533116e-05 1.17518082008045e-11
761.999999999452 1.29337040140557e-05 1.16632384967006e-11
764.999999999449 1.30307598686963e-05 1.1656882002297e-11
767.999999999447 1.30968716626961e-05 1.16236384024023e-11
770.999999999444 1.31023729077181e-05 1.15375554703131e-11
773.999999999441 1.30948332954389e-05 1.14414893859958e-11
776.999999999438 1.3007544103957e-05 1.12773402040291e-11
779.999999999436 1.2821408260988e-05 1.10302443688126e-11
782.999999999433 1.26140059404499e-05 1.0768249285841e-11
785.99999999943 1.24382238343801e-05 1.05363309935961e-11
788.999999999427 1.23614849703385e-05 1.03903084230749e-11
791.999999999425 1.2389199557343e-05 1.03327708995909e-11
794.999999999422 1.2866507452168e-05 1.06473294001639e-11
797.999999999419 1.30928313865846e-05 1.07500497151307e-11
800.999999999417 1.29676499630685e-05 1.056442803983e-11
803.999999999414 1.27787913281632e-05 1.03303684134025e-11
806.999999999411 1.26920831926811e-05 1.01821216675093e-11
809.999999999408 1.28315779241915e-05 1.02167050454751e-11
812.999999999406 1.28852461356488e-05 1.01834263955696e-11
815.999999999403 1.28329449349967e-05 1.00678266284211e-11
818.9999999994 1.26806426058478e-05 9.87607425195176e-12
821.999999999397 1.26003292204431e-05 9.74245698679391e-12
824.999999999395 1.26601988198356e-05 9.71776398499637e-12
827.999999999392 1.25587440915148e-05 9.56984738228284e-12
830.999999999389 1.27158581275907e-05 9.61884652223006e-12
833.999999999387 1.29553343497274e-05 9.72820610924792e-12
836.999999999384 1.31377057635504e-05 9.79266973227097e-12
839.999999999381 1.31392020808378e-05 9.72176804644745e-12
842.999999999378 1.27848202354994e-05 9.39010272619518e-12
845.999999999376 1.26402957033682e-05 9.21610727690364e-12
848.999999999373 1.25937092795197e-05 9.11560188290898e-12
851.99999999937 1.24579094823443e-05 8.95247988629308e-12
854.999999999367 1.24874283114978e-05 8.9099212605744e-12
857.999999999365 1.257024449798e-05 8.90606119553288e-12
860.999999999362 1.26139649803156e-05 8.87479750891011e-12
863.999999999359 1.27475793516364e-05 8.90678906207537e-12
866.999999999357 1.28022615921417e-05 8.88351905983331e-12
869.999999999354 1.27134559450147e-05 8.76146383453667e-12
872.999999999351 1.2511928814876e-05 8.56345118676026e-12
875.999999999348 1.23065719362433e-05 8.36501227707313e-12
878.999999999346 1.22906810173162e-05 8.29677708554125e-12
881.999999999343 1.24568420504685e-05 8.35088617830104e-12
884.99999999934 1.2668189915542e-05 8.43369974146069e-12
887.999999999337 1.28218271205902e-05 8.47670889070648e-12
890.999999999335 1.26673913241654e-05 8.31634773930866e-12
893.999999999332 1.24335591616262e-05 8.10637127338657e-12
896.999999999329 1.24930309462395e-05 8.08926694557017e-12
