0 0 0
2.99999999999998 9.42371840590171e-11 3.68726974656824e-12
5.99999999999992 4.89876698178251e-11 6.75413955917468e-13
8.99999999999985 3.45568074614853e-11 2.39998790175691e-13
11.9999999999998 3.31698990813517e-11 1.38096246146994e-13
14.9999999999997 2.77817328062649e-11 7.67872088775582e-14
18 2.21798504119978e-11 4.35126450879517e-14
21.0000000000005 2.6053284334856e-11 3.80271537354099e-14
24.000000000001 2.39943994962648e-11 2.69840523932254e-14
27.0000000000014 2.39361972287544e-11 2.13085951461577e-14
30.0000000000019 2.38003389624363e-11 1.71459095180826e-14
33.000000000002 3.26849505230979e-11 1.94018528891877e-14
36.0000000000014 1.01001697048729e-10 5.01740754347988e-14
39.0000000000008 1.05608175889235e-10 4.4507866187872e-14
42.0000000000002 2.2853607840014e-10 8.27015077241189e-14
44.9999999999996 3.88144271875351e-10 1.21910370075965e-13
47.999999999999 1.22368806892014e-09 3.36914253205432e-13
50.9999999999984 8.07377865865836e-09 1.96695540346658e-12
53.9999999999978 7.2086774774088e-08 1.56418612496277e-11
56.9999999999972 1.4486192900225e-07 2.81545226005023e-11
59.9999999999966 2.03363338961159e-07 3.56262651791407e-11
62.999999999996 3.21329561518689e-07 5.09977740094189e-11
65.9999999999969 5.41783135963509e-07 7.82440286493864e-11
68.9999999999984 8.67252081807771e-07 1.14412360064277e-10
71.9999999999999 1.25969813243042e-06 1.52302996866968e-10
75.0000000000015 1.73173113843518e-06 1.92556534727537e-10
78.000000000003 2.24409816230272e-06 2.30050687863134e-10
81.0000000000045 2.64510883290738e-06 2.50747140492477e-10
84.0000000000061 3.14566425143477e-06 2.76389087765392e-10
87.0000000000076 3.88353520019386e-06 3.16980499569407e-10
90.0000000000091 4.4608062584493e-06 3.38996015511692e-10
93.0000000000107 5.06643703378275e-06 3.59156172340731e-10
96.0000000000122 5.56608025130024e-06 3.68783857252896e-10
99.0000000000137 6.10397124338501e-06 3.78721979883916e-10
102.000000000015 6.43874627682622e-06 3.747362267118e-10
105.000000000017 6.94446480577428e-06 3.79716519647269e-10
108.000000000018 7.58276612795904e-06 3.9017884225124e-10
111.00000000002 8.40107180290272e-06 4.0742706057666e-10
114.000000000021 9.44789999349308e-06 4.32446767586627e-10
117.000000000023 1.00067797707982e-05 4.32697977957964e-10
120.000000000024 1.06487053097586e-05 4.35631599478739e-10
123.000000000026 1.18087529348327e-05 4.5765140507734e-10
126.000000000028 1.23234799909506e-05 4.52851203925401e-10
129.000000000028 1.30672448946058e-05 4.55774514376956e-10
132.000000000025 1.36317164375921e-05 4.51767785084331e-10
135.000000000022 1.40848582403474e-05 4.44074992459794e-10
138.000000000019 1.44103460275243e-05 4.32551858997905e-10
141.000000000017 1.48622189620676e-05 4.2507598757567e-10
144.000000000014 1.46488427659332e-05 3.99607120822796e-10
147.000000000011 1.53268852173362e-05 3.99240696041421e-10
150.000000000009 1.63029391937689e-05 4.05843567477372e-10
153.000000000006 1.72038909894912e-05 4.0955943678284e-10
156.000000000003 1.73981037138271e-05 3.96449528205775e-10
159 1.73950509709931e-05 3.79797014870672e-10
161.999999999998 1.84716082562425e-05 3.86750381897848e-10
164.999999999995 1.92421688609411e-05 3.86699724881505e-10
167.999999999992 1.93037474685857e-05 3.72531421550222e-10
170.999999999989 1.90695538991908e-05 3.53683069178087e-10
173.999999999987 1.89871415029874e-05 3.38755218178611e-10
176.999999999984 1.95207536656155e-05 3.35265908494361e-10
179.999999999981 1.95034112270883e-05 3.22655357477358e-10
182.999999999979 1.91652408382934e-05 3.05606639906621e-10
185.999999999976 1.92109097263843e-05 2.95451379492926e-10
188.999999999973 2.0137085735557e-05 2.98926806187443e-10
191.99999999997 2.0374503306969e-05 2.9208710719747e-10
194.999999999968 2.06071037228816e-05 2.85438976152148e-10
197.999999999965 2.06982217198392e-05 2.77186426058944e-10
200.999999999962 2.09350989718707e-05 2.71223361436292e-10
203.999999999959 2.13890753430707e-05 2.68204991275212e-10
206.999999999957 2.18892036861544e-05 2.65804859376594e-10
209.999999999954 2.17140354377228e-05 2.5546484892393e-10
212.999999999951 2.14082881914047e-05 2.44157108552296e-10
215.999999999949 2.14025687251776e-05 2.36719921884249e-10
218.999999999946 2.17846730069682e-05 2.33788371765405e-10
221.999999999943 2.16286928514122e-05 2.253136211029e-10
224.99999999994 2.175536409267e-05 2.20113519498248e-10
227.999999999938 2.17186406043659e-05 2.13482818695596e-10
230.999999999935 2.17237225090484e-05 2.07534832703012e-10
233.999999999932 2.15722898623122e-05 2.00385493221544e-10
236.999999999929 2.14371981006477e-05 1.93720270194441e-10
239.999999999927 2.17107711875464e-05 1.90924653271201e-10
242.999999999924 2.19776183077331e-05 1.88156150938526e-10
245.999999999921 2.22299329975542e-05 1.85328849237367e-10
248.999999999919 2.24567877963642e-05 1.8237072026405e-10
251.999999999916 2.27078022833399e-05 1.79712644758278e-10
254.999999999913 2.34832838504983e-05 1.8119995426088e-10
257.99999999991 2.35662229546655e-05 1.77336709059557e-10
260.999999999908 2.33532053491196e-05 1.71424236083001e-10
263.999999999905 2.32552404444265e-05 1.66565823025114e-10
266.999999999902 2.29882505996619e-05 1.60706191531502e-10
269.999999999899 2.24358385220465e-05 1.53130588240272e-10
272.999999999897 2.23739034856541e-05 1.49158463994386e-10
275.999999999894 2.23063493650748e-05 1.45294554842956e-10
278.999999999891 2.21153229137e-05 1.40777040657464e-10
281.999999999889 2.20596277625979e-05 1.37258488059895e-10
284.999999999886 2.26391843816146e-05 1.37712466146662e-10
287.999999999883 2.26606108329791e-05 1.34797242639102e-10
290.99999999988 2.26646856724548e-05 1.31885642148373e-10
293.999999999878 2.30190324748097e-05 1.3108174141616e-10
296.999999999875 2.30524962954139e-05 1.28499851921541e-10
299.999999999872 2.37734447411276e-05 1.29733569616153e-10
302.999999999869 2.34755371432539e-05 1.25423968323793e-10
305.999999999867 2.36864417370667e-05 1.23926875443037e-10
308.999999999864 2.3612306682875e-05 1.21012764050043e-10
311.999999999861 2.37080743900777e-05 1.19058328930467e-10
314.999999999859 2.36810396295149e-05 1.16561958864669e-10
317.999999999856 2.35835048086573e-05 1.13803606161011e-10
320.999999999853 2.33767328162287e-05 1.10604139694737e-10
323.99999999985 2.31414667834231e-05 1.07360950798273e-10
326.999999999848 2.32114264407903e-05 1.05606307898926e-10
329.999999999845 2.30955985299942e-05 1.03072456060544e-10
332.999999999842 2.26916916189126e-05 9.9367080835608e-11
335.999999999839 2.25817843937047e-05 9.70593337538786e-11
338.999999999837 2.26744528306642e-05 9.56741109299785e-11
341.999999999834 2.3134790294786e-05 9.58405297384538e-11
344.999999999831 2.33707604814384e-05 9.50621081896765e-11
347.999999999829 2.34767063545016e-05 9.37670488905151e-11
350.999999999826 2.3658548641144e-05 9.27993073392873e-11
353.999999999823 2.34518296924977e-05 9.03638681973541e-11
356.99999999982 2.32406612909237e-05 8.79993224023794e-11
359.999999999818 2.32680786003406e-05 8.65943896808072e-11
362.999999999815 2.34286231328649e-05 8.57103241059419e-11
365.999999999812 2.33352800276821e-05 8.39216295372611e-11
368.999999999809 2.37493464966018e-05 8.39609976239975e-11
371.999999999807 2.35620077974417e-05 8.18926940737355e-11
374.999999999804 2.35559657298174e-05 8.05051935531491e-11
377.999999999801 2.35163950148251e-05 7.90516657817121e-11
380.999999999798 2.38039800937614e-05 7.87296856764119e-11
383.999999999796 2.38077594134252e-05 7.74886602123948e-11
386.999999999793 2.36104333645969e-05 7.56239468595405e-11
389.99999999979 2.33527165290177e-05 7.36066072483596e-11
392.999999999788 2.30037750515226e-05 7.13535600006042e-11
395.999999999785 2.29840212327145e-05 7.01694233385778e-11
398.999999999782 2.25849703881475e-05 6.78768370105536e-11
401.999999999779 2.25107261861689e-05 6.66150667707547e-11
404.999999999777 2.23593738737366e-05 6.5168613379293e-11
407.999999999774 2.23769368709895e-05 6.42446804123813e-11
410.999999999771 2.27504825225933e-05 6.4340888292755e-11
413.999999999768 2.30768631545646e-05 6.42906206881135e-11
416.999999999766 2.33788161236357e-05 6.41609103361409e-11
419.999999999763 2.3201320144445e-05 6.27295072108982e-11
422.99999999976 2.33802908112736e-05 6.22868268089577e-11
425.999999999758 2.34568358514186e-05 6.15900005504091e-11
428.999999999755 2.35086742475803e-05 6.08466765895877e-11
431.999999999752 2.36233543585227e-05 6.02803240277125e-11
434.999999999749 2.3496471208141e-05 5.91154184635278e-11
437.999999999747 2.38799374609225e-05 5.92404561865337e-11
440.999999999744 2.39008152226949e-05 5.84615930120215e-11
443.999999999741 2.36423950937695e-05 5.70202095351876e-11
446.999999999738 2.34879821166246e-05 5.58639891928812e-11
449.999999999736 2.28884838477655e-05 5.36942831991723e-11
452.999999999733 2.26683494953694e-05 5.24584384171007e-11
455.99999999973 2.23029112025642e-05 5.09245279811105e-11
458.999999999728 2.2542005249052e-05 5.07907372469287e-11
461.999999999725 2.2503892269774e-05 5.00346462163238e-11
464.999999999722 2.27835759077569e-05 4.99897583056291e-11
467.999999999719 2.27076338731461e-05 4.91691700733379e-11
470.999999999717 2.27151432951646e-05 4.85409418931827e-11
473.999999999714 2.29881486009158e-05 4.84856176989197e-11
476.999999999711 2.26593522318674e-05 4.71758019984115e-11
479.999999999708 2.27439488485295e-05 4.67490451058914e-11
482.999999999706 2.24252870425274e-05 4.55141441509499e-11
485.999999999703 2.25149345805583e-05 4.5127068613092e-11
488.9999999997 2.26966010332059e-05 4.49266791070605e-11
491.999999999698 2.27825614087473e-05 4.45386926462342e-11
494.999999999695 2.30481376181264e-05 4.45008579685171e-11
497.999999999692 2.3093319226863e-05 4.403817887321e-11
500.999999999689 2.29650610600468e-05 4.32559035256875e-11
503.999999999687 2.31532010511918e-05 4.30796702854714e-11
506.999999999684 2.30973615359678e-05 4.24567651347751e-11
509.999999999681 2.31545599643278e-05 4.20536950733565e-11
512.999999999678 2.30576042474846e-05 4.1383730365119e-11
515.999999999676 2.3187969642666e-05 4.11316717120186e-11
518.999999999673 2.2949600968224e-05 4.02334799812797e-11
521.99999999967 2.29666230971801e-05 3.97945713307126e-11
524.999999999668 2.27022212089624e-05 3.88792165608436e-11
527.999999999665 2.23814554605785e-05 3.78846430585305e-11
530.999999999662 2.22552200277076e-05 3.72353397526464e-11
533.999999999659 2.24358270677793e-05 3.71076281688865e-11
536.999999999657 2.2718511234057e-05 3.71488470976307e-11
539.999999999654 2.26462785806001e-05 3.66148730352223e-11
542.999999999651 2.25203886029252e-05 3.60063925107391e-11
545.999999999648 2.2376471278758e-05 3.53815970041072e-11
548.999999999646 2.21255411464973e-05 3.46000241749603e-11
551.999999999643 2.18689673554819e-05 3.38233421891524e-11
554.99999999964 2.17921518868271e-05 3.33346866246154e-11
557.999999999638 2.17302321301092e-05 3.28752131535699e-11
560.999999999635 2.20408906551389e-05 3.29820826798034e-11
563.999999999632 2.22317032396463e-05 3.29081655760535e-11
566.999999999629 2.23486741543918e-05 3.27266324211911e-11
569.999999999627 2.24677941138692e-05 3.25506564867649e-11
572.999999999624 2.24398922748619e-05 3.21669526758492e-11
575.999999999621 2.22058806308933e-05 3.14981798327836e-11
578.999999999618 2.2255300467349e-05 3.123974262693e-11
581.999999999616 2.22471445636366e-05 3.09048402751488e-11
584.999999999613 2.24370957360284e-05 3.08470292949478e-11
587.99999999961 2.25700710907805e-05 3.07102492108224e-11
590.999999999608 2.27525948189865e-05 3.06402298227135e-11
593.999999999605 2.28587112033753e-05 3.04666155746186e-11
596.999999999602 2.26400332701526e-05 2.98660572082822e-11
599.999999999599 2.26342913420688e-05 2.9555426774708e-11
602.999999999597 2.24045955701193e-05 2.89612904757128e-11
605.999999999594 2.2203338224796e-05 2.84156448944552e-11
608.999999999591 2.21444569946663e-05 2.80612798347436e-11
611.999999999588 2.21823510112661e-05 2.78339320174229e-11
614.999999999586 2.20590873099829e-05 2.74093026208974e-11
617.999999999583 2.20253783535362e-05 2.71006490512321e-11
620.99999999958 2.16623092490587e-05 2.63942144782439e-11
623.999999999578 2.14143203043175e-05 2.58377820746772e-11
626.999999999575 2.12759907912717e-05 2.54212227532308e-11
629.999999999572 2.12050726770874e-05 2.50908713337313e-11
632.999999999569 2.14011547831692e-05 2.50796752950973e-11
635.999999999567 2.12476706452031e-05 2.46626229469719e-11
638.999999999564 2.13747390002938e-05 2.45760512533533e-11
641.999999999561 2.12407449472868e-05 2.41941480902793e-11
644.999999999558 2.15911715916113e-05 2.4365479308126e-11
647.999999999556 2.19490116833936e-05 2.45410324219188e-11
650.999999999553 2.23494106987929e-05 2.47588050349785e-11
653.99999999955 2.25426844715395e-05 2.47429880356852e-11
656.999999999548 2.24719879879941e-05 2.44375157562962e-11
659.999999999545 2.24354911062603e-05 2.41727468028043e-11
662.999999999542 2.21607302186528e-05 2.36569985728055e-11
665.999999999539 2.20521305462116e-05 2.33255473603187e-11
668.999999999537 2.20566346378933e-05 2.31192980736077e-11
671.999999999534 2.18995319077211e-05 2.27489788988939e-11
674.999999999531 2.19104180339809e-05 2.25580349103721e-11
677.999999999528 2.17324208247482e-05 2.21777726969792e-11
680.999999999526 2.17218228660352e-05 2.19724025549319e-11
683.999999999523 2.15914050194738e-05 2.16492646003809e-11
686.99999999952 2.17305097421439e-05 2.15988176249491e-11
689.999999999518 2.1854026465552e-05 2.1532420596688e-11
692.999999999515 2.19816677826681e-05 2.14694203266114e-11
695.999999999512 2.21297926518245e-05 2.14258983923722e-11
698.999999999509 2.17148176329998e-05 2.08410982719328e-11
701.999999999507 2.14416381316593e-05 2.04001453097191e-11
704.999999999504 2.14582872554476e-05 2.02402189536839e-11
707.999999999501 2.13226972245272e-05 1.99410518973709e-11
710.999999999498 2.13330428697383e-05 1.97828874638459e-11
713.999999999496 2.11461077498294e-05 1.9445932206324e-11
716.999999999493 2.11969104003593e-05 1.93308388842534e-11
719.99999999949 2.10442731965634e-05 1.90326743111502e-11
722.999999999487 2.09832818336871e-05 1.88204166405033e-11
725.999999999485 2.09103581804118e-05 1.86001195153094e-11
728.999999999482 2.08895595832924e-05 1.84279560824245e-11
731.999999999479 2.09375996886186e-05 1.83175992721712e-11
734.999999999477 2.10790679980884e-05 1.82891599630216e-11
737.999999999474 2.11590231608839e-05 1.82071942699891e-11
740.999999999471 2.10968180267334e-05 1.80049489128317e-11
743.999999999468 2.10690226809367e-05 1.78355756586394e-11
746.999999999466 2.11455275041848e-05 1.7756830274646e-11
749.999999999463 2.1280706893237e-05 1.77282371394135e-11
752.99999999946 2.12538127247309e-05 1.75655885458963e-11
755.999999999457 2.11884684204442e-05 1.73736599374979e-11
758.999999999455 2.11292261290813e-05 1.7189112267601e-11
761.999999999452 2.11508573172137e-05 1.7071827866843e-11
764.999999999449 2.11755475408487e-05 1.69577742663934e-11
767.999999999447 2.15211927043545e-05 1.70993807405761e-11
770.999999999444 2.14104279962585e-05 1.68778645525545e-11
773.999999999441 2.15264121737949e-05 1.68361057381361e-11
776.999999999438 2.1512956431677e-05 1.6694247000682e-11
779.999999999436 2.14797676255317e-05 1.65394203490103e-11
782.999999999433 2.14955285243387e-05 1.64244869789648e-11
785.99999999943 2.13766177305682e-05 1.62091413331295e-11
788.999999999427 2.11658517759239e-05 1.59276757542029e-11
791.999999999425 2.09964659893507e-05 1.56812881616419e-11
794.999999999422 2.07293103462707e-05 1.53661190820657e-11
797.999999999419 2.07300726545085e-05 1.52520031632443e-11
800.999999999417 2.05509855000574e-05 1.50076337556064e-11
803.999999999414 2.03849636403438e-05 1.47755452078821e-11
806.999999999411 2.05091222139605e-05 1.47547092772647e-11
809.999999999408 2.03001193892798e-05 1.44956472954015e-11
812.999999999406 2.03276998882668e-05 1.44073056360649e-11
815.999999999403 2.02828088884285e-05 1.42687389856099e-11
818.9999999994 2.01612251018536e-05 1.40784164805561e-11
821.999999999397 2.02033186806096e-05 1.40042233098266e-11
824.999999999395 2.03763068672724e-05 1.40215642032176e-11
827.999999999392 2.03987964420228e-05 1.39357711710038e-11
830.999999999389 2.03358882107711e-05 1.37932081941991e-11
833.999999999387 2.01784516828239e-05 1.35888219476573e-11
836.999999999384 2.00110353454036e-05 1.33804135386829e-11
839.999999999381 2.02724133969039e-05 1.34592567289833e-11
842.999999999378 2.01250426817409e-05 1.32668638038383e-11
845.999999999376 2.02977978191371e-05 1.32860460897886e-11
848.999999999373 2.05629477090737e-05 1.33643538009113e-11
851.99999999937 2.04520267510103e-05 1.31981121985276e-11
854.999999999367 2.05795306416944e-05 1.31862589157725e-11
857.999999999365 2.05984028906276e-05 1.31052705639002e-11
860.999999999362 2.05923816427012e-05 1.30095835641156e-11
863.999999999359 2.07801803970956e-05 1.30367337672448e-11
866.999999999357 2.10074924447528e-05 1.30882859168982e-11
869.999999999354 2.10028469740358e-05 1.2995567492569e-11
872.999999999351 2.103055321458e-05 1.29241261429592e-11
875.999999999348 2.10024592987727e-05 1.28196294712851e-11
878.999999999346 2.08511470342046e-05 1.26414681205925e-11
881.999999999343 2.07144130251521e-05 1.24738347178695e-11
884.99999999934 2.05837212482663e-05 1.23115775594629e-11
887.999999999337 2.03053076240023e-05 1.20630765748628e-11
890.999999999335 2.02415416092627e-05 1.19440476473769e-11
893.999999999332 1.9995287548679e-05 1.17191351787762e-11
896.999999999329 1.98603351867595e-05 1.15616630550634e-11
