0    4.24596493626157e-24    -9.28074029064623e-24    1.13014813526797e-12    5.89970575002749e-10    1.06308425595903e-06    2.42893098914471e-05
0.1    -5.10148974088892e-18    -8.29491844284131e-17    1.22818738101836e-12    3.73367767312973e-10    1.10823615760286e-06    1.93227267049186e-05
0.2    -1.33079382172743e-17    -6.60523450927416e-17    9.42753139805021e-13    2.95463627374841e-10    9.70954756827022e-07    1.71890554532482e-05
0.3    -1.84059839313003e-17    -8.13543872061344e-17    7.3680912689527e-13    2.60100486959307e-10    8.58375865746044e-07    1.61276311639158e-05
0.4    -2.69830352313308e-17    -4.99585921331872e-17    5.9227651822831e-13    2.0951681324912e-10    7.69595035215476e-07    1.4474695618531e-05
0.5    -3.45212496428095e-17    -1.06893582497653e-16    4.81968962732632e-13    1.65325276305792e-10    6.9423984524992e-07    1.28578877077766e-05
0.6    -4.3372735688592e-17    -8.42893634268707e-17    3.8411044087406e-13    1.32989096999752e-10    6.19766440583919e-07    1.1532089879972e-05
0.7    -5.34656174482066e-17    -1.11359991872127e-16    3.04468799310182e-13    1.08937426781924e-10    5.517869147689e-07    1.04373093650578e-05
0.8    -6.31649368192149e-17    -7.999453498161e-17    2.48136916274705e-13    8.67313765955858e-11    4.98133432199351e-07    9.31296819470494e-06
0.900000000000001    -7.25810220247463e-17    -1.11503119923064e-16    2.02014399264849e-13    6.99175904008909e-11    4.4946011977132e-07    8.36167389945882e-06
1    -8.33281752956896e-17    -9.73813291987798e-17    1.6579267784418e-13    5.73749104762337e-11    4.07176470150449e-07    7.5746227943201e-06
1.1    -9.40264015037175e-17    -1.0990574169104e-16    1.36668373824838e-13    4.80916561682672e-11    3.69686859145463e-07    6.93481478975951e-06
1.2    -1.023723099386e-16    -7.34282822405302e-17    1.15919293004351e-13    4.01094685494807e-11    3.4046922475365e-07    6.33320365608755e-06
1.3    -1.0918880028907e-16    -4.92754936912883e-17    9.86000300831795e-14    3.42818471411498e-11    3.14006417264328e-07    5.85507020804616e-06
1.4    -1.13186147190697e-16    -4.00453765641325e-17    8.55367417683768e-14    2.97620447351025e-11    2.9246665069436e-07    5.4554600846402e-06
1.5    -1.16567770085912e-16    -2.21637930475524e-17    7.4709295048067e-14    2.63122700041248e-11    2.73330011246601e-07    5.12954871349564e-06
1.6    -1.18806321697708e-16    -2.00853526761711e-17    6.68857450081189e-14    2.32360939506948e-11    2.58622785168127e-07    4.82038317467552e-06
1.7    -1.19863539054591e-16    -1.30203838326084e-17    5.99376382112665e-14    2.09310828541654e-11    2.44821645716359e-07    4.57505003843296e-06
1.8    -1.22094892790507e-16    -2.2435384536906e-17    5.45566506579395e-14    1.89882513885065e-11    2.33573651463386e-07    4.35755107698195e-06
1.9    -1.24308252413942e-16    -2.64520116078507e-17    4.98119863049721e-14    1.74273530053391e-11    2.23185990386879e-07    4.17460812596094e-06
2    -1.26859563809049e-16    -2.27528410865195e-17    4.61951637076419e-14    1.59800438292267e-11    2.14930602073418e-07    3.99750470033829e-06
2.1    -1.29118702483069e-16    -2.22429913910817e-17    4.27739967192606e-14    1.48436149451059e-11    2.06818753306514e-07    3.85274122477826e-06
2.2    -1.31252824642522e-16    -2.03053677805333e-17    3.99510916836388e-14    1.38428994559069e-11    1.99877691810864e-07    3.72060471642809e-06
2.29999999999999    -1.33210418437656e-16    -1.97500327565249e-17    3.73247233943336e-14    1.30063226504276e-11    1.93196074997226e-07    3.60642796273925e-06
2.39999999999999    -1.35035461477348e-16    -1.58796336754306e-17    3.52342130897953e-14    1.2189105370787e-11    1.8770778643891e-07    3.4912899293509e-06
2.49999999999999    -1.36364761666684e-16    -9.71639596126443e-18    3.31868273735825e-14    1.15280831940655e-11    1.82172520906921e-07    3.39530310783375e-06
2.59999999999999    -1.3695362477925e-16    -4.03724371871443e-18    3.14081775545409e-14    1.09407527743222e-11    1.7722352426961e-07    3.30768087552627e-06
2.69999999999999    -1.37579392554871e-16    -5.45286838540801e-18    2.9767553601546e-14    1.03856491868074e-11    1.72532760951496e-07    3.22267733209631e-06
2.79999999999998    -1.37879187669981e-16    -5.72568386427398e-18    2.83818872365687e-14    9.84937856475439e-12    1.68469247153802e-07    3.13837196086671e-06
2.89999999999998    -1.38046739311506e-16    9.38203377944265e-18    2.7015235962629e-14    9.38812113186351e-12    1.6436312227087e-07    3.06400410114992e-06
2.99999999999998    -1.36581912420564e-16    1.89432217803838e-17    2.57185357590938e-14    8.9535668924845e-12    1.60369996442894e-07    2.99225114127884e-06
3.09999999999998    -1.33808998051284e-16    3.29399397999434e-17    2.44999060588553e-14    8.52526227703366e-12    1.56524458340718e-07    2.91980517792432e-06
3.19999999999998    -1.29950382945715e-16    4.65803012890973e-17    2.33233324354424e-14    8.12198308154373e-12    1.52719784034166e-07    2.84990931110864e-06
3.29999999999997    -1.24598976519548e-16    6.49359265654777e-17    2.21622365275148e-14    7.73486697802198e-12    1.48869864403494e-07    2.78116288232494e-06
3.39999999999997    -1.17297383797388e-16    7.44004715195399e-17    2.10618006132002e-14    7.35380727769164e-12    1.45126843186229e-07    2.71179041920493e-06
3.49999999999997    -1.09455117582806e-16    8.40732096956654e-17    2.00159838715549e-14    6.96722815675565e-12    1.41477856470739e-07    2.63955074903963e-06
3.59999999999997    -1.00604992579298e-16    8.9817106176138e-17    1.89717062571361e-14    6.61086049882407e-12    1.37737817091517e-07    2.57115936861644e-06
3.69999999999997    -9.10197112889519e-17    1.03455652932154e-16    1.7982148142725e-14    6.28348799584981e-12    1.34097532202218e-07    2.50668865155803e-06
3.79999999999996    -8.13144317333764e-17    9.09042002775126e-17    1.70896588905467e-14    5.95834412475858e-12    1.30727422106254e-07    2.44097196312423e-06
3.89999999999996    -7.19720138089075e-17    9.94281196923344e-17    1.62538226197272e-14    5.6548395879795e-12    1.274904805063e-07    2.37799066187811e-06
3.99999999999996    -6.16781751407298e-17    1.02161105464383e-16    1.54763854563058e-14    5.37926193551901e-12    1.2440412154067e-07    2.31932359439536e-06
4.09999999999996    -5.14964123303432e-17    1.00607701341413e-16    1.47458225850596e-14    5.13341373879093e-12    1.21432378651905e-07    2.26570380650052e-06
4.19999999999995    -4.19978951710691e-17    8.80011140297331e-17    1.40969453249927e-14    4.90514245284411e-12    1.18730557671531e-07    2.21475561921493e-06
4.29999999999995    -3.33928760178213e-17    8.66523748302248e-17    1.35229248902128e-14    4.68760638318401e-12    1.16288111560094e-07    2.16508807746567e-06
4.39999999999995    -2.51163942411353e-17    7.85560591427253e-17    1.29664972233744e-14    4.49777794938453e-12    1.13870528335362e-07    2.12079653653634e-06
4.49999999999995    -1.73751027914683e-17    7.60350944341971e-17    1.24456810221375e-14    4.32537005943173e-12    1.11560212540751e-07    2.07975240339607e-06
4.59999999999995    -9.97689835635228e-18    7.23776905020558e-17    1.19835693199569e-14    4.15794452298949e-12    1.09469490361273e-07    2.03910385291909e-06
4.69999999999994    -2.87380983555572e-18    6.98012435468049e-17    1.15556840162845e-14    4.00111890133586e-12    1.07497367485369e-07    2.00027970577514e-06
4.79999999999994    3.9736168149371e-18    6.643901096553e-17    1.11322952403718e-14    3.86426699450888e-12    1.05509692637083e-07    1.96577389201019e-06
4.89999999999994    1.06254883005325e-17    6.70329503015777e-17    1.0744076232323e-14    3.73859627520759e-12    1.03653635885689e-07    1.93354500211596e-06
4.99999999999994    1.72827406213791e-17    6.6011891389383e-17    1.04090460080469e-14    3.60839549897159e-12    1.02024732335091e-07    1.89957771595994e-06
5.09999999999994    2.3539021468985e-17    6.10987296157028e-17    1.00788764400243e-14    3.49088373253741e-12    1.00393607565543e-07    1.86839067984654e-06
5.19999999999993    2.9786677769513e-17    5.99329878301935e-17    9.74379554905739e-15    3.38970994960181e-12    9.87106658323071e-08    1.84111649539126e-06
5.29999999999993    3.54928389148268e-17    5.69908702838724e-17    9.45496985156045e-15    3.28373384663189e-12    9.72366692743044e-08    1.81210757038093e-06
5.39999999999993    4.11173747256285e-17    5.56828726848704e-17    9.1632901375713e-15    3.18369842668377e-12    9.57250758034242e-08    1.78429213602587e-06
5.49999999999993    4.66710031103068e-17    5.34256122990852e-17    8.89352265598179e-15    3.08962353666023e-12    9.43054752174114e-08    1.75773249860729e-06
5.59999999999993    5.18154753376034e-17    5.0310283115292e-17    8.62002012745878e-15    3.00420297687731e-12    9.28440635014366e-08    1.73326367782785e-06
5.69999999999992    5.64937343478562e-17    4.65976325043676e-17    8.3427815914262e-15    2.91935599684311e-12    9.13388284982143e-08    1.70861230150175e-06
5.79999999999992    6.10890838582072e-17    3.80509971620915e-17    8.10396583213956e-15    2.82184195324454e-12    9.00220297046204e-08    1.67983390644568e-06
5.89999999999992    6.4840384211758e-17    3.8914264760399e-17    7.84949806973401e-15    2.73501223989469e-12    8.85973931317057e-08    1.65378724142336e-06
5.99999999999992    6.76574521513914e-17    2.0311302126744e-17    7.6003074860019e-15    2.65470325231948e-12    8.71797424061456e-08    1.62932601167461e-06
6.09999999999991    6.99857520562426e-17    2.47795921837079e-17    7.36963219431312e-15    2.56769549833841e-12    8.58465619248268e-08    1.60240303866986e-06
6.19999999999991    7.17539113305698e-17    1.04051080761033e-17    7.14119033578286e-15    2.48417695218257e-12    8.45055639338787e-08    1.57612720050844e-06
6.29999999999991    7.2650824121829e-17    8.42621845139732e-18    6.91256816730389e-15    2.4113140398701e-12    8.31418556883588e-08    1.55284063569643e-06
6.39999999999991    7.31084750723981e-17    5.65549195009197e-19    6.70785856517539e-15    2.33675065848664e-12    8.1901517477855e-08    1.52864340461948e-06
6.49999999999991    7.30294952592682e-17    -1.45183854333729e-18    6.51641231903408e-15    2.26377390611682e-12    8.07242981947448e-08    1.50458429677995e-06
6.5999999999999    7.27863455578533e-17    -3.01250993396481e-18    6.32279525713677e-15    2.20039513983224e-12    7.95160062951905e-08    1.48337289304889e-06
6.6999999999999    7.27002716450098e-17    -3.364220796513e-20    6.14661572572053e-15    2.136016628968e-12    7.84003553928203e-08    1.46151176148808e-06
6.7999999999999    7.25896962537918e-17    -1.36206945660984e-18    5.97455295864738e-15    2.07674383971096e-12    7.72952324444877e-08    1.44109119756904e-06
6.8999999999999    7.25612353785873e-17    1.08398567219753e-18    5.8296379237759e-15    2.01769240002678e-12    7.63520656156459e-08    1.42045499753663e-06
6.9999999999999    7.26233229485485e-17    7.04756863065543e-20    5.6678098342175e-15    1.96706961505214e-12    7.52848579344977e-08    1.40252258985449e-06
7.09999999999989    7.26606599226764e-17    4.80992117785629e-19    5.52122773112843e-15    1.91667050072224e-12    7.43049643774118e-08    1.38443869518381e-06
7.19999999999989    7.27093317305996e-17    3.4614888779053e-19    5.39647836847088e-15    1.86719244586924e-12    7.34607267080232e-08    1.36645250406637e-06
7.29999999999989    7.27406200010306e-17    3.08039914615034e-19    5.25706102000414e-15    1.82553637218735e-12    7.25055930256703e-08    1.35112411427942e-06
7.39999999999989    7.25515070438113e-17    -4.1081069131876e-18    5.14327702053483e-15    1.77797243724529e-12    7.17166439575558e-08    1.33340632863553e-06
7.49999999999988    7.20482503220023e-17    -7.13571185380216e-18    5.01232076282838e-15    1.7397208405241e-12    7.0797745464304e-08    1.31898477645654e-06
7.59999999999988    7.10764661414953e-17    -1.09898794893197e-17    4.90474426313827e-15    1.69815581816332e-12    7.00338793951775e-08    1.30313307768751e-06
7.69999999999988    6.97197378841866e-17    -1.74696124096884e-17    4.78719896418312e-15    1.66126893340652e-12    6.91895871080549e-08    1.28890222026596e-06
7.79999999999988    6.76788875374726e-17    -2.37154558669932e-17    4.68091752647904e-15    1.62631966543996e-12    6.84172312102663e-08    1.27527238872327e-06
7.89999999999988    6.48675078691331e-17    -3.16643141994405e-17    4.57217089837387e-15    1.59217538470829e-12    6.76178297372362e-08    1.26181432259595e-06
7.99999999999987    6.12724868855226e-17    -3.99184567079489e-17    4.47590261736695e-15    1.55527640848433e-12    6.69021869400915e-08    1.24710721611429e-06
8.09999999999987    5.74874783633453e-17    -3.58291773211441e-17    4.37598018854163e-15    1.52164531322004e-12    6.61511918905595e-08    1.23354988274493e-06
8.19999999999987    5.31539356568795e-17    -5.17414872887522e-17    4.27099230013854e-15    1.49018268413484e-12    6.53528293200726e-08    1.22073038961715e-06
8.29999999999987    4.79663989528385e-17    -5.3657115559311e-17    4.18106645917507e-15    1.45549834005777e-12    6.46611665466613e-08    1.20644035909686e-06
8.39999999999987    4.19704192469353e-17    -6.31044691086942e-17    4.08630865240453e-15    1.42317678684232e-12    6.39242415082458e-08    1.19296973425243e-06
8.49999999999986    3.51084983008182e-17    -7.44658502915336e-17    3.99066662990652e-15    1.39252209692607e-12    6.31717233412745e-08    1.18005173485151e-06
8.59999999999986    2.76412782263184e-17    -7.6269913120755e-17    3.90097480354472e-15    1.35945100612635e-12    6.2457784170948e-08    1.16595497602881e-06
8.69999999999986    1.96165803513452e-17    -8.33242627197802e-17    3.81387131157726e-15    1.32839350906264e-12    6.17565487343428e-08    1.15255954686196e-06
8.79999999999986    1.11869362375207e-17    -8.45296156855113e-17    3.72742099637271e-15    1.29988857848556e-12    6.10526084321768e-08    1.14012656248574e-06
8.89999999999985    2.52987431703863e-18    -8.81866286528869e-17    3.65703193636498e-15    1.26811635037022e-12    6.04733985845428e-08    1.12610672246027e-06
8.99999999999985    -6.39434448525534e-18    -9.11129187737042e-17    3.56886086951594e-15    1.24364054018754e-12    5.97399436685032e-08    1.11518632532305e-06
9.09999999999985    -1.54892591049244e-17    -9.13518748300761e-17    3.50060285187343e-15    1.21512075740772e-12    5.91658926398768e-08    1.10232515956396e-06
9.19999999999985    -2.47260821548436e-17    -9.27030670094066e-17    3.43000988557111e-15    1.18848724260912e-12    5.85662862538774e-08    1.09017761975245e-06
9.29999999999985    -3.40456293157324e-17    -9.29161429794186e-17    3.36135924467216e-15    1.16501912447336e-12    5.79772303984259e-08    1.079360516451e-06
9.39999999999984    -4.32551968906384e-17    -9.13087617229737e-17    3.29426261713458e-15    1.14262219466311e-12    5.7395667233116e-08    1.06893507504577e-06
9.49999999999984    -5.22995096521894e-17    -8.96179796625431e-17    3.23129711305997e-15    1.11884222682182e-12    5.68444994090015e-08    1.05775338658017e-06
9.59999999999984    -6.11769879657294e-17    -8.79191774978991e-17    3.16889730229635e-15    1.0971755512439e-12    5.62929596157134e-08    1.04746147959908e-06
9.69999999999984    -6.98426269044387e-17    -8.53763167695599e-17    3.11146209875857e-15    1.07685318053465e-12    5.57804813421197e-08    1.03771536585648e-06
9.79999999999984    -7.82585034349647e-17    -8.29162437510684e-17    3.05070503036659e-15    1.05817173341129e-12    5.5233187762129e-08    1.02867474617164e-06
9.89999999999983    -8.640221842172e-17    -7.90425293919004e-17    2.99713811048344e-15    1.03757525472975e-12    5.4746124159464e-08    1.01861437979726e-06
9.99999999999983    -9.40192853831095e-17    -7.31315565963407e-17    2.94415859919577e-15    1.01795897378488e-12    5.42601013562984e-08    1.00893952930038e-06
10.0999999999998    -1.00856049529031e-16    -6.29769227032077e-17    2.88817092286838e-15    1.00117814522355e-12    5.3741705619271e-08    1.00058889921063e-06
10.1999999999998    -1.06801787721532e-16    -5.72052297800546e-17    2.83385220057802e-15    9.85500919411302e-13    5.3233938428206e-08    9.92723989541556e-07
10.2999999999998    -1.11948546078049e-16    -4.59753077572157e-17    2.78706512142312e-15    9.67591517625616e-13    5.27926616247288e-08    9.8366229856878e-07
10.3999999999998    -1.16183901188217e-16    -3.71343888502564e-17    2.73833819041529e-15    9.50785524647977e-13    5.23291332855351e-08    9.7508231685739e-07
10.4999999999998    -1.18998935386808e-16    -1.88530508599587e-17    2.68896333943121e-15    9.34610615993816e-13    5.18552151613626e-08    9.66752613647264e-07
10.5999999999998    -1.20170470129154e-16    -2.61571366881932e-18    2.63909042923726e-15    9.18390716363715e-13    5.13720783036589e-08    9.58327040400987e-07
10.6999999999998    -1.1911473704136e-16    2.18160714688897e-17    2.59181361092214e-15    9.02938385672006e-13    5.09098576988989e-08    9.50230701288906e-07
10.7999999999998    -1.16440060119313e-16    3.41358057981254e-17    2.54526102424498e-15    8.87987900204184e-13    5.04505800189153e-08    9.42331099032704e-07
10.8999999999998    -1.11771165340956e-16    5.67698883817003e-17    2.50327705448308e-15    8.71208041060565e-13    5.00327598127775e-08    9.33385258647556e-07
10.9999999999998    -1.05470753161966e-16    6.99636059523123e-17    2.45756018140477e-15    8.55870757659862e-13    4.95737852236923e-08    9.25132832440759e-07
11.0999999999998    -9.75128016010695e-17    8.69619546481284e-17    2.41110959859561e-15    8.41492513288814e-13    4.91030508074153e-08    9.17329010382215e-07
11.1999999999998    -8.83200735131138e-17    9.78550423757229e-17    2.37530232395056e-15    8.24470311505411e-13    4.87370734036274e-08    9.08003475491923e-07
11.2999999999998    -7.81261225824224e-17    1.0442625600646e-16    2.33261445368004e-15    8.10731247855134e-13    4.82971474693904e-08    9.00406157161941e-07
11.3999999999998    -6.74071084687655e-17    1.10701985828195e-16    2.29147071580092e-15    7.97837820805701e-13    4.78693087040216e-08    8.93217678287718e-07
11.4999999999998    -5.61084857765211e-17    1.14487424355991e-16    2.2555584808914e-15    7.82862725063312e-13    4.74927202936555e-08    8.84795301221312e-07
11.5999999999998    -4.44742887054474e-17    1.18752728683744e-16    2.21943367830687e-15    7.69077877471762e-13    4.71108658199663e-08    8.76970853262389e-07
11.6999999999998    -3.25930447855342e-17    1.17780594909442e-16    2.18333363327617e-15    7.57557952741768e-13    4.67261557725025e-08    8.70378051619966e-07
11.7999999999998    -2.08355696707884e-17    1.17348114201564e-16    2.14839334590366e-15    7.45595436560265e-13    4.63507642429298e-08    8.63478683327078e-07
11.8999999999998    -9.16380462133063e-18    1.16081027787767e-16    2.12120419051717e-15    7.31717325348206e-13    4.60565325498693e-08    8.55404772811215e-07
11.9999999999998    2.36433026014928e-18    1.14294414002334e-16    2.08544918495858e-15    7.20992972364132e-13    4.56667185700766e-08    8.49113050402673e-07
12.0999999999998    1.36820946712046e-17    1.1221293364343e-16    2.05152415397916e-15    7.10749693893433e-13    4.52937540283333e-08    8.43059721427511e-07
12.1999999999998    2.47520149701809e-17    1.09133989709471e-16    2.02153548727996e-15    6.99823766614353e-13    4.49614889353095e-08    8.36554700312151e-07
12.2999999999998    3.5647961789124e-17    1.08283037859062e-16    1.99646664366504e-15    6.88143572985968e-13    4.46818379620292e-08    8.29544195920849e-07
12.3999999999998    4.60877770428535e-17    1.00632036210161e-16    1.96315678488449e-15    6.78775402910032e-13    4.43075251496232e-08    8.23878269473125e-07
12.4999999999998    5.59574618299466e-17    9.5967668150351e-17    1.93532779074758e-15    6.68909304209038e-13    4.39923605953077e-08    8.17868757325427e-07
12.5999999999998    6.4953116903066e-17    8.38148254266207e-17    1.90550639167302e-15    6.59582507147135e-13    4.36521063830031e-08    8.12146850727832e-07
12.6999999999998    7.29128197806881e-17    7.34840396868197e-17    1.87543803655705e-15    6.50235153348656e-13    4.33063279043266e-08    8.06371597558258e-07
12.7999999999998    7.95822430897575e-17    6.11651014847595e-17    1.84798998724068e-15    6.41082468632097e-13    4.29882540613209e-08    8.00676257067797e-07
12.8999999999998    8.49878007234953e-17    4.7560578507492e-17    1.81826180000194e-15    6.32387047858629e-13    4.2641081130782e-08    7.95227670455845e-07
12.9999999999998    8.90526679875824e-17    3.34010592317291e-17    1.7940491327374e-15    6.22409148724167e-13    4.23562171674643e-08    7.8892911514544e-07
13.0999999999998    9.14195763308086e-17    1.38840187540883e-17    1.76455220142956e-15    6.14718872452943e-13    4.20065733121563e-08    7.8404009620232e-07
13.1999999999998    9.22335357721707e-17    -2.97058083957995e-19    1.73621223582861e-15    6.06586189360939e-13    4.16678801456063e-08    7.78836432995362e-07
13.2999999999998    9.11457070517301e-17    -1.97620164602326e-17    1.71382450197439e-15    5.96021045575499e-13    4.13983635180715e-08    7.72023992875544e-07
13.3999999999998    8.8216542422802e-17    -3.85633744426538e-17    1.68767886304748e-15    5.87564674725431e-13    4.10813688068872e-08    7.6652767381578e-07
13.4999999999998    8.36189642143109e-17    -5.2173370918905e-17    1.66372674109473e-15    5.79699099163626e-13    4.07888065661982e-08    7.61379733880293e-07
13.5999999999998    7.79463498526884e-17    -6.17339913883198e-17    1.64003505632627e-15    5.70912190394233e-13    4.04973462874578e-08    7.55587314871176e-07
13.6999999999998    7.12687074547816e-17    -7.06719015115858e-17    1.61859218446585e-15    5.62273683184772e-13    4.02317310647436e-08    7.49849106944038e-07
13.7999999999998    6.38168554016218e-17    -7.93435983471183e-17    1.59323029473729e-15    5.54789869368918e-13    3.99152889847648e-08    7.44842177490586e-07
13.8999999999997    5.55741185557127e-17    -8.43783273070911e-17    1.57488908939696e-15    5.45664295304489e-13    3.96848722991137e-08    7.38690933546966e-07
13.9999999999997    4.69971795658598e-17    -8.62719496272981e-17    1.5522703769224e-15    5.39117529118921e-13    3.93988626348833e-08    7.34246231940567e-07
14.0999999999997    3.83016481302612e-17    -8.84699255223297e-17    1.53382864387557e-15    5.3099447967313e-13    3.91641244492401e-08    7.28693680275278e-07
14.1999999999997    2.93599354581272e-17    -8.9777448344525e-17    1.5149705543789e-15    5.23497920249786e-13    3.89226226554545e-08    7.23531561336329e-07
14.2999999999997    2.03962071656377e-17    -8.9376719098958e-17    1.49518026886206e-15    5.17003699947482e-13    3.86675609375878e-08    7.19029693369809e-07
14.3999999999997    1.14842379001114e-17    -8.87097080388128e-17    1.47594608615929e-15    5.09835460712681e-13    3.84180437575794e-08    7.14027633017575e-07
14.4999999999997    2.69249554800155e-18    -8.69640524875674e-17    1.4603369175388e-15    5.02395099030907e-13    3.82143548622608e-08    7.0879834863726e-07
14.5999999999997    -5.88906873507885e-18    -8.40910948278334e-17    1.43789870743576e-15    4.97613970391841e-13    3.79196348536713e-08    7.05417585825475e-07
14.6999999999997    -1.40834254186514e-17    -7.99768663442521e-17    1.42377193334159e-15    4.9016067191559e-13    3.77329025300413e-08    7.00114756247567e-07
14.7999999999997    -2.18487184141762e-17    -7.53837718414926e-17    1.40333630134072e-15    4.84264616804675e-13    3.74611305400774e-08    6.95891239206728e-07
14.8999999999997    -2.9140398320726e-17    -7.02806802654484e-17    1.38666895620561e-15    4.78202851659125e-13    3.72380041920295e-08    6.915221266591e-07
14.9999999999997    -3.57506510196498e-17    -6.18350159979283e-17    1.36688206578271e-15    4.72932672908441e-13    3.69713681892179e-08    6.87701005458361e-07
15.0999999999997    -4.15810617867526e-17    -5.40510751893999e-17    1.35200206203438e-15    4.66361697520625e-13    3.67695806616609e-08    6.82906800025176e-07
15.1999999999997    -4.64874834843002e-17    -4.33120475958809e-17    1.33227814117675e-15    4.61211602353648e-13    3.65003854935362e-08    6.79125616034065e-07
15.2999999999997    -5.02121669704918e-17    -3.19908797042882e-17    1.31476933547574e-15    4.56023438702638e-13    3.625974814413e-08    6.75295075283863e-07
15.3999999999997    -5.27936380372501e-17    -1.92388244391452e-17    1.2964312796739e-15    4.51025541171463e-13    3.60059894972197e-08    6.71584351493885e-07
15.4999999999997    -5.39513869197385e-17    -3.28026193777004e-18    1.2830652276477e-15    4.44409763047273e-13    3.5819899883273e-08    6.66640655111338e-07
15.5999999999997    -5.38030742886506e-17    6.01260247657813e-18    1.26397061665979e-15    4.3953820664607e-13    3.55523644313539e-08    6.62976776852757e-07
15.6999999999997    -5.26079528537511e-17    1.61026530292471e-17    1.24924353744992e-15    4.33903407815502e-13    3.53446394443332e-08    6.58713448940814e-07
15.7999999999997    -5.04920522415216e-17    2.7890914066449e-17    1.2320966691209e-15    4.28914830887794e-13    3.51012345811497e-08    6.54915896041464e-07
15.8999999999997    -4.7227578239366e-17    3.68431767272459e-17    1.21548785373092e-15    4.23755246338295e-13    3.48638473741915e-08    6.50964857990272e-07
15.9999999999997    -4.29663629832117e-17    4.76059928239271e-17    1.20168167284456e-15    4.17913732263833e-13    3.46652805101092e-08    6.46462475526487e-07
16.0999999999997    -3.79421569259199e-17    5.2668096388159e-17    1.18646399102731e-15    4.13056012071319e-13    3.44450866021166e-08    6.4269433797982e-07
16.1999999999997    -3.2362126890829e-17    5.92762975142894e-17    1.17450637968965e-15    4.07353921581263e-13    3.42710720534046e-08    6.38242839036415e-07
16.2999999999997    -2.61580970471611e-17    6.45697254877261e-17    1.15929408853114e-15    4.02871674542736e-13    3.40484080175731e-08    6.3472173000673e-07
16.3999999999998    -1.94319108570185e-17    7.00322292203677e-17    1.14835563948651e-15    3.97934633927967e-13    3.38873964695801e-08    6.30820603601346e-07
16.4999999999998    -1.22792480318437e-17    7.21122274445954e-17    1.13504867314517e-15    3.93071556579277e-13    3.36904834210667e-08    6.26954190176027e-07
16.5999999999998    -4.96594830050696e-18    7.42369334409915e-17    1.12470068577875e-15    3.87885029990621e-13    3.35365574527075e-08    6.22804166645199e-07
16.6999999999998    2.48957940491473e-18    7.48595606070765e-17    1.11157367044325e-15    3.83871812003909e-13    3.33402710013469e-08    6.19573895515224e-07
16.7999999999998    9.9937675647857e-18    7.49652887772914e-17    1.0995834787564e-15    3.79505687165814e-13    3.31599680150087e-08    6.16040329171568e-07
16.8999999999998    1.74503629677628e-17    7.41123282014629e-17    1.08753195745279e-15    3.75376104452822e-13    3.29777494297714e-08    6.12679446736074e-07
16.9999999999999    2.47805581176141e-17    7.21553947614966e-17    1.07778148858434e-15    3.70638909325443e-13    3.28295825222365e-08    6.08801206737834e-07
17.0999999999999    3.19427077503294e-17    7.13693276666105e-17    1.06515311439949e-15    3.66954616726598e-13    3.26366835692521e-08    6.05767791093748e-07
17.1999999999999    3.89633486632574e-17    6.91115727972887e-17    1.05509298100203e-15    3.62698095369716e-13    3.24821948304302e-08    6.0224421572126e-07
17.2999999999999    4.56984562869503e-17    6.52631925279356e-17    1.04234636718258e-15    3.59105850673471e-13    3.22853893763508e-08    5.9925441231039e-07
17.3999999999999    5.19408040376217e-17    5.86086775380407e-17    1.03302643955706e-15    3.54755951079928e-13    3.21407286718434e-08    5.95613927876043e-07
17.4999999999999    5.75512150060207e-17    5.32317247398573e-17    1.01931448974953e-15    3.51848438582982e-13    3.19267049622966e-08    5.93168136857486e-07
17.6    6.24452588559656e-17    4.58616390269283e-17    1.00929424372986e-15    3.476644744256e-13    3.17693916172447e-08    5.89630795011251e-07
17.7    6.66359788165033e-17    3.64103807068983e-17    9.96960005573417e-16    3.44104273230007e-13    3.15746734832431e-08    5.86604017400159e-07
17.8    6.98085382869204e-17    2.79597066939571e-17    9.85326096301272e-16    3.40809424723018e-13    3.13899043691005e-08    5.83788852859506e-07
17.9    7.20092781911872e-17    1.43809523406385e-17    9.73391236279663e-16    3.37223152312694e-13    3.11992185203358e-08    5.80709180496308e-07
18    7.27310221866788e-17    7.74394762884394e-19    9.62992184774576e-16    3.33177267868106e-13    3.10321153770505e-08    5.77215096708416e-07
18.1    7.2070864663809e-17    -1.40724878640378e-17    9.51196843720753e-16    3.30030275596824e-13    3.08414792725763e-08    5.74482615574069e-07
18.2    7.01297239929901e-17    -2.4959627854716e-17    9.39228914984389e-16    3.26779139328101e-13    3.06468418435634e-08    5.71645991263913e-07
18.3000000000001    6.68596454835936e-17    -3.90483460619827e-17    9.29718807036968e-16    3.22558820314656e-13    3.04912906751578e-08    5.67942620618189e-07
18.4000000000001    6.23919994856992e-17    -5.13243455397459e-17    9.17906760762183e-16    3.19649654726164e-13    3.02969760993104e-08    5.65375675746812e-07
18.5000000000001    5.68865275471954e-17    -5.80945034544165e-17    9.08433424313338e-16    3.16104204295871e-13    3.01402293341198e-08    5.62231450824187e-07
18.6000000000001    5.06608991809752e-17    -6.58517079765944e-17    8.99869862805288e-16    3.12209606449742e-13    2.99978309683432e-08    5.58757198118952e-07
18.7000000000001    4.38332507493737e-17    -7.08332384462988e-17    8.91280804458552e-16    3.08892367574813e-13    2.98543263943193e-08    5.55780862908047e-07
18.8000000000001    3.65736742204854e-17    -7.40324077916609e-17    8.81507555990438e-16    3.05889755425877e-13    2.96901929261236e-08    5.53073010936058e-07
18.9000000000002    2.90126386209358e-17    -7.65541855051858e-17    8.75790333716857e-16    3.02168246300999e-13    2.95937549783203e-08    5.49698322992711e-07
19.0000000000002    2.13228594074026e-17    -7.75599054604183e-17    8.65396292136738e-16    2.99930838548208e-13    2.94176187366812e-08    5.47659418387202e-07
19.1000000000002    1.35323044564895e-17    -7.78214538621154e-17    8.5980652524986e-16    2.96167422264006e-13    2.93224576945702e-08    5.44212662719277e-07
19.2000000000002    5.7481611933076e-18    -7.78530886924139e-17    8.51048496073807e-16    2.9348114830842e-13    2.91727354917876e-08    5.41739003864795e-07
19.3000000000002    -2.01073742374523e-18    -7.72319229567685e-17    8.4454823540617e-16    2.9034236004839e-13    2.90611120813738e-08    5.38834260277119e-07
19.4000000000002    -9.69458655154931e-18    -7.64474629666885e-17    8.38857149536951e-16    2.86879443663578e-13    2.89630307381142e-08    5.35611280373722e-07
19.5000000000002    -1.72998915567583e-17    -7.53930423811933e-17    8.29232885054916e-16    2.85037510235679e-13    2.87964040299291e-08    5.33889043000209e-07
19.6000000000003    -2.47175819195567e-17    -7.32514032122999e-17    8.22800915946812e-16    2.821001622218e-13    2.86845065487767e-08    5.31131021709144e-07
19.7000000000003    -3.19256530577634e-17    -7.03397674581769e-17    8.16735879631722e-16    2.78870856178247e-13    2.85785912814422e-08    5.28082243763457e-07
19.8000000000003    -3.88000547279421e-17    -6.74971716275914e-17    8.06375848314711e-16    2.77120239494247e-13    2.83967577077861e-08    5.26422111517219e-07
19.9000000000003    -4.53973800333869e-17    -6.39831836813876e-17    8.01854690564082e-16    2.73661277329254e-13    2.83170388735136e-08    5.23126444876622e-07
20.0000000000003    -5.15024761518273e-17    -5.85551823879892e-17    7.90953220194686e-16    2.71861104250853e-13    2.81238905593569e-08    5.21403015191562e-07
20.1000000000003    -5.71179340638493e-17    -5.24065604214468e-17    7.83798466761183e-16    2.68982887726882e-13    2.79964009608589e-08    5.18635602062645e-07
20.2000000000004    -6.17695601635958e-17    -4.08617191360696e-17    7.74420355887072e-16    2.66683907672019e-13    2.78284091512086e-08    5.16414472756157e-07
20.3000000000004    -6.52974633104376e-17    -2.87249724670853e-17    7.66274267913264e-16    2.64269746968012e-13    2.76816594140103e-08    5.14071733290221e-07
20.4000000000004    -6.75343244897586e-17    -1.54716906885958e-17    7.57928235414087e-16    2.61609693429458e-13    2.75304964614532e-08    5.11477950091162e-07
20.5000000000004    -6.83089385051416e-17    -6.09198002279937e-19    7.47890038936365e-16    2.5934302156067e-13    2.73475783011287e-08    5.09257323521881e-07
20.6000000000004    -6.77092236396458e-17    1.27954416911219e-17    7.41690153465859e-16    2.56591166197504e-13    2.72339889378302e-08    5.06548286146054e-07
20.7000000000004    -6.58407765173852e-17    2.33157372104827e-17    7.31120454857145e-16    2.54943612761309e-13    2.70392391693469e-08    5.04919412145452e-07
20.8000000000005    -6.28407928477775e-17    3.6057178801511e-17    7.27165655281436e-16    2.51274825557473e-13    2.69660092576087e-08    5.01273204507755e-07
20.9000000000005    -5.88259685710354e-17    4.6457325456274e-17    7.18268844408064e-16    2.49582071732355e-13    2.68005381365387e-08    4.99581896922171e-07
21.0000000000005    -5.36329802880316e-17    5.51101205755452e-17    7.11111166263545e-16    2.47527046796437e-13    2.66666677007748e-08    4.9752090086391e-07
21.1000000000005    -4.78548711160963e-17    6.03893401119657e-17    7.05540178457232e-16    2.4460604050666e-13    2.65620062957833e-08    4.94576627537796e-07
21.2000000000005    -4.16917487968315e-17    6.28452803817462e-17    7.00514294246315e-16    2.42068263529056e-13    2.64672305737928e-08    4.92004332835653e-07
21.3000000000005    -3.51734039727733e-17    6.77541244454525e-17    6.94292382130957e-16    2.40232215569116e-13    2.63494284972361e-08    4.90134895277939e-07
21.4000000000005    -2.83123706683705e-17    6.87712575796898e-17    6.90417547236725e-16    2.3766513486151e-13    2.62757977469139e-08    4.87509112593303e-07
21.5000000000006    -2.1372674513086e-17    6.98759104733467e-17    6.85246774456405e-16    2.35624964068429e-13    2.61772186157431e-08    4.85412158962287e-07
21.6000000000006    -1.43972476932087e-17    6.9661537812111e-17    6.80545620498146e-16    2.33588161577354e-13    2.60872693185421e-08    4.83309591853249e-07
21.7000000000006    -7.44209566489851e-18    6.93268825960541e-17    6.75562174034945e-16    2.31364334250233e-13    2.59915789061562e-08    4.81003465944096e-07
21.8000000000006    -5.47810305741167e-19    6.83930061298174e-17    6.72733889957815e-16    2.29032267249507e-13    2.5937114140895e-08    4.78573157677598e-07
21.9000000000006    6.19621462646832e-18    6.63563547118548e-17    6.64984870661522e-16    2.2804511643334e-13    2.57873005694959e-08    4.77540696101746e-07
22.0000000000006    1.27427887305538e-17    6.43501700083362e-17    6.62446188594853e-16    2.2503308663453e-13    2.5738030006099e-08    4.74376524118269e-07
22.1000000000007    1.8988328486498e-17    6.07333851706794e-17    6.56625111550177e-16    2.23197973519144e-13    2.56246972967522e-08    4.72438327741457e-07
22.2000000000007    2.48893548048331e-17    5.70820492328061e-17    6.50228405605049e-16    2.2183198011188e-13    2.54995765769757e-08    4.70990424649886e-07
22.3000000000007    3.0331426781507e-17    5.16486310351482e-17    6.45755291712011e-16    2.19675860433146e-13    2.5411715638894e-08    4.68695914675118e-07
22.4000000000007    3.51623736722303e-17    4.41904185007655e-17    6.40359492731603e-16    2.17765180300546e-13    2.53053253828439e-08    4.66653169174437e-07
22.5000000000007    3.90943578588465e-17    3.39430997029033e-17    6.33456946401215e-16    2.16098043486797e-13    2.51685706070332e-08    4.64863467576015e-07
22.6000000000007    4.19321926962775e-17    2.23980808202198e-17    6.26564683040058e-16    2.14686922201196e-13    2.50312740994153e-08    4.63343201311076e-07
22.7000000000007    4.35927997448657e-17    1.09686548822023e-17    6.21277229647224e-16    2.12596667011108e-13    2.4925433389356e-08    4.61082061038063e-07
22.8000000000008    4.40708641055743e-17    -2.37361648954236e-19    6.13311627431782e-16    2.10808808925275e-13    2.47651292633772e-08    4.59139204300041e-07
22.9000000000008    4.34962941894784e-17    -1.14934041776376e-17    6.08094872042434e-16    2.08737142171011e-13    2.46595797215288e-08    4.56877600863744e-07
23.0000000000008    4.1910713805651e-17    -2.07057523629984e-17    5.99290738510133e-16    2.07767247994304e-13    2.44804154072216e-08    4.55814927349142e-07
23.1000000000008    3.94120432236399e-17    -2.84553815836837e-17    5.93319831878404e-16    2.0566762497424e-13    2.4358157399081e-08    4.53505926062979e-07
23.2000000000008    3.61742384162592e-17    -3.63860712712222e-17    5.89334529528504e-16    2.03237710488228e-13    2.42762132452428e-08    4.50818933151911e-07
23.3000000000008    3.22452866357715e-17    -4.22906778027163e-17    5.82320133063041e-16    2.02072653019385e-13    2.41313102226763e-08    4.49524919241842e-07
23.4000000000009    2.77417025671589e-17    -4.71385536865834e-17    5.77480836140928e-16    2.00489737905591e-13    2.40308309498637e-08    4.47760804342666e-07
23.5000000000009    2.28041687234522e-17    -5.19137687455201e-17    5.71934817398988e-16    1.98873976338978e-13    2.39151587366463e-08    4.45952885783889e-07
23.6000000000009    1.74381574068431e-17    -5.48287137903256e-17    5.70350248184061e-16    1.9619088533101e-13    2.38820067872041e-08    4.42934402966184e-07
23.7000000000009    1.17660027010123e-17    -5.90479762796432e-17    5.65124340658195e-16    1.95226056924525e-13    2.37723440295271e-08    4.4184392824223e-07
23.8000000000009    5.69364935753948e-18    -6.19824925619329e-17    5.6101941101045e-16    1.93937683862907e-13    2.36858483278613e-08    4.40383564478634e-07
23.9000000000009    -5.70719735092418e-19    -6.33477187743738e-17    5.59691385629131e-16    1.91481948868525e-13    2.36577975650552e-08    4.37586504440579e-07
24.000000000001    -6.98599346513116e-18    -6.44744524725828e-17    5.56665877599752e-16    1.89962337624683e-13    2.35937677703192e-08    4.35846690505599e-07
24.100000000001    -1.34414263609912e-17    -6.47350989556093e-17    5.53041059692558e-16    1.88911167566222e-13    2.35168250342719e-08    4.34639123372738e-07
24.200000000001    -1.98996609713736e-17    -6.42798033515808e-17    5.50350239240262e-16    1.87540569952103e-13    2.34595447364236e-08    4.33059545503968e-07
24.300000000001    -2.62627502929641e-17    -6.28496562978031e-17    5.48105216303075e-16    1.85742899108545e-13    2.34116470224347e-08    4.30979000774452e-07
24.400000000001    -3.24690240503871e-17    -6.09038006188677e-17    5.45105541852083e-16    1.83981792221371e-13    2.33474954085461e-08    4.28930987714074e-07
24.500000000001    -3.83823265565338e-17    -5.7307831344625e-17    5.4185689442331e-16    1.8276026437047e-13    2.32778197953182e-08    4.27504695144358e-07
24.600000000001    -4.38561435536328e-17    -5.23919827569479e-17    5.38526528738686e-16    1.8154552036504e-13    2.32061743667216e-08    4.26081588859505e-07
24.7000000000011    -4.88556686018006e-17    -4.68408052104811e-17    5.34356809359207e-16    1.80247501501025e-13    2.31161590529051e-08    4.24555651830269e-07
24.8000000000011    -5.31961474872911e-17    -3.96440781427249e-17    5.30921437661861e-16    1.78707824736534e-13    2.30417325230083e-08    4.2273848267757e-07
24.9000000000011    -5.67774543962143e-17    -3.21010363701178e-17    5.25845085336817e-16    1.77304720207887e-13    2.29313123335063e-08    4.21075670406029e-07
25.0000000000011    -5.94373897026725e-17    -2.12273241711646e-17    5.21056694367334e-16    1.76001367604772e-13    2.28266662999075e-08    4.19525169214879e-07
25.1000000000011    -6.11054107533479e-17    -1.16961417317379e-17    5.15493538354112e-16    1.74857364079778e-13    2.27044827810305e-08    4.18159495981829e-07
25.2000000000011    -6.17999871144773e-17    -1.49322981571515e-18    5.11039915254748e-16    1.73313554880602e-13    2.26061919671303e-08    4.16309446062183e-07
25.3000000000012    -6.14295437637974e-17    7.50619504342195e-18    5.03470296420327e-16    1.72649817856715e-13    2.24381437828606e-08    4.15511513506804e-07
25.4000000000012    -6.01867925791347e-17    1.79064426699859e-17    4.99003041918718e-16    1.70778701191723e-13    2.23383759910768e-08    4.13253797552694e-07
25.5000000000012    -5.79618200994418e-17    2.62477972454503e-17    4.93358884303694e-16    1.69220207150942e-13    2.22116835089935e-08    4.11363837923245e-07
25.6000000000012    -5.49521733690421e-17    3.47258503339978e-17    4.87348659794186e-16    1.68189277053156e-13    2.20759747190059e-08    4.10108860003239e-07
25.7000000000012    -5.09685858686924e-17    4.43832217308511e-17    4.81317260552636e-16    1.67350429898502e-13    2.19389439251901e-08    4.09084868821253e-07
25.8000000000012    -4.61771855200897e-17    5.02461834202866e-17    4.78782844741821e-16    1.65529235543593e-13    2.1881107027338e-08    4.06852842614615e-07
25.9000000000012    -4.09386944315008e-17    5.50401448005706e-17    4.75257094762115e-16    1.64031364272677e-13    2.18003920781741e-08    4.05007857050548e-07
26.0000000000013    -3.52706485989359e-17    5.81512350072048e-17    4.71402720332316e-16    1.63023126450616e-13    2.17118106184702e-08    4.03761224550619e-07
26.1000000000013    -2.92622372092164e-17    6.16608594500276e-17    4.68975539419578e-16    1.61713547348412e-13    2.16558430780143e-08    4.02136229838113e-07
26.2000000000013    -2.30424972121553e-17    6.29659689467597e-17    4.67088230515227e-16    1.60349605383871e-13    2.16122240992274e-08    4.00436768271685e-07
26.3000000000013    -1.66287794534794e-17    6.4977328261313e-17    4.65038682407086e-16    1.59356821679511e-13    2.15647555610326e-08    3.9919521750581e-07
26.4000000000013    -1.00773325229251e-17    6.5685354026569e-17    4.63131098547461e-16    1.58383548362859e-13    2.15204809088334e-08    3.97974306159153e-07
26.5000000000013    -3.53726486186706e-18    6.54457137718101e-17    4.63219175791374e-16    1.56633118408795e-13    2.15225271701855e-08    3.95769021537557e-07
26.6000000000014    3.00765360635164e-18    6.52680527875425e-17    4.61235508973895e-16    1.55639858271946e-13    2.14763942265431e-08    3.94512177596517e-07
26.7000000000014    9.49313323131539e-18    6.43494879344967e-17    4.60094447225289e-16    1.54557747883804e-13    2.14498122888124e-08    3.93138331740628e-07
26.8000000000014    1.5885603235272e-17    6.34428152915957e-17    4.58226693351443e-16    1.53469651104188e-13    2.1406230246156e-08    3.91752027568701e-07
26.9000000000014    2.21828782611776e-17    6.25589103128277e-17    4.57115169911587e-16    1.52297648670817e-13    2.13802518673562e-08    3.9025331346552e-07
27.0000000000014    2.83788826117316e-17    6.14559816836989e-17    4.55511307988606e-16    1.51276539518078e-13    2.13427108865909e-08    3.88942848652701e-07
27.1000000000014    3.45515255211391e-17    6.1506283419998e-17    4.52720879350263e-16    1.50429126910305e-13    2.12772385273621e-08    3.87851939418002e-07
27.2000000000015    4.05684581375507e-17    5.90806299781628e-17    4.50274082900157e-16    1.49310027165383e-13    2.12196626481233e-08    3.86406556835392e-07
27.3000000000015    4.63736493151884e-17    5.68894156805228e-17    4.46580250667603e-16    1.48266462282542e-13    2.11324454492991e-08    3.85053843355111e-07
27.4000000000015    5.1874320302808e-17    5.28107216009293e-17    4.43975868125254e-16    1.47027883022955e-13    2.10707348738779e-08    3.83442150816724e-07
27.5000000000015    5.69112406866523e-17    4.76293375495689e-17    4.38354168866885e-16    1.46330631785495e-13    2.09369092481886e-08    3.82531870287294e-07
27.6000000000015    6.1351154229749e-17    4.1131594698202e-17    4.34055710834952e-16    1.4509343784467e-13    2.08340037159196e-08    3.80911325435029e-07
27.7000000000015    6.50325186181363e-17    3.2401315653027e-17    4.28045669355086e-16    1.44325343583285e-13    2.06892645919348e-08    3.79901755172683e-07
27.8000000000015    6.79311366207696e-17    2.44462616655951e-17    4.229441353261e-16    1.43276118432269e-13    2.05656056396621e-08    3.78518319810639e-07
27.9000000000016    6.98242372740715e-17    1.35617094909471e-17    4.17365683645412e-16    1.4233265619791e-13    2.04295296971177e-08    3.77270004370756e-07
28.0000000000016    7.05860102097378e-17    2.02700374320919e-18    4.12826413460449e-16    1.4113218692829e-13    2.03181301664412e-08    3.75675640584121e-07
28.1000000000016    7.02682250886551e-17    -7.69713799612865e-18    4.07647238766515e-16    1.40299791502655e-13    2.01902758467168e-08    3.745661376882e-07
28.2000000000016    6.90077767476869e-17    -1.78624942017203e-17    4.03709085153739e-16    1.39150452344267e-13    2.00925131617162e-08    3.73028755385247e-07
28.3000000000016    6.68166011163056e-17    -2.62981518699979e-17    4.00331443956201e-16    1.38115823312109e-13    2.00082843831299e-08    3.71639372661333e-07
28.4000000000016    6.38019695208006e-17    -3.30494171016281e-17    3.97523705554471e-16    1.37392541044978e-13    1.99379965280986e-08    3.70664998408236e-07
28.5000000000017    6.02822131478411e-17    -3.72151179417471e-17    3.96266892467411e-16    1.3620775222976e-13    1.99064535381723e-08    3.69063344467802e-07
28.6000000000017    5.64009149661572e-17    -3.98708084384501e-17    3.94173321987414e-16    1.35269248987173e-13    1.9853798679029e-08    3.67789680370688e-07
28.7000000000017    5.23108676308481e-17    -4.20391018416001e-17    3.9414870400057e-16    1.34148348344358e-13    1.98531786875697e-08    3.66262676701242e-07
28.8000000000017    4.80807482197907e-17    -4.22189065350187e-17    3.9312926387603e-16    1.3338406400481e-13    1.98274875835551e-08    3.65217830896589e-07
28.9000000000017    4.38751412932187e-17    -4.19391031821767e-17    3.93318480643336e-16    1.32384144323169e-13    1.98322585865387e-08    3.63846319650439e-07
29.0000000000017    3.96939348072266e-17    -4.16607200340376e-17    3.9309509914351e-16    1.31701090518102e-13    1.98266260151219e-08    3.62906448713855e-07
29.1000000000017    3.55411611469114e-17    -4.14285208489727e-17    3.93761277554149e-16    1.30585448986257e-13    1.98434189986038e-08    3.61366087211095e-07
29.2000000000018    3.14002183467602e-17    -4.13871897944167e-17    3.93802586048512e-16    1.29705399633206e-13    1.98444598326211e-08    3.60146358628274e-07
29.3000000000018    2.72591699502029e-17    -4.14774295109564e-17    3.93247189129612e-16    1.29110473014897e-13    1.98304611426364e-08    3.5931945816348e-07
29.4000000000018    2.30781925473162e-17    -4.21529057982471e-17    3.93370093325564e-16    1.28099644352222e-13    1.98335597744218e-08    3.57910106524281e-07
29.5000000000018    1.88625511006716e-17    -4.22682722092962e-17    3.92106447746164e-16    1.27358387601699e-13    1.98016779022931e-08    3.56873069314146e-07
29.6000000000018    1.4578277551165e-17    -4.35850999429942e-17    3.91481237428117e-16    1.26278942775499e-13    1.97858848027607e-08    3.55357485886394e-07
29.7000000000018    1.0195018160685e-17    -4.34476690268596e-17    3.88191167442299e-16    1.25752368121207e-13    1.97025675342656e-08    3.54615803541251e-07
29.8000000000019    5.86020332716249e-18    -4.38851805154576e-17    3.86106832451043e-16    1.24796566266793e-13    1.96496013305879e-08    3.5326557469812e-07
29.9000000000019    1.37923445938176e-18    -4.5102091375799e-17    3.81336112331822e-16    1.24278880035464e-13    1.95278291761225e-08    3.52532097879702e-07
