0    0.0724078862922595    1.8812415783856e-10    2.94985287501375e-10    1.88800366569549e-10    0.250000000001689    2.82537033615047e-13    0.322407886966141
0.1    0.0669605534979374    1.72008035434715e-10    1.52362439906722e-10    1.73065624505701e-10    0.212986667586158    2.83407177737705e-13    0.279947221581814
0.2    0.0613993588448076    1.13868417360842e-10    9.78176201230275e-11    1.14179634302319e-10    0.178289811382371    1.99035826042899e-13    0.239689170553244
0.3    0.0557617969503576    6.85301184430032e-11    6.9499398207111e-11    6.88697611468096e-11    0.146274098123656    1.40899261243594e-13    0.202035895281054
0.4    0.0500963661351568    4.41367242726375e-11    4.50036518824947e-11    4.44381123185711e-11    0.117284450651859    1.01417929277067e-13    0.167380816920696
0.5    0.0444636102853124    2.89054339589222e-11    2.84773542735637e-11    2.90957716759306e-11    0.091616580586985    7.29417392929208e-14    0.136080190958849
0.6    0.0389359882329898    1.84712905132222e-11    1.83615977405803e-11    1.85708922352583e-11    0.0694822124047417    5.06247552769675e-14    0.108418200693186
0.7    0.0335959011365586    1.16835515875763e-11    1.20790557375285e-11    1.17634850573594e-11    0.0509737090704887    3.43705052856325e-14    0.0845696102426077
0.8    0.0285313131088571    7.69061249392967e-12    7.75828747504211e-12    7.76116560334251e-12    0.0360358098698454    2.3552039957014e-14    0.0645671230019361
0.900000000000001    0.0238288315928983    5.11792376204728e-12    5.08240353460444e-12    5.16595797366106e-12    0.0244538389201149    1.57952263771203e-14    0.0482826705283953
1    0.0195648996643368    3.44879195167276e-12    3.42279288963225e-12    3.47401206360188e-12    0.0158660892676218    1.04416780076922e-14    0.0354309889423147
1.1    0.0157966897166107    2.36145048349734e-12    2.3830414420215e-12    2.3764022168851e-12    0.00980211386557284    6.76546890825495e-15    0.0255988035893112
1.2    0.0125549198399987    1.68493547585791e-12    1.67342185790697e-12    1.69997009033023e-12    0.00573989884223316    4.39114569406037e-15    0.0182948186872946
1.3    0.00984064865474477    1.23281268436866e-12    1.22163924781442e-12    1.23870122328621e-12    0.0031676021716541    2.77467658099616e-15    0.0130082508300948
1.4    0.00762700780976494    9.24512430788718e-13    9.18921411561751e-13    9.27393238541824e-13    0.00163413339927961    1.72888641151023e-15    0.0092611412118171
1.5    0.00586525365124592    7.08186325144281e-13    7.13566709961776e-13    7.10948013146709e-13    0.000778324519340616    1.04213743823314e-15    0.00664357817272028
1.6    0.00449325037133366    5.63882828771615e-13    5.60441091542372e-13    5.66269461262459e-13    0.000335332899655466    6.12409125365272e-16    0.00482858327268033
1.7    0.00344411141031744    4.56528707267905e-13    4.54022706198154e-13    4.57163501181827e-13    0.000126152108660371    3.36602151463412e-16    0.00357026352034587
1.8    0.00265322640609132    3.76820713032117e-13    3.74016762331585e-13    3.77273649680018e-13    3.88097962420878e-05    1.69937171600678e-16    0.00269203620346169
1.9    0.00206283865335563    3.14949852300657e-13    3.14314901675126e-13    3.1557438861888e-13    8.51129973411326e-06    7.26610727012918e-17    0.00207134995403465
2    0.00162420503748938    2.69620613884061e-13    2.65778579446652e-13    2.69869865311905e-13    9.2669514100757e-07    2.22348886986705e-17    0.00162513173343568
2.1    0.00129788870282999    2.32004839422763e-13    2.29047879412976e-13    2.31986613795378e-13    9.01049309370311e-09    2.03013119137115e-18    0.00129789771401612
2.2    0.00105289081108906    2.01578890626073e-13    1.99218338858329e-13    2.01790426501961e-13    1.02334147775057e-08    2.02073304216565e-18    0.00105290104510643
2.29999999999999    0.000865251858928573    1.76764490580842e-13    1.75366717497208e-13    1.76613690897632e-13    6.65829034624229e-07    1.52281787097094e-17    0.000865917688491957
2.39999999999999    0.000716590984516569    1.56586529561976e-13    1.54591358438315e-13    1.56851975048975e-13    4.44625983340986e-06    3.71477057003284e-17    0.000721037244818046
2.49999999999999    0.000592897985467093    1.39201814162423e-13    1.3800953993385e-13    1.39457705485319e-13    1.49608955431144e-05    6.41821912628216e-17    0.000607858881426941
2.59999999999999    0.000483776974876619    1.24591881598052e-13    1.24009231169299e-13    1.2472183524515e-13    3.58409826962563e-05    9.40162004085851e-17    0.000519617957946292
2.69999999999999    0.000382237253209102    1.12073099425592e-13    1.11737753019624e-13    1.12367081111517e-13    6.96652482830365e-05    1.24228500416643e-16    0.000451902501828441
2.79999999999998    0.000284974890567296    1.01442940246257e-13    1.00786236599846e-13    1.01940259846279e-13    0.000116755234913571    1.53337880338585e-16    0.00040173012578519
2.89999999999998    0.000192832727901963    9.18780225462927e-14    9.14936587020624e-14    9.23864868924001e-14    0.000174005286440444    1.78180425490322e-16    0.000366838014618343
2.99999999999998    0.000110805027780688    8.32616901422728e-14    8.31610791326046e-14    8.38597464047956e-14    0.000234289989358225    1.96830823377855e-16    0.000345095017389393
3.09999999999998    4.67980972816906e-05    7.57432779168764e-14    7.54619325431754e-14    7.62283587688951e-14    0.000287199725653454    2.07599562385643e-16    0.000333997823162785
3.19999999999998    8.75357687843603e-06    6.86546316416573e-14    6.84685080741187e-14    6.9117888689844e-14    0.000321549026245348    2.09114528324392e-16    0.000330302603330234
3.29999999999997    8.38026938040757e-07    6.19841973910001e-14    6.20319015393999e-14    6.24878794360722e-14    0.000329131087603596    2.01033319508668e-16    0.000329969114728342
3.39999999999997    2.05858976000247e-05    5.59319963913653e-14    5.60363633160284e-14    5.63805727757861e-14    0.000308043127976834    1.84829489530994e-16    0.000328629025745393
3.49999999999997    5.89224564419167e-05    5.04095659047193e-14    5.03908499667163e-14    5.08869675799659e-14    0.000263633646184182    1.62497754724724e-16    0.000322556102777949
3.59999999999997    0.000103344668342172    4.54226048646377e-14    4.53542587230832e-14    4.57700253882615e-14    0.000206346789200865    1.36262155073756e-16    0.00030969145767972
3.69999999999997    0.000142414715725196    4.08874381525843e-14    4.08912883148273e-14    4.1101111789525e-14    0.00014768009583455    1.09262858517048e-16    0.000290094811682735
3.79999999999996    0.000169044837623524    3.68119006427812e-14    3.68049195091549e-14    3.70673928249568e-14    9.65002460666221e-05    8.39397380226154e-17    0.000265545083800914
3.89999999999996    0.000181274520195278    3.33300598407292e-14    3.3194927472044e-14    3.35203058930137e-14    5.73197698526037e-05    6.15286999927136e-17    0.000238594290147989
3.99999999999996    0.000180995275144524    3.0291509303506e-14    3.00565562340779e-14    3.03871166501001e-14    3.06452673683847e-05    4.28372169692696e-17    0.000211640542603687
4.09999999999996    0.000171935028183105    2.75663456833146e-14    2.73514994475368e-14    2.76102980514844e-14    1.4460100237366e-05    2.80365556269803e-17    0.000186395128503028
4.19999999999995    0.000157978783764612    2.5114974192903e-14    2.49697168436831e-14    2.51989832646149e-14    5.7984825198006e-06    1.69727492063692e-17    0.000163777266359713
4.29999999999995    0.000142236376529797    2.30675010936209e-14    2.28411794098315e-14    2.3126019226179e-14    1.83292287357206e-06    9.15403847315777e-18    0.000144069299472413
4.39999999999995    0.000126764515724014    2.12599686292372e-14    2.10160428478118e-14    2.1251450483183e-14    3.86157216379709e-07    4.02879114813201e-18    0.000127150673003925
4.49999999999995    0.000112669471294511    1.95867555658963e-14    1.94129342065661e-14    1.95847238020368e-14    3.32519686560104e-08    1.13474257544323e-18    0.000112702723321752
4.59999999999995    0.000100348923901876    1.8140287660429e-14    1.7953036287881e-14    1.81397137965791e-14    3.99692067905573e-11    3.78807843964631e-20    0.000100348963925316
4.69999999999994    8.97316184068921e-05    1.68463611803579e-14    1.66440251352429e-14    1.6857167512185e-14    4.23247121295618e-09    3.75891646232038e-19    8.9735850928453e-05
4.79999999999994    8.04606009072915e-05    1.56329679870031e-14    1.55075427740631e-14    1.56702397877053e-14    1.1126233406117e-07    1.85664470637181e-18    8.05718632881653e-05
4.89999999999994    7.20188846723593e-05    1.45994382042201e-14    1.44918228680502e-14    1.45967557048549e-14    6.2263959038954e-07    4.23894171839032e-18    7.26415243064411e-05
4.99999999999994    6.38218641306681e-05    1.36483162679334e-14    1.35258623554693e-14    1.36762690545113e-14    1.98346593355641e-06    7.32981989860196e-18    6.58053301050823e-05
5.09999999999994    5.530925546862e-05    1.2792309342717e-14    1.26669802944105e-14    1.2823185976784e-14    4.68172969603698e-06    1.09039862237315e-17    5.99909852029503e-05
5.19999999999993    4.60652082898063e-05    1.19889640238702e-14    1.19173278045392e-14    1.20116553842992e-14    9.11222480657699e-06    1.47065355934695e-17    5.5177433132316e-05
5.29999999999993    3.59753624152177e-05    1.12394015964881e-14    1.11938454317107e-14    1.13029252250305e-14    1.5395912542531e-05    1.85495283594278e-17    5.13712749915033e-05
5.39999999999993    2.53891706681997e-05    1.05848800227557e-14    1.05283501062205e-14    1.06433571655712e-14    2.31861075752539e-05    2.20615166451239e-17    4.85752782752322e-05
5.49999999999993    1.52023017680144e-05    9.94447166082998e-15    9.91431763085898e-15    1.00202105756805e-14    3.15484174422891e-05    2.49765592203478e-17    4.67507192402075e-05
5.59999999999993    6.74332617001643e-06    9.35607073438888e-15    9.35430514368876e-15    9.4150713926911e-15    3.90361546306786e-05    2.69284774095959e-17    4.57794808288474e-05
5.69999999999992    1.39919292400618e-06    8.78562016772988e-15    8.81833297040171e-15    8.84562379690493e-15    4.40390955049963e-05    2.76821663790247e-17    4.54382884554797e-05
5.79999999999992    6.93973384396766e-08    8.27212031319345e-15    8.26550803157916e-15    8.3447369533695e-15    4.53340240574568e-05    2.72822220840405e-17    4.54034214208061e-05
5.89999999999992    2.71433486658391e-06    7.76363476363418e-15    7.76480242392466e-15    7.8391670726333e-15    4.25864392531117e-05    2.56122396222056e-17    4.53007741430888e-05
5.99999999999992    8.28639492881624e-06    7.30097081628123e-15    7.30212150384814e-15    7.34519535218183e-15    3.65082473967404e-05    2.2961309945723e-17    4.47946423475279e-05
6.09999999999991    1.51186236248159e-05    6.84846842905904e-15    6.84137185787602e-15    6.90220742324076e-15    2.85595608169884e-05    1.96920794734716e-17    4.3678184462416e-05
6.19999999999991    2.15470305386155e-05    6.4337173391843e-15    6.41146968212222e-15    6.48433748777427e-15    2.03710243064408e-05    1.61156210665652e-17    4.19180548644019e-05
6.29999999999991    2.64193558554906e-05    6.0496727255615e-15    6.03005804069142e-15    6.07660865818789e-15    1.32126836069055e-05    1.25633352403346e-17    3.96320394805651e-05
6.39999999999991    2.92793228022761e-05    5.68329248151712e-15    5.66479189054305e-15    5.71250205708591e-15    7.74081340496689e-06    9.33140848933696e-18    3.70201362243129e-05
6.49999999999991    3.02502730952149e-05    5.35996163591087e-15    5.32339239505069e-15    5.38202767079448e-15    4.03984564761404e-06    6.54878819443813e-18    3.42901187589009e-05
6.5999999999999    2.97798825116551e-05    5.06699248275825e-15    5.02297846574608e-15    5.06514790719669e-15    1.82809023624085e-06    4.27442733501284e-18    3.16079727630554e-05
6.6999999999999    2.8399591576025e-05    4.77320157310018e-15    4.73706835428668e-15    4.78441560440998e-15    6.80613710829476e-07    2.53545795649539e-18    2.90802053011517e-05
6.7999999999999    2.65720231730242e-05    4.51615156953252e-15    4.47787815834397e-15    4.52269893640105e-15    1.86900020154946e-07    1.2914574121725e-18    2.67589232066971e-05
6.8999999999999    2.46280770140135e-05    4.28438130260837e-15    4.2331044477103e-15    4.28814241638235e-15    2.88708590118246e-08    4.95269323956789e-19    2.46569478858314e-05
6.9999999999999    2.27629992332771e-05    4.05918065559229e-15    4.01841086864113e-15    4.06062683069147e-15    8.96888078777194e-10    8.48700392457469e-20    2.27638961334942e-05
7.09999999999989    2.10590645050372e-05    3.85297391946831e-15    3.81516060763706e-15    3.85533882784406e-15    1.29064894290128e-11    9.91767091081211e-21    2.10590774230502e-05
7.19999999999989    1.95136100468691e-05    3.6638950442747e-15    3.62385020197542e-15    3.66820014892795e-15    6.78739482369207e-09    2.22296178825034e-19    1.95203974526489e-05
7.29999999999989    1.80631468320333e-05    3.48603014050832e-15    3.45667208830059e-15    3.48435185931667e-15    6.67859835551839e-08    6.79290734372794e-19    1.81299328260162e-05
7.39999999999989    1.66029308163637e-05    3.32008733755849e-15    3.28651431933702e-15    3.32824082443283e-15    2.74169593271612e-07    1.3465409464583e-18    1.68771004195715e-05
7.49999999999988    1.50065570157807e-05    3.16451626009822e-15    3.14103214106643e-15    3.1695973331458e-15    7.53475611994492e-07    2.17542171940829e-18    1.57600326372525e-05
7.59999999999988    1.31523597610307e-05    3.02443790075712e-15    2.99619601201682e-15    3.03047637249916e-15    1.63293810622659e-06    3.13379969193861e-18    1.47852978763115e-05
7.69999999999988    1.09620312248557e-05    2.88104791409904e-15    2.86562872034108e-15    2.89470734265934e-15    3.0036899859054e-06    4.14838481627762e-18    1.39657212194067e-05
7.79999999999988    8.45005344311086e-06    2.75461736237157e-15    2.74359481249456e-15    2.76589487064963e-15    4.86589441459738e-06    5.16276473639262e-18    1.33159478659775e-05
7.89999999999988    5.76942105629361e-06    2.62925019372264e-15    2.62744986222145e-15    2.64452996119466e-15    7.07628596988417e-06    6.08128205991943e-18    1.28457070340851e-05
7.99999999999987    3.22440924196131e-06    2.51395606764163e-15    2.51082780486637e-15    2.53471977837467e-15    9.32716700914842e-06    6.83479527149998e-18    1.25515762586761e-05
8.09999999999987    1.21831392374511e-06    2.40617668540111e-15    2.40306426794926e-15    2.4252135311994e-15    1.11910624071844e-05    7.31949316820265e-18    1.24093763381713e-05
8.19999999999987    1.28886319946324e-07    2.29950863783368e-15    2.30176590607464e-15    2.31705750794398e-15    1.22418422050475e-05    7.4717473906561e-18    1.23707285319196e-05
8.29999999999987    1.54341547949923e-07    2.19724548331137e-15    2.19837061359507e-15    2.21802537019061e-15    1.22132459221684e-05    7.30588154054912e-18    1.23675874767393e-05
8.39999999999987    1.21287103949717e-06    2.10387894116448e-15    2.10141508273664e-15    2.11937631862541e-15    1.11131844875688e-05    6.81114981509618e-18    1.23260555333975e-05
8.49999999999986    2.96269454479549e-06    2.01007928512533e-15    2.00974727755508e-15    2.02265730881517e-15    9.22273316557507e-06    6.05961839830175e-18    1.21854277164191e-05
8.59999999999986    4.93600653876619e-06    1.92045434599441e-15    1.91760575576692e-15    1.93437728885819e-15    6.97782025809404e-06    5.15232250434734e-18    1.19138268026378e-05
8.69999999999986    6.70800681005451e-06    1.8362325201423e-15    1.83149769676238e-15    1.84848096674764e-15    4.80477791343944e-06    4.17996550736689e-18    1.15127847290143e-05
8.79999999999986    8.01270060171564e-06    1.75742907321701e-15    1.75207567174259e-15    1.76500914076068e-15    2.99707980797372e-06    3.22646981264114e-18    1.10097804149671e-05
8.89999999999985    8.76806904465855e-06    1.68209173576774e-15    1.67148281663373e-15    1.69188848964119e-15    1.67633319307233e-06    2.36743972479968e-18    1.04444022427787e-05
8.99999999999985    9.03152687090563e-06    1.61411265160656e-15    1.6035948589141e-15    1.61513685998259e-15    8.23886782803029e-07    1.61969555716144e-18    9.85541365854313e-06
9.09999999999985    8.93077648923764e-06    1.54547720155356e-15    1.53339952267196e-15    1.54951931109078e-15    3.42193479760005e-07    1.02387917857094e-18    9.27296997362706e-06
9.19999999999985    8.60521580956203e-06    1.48494086729699e-15    1.468428656623e-15    1.48692248454739e-15    1.11084571805172e-07    5.71600035363367e-19    8.71630038580806e-06
9.29999999999985    8.17135843243029e-06    1.42372782714432e-15    1.40993748471192e-15    1.42549489584542e-15    2.3627895102991e-08    2.58343445935376e-19    8.1949863317927e-06
9.39999999999984    7.70978564436464e-06    1.36844887911781e-15    1.35506268340684e-15    1.36763983333393e-15    1.94573391787663e-09    7.2655742928839e-20    7.71173138237374e-06
9.49999999999984    7.26522597220058e-06    1.31318161145924e-15    1.30074020880437e-15    1.31583808232217e-15    9.84707231988319e-13    1.60324706804754e-21    7.26522696083757e-06
9.59999999999984    6.85207556049781e-06    1.26632697924672e-15    1.25092470031973e-15    1.26558603069596e-15    4.24590791105752e-10    3.26485163083039e-20    6.85250015507179e-06
9.69999999999984    6.4607587080677e-06    1.21764441779496e-15    1.20449982430466e-15    1.21756482512407e-15    9.87090709579576e-09    1.54565673579096e-19    6.47062961880336e-06
9.79999999999984    6.06335427544893e-06    1.17005912241455e-15    1.16160100233714e-15    1.17124450298836e-15    5.45673562582639e-08    3.56317110672985e-19    6.11792163521045e-06
9.89999999999983    5.61913996806478e-06    1.12745582216435e-15    1.11819847788256e-15    1.13027839106989e-15    1.75511093188601e-07    6.27811183023369e-19    5.79465106462994e-06
9.99999999999983    5.08208525535141e-06    1.08838149574133e-15    1.07737256293519e-15    1.09114139584205e-15    4.21302031646474e-07    9.55494034832383e-19    5.50338729025573e-06
10.0999999999998    4.41268246136986e-06    1.04675959340491e-15    1.04089470101202e-15    1.05165953738104e-15    8.36132565949417e-07    1.32047585455289e-18    5.24881503045991e-06
10.1999999999998    3.59519115527929e-06    1.00923647242954e-15    1.00673497330064e-15    1.01347983997912e-15    1.44169633882343e-06    1.70131251991141e-18    5.03688749713387e-06
10.2999999999998    2.65759361836136e-06    9.7596669962343e-16    9.71377633819835e-16    9.79718133618956e-16    2.21558961327289e-06    2.07425326057468e-18    4.87318323456338e-06
10.3999999999998    1.68573097333558e-06    9.41007424209924e-16    9.38118778729567e-16    9.46553727809226e-16    3.07481001524356e-06    2.40085665695578e-18    4.76054099140722e-06
10.4999999999998    8.18663687571174e-07    9.06531412145249e-16    9.06336435908331e-16    9.14227680673331e-16    3.87777424710074e-06    2.64756204287273e-18    4.69643793740166e-06
10.5999999999998    2.15631958704135e-07    8.7575274599216e-16    8.75264560820467e-16    8.83112187059728e-16    4.45543002043067e-06    2.78528146023391e-18    4.67106198177171e-06
10.6999999999998    2.43358917422639e-12    8.4423062340735e-16    8.45604986385597e-16    8.52264504556432e-16    4.66731512481802e-06    2.7996731553048e-18    4.66731756095209e-06
10.7999999999998    2.05381382664105e-07    8.16113774412495e-16    8.17049609140118e-16    8.21901919353735e-16    4.45824752574573e-06    2.68710365216114e-18    4.66362891086759e-06
10.8999999999998    7.55995265905867e-07    7.87879987873204e-16    7.87475974629105e-16    7.94205424657194e-16    3.88311798060858e-06    2.46643239190665e-18    4.63911324888647e-06
10.9999999999998    1.49564886004639e-06    7.60615007400573e-16    7.59911802642733e-16    7.66230621079563e-16    3.0834415200478e-06    2.15770477795942e-18    4.5790903823831e-06
11.0999999999998    2.24848420485581e-06    7.35025144724864e-16    7.33911384012028e-16    7.38651653993757e-16    2.2298544208754e-06    1.8002184623452e-18    4.4783386279406e-06
11.1999999999998    2.8768697325603e-06    7.09741542164905e-16    7.0638492641316e-16    7.14711904009525e-16    1.46388127076975e-06    1.43695056068882e-18    4.34075100546232e-06
11.2999999999998    3.31027719474937e-06    6.8683122884778e-16    6.82469305264793e-16    6.89356531782491e-16    8.65866413851708e-07    1.08527153903363e-18    4.17614361066082e-06
11.3999999999998    3.54183475515031e-06    6.6277653430671e-16    6.60012213438293e-16    6.64810450962119e-16    4.5438400679676e-07    7.72317426119613e-19    3.99621876393544e-06
11.4999999999998    3.6060823390596e-06    6.4212195944308e-16    6.3659230891191e-16    6.43504712794174e-16    2.05344889430957e-07    5.1105312078107e-19    3.81142723041328e-06
11.5999999999998    3.55401044709422e-06    6.20817615417001e-16    6.14893754754134e-16    6.22614440258372e-16    7.53956973702912e-08    3.04709123501079e-19    3.62940614632315e-06
11.6999999999998    3.43488654037097e-06    6.0100758618789e-16    5.95686530725575e-16    6.01295503935644e-16    1.98768991763521e-08    1.53909145100054e-19    3.45476344134547e-06
11.7999999999998    3.28689649040865e-06    5.82471108187767e-16    5.76759139644526e-16    5.81665987681248e-16    2.7342127416185e-09    5.61694220154525e-20    3.28963070489122e-06
11.8999999999998    3.13442625319975e-06    5.6346869940498e-16    5.56978279593278e-16    5.64734674383805e-16    4.98826884209422e-11    7.49078634728773e-21    3.13447613757336e-06
11.9999999999998    2.98887119037113e-06    5.45844845026398e-16    5.40182537959255e-16    5.46509546884851e-16    1.15640482837506e-11    3.54588456677223e-21    2.98888275605196e-06
12.0999999999998    2.85063002641121e-06    5.29885756405954e-16    5.2426182374197e-16    5.29026147569679e-16    1.5505819251796e-09    4.03918736463063e-20    2.85218060991961e-06
12.1999999999998    2.71113611390605e-06    5.12875402223062e-16    5.08330671229011e-16    5.13081342677121e-16    1.27874050062181e-08    1.14299039930982e-19    2.72392352044667e-06
12.2999999999998    2.5548236766948e-06    4.97083775422403e-16    4.9233753641394e-16    4.98624348133039e-16    4.94078434000213e-08    2.21886057557335e-19    2.60423152158309e-06
12.3999999999998    2.36168574784878e-06    4.81963942274482e-16    4.78444198575699e-16    4.83385629988473e-16    1.32319815303189e-07    3.57056901883724e-19    2.49400556459612e-06
12.4999999999998    2.11149133661268e-06    4.68303842449983e-16    4.64602071402667e-16    4.6932460803592e-16    2.83493146205137e-07    5.15223684029202e-19    2.39498448422057e-06
12.5999999999998    1.79055700226341e-06    4.53379259871938e-16    4.51510366690691e-16    4.55648885339037e-16    5.19020875650908e-07    6.86392970119122e-19    2.30957787927554e-06
12.6999999999998    1.40079769699719e-06    4.41016747927488e-16    4.38746396589311e-16    4.42651857946998e-16    8.39601583227716e-07    8.59229836321421e-19    2.24039928154818e-06
12.7999999999998    9.68418276587934e-07    4.27481775848008e-16    4.26422779041954e-16    4.30098552869498e-16    1.22105464782079e-06    1.02102686179751e-18    2.18947292569374e-06
12.8999999999998    5.46906641306909e-07    4.15018585591811e-16    4.14674463716845e-16    4.17733142396763e-16    1.61030973254138e-06    1.15366874993728e-18    2.15721637509686e-06
12.9999999999998    2.08430152835329e-07    4.03231907551172e-16    4.02335038246322e-16    4.06598415287134e-16    1.93306407658679e-06    1.24717518610426e-18    2.14149423063553e-06
13.0999999999998    2.2160696476965e-08    3.90789930473096e-16    3.91692399077559e-16    3.9430370375146e-16    2.11504600825793e-06    1.28311157847969e-18    2.13720670591296e-06
13.1999999999998    2.69950243422027e-08    3.79798758496101e-16    3.80956205138663e-16    3.82616025063963e-16    2.10985910661119e-06    1.2609548704877e-18    2.13685413209803e-06
13.2999999999998    2.13240574918525e-07    3.69247574360743e-16    3.68905371464149e-16    3.72745745812692e-16    1.91891692766892e-06    1.18703749959177e-18    2.13215750369953e-06
13.3999999999998    5.25111272486888e-07    3.58663886115465e-16    3.58383645778964e-16    3.61851069215641e-16    1.59109612788997e-06    1.06440774508519e-18    2.11620740145682e-06
13.4999999999998    8.83155026327899e-07    3.49424585601944e-16    3.48435700539219e-16    3.50963659905217e-16    1.20203192372613e-06    9.12031841550972e-19    2.08518695110377e-06
13.5999999999998    1.21328605488212e-06    3.39394055980718e-16    3.38165595787802e-16    3.41052623062803e-16    8.25610672284415e-07    7.45093517429349e-19    2.03889672818589e-06
13.6999999999998    1.46729200321511e-06    3.29606748678821e-16    3.28234317247995e-16    3.31483560735813e-16    5.12721791498048e-07    5.79493185007326e-19    1.98001379570307e-06
13.7999999999998    1.62813227882658e-06    3.20734903029343e-16    3.19224533052554e-16    3.21725811307798e-16    2.84537251222339e-07    4.24930717350348e-19    1.91266953101103e-06
13.8999999999997    1.70318279056527e-06    3.12182793104654e-16    3.09523673067886e-16    3.13387930938952e-16    1.3789770766935e-07    2.92414229087189e-19    1.84108049917001e-06
13.9999999999997    1.71284834487238e-06    3.03811058210443e-16    3.01529360360684e-16    3.04058128734786e-16    5.5826461131284e-08    1.8338230279157e-19    1.76867480691325e-06
14.0999999999997    1.68052538301549e-06    2.95614879819202e-16    2.92883476233997e-16    2.96096112464554e-16    1.72484661156159e-08    1.00721477971431e-19    1.69777385001581e-06
14.1999999999997    1.62637413636823e-06    2.87907559706223e-16    2.8481315024195e-16    2.88217778211614e-16    3.29074993244802e-09    4.34531877332518e-20    1.62966488716166e-06
14.2999999999997    1.56466637474099e-06    2.80227811243544e-16    2.77497654237197e-16    2.8022532615847e-16    1.93890729754841e-10    1.04097926865703e-20    1.5648602663087e-06
14.3999999999997    1.50339747851086e-06    2.73077094868411e-16    2.70019291615332e-16    2.73005696778275e-16    1.38471279039252e-17    2.74612127762702e-24    1.5033974793408e-06
14.4999999999997    1.44489890629854e-06    2.65512302527904e-16    2.62594544743292e-16    2.66302857504674e-16    2.09294812679735e-10    1.05633653947272e-20    1.44510820190564e-06
14.5999999999997    1.38667864012754e-06    2.5903086964857e-16    2.56733688872044e-16    2.58569685118995e-16    3.15709953290369e-09    4.03963788141036e-20    1.38983574043482e-06
14.6999999999997    1.32224826509388e-06    2.52195641275056e-16    2.49661172685541e-16    2.52583475576307e-16    1.53547104822476e-08    8.82127270064041e-20    1.33760297633066e-06
14.7999999999997    1.24212738995349e-06    2.45714786885307e-16    2.43549321639339e-16    2.46112588961483e-16    4.66063085319788e-08    1.51479588208362e-19    1.288733699221e-06
14.8999999999997    1.13551126739523e-06    2.39118379492679e-16    2.37505169551583e-16    2.40034838732021e-16    1.08406411098144e-07    2.28281269949699e-19    1.24391767921026e-06
14.9999999999997    9.93158882542593e-07    2.33222880487099e-16    2.31993230339684e-16    2.3384795510208e-16    2.11033547175098e-07    3.13961791422609e-19    1.20419243041707e-06
15.0999999999997    8.11707439644752e-07    2.27295760857608e-16    2.25976036141913e-16    2.28561439339888e-16    3.59095707412567e-07    4.05090881113779e-19    1.17080314773956e-06
15.1999999999997    5.98640175774198e-07    2.21637540472022e-16    2.20769016811846e-16    2.22802123389963e-16    5.46271147561986e-07    4.92344441437195e-19    1.14491132400188e-06
15.2999999999997    3.75672548465181e-07    2.15676112755764e-16    2.15646116157234e-16    2.17260476664249e-16    7.5149398816751e-07    5.69878568940941e-19    1.12716653728184e-06
15.3999999999997    1.77315956306507e-07    2.10409395251297e-16    2.10703768240711e-16    2.11796639400102e-16    9.39921236031796e-07    6.28442050987056e-19    1.11723719297184e-06
15.4999999999997    4.24227353143215e-08    2.05423285938291e-16    2.05094960487619e-16    2.07225138149305e-16    1.07106455477667e-06    6.6393652781009e-19    1.1134872907094e-06
15.5999999999997    4.01875246292837e-10    2.00343573471947e-16    2.00373432671756e-16    2.01950890017272e-16    1.11261908402365e-06    6.66622910849514e-19    1.11302095987328e-06
15.6999999999997    5.85187997547898e-08    1.95287646729777e-16    1.95378412377266e-16    1.97137828004513e-16    1.05369707062546e-06    6.41172670387028e-19    1.11221587096869e-06
15.7999999999997    1.97889306554247e-07    1.90948932981279e-16    1.90751170181239e-16    1.92143333333226e-16    9.09733818081867e-07    5.87586701395887e-19    1.10762312521055e-06
15.8999999999997    3.81037131009112e-07    1.86032507254515e-16    1.86126701727515e-16    1.87361471074605e-16    7.15827137125513e-07    5.14191280271471e-19    1.09686426869466e-06
15.9999999999997    5.66503727484353e-07    1.8185921150205e-16    1.81292220480145e-16    1.83021330299427e-16    5.12614566228912e-07    4.30184652620268e-19    1.07911829425987e-06
16.0999999999997    7.22255219388588e-07    1.7751567557396e-16    1.76978081982378e-16    1.78416906305847e-16    3.32771779557428e-07    3.42214030407806e-19    1.05502699947927e-06
16.1999999999997    8.32074798400188e-07    1.73477456765825e-16    1.72399129767921e-16    1.74352581299845e-16    1.94095649001993e-07    2.58721955343895e-19    1.02617044792267e-06
16.2999999999997    8.94508552168915e-07    1.69561970585117e-16    1.68433689224662e-16    1.69953396183401e-16    9.99213510838284e-08    1.83228393427714e-19    9.94429903760876e-07
16.3999999999998    9.17629351532331e-07    1.65583621985778e-16    1.64371733025767e-16    1.6593566591612e-16    4.38683441525592e-08    1.20260230887982e-19    9.61497696180901e-07
16.4999999999998    9.13283639670467e-07    1.61968116175304e-16    1.60434722721729e-16    1.62077708962996e-16    1.53463219316998e-08    7.03050697001704e-20    9.28629962086717e-07
16.5999999999998    8.92919146368372e-07    1.5821520908096e-16    1.56459072537356e-16    1.58524296012202e-16    3.6872220826369e-09    3.41473192329195e-20    8.96606368924242e-07
16.6999999999998    8.65407817943326e-07    1.54811927001518e-16    1.5304331886407e-16    1.54670737177248e-16    4.03201315643478e-10    1.11601293583978e-20    8.65811019721506e-07
16.7999999999998    8.36356620763702e-07    1.50771017240212e-16    1.49566831298826e-16    1.51125469056131e-16    2.1085511283147e-12    7.98344383471747e-22    8.36358729766295e-07
16.8999999999998    8.08204609641152e-07    1.47810958346385e-16    1.46261370459524e-16    1.476493598865e-16    1.71106884640726e-11    2.24929164461416e-21    8.0822172077134e-07
16.9999999999999    7.80587294388319e-07    1.44154756584783e-16    1.42795953600452e-16    1.44560871558968e-16    7.51444303430364e-10    1.47723342963296e-20    7.81338739123276e-07
17.0999999999999    7.50731001059232e-07    1.41531477979201e-16    1.39808521408492e-16    1.41208420786493e-16    4.97265412715859e-09    3.75557269784706e-20    7.55703655608976e-07
17.1999999999999    7.13897179398244e-07    1.37870707417484e-16    1.36670814849564e-16    1.38214525310839e-16    1.75373663745991e-08    6.98623070728999e-20    7.31434546185669e-07
17.2999999999999    6.64094938635495e-07    1.34726072112465e-16    1.33848185136087e-16    1.35100972438845e-16    4.47254058581679e-08    1.10219695877524e-19    7.08820344897448e-07
17.3999999999999    5.95385276257925e-07    1.31659469911582e-16    1.30805311812803e-16    1.32392825845166e-16    9.29486903509368e-08    1.57471904525379e-19    6.88333967003877e-07
17.4999999999999    5.04020118516438e-07    1.28915158580615e-16    1.2835029522905e-16    1.29263322713535e-16    1.66572743036077e-07    2.08008063510105e-19    6.70592861939253e-07
17.6    3.9125662775029e-07    1.26101449615179e-16    1.25480993900263e-16    1.26708231272134e-16    2.64990405303188e-07    2.59778303292574e-19    6.56247033432029e-07
17.7    2.65925244074116e-07    1.23369794534857e-16    1.22886237789299e-16    1.24010850090005e-16    3.79863761475313e-07    3.07228621660981e-19    6.45789005920003e-07
17.8    1.45036134554877e-07    1.20295508456364e-16    1.20427608339974e-16    1.21294971780638e-16    4.94279043080808e-07    3.46366665592647e-19    6.39315177998049e-07
17.9    5.06998672302526e-08    1.17745039452195e-16    1.17903193637993e-16    1.1874720586524e-16    5.85616531864998e-07    3.72446673541226e-19    6.36316399450019e-07
18    3.21455993100212e-09    1.15472680391025e-16    1.1525480677359e-16    1.16410959226157e-16    6.32395518472675e-07    3.82901581180244e-19    6.35610078751199e-07
18.1    1.29470521807018e-08    1.12784287698442e-16    1.12950758061547e-16    1.13806146955877e-16    6.22558045222235e-07    3.75258318827152e-19    6.35505097742853e-07
18.2    7.54789793255347e-08    1.1049672433104e-16    1.10641595783925e-16    1.1129059584697e-16    5.58712936898717e-07    3.51023200959955e-19    6.34191916557032e-07
18.3000000000001    1.73175526249332e-07    1.08206009494534e-16    1.08040335686335e-16    1.09154456707251e-16    4.57040085992446e-07    3.14266991324114e-19    6.30215612567493e-07
18.4000000000001    2.8232877317991e-07    1.06057376194018e-16    1.05915577034711e-16    1.0663491667021e-16    3.40492176617237e-07    2.67807134215958e-19    6.22820950116022e-07
18.5000000000001    3.81643767107296e-07    1.0399818141637e-16    1.03617594820288e-16    1.04400025271758e-16    2.30382558120483e-07    2.18015769107661e-19    6.12026325540013e-07
18.6000000000001    4.57804347364857e-07    1.01859348807352e-16    1.01248551679303e-16    1.02353498981888e-16    1.40635602666273e-07    1.68731959721758e-19    5.98439950336761e-07
18.7000000000001    5.06559284717467e-07    9.97632026778136e-17    9.9110799001991e-17    1.00196412591891e-16    7.63939939004555e-08    1.23172615985878e-19    5.82953278917117e-07
18.8000000000001    5.30508366301487e-07    9.77487665040026e-17    9.71156104614314e-17    9.80232040592552e-17    3.59515708647306e-08    8.35708807563424e-20    5.66459937459189e-07
18.9000000000002    5.35766335441598e-07    9.5767138254344e-17    9.49350403043773e-17    9.61603538756934e-17    1.39153745484678e-08    5.16556225768245e-20    5.4968171027698e-07
19.0000000000002    5.29132051101727e-07    9.41872070288686e-17    9.32604804746179e-17    9.39122746255244e-17    3.97561039890842e-09    2.72826747213322e-20    5.33107661782022e-07
19.1000000000002    5.16369748931383e-07    9.1999976230596e-17    9.11503244616615e-17    9.22232942510688e-17    6.41626993725684e-10    1.08896032024924e-20    5.17011376200493e-07
19.2000000000002    5.01484318855169e-07    9.04022002766044e-17    8.94109451522438e-17    9.02746290079235e-17    2.13691906722011e-11    1.96706337680689e-21    5.01505688315931e-07
19.3000000000002    4.86606203010174e-07    8.85489534790082e-17    8.75698795507868e-17    8.85406893035895e-17    2.46289112590493e-13    2.09564182201796e-22    4.86606449563946e-07
19.4000000000002    4.72136036098105e-07    8.66255145355621e-17    8.56684893847359e-17    8.69721260856276e-17    1.55355304114867e-10    5.22782506864529e-21    4.72291391661492e-07
19.5000000000002    4.56947838969557e-07    8.50124696293163e-17    8.42836994301413e-17    8.49836085758051e-17    1.6021434116423e-09    1.65957628025768e-20    4.58549982635495e-07
19.6000000000003    4.38608058223968e-07    8.33561099686e-17    8.26049959726457e-17    8.33919056154168e-17    6.81612004043231e-09    3.39651383280037e-20    4.45424178513787e-07
19.7000000000003    4.13700893316866e-07    8.1636145911165e-17    8.08737279428861e-17    8.19450244707693e-17    1.93384042991566e-08    5.67887037586333e-20    4.33039297860535e-07
19.8000000000003    3.78441651744849e-07    8.01767905505426e-17    7.95996812966364e-17    8.01268616072421e-17    4.31788417895321e-08    8.37805116054142e-20    4.21620493774368e-07
19.9000000000003    3.29767362439298e-07    7.81714988388342e-17    7.78625236296038e-17    7.88580605883642e-17    8.17181247864842e-08    1.14610622839269e-19    4.11485487460789e-07
20.0000000000003    2.66937165613952e-07    7.70777273875813e-17    7.66233983119059e-17    7.71637380926847e-17    1.36064355682381e-07    1.45879070932228e-19    4.03001521527344e-07
20.1000000000003    1.93287875762392e-07    7.53276844592057e-17    7.51029587761023e-17    7.58215946656123e-17    2.03210575774567e-07    1.76663800025686e-19    3.96498451763388e-07
20.2000000000004    1.17262270885708e-07    7.37500714392527e-17    7.3765969879563e-17    7.4353456958212e-17    2.74882520300941e-07    2.03011353203402e-19    3.92144791408721e-07
20.3000000000004    5.15496107243223e-08    7.24902545763849e-17    7.24155248779783e-17    7.29506157649287e-17    3.38269224443089e-07    2.22836069586378e-19    3.89818835385491e-07
20.4000000000004    9.71948586988175e-09    7.09606760415032e-17    7.10152745798069e-17    7.16418039758868e-17    3.79312377799551e-07    2.33397714019737e-19    3.89031863883284e-07
20.5000000000004    1.24020471930419e-09    6.96324154405561e-17    6.97378835344952e-17    7.02494926998776e-17    3.87723025574331e-07    2.32845876219094e-19    3.88963230503488e-07
20.6000000000004    2.73412681395923e-08    6.84312838847006e-17    6.83460310558941e-17    6.90077032573365e-17    3.6128741648706e-07    2.22904551322165e-19    3.8862868483266e-07
20.7000000000004    8.02526409928887e-08    6.72266811339523e-17    6.72632720811729e-17    6.74982214213444e-17    3.06879313291281e-07    2.02508261598415e-19    3.87131954486361e-07
20.8000000000005    1.46395462145236e-07    6.57833749636996e-17    6.56655836869079e-17    6.65501871860843e-17    2.37496730135168e-07    1.77187132663019e-19    3.83892192478581e-07
20.9000000000005    2.11593223229143e-07    6.48530451039042e-17    6.46040953356904e-17    6.51110374494965e-17    1.67154264099887e-07    1.46830325923911e-19    3.78747487523746e-07
21.0000000000005    2.6543706788683e-07    6.36623989118667e-17    6.34658869475814e-17    6.38057446240764e-17    1.06469904488398e-07    1.16016814160925e-19    3.71906972566277e-07
21.1000000000005    3.03075576199404e-07    6.23696422021156e-17    6.21266586155963e-17    6.27624144760699e-17    6.07280315124514e-08    8.6933338089925e-20    3.63803607899201e-07
21.2000000000005    3.24554696604621e-07    6.14795503461716e-17    6.09074639635024e-17    6.16581135664719e-17    3.03758973567526e-08    6.10452058458301e-20    3.5493059414548e-07
21.3000000000005    3.32923591164401e-07    6.03907395588551e-17    5.98850892080484e-17    6.04172674839192e-17    1.27982800065019e-08    3.92724692573831e-20    3.45721871351635e-07
21.4000000000005    3.32306136533777e-07    5.91658711056297e-17    5.87006465531136e-17    5.94013814820796e-17    4.18902158409052e-09    2.23428271941668e-20    3.36495158295157e-07
21.5000000000006    3.26559848988863e-07    5.83571565823522e-17    5.76666343542949e-17    5.82928353983363e-17    8.85827321119865e-10    1.01974488615492e-20    3.2744567648431e-07
21.6000000000006    3.18599752973174e-07    5.7220713823905e-17    5.66520834099485e-17    5.72232173475845e-17    6.90065917862428e-11    2.82665324634042e-21    3.18668759736059e-07
21.7000000000006    3.10193111359642e-07    5.61169577598907e-17    5.56107295550952e-17    5.62369056611544e-17    1.19470172338062e-14    3.69202925014551e-23    3.10193123474624e-07
21.8000000000006    3.01990970758794e-07    5.52137876907498e-17    5.45620573285362e-17    5.53103456006921e-17    2.3352890901179e-11    1.62548751796276e-21    3.02014323814783e-07
21.9000000000006    2.93634658548094e-07    5.44286124696676e-17    5.38493993449563e-17    5.40982390127005e-17    4.89686021616364e-10    7.3576753003124e-21    2.94124344732094e-07
22.0000000000006    2.83874462732699e-07    5.30976096263801e-17    5.26751679273778e-17    5.34028127890001e-17    2.66214601815831e-09    1.70897828528881e-20    2.8653660891005e-07
22.1000000000007    2.7072843412043e-07    5.22395138395072e-17    5.1794270768993e-17    5.24578528941696e-17    8.57778260001228e-09    3.04071005055032e-20    2.79306216876964e-07
22.2000000000007    2.51779928445358e-07    5.14643439348791e-17    5.10362072129253e-17    5.14361381427529e-17    2.07636943184267e-08    4.68476981008236e-20    2.72543622917768e-07
22.3000000000007    2.24744217584385e-07    5.04584880933562e-17    5.01103537089099e-17    5.06268945360308e-17    4.16729890206207e-08    6.59121235696363e-20    2.66417206756267e-07
22.4000000000007    1.88382960798083e-07    4.9461701453004e-17    4.92547813079858e-17    4.97876837264723e-17    7.27548375343691e-08    8.63624182121211e-20    2.61137798481042e-07
22.5000000000007    1.43655136575741e-07    4.8628615894245e-17    4.84667140147026e-17    4.89167903665414e-17    1.13263451257329e-07    1.06593814273079e-19    2.56918587979189e-07
22.6000000000007    9.46677696957961e-08    4.78280629935497e-17    4.77464937546129e-17    4.80098551366232e-17    1.59242130610199e-07    1.25015800319504e-19    2.53909900449705e-07
22.7000000000007    4.87002519807279e-08    4.69086085317094e-17    4.68853701910012e-17    4.72738338611905e-17    2.0342107196669e-07    1.40104927335859e-19    2.52121324088626e-07
22.8000000000008    1.46759170733438e-08    4.6048564520399e-17    4.61007879040036e-17    4.64853712963085e-17    2.3668390561397e-07    1.49188574896199e-19    2.51359822826097e-07
22.9000000000008    2.11310446026346e-10    4.52900008617383e-17    4.52632305307763e-17    4.57695593689498e-17    2.510095322531e-07    1.52330354351552e-19    2.51220842835602e-07
23.0000000000008    8.4910629658768e-09    4.46138519858052e-17    4.46718473923406e-17    4.48265883126543e-17    2.42665559911968e-07    1.47608593825696e-19    2.51156623012105e-07
23.1000000000008    3.67554742878248e-08    4.38296552668025e-17    4.38449880905621e-17    4.4141979220863e-17    2.13853907299457e-07    1.37188423378364e-19    2.50609381719235e-07
23.2000000000008    7.74007926583902e-08    4.3054490921582e-17    4.29582775527362e-17    4.35384462452074e-17    1.71755863027057e-07    1.22120248135719e-19    2.4915665581512e-07
23.3000000000008    1.21037241807617e-07    4.24373542343396e-17    4.23484613415681e-17    4.26810002391517e-17    1.25566961998115e-07    1.03173818176699e-19    2.46604203933302e-07
23.4000000000009    1.59721874215971e-07    4.18230363290241e-17    4.1659800928355e-17    4.19301735867834e-17    8.32700247749899e-08    8.33205113379985e-20    2.42991899116457e-07
23.5000000000009    1.88837740560573e-07    4.11194988938118e-17    4.09744483254351e-17    4.12079602458865e-17    4.96889788410946e-08    6.37450659757242e-20    2.38526719525033e-07
23.6000000000009    2.07238322544924e-07    4.0328988818585e-17    4.00816299706602e-17    4.07257212627545e-17    2.62491513701946e-08    4.62029041114114e-20    2.33487474036301e-07
23.7000000000009    2.16247568317895e-07    3.99222434689584e-17    3.95513364897281e-17    3.99094318946432e-17    1.18958751637158e-08    3.08185513194858e-20    2.28143443601025e-07
23.8000000000009    2.18358844347184e-07    3.93017204108309e-17    3.89646040139161e-17    3.91839881366796e-17    4.34819826799833e-09    1.84970538992441e-20    2.22707042732652e-07
23.9000000000009    2.16196483613557e-07    3.8551130880309e-17    3.8154827501631e-17    3.87156466319312e-17    1.12296278749936e-09    9.37780732450077e-21    2.17319446516487e-07
24.000000000001    2.11913652323014e-07    3.79518537474414e-17    3.75432500115819e-17    3.8077759359278e-17    1.44302885167909e-10    3.34350607888924e-21    2.12057955321759e-07
24.100000000001    2.0695160317077e-07    3.73869155053995e-17    3.70333973712458e-17    3.73673571890891e-17    1.80641866393018e-12    3.71652098837783e-22    2.06953409701222e-07
24.200000000001    2.02008249152245e-07    3.68649847731364e-17    3.64696126205795e-17    3.67411646331458e-17    1.62423921454664e-12    3.50698703756496e-22    2.02009873501536e-07
24.300000000001    1.97089525672747e-07    3.61540076329202e-17    3.58324177591413e-17    3.62182613339683e-17    1.33420424350648e-10    3.16552029408144e-21    1.97222946205305e-07
24.400000000001    1.91578170840656e-07    3.55903325491177e-17    3.52122850321163e-17    3.5705320124194e-17    1.01752528208559e-09    8.69407139944933e-21    1.92595696229258e-07
24.500000000001    1.84317226767708e-07    3.50508666238829e-17    3.47043143553693e-17    3.51049265471922e-17    3.83486288866688e-09    1.67775880896876e-20    1.88152089761251e-07
24.600000000001    1.73758516168393e-07    3.44893210081344e-17    3.42054545896079e-17    3.452136786831e-17    1.01887271224457e-08    2.71792253080355e-20    1.83947243394082e-07
24.7000000000011    1.58260537990194e-07    3.38724488903358e-17    3.36985520081364e-17    3.39704260257006e-17    2.18117888055171e-08    3.94590834657467e-20    1.80072326897292e-07
24.8000000000011    1.36612373174357e-07    3.3355792353915e-17    3.3154220674715e-17    3.3480237082664e-17    4.00378402806907e-08    5.31172506231672e-20    1.76650213555091e-07
24.9000000000011    1.08771941896211e-07    3.27756726441084e-17    3.26426663779777e-17    3.29783073635608e-17    6.50453497754055e-08    6.70557385140323e-20    1.7381729177008e-07
25.0000000000011    7.66163962807094e-08    3.22177438507387e-17    3.21560361542005e-17    3.24693072940621e-17    9.50726281897089e-08    8.03309188021223e-20    1.71689024567342e-07
25.1000000000011    4.4273032887733e-08    3.17268058318595e-17    3.17041270286727e-17    3.19424230920105e-17    1.26040298790459e-07    9.15056565819679e-20    1.70313331773656e-07
25.2000000000011    1.75310240714089e-08    3.12361285919999e-17    3.11850981417657e-17    3.14965373571412e-17    1.5209475425721e-07    9.9651065078236e-20    1.69625778422636e-07
25.3000000000012    2.167969355214e-09    3.07630341116265e-17    3.08286755678965e-17    3.08999363439058e-17    1.67260692463089e-07    1.02953425954615e-19    1.69428661910897e-07
25.4000000000012    1.74313490393409e-09    3.02423266575697e-17    3.02610922332238e-17    3.0527512717278e-17    1.67670747817727e-07    1.02164931502308e-19    1.69413882812794e-07
25.5000000000012    1.60134781593642e-08    2.97747897930664e-17    2.97545283795094e-17    3.01042428949549e-17    1.532183126654e-07    9.65580072305812e-20    1.69231790914494e-07
25.6000000000012    4.09653754789544e-08    2.93137378840986e-17    2.93454004359795e-17    2.95940444148981e-17    1.27616672866875e-07    8.70489406800588e-20    1.6858204843417e-07
25.7000000000012    7.04729113027459e-08    2.90222120187744e-17    2.89738381756543e-17    2.90593574088424e-17    9.6813875827294e-08    7.48807601383927e-20    1.6728678721717e-07
25.8000000000012    9.85817706233399e-08    2.85493263040442e-17    2.84377208522699e-17    2.8705728435794e-17    6.67337780952163e-08    6.18417031250861e-20    1.65315548804311e-07
25.9000000000012    1.21214213784538e-07    2.80803378562256e-17    2.79639155683574e-17    2.83053706522271e-17    4.15452227719969e-08    4.84349837379346e-20    1.62759436640933e-07
26.0000000000013    1.36710303872774e-07    2.77615873933582e-17    2.75795418692692e-17    2.78320819198357e-17    2.30663503471168e-08    3.57974038206088e-20    1.597766543031e-07
26.1000000000013    1.45394109889859e-07    2.73613859675555e-17    2.71500590743239e-17    2.7422460986206e-17    1.1143468253706e-08    2.47531449690062e-20    1.56537578225524e-07
26.2000000000013    1.48721057921094e-07    2.69667361579535e-17    2.67178276249648e-17    2.7033891663017e-17    4.46621973273744e-09    1.56077023229823e-20    1.53187277734566e-07
26.3000000000013    1.48482774832867e-07    2.65745300288519e-17    2.63533839937326e-17    2.65948016189941e-17    1.34652687129552e-09    8.53230935373015e-21    1.49829301783693e-07
26.4000000000013    1.46284160152076e-07    2.61876648947441e-17    2.59975436739908e-17    2.61654772550843e-17    2.41465873703113e-10    3.59833695214109e-21    1.46525626104134e-07
26.5000000000013    1.43293973556911e-07    2.58501725863219e-17    2.55203324158333e-17    2.58761847122704e-17    1.1406419825691e-11    7.82224128723019e-22    1.43305380053984e-07
26.6000000000014    1.40176613154867e-07    2.54100760756437e-17    2.51725798907114e-17    2.54727357388826e-17    4.00760796733805e-15    1.45994126223824e-23    1.4017661723853e-07
26.7000000000014    1.37108754661931e-07    2.51357415274938e-17    2.48156236978391e-17    2.50950465409169e-17    2.9254441603699e-11    1.24426501710618e-21    1.37138009178583e-07
26.8000000000014    1.33820080171411e-07    2.47065436721419e-17    2.44628710124424e-17    2.47291285790843e-17    3.69253794583508e-10    4.40263695005983e-21    1.34189334039897e-07
26.9000000000014    1.29640841425336e-07    2.4298021763825e-17    2.41018947020325e-17    2.4386831702766e-17    1.6997218323071e-09    9.42289963626366e-21    1.31340563330439e-07
27.0000000000014    1.23578436775354e-07    2.39946613339329e-17    2.37697444690887e-17    2.40302814268011e-17    5.04087084100191e-09    1.61704442133083e-20    1.28619307688166e-07
27.1000000000014    1.14475205648316e-07    2.35908279263152e-17    2.34693194030359e-17    2.36561892615187e-17    1.16004051702171e-08    2.43801913671302e-20    1.26075610889273e-07
27.2000000000015    1.01308462750636e-07    2.32859068845959e-17    2.3130862863477e-17    2.33340869584564e-17    2.24734808751346e-08    3.37506489658868e-20    1.23781943695555e-07
27.3000000000015    8.36572422145641e-08    2.29082888266919e-17    2.28084429871687e-17    2.30088034633133e-17    3.81681650402783e-08    4.36234649693171e-20    1.21825407323612e-07
27.4000000000015    6.22536895496755e-08    2.25555363217462e-17    2.24601932060866e-17    2.27203366397808e-17    5.80359980520749e-08    5.3478362181361e-20    1.2028968766954e-07
27.5000000000015    3.93751621412844e-08    2.21863373607585e-17    2.2198105844912e-17    2.23559142624752e-17    7.98522191253324e-08    6.19353562266647e-20    1.19227381333419e-07
27.6000000000015    1.87192863607619e-08    2.18899823705923e-17    2.1857237369814e-17    2.20790780390397e-17    9.9909856793822e-08    6.85992942811291e-20    1.18629143220479e-07
27.7000000000015    4.51462252107836e-09    2.15743791626355e-17    2.15899420613909e-17    2.17360480206499e-17    1.13887793685946e-07    7.22268545664031e-20    1.18402416271997e-07
27.8000000000015    4.09609618124892e-11    2.12889625111566e-17    2.12830977149629e-17    2.14393043574457e-17    1.18333278364433e-07    7.27455545684782e-20    1.18374239390329e-07
27.9000000000016    6.24640319676678e-09    2.09413999873342e-17    2.09945835368034e-17    2.11308277999947e-17    1.12078532219734e-07    6.98631170920761e-20    1.18324935479638e-07
28.0000000000016    2.12810236172305e-08    2.0694053408088e-17    2.06710041880244e-17    2.08640687792795e-17    9.67625489744597e-08    6.42082940482523e-20    1.18043572653984e-07
28.1000000000016    4.12634647382093e-08    2.04269358888517e-17    2.04042418323019e-17    2.05474280639985e-17    7.61185468668502e-08    5.62341007310645e-20    1.17382011666494e-07
28.2000000000016    6.18125550203619e-08    2.01272845817939e-17    2.00944724060339e-17    2.02825102767057e-17    5.44713926632452e-08    4.71110481630153e-20    1.16283947744158e-07
28.3000000000016    7.94755553168893e-08    1.98819562860481e-17    1.98047954844433e-17    2.00061787372231e-17    3.53044548711151e-08    3.76100977920917e-20    1.14780010247735e-07
28.4000000000016    9.24342106148508e-08    1.96992093507496e-17    1.95630484676278e-17    1.96915397781083e-17    2.05238857629891e-08    2.84749409085954e-20    1.12958096436822e-07
28.5000000000017    1.00429480764211e-07    1.93765435415707e-17    1.92591485588878e-17    1.94503376298503e-17    1.04973431193558e-08    2.03000677831214e-20    1.10926823941673e-07
28.6000000000017    1.04235270252105e-07    1.91134078557199e-17    1.89939046353365e-17    1.91810432672579e-17    4.55139209768443e-09    1.32962557791146e-20    1.08786662407091e-07
28.7000000000017    1.05060970710969e-07    1.8920265184504e-17    1.87068175292912e-17    1.89443026987884e-17    1.55348584655639e-09    7.76754459332435e-21    1.06614456614105e-07
28.8000000000017    1.04105918759289e-07    1.86551748013506e-17    1.84730255897567e-17    1.86646443071632e-17    3.5389996131922e-10    3.69781887929102e-21    1.04459818776405e-07
28.9000000000017    1.02315553029457e-07    1.83695993406206e-17    1.82099920826497e-17    1.8424795143695e-17    3.33616584524081e-11    1.13589495994814e-21    1.02348914742915e-07
29.0000000000017    1.00291417665863e-07    1.81861894607463e-17    1.79937995606225e-17    1.81479119018896e-17    5.35755174927151e-14    4.54936451002453e-23    1.00291471295709e-07
29.1000000000017    9.82842354017873e-08    1.79388256743626e-17    1.77217982620977e-17    1.79376240538232e-17    4.16122220569883e-12    4.01618285194235e-22    9.82883966775917e-08
29.2000000000018    9.62167288823109e-08    1.76525971632118e-17    1.7485177945931e-17    1.77008050364344e-17    1.22146927935632e-10    2.17615504948126e-21    9.63388758630872e-08
29.3000000000018    9.37127200364583e-08    1.74283590768382e-17    1.72898677595649e-17    1.74319399015609e-17    7.33933910061021e-10    5.32677204230492e-21    9.44466539986748e-08
29.4000000000018    9.0138464547704e-08    1.72111367500402e-17    1.70417845113585e-17    1.72253531108086e-17    2.4869467442535e-09    9.80854498142572e-21    9.26254113434456e-08
29.5000000000018    8.46867626226386e-08    1.69438412766888e-17    1.68325375732009e-17    1.69885970644729e-17    6.21601760141955e-09    1.54571743403733e-20    9.09027802748386e-08
29.6000000000018    7.65482129410728e-08    1.67065212724405e-17    1.65815233477812e-17    1.68021474077457e-17    1.27736360798644e-08    2.21227048843413e-20    8.93218490710495e-08
29.7000000000018    6.52027720073052e-08    1.64951823365575e-17    1.64057245714786e-17    1.6547853852914e-17    2.27355092402154e-08    2.92663119029262e-20    8.79382812969986e-08
29.8000000000019    5.08085057454483e-08    1.62497306812142e-17    1.61762803061209e-17    1.63546435748468e-17    3.60025680546602e-08    3.66306167050994e-20    8.68110738489257e-08
29.9000000000019    3.45580779794165e-08    1.59916942417786e-17    1.60057822279849e-17    1.61088776850293e-17    5.14282334913987e-08    4.32393088847726e-20    8.59863115189648e-08
