0 0 0
1 1.63446981536929e-21 5.79108819548982e-23
2 2.65361395124397e-21 4.31247224045408e-24
2.99999999999998 3.83929095531708e-21 1.32492017898806e-24
3.99999999999996 2.25764837168239e-21 4.77809926391221e-25
4.99999999999994 3.25991616566015e-21 2.1451985939617e-25
5.99999999999992 2.57945873872807e-21 1.15545931651527e-25
6.9999999999999 2.79773614530595e-21 6.36873750206703e-26
7.99999999999987 3.1800585321918e-21 3.99147471738592e-26
8.99999999999985 2.5670892759782e-21 2.5299726713176e-26
9.99999999999983 3.10137743918328e-21 1.70680811810878e-26
10.9999999999998 2.62742194603259e-21 1.20312025635403e-26
11.9999999999998 2.84820178209334e-21 8.51294119225571e-27
12.9999999999998 2.96963598503036e-21 6.35945832903017e-27
13.9999999999997 2.69294048174101e-21 4.76293598657208e-27
14.9999999999997 3.03601941103105e-21 3.65595159336304e-27
15.9999999999997 2.65664914982215e-21 2.86683869900293e-27
16.9999999999999 2.89538898398076e-21 2.26227957801502e-27
18 2.87193077069638e-21 1.82542814333033e-27
19.0000000000002 2.75613985737281e-21 1.46931927490832e-27
20.0000000000003 2.97694458499605e-21 1.19971319725596e-27
21.0000000000005 2.68786649975608e-21 9.99636292586664e-28
22.0000000000006 2.9227019115893e-21 8.37461094601713e-28
23.0000000000008 2.79659221091062e-21 7.02382655634273e-28
24.000000000001 2.81659789666866e-21 5.97281990931068e-28
25.0000000000011 2.96542539027102e-21 5.0913099268284e-28
26.0000000000013 2.72899102136491e-21 4.3602905501687e-28
27.0000000000014 2.92359933889967e-21 3.76031322926834e-28
28.0000000000016 2.76026607905121e-21 3.25831669446806e-28
29.0000000000017 2.82095584022919e-21 2.82917811676791e-28
