0 0 0
2.99999999999998 8.07989635799366e-21 8.95920143334583e-23
5.99999999999992 1.41018801348818e-20 2.63980424722453e-23
8.99999999999985 1.83119567893103e-20 1.35657139226848e-23
11.9999999999998 1.61734195178867e-20 8.56075594639372e-24
14.9999999999997 1.10814463942904e-20 5.56870204665278e-24
18 1.06288904981161e-20 3.84315666128757e-24
21.0000000000005 1.17863845736404e-20 2.74685433147324e-24
24.000000000001 1.32713572412155e-20 2.1012064551315e-24
27.0000000000014 1.47595873391838e-20 1.69010614660328e-24
30.0000000000019 1.60209348516404e-20 1.41334232627836e-24
33.000000000002 1.59286227724821e-20 1.20554048102084e-24
36.0000000000014 1.41414260496887e-20 1.03553963323656e-24
39.0000000000008 1.17558257631896e-20 8.48005020772303e-25
42.0000000000002 1.11506783597729e-20 7.32873378523342e-25
44.9999999999996 1.15769295673065e-20 6.4570631397681e-25
47.999999999999 1.20848359831371e-20 5.58822063774498e-25
50.9999999999984 1.29223843457719e-20 4.98663689916329e-25
53.9999999999978 1.33550066604393e-20 4.36151936944117e-25
56.9999999999972 1.41170591662994e-20 3.95392184709328e-25
59.9999999999966 1.50361867912046e-20 3.66993440401466e-25
62.999999999996 1.50774759086802e-20 3.29753592207265e-25
65.9999999999969 1.51588941799484e-20 3.10368809269763e-25
68.9999999999984 1.37368840852534e-20 2.75449385420267e-25
71.9999999999999 1.32015253647857e-20 2.64274664481006e-25
75.0000000000015 1.17323190247895e-20 2.30561608676479e-25
78.000000000003 1.21666268415024e-20 2.26587810687302e-25
81.0000000000045 1.1857844248177e-20 2.02957908989266e-25
84.0000000000061 1.22739923847825e-20 1.89972919044697e-25
87.0000000000076 1.23542122767487e-20 1.7226468527615e-25
90.0000000000091 1.27914463553541e-20 1.61124233189672e-25
93.0000000000107 1.35746920089067e-20 1.5517744345097e-25
96.0000000000122 1.37946755988238e-20 1.43758928471114e-25
99.0000000000137 1.44663136068368e-20 1.38107567111353e-25
102.000000000015 1.36751331638987e-20 1.20474193197125e-25
105.000000000017 1.50121907880322e-20 1.23574717703924e-25
108.000000000018 1.43067045009496e-20 1.12150923905933e-25
111.00000000002 1.45981943501031e-20 1.11478943859152e-25
114.000000000021 1.32938942924883e-20 1.00767246013574e-25
117.000000000023 1.28754452531983e-20 9.75325520696838e-26
120.000000000024 1.28240098975127e-20 9.63679183198923e-26
123.000000000026 1.20364161082894e-20 8.82603299943639e-26
126.000000000028 1.21358151556126e-20 8.52995356598541e-26
129.000000000028 1.21546158237019e-20 8.07804106990253e-26
132.000000000025 1.2295956051107e-20 7.66786406218404e-26
135.000000000022 1.28838898718594e-20 7.51841533804769e-26
138.000000000019 1.28178658584874e-20 7.00173526374698e-26
141.000000000017 1.35449230346744e-20 6.93749235587799e-26
144.000000000014 1.31113785352692e-20 6.30906115039172e-26
147.000000000011 1.33771212689545e-20 6.0590417296773e-26
150.000000000009 1.38326931097318e-20 5.91018190356015e-26
153.000000000006 1.46479504084854e-20 5.92199186821384e-26
156.000000000003 1.4409528807305e-20 5.54041960019059e-26
159 1.437714515456e-20 5.29935041496821e-26
161.999999999998 1.42480544383398e-20 5.08988047985935e-26
164.999999999995 1.4305577289657e-20 5.01522034790174e-26
167.999999999992 1.38539813146961e-20 4.81997229345848e-26
170.999999999989 1.29264403041584e-20 4.49229262873836e-26
173.999999999987 1.30108271387267e-20 4.51627583064195e-26
176.999999999984 1.24436762501539e-20 4.28774948366061e-26
179.999999999981 1.23867991156229e-20 4.19568984352347e-26
182.999999999979 1.20341640524452e-20 3.96594333093218e-26
185.999999999976 1.22901732523894e-20 3.90708210527873e-26
188.999999999973 1.25225795573817e-20 3.81787905978792e-26
191.99999999997 1.26832559911601e-20 3.69681715279298e-26
194.999999999968 1.30611405090229e-20 3.63554327554945e-26
197.999999999965 1.29953662745907e-20 3.45493028250012e-26
200.999999999962 1.33405055069596e-20 3.3901788398229e-26
203.999999999959 1.30861335330946e-20 3.18184005522963e-26
206.999999999957 1.3519425197031e-20 3.14816593562408e-26
209.999999999954 1.39590471999695e-20 3.11612589900086e-26
212.999999999951 1.38499628784584e-20 2.96758032473062e-26
215.999999999949 1.38279938951113e-20 2.84912888275076e-26
218.999999999946 1.3813877902533e-20 2.74498379474912e-26
221.999999999943 1.41640779881246e-20 2.72646074172735e-26
224.99999999994 1.3932659320625e-20 2.61367227442924e-26
227.999999999938 1.40474379843865e-20 2.58694210879159e-26
230.999999999935 1.42777443316738e-20 2.60080047417423e-26
233.999999999932 1.37222130717403e-20 2.48830417552223e-26
236.999999999929 1.31988572313834e-20 2.39157276017511e-26
239.999999999927 1.3101427192562e-20 2.37281851777648e-26
242.999999999924 1.30609121023268e-20 2.35715625688746e-26
245.999999999921 1.28390336537446e-20 2.29637918460359e-26
248.999999999919 1.25563521397049e-20 2.21133020584189e-26
251.999999999916 1.27722165698521e-20 2.20105323314536e-26
254.999999999913 1.2687618027797e-20 2.12863553865011e-26
257.99999999991 1.21623668301221e-20 1.97935011159693e-26
260.999999999908 1.25377592766838e-20 1.9749617373662e-26
263.999999999905 1.29961597106806e-20 1.979442632436e-26
266.999999999902 1.29702136333197e-20 1.90971287758835e-26
269.999999999899 1.30048535501879e-20 1.85152043235298e-26
272.999999999897 1.31552202084762e-20 1.81187080378096e-26
275.999999999894 1.33378761035841e-20 1.77808252623346e-26
278.999999999891 1.33064721729406e-20 1.71787871004372e-26
281.999999999889 1.33896343666045e-20 1.67493779634389e-26
284.999999999886 1.39402364518164e-20 1.69078420714518e-26
287.999999999883 1.43011094719935e-20 1.68340310034113e-26
290.99999999988 1.40357953981756e-20 1.60578034210778e-26
293.999999999878 1.40939254661949e-20 1.57057129393319e-26
296.999999999875 1.45623588538575e-20 1.58550973965258e-26
299.999999999872 1.45572824550353e-20 1.55476645474796e-26
302.999999999869 1.41825765048823e-20 1.49292550747719e-26
305.999999999867 1.39335661932285e-20 1.45279157818106e-26
308.999999999864 1.39157872431903e-20 1.44369119244895e-26
311.999999999861 1.33983363013352e-20 1.38767681311225e-26
314.999999999859 1.26757455738863e-20 1.3126404869573e-26
317.999999999856 1.28654142996772e-20 1.33140069934604e-26
320.999999999853 1.31702506863799e-20 1.35883064323918e-26
323.99999999985 1.26326106629006e-20 1.29465009695848e-26
326.999999999848 1.21149996417547e-20 1.22801611972412e-26
329.999999999845 1.25692257149247e-20 1.25477049554751e-26
332.999999999842 1.29629161149435e-20 1.26976007915529e-26
335.999999999839 1.24822951423231e-20 1.1962320400286e-26
338.999999999837 1.24409635510445e-20 1.16411044197438e-26
341.999999999834 1.31902865268988e-20 1.20357575250632e-26
344.999999999831 1.33513606914278e-20 1.1872896960496e-26
347.999999999829 1.29060612572628e-20 1.11831343142803e-26
350.999999999826 1.29660797341557e-20 1.09487526859941e-26
353.999999999823 1.33618906435169e-20 1.09981704553859e-26
356.99999999982 1.34048346302817e-20 1.07583200965296e-26
359.999999999818 1.35791244143087e-20 1.06297188193928e-26
362.999999999815 1.40773043428421e-20 1.07515883337859e-26
365.999999999812 1.41358791987289e-20 1.05372711420901e-26
368.999999999809 1.39682044502218e-20 1.01669025159298e-26
371.999999999807 1.42555346102649e-20 1.01378956548617e-26
374.999999999804 1.46661050188349e-20 1.02000520383461e-26
377.999999999801 1.45625713967171e-20 9.9184174897119e-27
380.999999999798 1.41082839821381e-20 9.42798447808931e-27
383.999999999796 1.41299299584643e-20 9.28749317667165e-27
386.999999999793 1.44673276068756e-20 9.38129349938317e-27
389.99999999979 1.4121567275034e-20 9.06418449516313e-27
392.999999999788 1.35314998026032e-20 8.62663258322487e-27
395.999999999785 1.36672268282941e-20 8.68070047440993e-27
398.999999999782 1.39306195790683e-20 8.83539809087591e-27
401.999999999779 1.37315868299615e-20 8.70741994945898e-27
404.999999999777 1.35021487769746e-20 8.56002187446097e-27
407.999999999774 1.34237026914261e-20 8.49796894887431e-27
410.999999999771 1.33431724868754e-20 8.41625544313904e-27
413.999999999768 1.325059055298e-20 8.30406333444161e-27
416.999999999766 1.31102744286896e-20 8.13846283488335e-27
419.999999999763 1.28498745187399e-20 7.87833098304849e-27
422.99999999976 1.26797059876664e-20 7.65837755671272e-27
425.999999999758 1.28315891095396e-20 7.61913636083011e-27
428.999999999755 1.3102406713574e-20 7.63684606689646e-27
431.999999999752 1.29951585981459e-20 7.4274701258574e-27
434.999999999749 1.26180721553112e-20 7.0679108262545e-27
437.999999999747 1.27333806555073e-20 6.98816847560492e-27
440.999999999744 1.33372249059006e-20 7.1711251753766e-27
443.999999999741 1.34402799261885e-20 7.08065553170334e-27
446.999999999738 1.30597518632007e-20 6.74242567242845e-27
449.999999999736 1.32760052469571e-20 6.71814590543148e-27
452.999999999733 1.39921406708928e-20 6.94149575364471e-27
455.99999999973 1.42390445970571e-20 6.92663784812323e-27
458.999999999728 1.42075857234345e-20 6.77839480861937e-27
461.999999999725 1.45536388562816e-20 6.81170891501037e-27
464.999999999722 1.50854274161365e-20 6.92907295157039e-27
467.999999999719 1.5621520905125e-20 7.04527873681348e-27
470.999999999717 1.61376477297576e-20 7.15148629092608e-27
473.999999999714 1.60210211700268e-20 6.98361903052973e-27
476.999999999711 1.51777149981245e-20 6.5168310052092e-27
479.999999999708 1.46850523793296e-20 6.22175043165869e-27
482.999999999706 1.49396782975349e-20 6.25896324108054e-27
485.999999999703 1.50330469910581e-20 6.24250996479683e-27
488.9999999997 1.45044025932248e-20 5.98454176925393e-27
491.999999999698 1.41389914174492e-20 5.81009646782186e-27
494.999999999695 1.4413600682456e-20 5.9105612546955e-27
497.999999999692 1.46402278184994e-20 5.99926186348314e-27
500.999999999689 1.42892198961467e-20 5.85503250886165e-27
503.999999999687 1.3944235203496e-20 5.71228418695351e-27
506.999999999684 1.40470116873928e-20 5.74754885550864e-27
509.999999999681 1.41506293775852e-20 5.7739700823737e-27
512.999999999678 1.39540307139599e-20 5.66671136529232e-27
515.999999999676 1.38481346274027e-20 5.58473843316597e-27
518.999999999673 1.38448303777828e-20 5.53265115067184e-27
521.99999999967 1.3649466447222e-20 5.39421481737073e-27
524.999999999668 1.35416673045003e-20 5.28336929683459e-27
527.999999999665 1.38033563923468e-20 5.30956012961906e-27
530.999999999662 1.39975207000614e-20 5.30298210283959e-27
533.999999999659 1.38361336371269e-20 5.15914449360639e-27
536.999999999657 1.37827096151209e-20 5.05599747111361e-27
539.999999999654 1.405872749425e-20 5.07264158121066e-27
542.999999999651 1.42143665660297e-20 5.04433848094861e-27
545.999999999648 1.39711076017188e-20 4.87654544457237e-27
548.999999999646 1.36994019561534e-20 4.70358819882913e-27
551.999999999643 1.3799177271717e-20 4.66101570218629e-27
554.99999999964 1.42226492837948e-20 4.72677001308136e-27
557.999999999638 1.48549574834736e-20 4.85812542721484e-27
560.999999999635 1.58181599534025e-20 5.09124698248689e-27
563.999999999632 1.72928364517397e-20 5.47859343433833e-27
566.999999999629 1.93683063465044e-20 6.04099626965527e-27
569.999999999627 2.17877978845019e-20 6.6919512340734e-27
572.999999999624 2.36770651909466e-20 7.16380199188237e-27
575.999999999621 2.41508315674697e-20 7.2018070893645e-27
578.999999999618 2.32746975505229e-20 6.84520757555624e-27
581.999999999616 2.18454112390708e-20 6.34239698876888e-27
584.999999999613 2.05323225606534e-20 5.89151766603472e-27
587.99999999961 1.97031015189185e-20 5.59542081866348e-27
590.999999999608 1.92853986088214e-20 5.42929297979348e-27
593.999999999605 1.88107394036229e-20 5.25907307064366e-27
596.999999999602 1.82763795767901e-20 5.08362497280352e-27
599.999999999599 1.80427095308848e-20 5.00169509603723e-27
602.999999999597 1.81034444458002e-20 5.00907431788417e-27
605.999999999594 1.81594730162859e-20 5.02070644991594e-27
608.999999999591 1.82467015040931e-20 5.0441099545506e-27
611.999999999588 1.84798513215843e-20 5.10827258918529e-27
614.999999999586 1.87359659535211e-20 5.17640833616067e-27
617.999999999583 1.90230611261558e-20 5.24810187039158e-27
620.99999999958 1.93258022978429e-20 5.31690731959955e-27
623.999999999578 1.93174453676275e-20 5.29172416409976e-27
626.999999999575 1.88436386985452e-20 5.13122436468036e-27
629.999999999572 1.84322305920158e-20 4.98123516053791e-27
632.999999999569 1.85458258415263e-20 4.96657924632885e-27
635.999999999567 1.88969728875109e-20 5.00828600699434e-27
638.999999999564 1.86868998770755e-20 4.89613717635536e-27
641.999999999561 1.78091172347821e-20 4.60909272272661e-27
644.999999999558 1.70418172734891e-20 4.3539231030981e-27
647.999999999556 1.68920358950598e-20 4.25852897888842e-27
650.999999999553 1.71699723493456e-20 4.2702349145008e-27
653.99999999955 1.75895948289778e-20 4.31508411144803e-27
656.999999999548 1.80869269301526e-20 4.37659077572755e-27
659.999999999545 1.85728942265682e-20 4.4330380784243e-27
662.999999999542 1.89288225932644e-20 4.45681855709196e-27
665.999999999539 1.93225052435948e-20 4.48828852563458e-27
668.999999999537 2.01438128078263e-20 4.6165125751904e-27
671.999999999534 2.17452544643876e-20 4.91734785732368e-27
674.999999999531 2.48138958399017e-20 5.5372582008258e-27
677.999999999528 3.090318206886e-20 6.80579101334092e-27
680.999999999526 4.16550538581014e-20 9.05459323180698e-27
683.999999999523 5.66813795255461e-20 1.21627891129924e-26
686.99999999952 7.21715262379111e-20 1.52911693510611e-26
689.999999999518 8.22205956444728e-20 1.72053613789321e-26
692.999999999515 8.26743851045822e-20 1.70937153931162e-26
695.999999999512 7.47099477722991e-20 1.52707151256437e-26
698.999999999509 6.42207013297026e-20 1.29859463671844e-26
701.999999999507 5.67938409841596e-20 1.13709013888815e-26
704.999999999504 5.38237231542062e-20 1.06810968154535e-26
707.999999999501 5.26704259357606e-20 1.03724085044454e-26
710.999999999498 4.96704011818212e-20 9.71976908710252e-27
713.999999999496 4.51527728439235e-20 8.79204513020848e-27
716.999999999493 4.25394522469241e-20 8.25351518171661e-27
719.99999999949 4.2415681244142e-20 8.21036213012478e-27
722.999999999487 4.33079655186152e-20 8.37242993627641e-27
725.999999999485 4.46628936434164e-20 8.63003438472729e-27
728.999999999482 4.70369741332174e-20 9.08800593744995e-27
731.999999999479 4.90677762326217e-20 9.47991532423337e-27
734.999999999477 4.95799426172106e-20 9.57510451840719e-27
737.999999999474 5.05417542549835e-20 9.7503370574317e-27
740.999999999471 5.3160598276798e-20 1.02346714307879e-26
743.999999999468 5.49845144792937e-20 1.05521027355349e-26
746.999999999466 5.33509939189932e-20 1.0193224241312e-26
749.999999999463 5.03939243227374e-20 9.57341186284371e-27
752.99999999946 4.96318149850164e-20 9.36358288951134e-27
755.999999999457 5.1446020487011e-20 9.62829894311802e-27
758.999999999455 5.31116855103335e-20 9.85123022019287e-27
761.999999999452 5.18474254114761e-20 9.52332478299128e-27
764.999999999449 4.81097565861266e-20 8.74553544900953e-27
767.999999999447 4.45790106048922e-20 8.01630750718063e-27
770.999999999444 4.29908134403438e-20 7.64485703097994e-27
773.999999999441 4.34963016236604e-20 7.64725183381921e-27
776.999999999438 4.56201349094239e-20 7.92900742468721e-27
779.999999999436 4.84971901897476e-20 8.33236338931937e-27
782.999999999433 5.09525351348703e-20 8.6538297517533e-27
785.99999999943 5.21965224401844e-20 8.76375952032589e-27
788.999999999427 5.24305660595961e-20 8.70288123407598e-27
791.999999999425 5.29523185623198e-20 8.69000444158173e-27
794.999999999422 5.63665379158593e-20 9.14620012994785e-27
797.999999999419 6.73262266331667e-20 1.08022854487661e-26
800.999999999417 9.31573794539994e-20 1.47804894239482e-26
803.999999999414 1.42786776388631e-19 2.24042456647059e-26
806.999999999411 2.22578595857316e-19 3.45408550038033e-26
809.999999999408 3.29480178156635e-19 5.05747443846263e-26
812.999999999406 4.44837772393677e-19 6.75499513623472e-26
815.999999999403 5.35446633268001e-19 8.04538410006364e-26
818.9999999994 5.68032069568042e-19 8.44754591940835e-26
821.999999999397 5.32838205071861e-19 7.84584214170766e-26
824.999999999395 4.55725377763232e-19 6.64721824018197e-26
827.999999999392 3.80870726665863e-19 5.50636497532333e-26
830.999999999389 3.38227307309222e-19 4.85020220957057e-26
833.999999999387 3.27049697918405e-19 4.65581409727831e-26
836.999999999384 3.21837134054696e-19 4.55264083435192e-26
839.999999999381 2.96860430267767e-19 4.17710626251542e-26
842.999999999378 2.58516662120609e-19 3.62223581007267e-26
845.999999999376 2.35051556521551e-19 3.2830761822788e-26
848.999999999373 2.34049563153239e-19 3.2620413146471e-26
851.99999999937 2.41649278879262e-19 3.36362214707117e-26
854.999999999367 2.47467756977161e-19 3.44249536866805e-26
857.999999999365 2.56821504146879e-19 3.57197390020008e-26
860.999999999362 2.72969470365658e-19 3.7965168666798e-26
863.999999999359 2.83975709666603e-19 3.94910117034144e-26
866.999999999357 2.88573279211815e-19 4.01102460375821e-26
869.999999999354 2.98678954878794e-19 4.14688032686207e-26
872.999999999351 3.18106925295453e-19 4.40822065338618e-26
875.999999999348 3.30607061041985e-19 4.56852863323818e-26
878.999999999346 3.21523996348432e-19 4.42612262585922e-26
881.999999999343 3.03285951029933e-19 4.15504425290993e-26
884.99999999934 2.9667040465525e-19 4.04105918757314e-26
887.999999999337 3.07194089193733e-19 4.1567037782094e-26
890.999999999335 3.21850147795423e-19 4.32282188174617e-26
893.999999999332 3.20686052229131e-19 4.27251988335655e-26
896.999999999329 2.98193377365716e-19 3.93874651785985e-26
899.999999999327 2.68582737631422e-19 3.51569103545809e-26
902.999999999324 2.48625367136563e-19 3.22413938761052e-26
905.999999999321 2.44110788566137e-19 3.13541520742679e-26
908.999999999318 2.52163131284113e-19 3.20750530040036e-26
911.999999999316 2.6806910110569e-19 3.37656752749797e-26
914.999999999313 2.87412623476999e-19 3.58478620038678e-26
917.99999999931 3.05386392760923e-19 3.77169455941223e-26
920.999999999307 3.17253155836621e-19 3.88000889491583e-26
923.999999999305 3.2083496738236e-19 3.88565990367598e-26
926.999999999302 3.20377861238599e-19 3.84256466118754e-26
929.999999999299 3.3101786386437e-19 3.93193150696354e-26
932.999999999297 3.82627703182998e-19 4.50139372119364e-26
935.999999999294 5.20989980475125e-19 6.0706663507518e-26
938.999999999291 8.03092309696763e-19 9.26894416866446e-26
941.999999999288 1.28199497128174e-18 1.46566033342898e-25
944.999999999286 1.97751860058916e-18 2.23964935380888e-25
947.999999999283 2.83682792199584e-18 3.18305811474994e-25
950.99999999928 3.7064278773548e-18 4.12071675735402e-25
953.999999999277 4.35421616190101e-18 4.79739105374005e-25
956.999999999275 4.56865296982105e-18 4.98950651641526e-25
959.999999999272 4.29785220561994e-18 4.65394160957639e-25
962.999999999269 3.71403802614806e-18 3.98910826294726e-25
965.999999999266 3.11342421727075e-18 3.31837854451902e-25
968.999999999264 2.72291295218497e-18 2.8814960718987e-25
971.999999999261 2.58311137470127e-18 2.71583150155122e-25
974.999999999258 2.55982646592889e-18 2.67584893447731e-25
977.999999999256 2.45052496873474e-18 2.54887283745232e-25
980.999999999253 2.1828706067851e-18 2.26111143258321e-25
983.99999999925 1.90825612842412e-18 1.97019460790862e-25
986.999999999247 1.78946064659162e-18 1.8430477042827e-25
989.999999999245 1.81094473171175e-18 1.86207249738842e-25
992.999999999242 1.86805933496085e-18 1.91887621150748e-25
995.999999999239 1.90884713968608e-18 1.95982025773219e-25
998.999999999236 1.98195182157858e-18 2.03457284008287e-25
