0    2.03176490393827e-23    -1.65226096183199e-23    6.08590015661561e-13    9.70696129313415e-10    7.80121795402205e-07    3.1155996683037e-05
0.1    -3.22695043992078e-16    3.28253823610154e-14    5.22694706076898e-13    7.48853402604012e-10    7.22976283204988e-07    2.73651859596096e-05
0.2    -1.96678807433337e-15    -3.70627155691202e-14    4.28218915612293e-13    6.04646203403397e-10    6.54384379101681e-07    2.45895547622033e-05
0.3    1.77316481143119e-15    -3.55592749455469e-15    2.97330850284617e-13    5.69666526452159e-10    5.4528052439512e-07    2.38676879159285e-05
0.4    -1.79509859975556e-15    -1.48497090921675e-14    2.45248194277132e-13    4.42789855558096e-10    4.95225397447599e-07    2.1042572455812e-05
0.5    8.52878618190624e-16    -3.36702293987146e-14    1.84046789818439e-13    3.82516039849806e-10    4.29006747987067e-07    1.95580172780833e-05
0.6    6.19247769614243e-16    -5.54306835004136e-15    1.44734336020667e-13    3.11093734973557e-10    3.80439661471655e-07    1.76378494996855e-05
0.7    -7.11989188840199e-16    1.17890429415589e-14    1.12851386715567e-13    2.57620411733214e-10    3.35933604623841e-07    1.605055798822e-05
0.8    6.10878897773146e-16    -3.98675115288332e-14    8.93542627731382e-14    2.11700096338658e-10    2.98921833884944e-07    1.45499173997194e-05
0.900000000000001    -6.12903089681177e-17    5.03395336405925e-14    7.25414141773377e-14    1.72210645216511e-10    2.69335133574025e-07    1.31229053649149e-05
1    -3.88667657557749e-16    2.34130648524467e-14    5.97156584790845e-14    1.40866933251061e-10    2.44367875300917e-07    1.18687376435348e-05
1.1    -7.3966521559842e-16    3.53707055799594e-14    5.08360362563695e-14    1.14136826826904e-10    2.25468481736072e-07    1.06834838337924e-05
1.2    -4.97035281563069e-16    -5.77294242848983e-14    4.44552052161664e-14    9.25681767937529e-11    2.10844030544302e-07    9.6212357207249e-06
1.3    8.11483637952644e-16    6.05395818885726e-15    3.99793185652486e-14    7.51097900653854e-11    1.99948289728241e-07    8.66659045215507e-06
1.4    -1.43294879508887e-16    2.55696677455457e-15    3.70383612036393e-14    6.08739831378825e-11    1.92453529984875e-07    7.80217810216368e-06
1.5    -1.44101577694655e-16    4.74708817754159e-15    3.58760769875438e-14    4.85240427439949e-11    1.89409812278941e-07    6.9659200931388e-06
1.6    -3.10443955208184e-16    3.85292208229841e-15    3.52983464989026e-14    3.9113903277705e-11    1.87878541879861e-07    6.25411091024976e-06
1.7    9.93718849001834e-16    4.38762793588007e-15    3.567405557191e-14    3.13981278798713e-11    1.88875767561405e-07    5.60340324087704e-06
1.8    -9.03417292008298e-17    -1.0579892435391e-14    3.6847168610512e-14    2.51978122432867e-11    1.91956163252218e-07    5.01974224869034e-06
1.9    -1.14717655534044e-15    2.10430714620175e-15    3.86520223152974e-14    2.03503464673387e-11    1.96601175772927e-07    4.51113582896134e-06
2    -2.72398228560588e-16    8.16971218114529e-15    4.06580898937791e-14    1.6785389437355e-11    2.01638512922951e-07    4.09699761256399e-06
2.1    5.83312914595142e-16    7.44829714549307e-15    4.13537628305953e-14    1.46230910586804e-11    2.03356246106667e-07    3.82401504425393e-06
2.2    1.25801445758167e-15    6.15201458871635e-15    3.96740971894128e-14    1.35983213416425e-11    1.99183576605635e-07    3.6875901808149e-06
2.29999999999999    1.71003102757079e-15    8.39851740955018e-16    3.39011790032046e-14    1.37020533647836e-11    1.84122728100592e-07    3.70162847470996e-06
2.39999999999999    1.01762518659825e-15    -1.31920079114181e-14    2.68492639862851e-14    1.45478571778608e-11    1.63857450200731e-07    3.81416533174177e-06
2.49999999999999    -9.78894408811396e-16    -1.83880648506336e-14    2.27503215872121e-14    1.53645085248213e-11    1.50832097337444e-07    3.91975873298617e-06
2.59999999999999    -6.49968956428702e-17    2.06236490116545e-14    1.85614959783176e-14    1.66216139184449e-11    1.36240581246256e-07    4.07696135846845e-06
2.69999999999999    9.45787033392163e-16    -9.44930884307059e-15    1.55898164474067e-14    1.77699303863078e-11    1.24859186475832e-07    4.21543952468871e-06
2.79999999999998    -1.14625589546621e-15    6.80941928944729e-15    1.3339443225593e-14    1.87702035794325e-11    1.15496507417294e-07    4.332459299224e-06
2.89999999999998    9.38641843141653e-16    -2.89481314881048e-14    1.15878133920641e-14    1.95858860214356e-11    1.07646706368863e-07    4.42559442577329e-06
2.99999999999998    -8.65479114072152e-17    3.81001268801505e-14    1.03627595439462e-14    1.9903691968892e-11    1.01797640168848e-07    4.46135539594101e-06
3.09999999999998    -5.3408717720815e-16    -1.76551695694064e-14    9.29588842343725e-15    2.01562888496141e-11    9.64151877218379e-08    4.48957557566571e-06
3.19999999999998    1.42308903533883e-16    -2.58754555842601e-14    8.44679211583809e-15    2.00889866284924e-11    9.19064313083589e-08    4.48207392046276e-06
3.29999999999997    5.49977454364995e-16    -3.57248713761611e-15    7.9151768097477e-15    1.94215507720724e-11    8.89672794332147e-08    4.40698885545135e-06
3.39999999999997    -2.50410458669208e-16    2.30176852185736e-14    7.39967559952582e-15    1.87380416583543e-11    8.60213671103048e-08    4.32874596833243e-06
3.49999999999997    -5.15127857791673e-16    -8.31628470651321e-15    7.12811934726322e-15    1.75353585861013e-11    8.44281904772524e-08    4.1875241594648e-06
3.59999999999997    -1.4277233330174e-16    -2.44220572414309e-14    6.94913425703849e-15    1.61784278733102e-11    8.33614674597232e-08    4.02224164780166e-06
3.69999999999997    8.92358035675617e-16    1.39405190090111e-14    6.89731511713903e-15    1.46805568836756e-11    8.30500759610672e-08    3.83152148417252e-06
3.79999999999996    -8.98461097093818e-16    1.52573068624609e-14    6.94253123515183e-15    1.31278874319903e-11    8.33218532868288e-08    3.62324266810688e-06
3.89999999999996    6.00447898210305e-16    -1.99919962323037e-14    7.14116946082032e-15    1.15413715379798e-11    8.45054404214328e-08    3.39725941576144e-06
3.99999999999996    -1.1474887848574e-16    1.82236333055108e-14    7.49844181396603e-15    9.97223801571504e-12    8.65935437198758e-08    3.15788505422776e-06
4.09999999999996    3.69815781779338e-16    -1.76900069756898e-14    7.97339265637703e-15    8.54177118072039e-12    8.92938556473906e-08    2.92263086631213e-06
4.19999999999995    -1.12338600793662e-15    2.18056103987493e-15    8.59955191730795e-15    7.24761514414572e-12    9.27337690235221e-08    2.69213951052796e-06
4.29999999999995    2.12478448669528e-16    1.46234033614488e-14    9.50095702392048e-15    6.078393654017e-12    9.74728527535769e-08    2.46543985000993e-06
4.39999999999995    7.35906437077621e-16    -4.0824065300289e-15    1.03843750680026e-14    5.15838443530115e-12    1.01903753944605e-07    2.27120770413037e-06
4.49999999999995    6.14660094011612e-17    -6.4545247853821e-15    1.14279857060481e-14    4.46226189257967e-12    1.06901757263611e-07    2.11240665890346e-06
4.59999999999995    -4.99924807811722e-16    -5.19316352671008e-15    1.2113401104501e-14    4.05513659491091e-12    1.10060897254661e-07    2.01373697262351e-06
4.69999999999994    -1.00443350584931e-15    -4.4322730757805e-15    1.18045598583954e-14    3.97158961138537e-12    1.08648791334259e-07    1.99288474613696e-06
4.79999999999994    -1.31398249569717e-15    -3.55539472291351e-15    1.00472011852987e-14    4.2076067564383e-12    1.00235728087836e-07    2.05124517219135e-06
4.89999999999994    -1.10105930544297e-15    1.27712565546423e-14    7.96257280241189e-15    4.64672619556796e-12    8.9233249422017e-08    2.1556266364025e-06
4.99999999999994    4.89377128096221e-16    9.66221699830091e-15    6.9968748513266e-15    5.02221236277575e-12    8.36473242329161e-08    2.24102930877214e-06
5.09999999999994    -3.34401841973553e-17    -1.77207031602466e-14    5.85199011763271e-15    5.53970400252115e-12    7.64983014035783e-08    2.3536575797089e-06
5.19999999999993    -4.37124584515865e-16    1.94333138005724e-14    4.9729608234504e-15    6.07742328074708e-12    7.0519223077473e-08    2.46524304699295e-06
5.29999999999993    4.87458541954753e-16    -1.98935616201533e-14    4.35720754909805e-15    6.51605352736092e-12    6.60091474653177e-08    2.55265617100324e-06
5.39999999999993    -9.02570294869017e-17    2.05704904207449e-14    3.91958988756419e-15    6.83244293777521e-12    6.26066281440247e-08    2.61389420936946e-06
5.49999999999993    -5.09941258343239e-16    -8.1861031904689e-15    3.56979123049469e-15    7.06782831533003e-12    5.97477299191751e-08    2.65853875565695e-06
5.59999999999993    4.43800098685776e-16    -1.41559225389272e-14    3.20115963603087e-15    7.39000417025128e-12    5.65787913977567e-08    2.7184562108394e-06
5.69999999999992    1.20357197670463e-16    2.3840923283392e-14    3.07495113157502e-15    7.26422172438268e-12    5.54522418985475e-08    2.69522201764209e-06
5.79999999999992    -4.89051615595962e-16    1.03211982375168e-14    2.86018606159887e-15    7.31957152860175e-12    5.34807073775101e-08    2.70547066674206e-06
5.89999999999992    -4.60979088100837e-16    -1.39322689618571e-14    2.83129119564253e-15    6.96762026815942e-12    5.32098787410996e-08    2.63962502415768e-06
5.99999999999992    3.28521053851629e-16    -1.49945271345774e-14    2.741401377447e-15    6.73581182895211e-12    5.23583935720626e-08    2.59534426019981e-06
6.09999999999991    3.54708693528831e-16    1.76903252914851e-14    2.80542820302458e-15    6.19596403800662e-12    5.29662930836639e-08    2.48916934699241e-06
6.19999999999991    -2.99034717955575e-16    1.00355040424871e-14    2.8104747912748e-15    5.78581364941767e-12    5.30139112995334e-08    2.40537183184174e-06
6.29999999999991    1.19536429846452e-16    -1.50566270177258e-14    2.94684216802949e-15    5.19056864893495e-12    5.42848244726783e-08    2.2782819511498e-06
6.39999999999991    5.74468950855551e-17    1.62133987092172e-14    3.14974094773197e-15    4.57812479126517e-12    5.612255293313e-08    2.13965529730028e-06
6.49999999999991    -9.08795756111492e-17    -1.33677812562067e-14    3.38736775458597e-15    4.01672090174038e-12    5.82010975376407e-08    2.00417586597094e-06
6.5999999999999    -3.35295505549112e-17    1.04922696914237e-14    3.67277886436946e-15    3.49251145586707e-12    6.06034558781054e-08    1.86882622409551e-06
6.6999999999999    4.88597090550747e-16    -5.39992819899391e-15    4.02901402246593e-15    3.00328559663655e-12    6.34745147477784e-08    1.73299901807143e-06
6.7999999999999    -6.45851023172474e-16    -1.04139713849139e-14    4.6301875759838e-15    2.53682863593635e-12    6.80454816720684e-08    1.59274248889654e-06
6.8999999999999    -1.08291392867192e-15    3.26969369122137e-16    5.05718424494837e-15    2.20322972979998e-12    7.11138822238553e-08    1.48432803982138e-06
6.9999999999999    -6.63589611546591e-16    6.11960049357666e-15    5.52190361525647e-15    1.97501851030476e-12    7.43095122797645e-08    1.40535351791098e-06
7.09999999999989    -7.83215013567404e-17    5.7195804953059e-15    5.93963331514274e-15    1.87692618065378e-12    7.70690165704918e-08    1.37000955494981e-06
7.19999999999989    4.70274235671373e-16    4.89890669269668e-15    5.81888119999482e-15    1.928082186862e-12    7.62815914883455e-08    1.38855399133847e-06
7.29999999999989    7.64128318735418e-16    -1.36828675836553e-15    4.60011252169606e-15    2.15612735803241e-12    6.78241293471288e-08    1.46837575505468e-06
7.39999999999989    -1.87687147054657e-17    -1.22323661048777e-14    3.71894760793602e-15    2.40043358297183e-12    6.09831747938398e-08    1.54933327046567e-06
7.49999999999988    -6.2595736594062e-16    7.81818357455687e-15    3.16685804554749e-15    2.69576066013524e-12    5.6274843807402e-08    1.64187717571542e-06
7.59999999999988    6.14466227566928e-16    1.17925038119503e-15    2.86959592021592e-15    2.87219005393518e-12    5.35686094668876e-08    1.69475368532869e-06
7.69999999999988    -3.5629260663923e-16    -8.24948595547504e-15    2.51581779871811e-15    3.11427870207666e-12    5.01579285728399e-08    1.76473190657297e-06
7.79999999999988    3.1141030910249e-16    1.13051109212743e-14    2.2040357190621e-15    3.38463769710352e-12    4.6947158796482e-08    1.83973848606358e-06
7.89999999999988    -3.10510024362838e-16    9.29210186487733e-16    1.8943528659047e-15    3.72793470755094e-12    4.35241641608968e-08    1.93078603360159e-06
7.99999999999987    1.54879829874459e-16    -1.05583767690028e-14    1.75974628858648e-15    3.84273054263324e-12    4.19493300135589e-08    1.96028838251754e-06
8.09999999999987    3.18764185965076e-16    1.49915336279527e-14    1.70472312968388e-15    3.81662513092069e-12    4.1288292888952e-08    1.95361847117616e-06
8.19999999999987    -3.61984869922774e-16    1.41162275260286e-14    1.55144417549951e-15    3.98500011573035e-12    3.93883761470248e-08    1.9962465067547e-06
8.29999999999987    -3.78515552798331e-16    -1.17499017684672e-14    1.55670020313596e-15    3.81668429817729e-12    3.9455040275432e-08    1.95363361410918e-06
8.39999999999987    2.64910907637087e-16    -2.08906766952901e-14    1.51396096707668e-15    3.74229351958404e-12    3.89096513358405e-08    1.93450084507194e-06
8.49999999999986    5.35839118925516e-16    1.90512689581631e-14    1.5298919398155e-15    3.5415751076196e-12    3.91138331005222e-08    1.88190730579899e-06
8.59999999999986    -3.70335942432819e-16    1.68348450479756e-14    1.53588579771501e-15    3.36169946357139e-12    3.91903788922104e-08    1.83349378607384e-06
8.69999999999986    -2.67926443076181e-16    -1.43140364352698e-14    1.68651935803249e-15    2.94850429564317e-12    4.10672540843978e-08    1.71712093215451e-06
8.79999999999986    5.85811763511201e-16    8.02761191538177e-15    1.73466713935713e-15    2.72902871567705e-12    4.16493354011457e-08    1.65197721403082e-06
8.89999999999985    -7.24499294530548e-16    -7.82554459223044e-15    1.83736715359209e-15    2.45558133657958e-12    4.28645209187282e-08    1.56702946257547e-06
8.99999999999985    4.01647814940811e-16    6.48445852492817e-15    2.04828939133015e-15    2.12235288773325e-12    4.52580312356841e-08    1.45682973875922e-06
9.09999999999985    -3.42424497273814e-17    -5.29728484375164e-15    2.36713026411652e-15    1.79801888921205e-12    4.86531629405172e-08    1.34090226683828e-06
9.19999999999985    8.60794228987563e-17    6.2770057430295e-15    2.488927714623e-15    1.60592835418069e-12    4.98891542784903e-08    1.26725228513532e-06
9.29999999999985    4.37315916934171e-16    -1.30982311731908e-15    3.06416906257204e-15    1.33687001089318e-12    5.53549371110838e-08    1.15623095049959e-06
9.39999999999984    1.11872019031607e-16    -4.36030998164072e-15    3.16570772175721e-15    1.19815546601746e-12    5.62646222928512e-08    1.09460288050848e-06
9.49999999999984    -3.64969180902551e-16    -4.78755878867629e-15    3.42668996664389e-15    1.11553310371943e-12    5.85379361324252e-08    1.05618800585853e-06
9.59999999999984    -8.19678302530272e-16    -3.97441455305719e-15    3.80081115819827e-15    1.10596794108245e-12    6.16507190403994e-08    1.05165010392357e-06
9.69999999999984    -1.04735192565172e-15    1.13811414908482e-15    3.54366399617764e-15    1.19123150457912e-12    5.95286821303617e-08    1.0914355247009e-06
9.79999999999984    -3.39317544808787e-16    1.28061023748188e-14    2.323015759104e-15    1.44418715511041e-12    4.81976737934934e-08    1.20174338155465e-06
9.89999999999983    8.30935172253392e-16    2.70713544500925e-15    2.37676730537031e-15    1.46953080861875e-12    4.87521005226473e-08    1.21224205859175e-06
9.99999999999983    -3.56316574733838e-16    -1.90273530673195e-14    1.81473782447246e-15    1.75260150948514e-12    4.25997397230601e-08    1.3238585685356e-06
10.0999999999998    8.13231198564854e-17    2.47945078739672e-14    1.49906096556467e-15    2.01533493911708e-12    3.87177086817475e-08    1.41962492902776e-06
10.1999999999998    -1.79606322559509e-16    -2.52787816807463e-14    1.34028926950397e-15    2.18637838621178e-12    3.66099613425631e-08    1.47864072249204e-06
10.2999999999998    5.1283505094832e-16    1.45422127968294e-14    1.30153278054068e-15    2.21100231691864e-12    3.60767623345095e-08    1.48694395217797e-06
10.3999999999998    -6.40972379548648e-16    8.08626998434632e-15    1.24723422309454e-15    2.24154671019453e-12    3.53162034071407e-08    1.49717958515154e-06
10.4999999999998    -1.88112315227798e-17    -2.93074120879171e-14    1.01295477869609e-15    2.6078298282335e-12    3.18269505089019e-08    1.61487765116541e-06
10.5999999999998    5.76118889544694e-16    -3.08151462056584e-15    1.11023056286933e-15    2.34157295688559e-12    3.33201224918115e-08    1.53021990474755e-06
10.6999999999998    1.25952182791219e-16    3.0900532387194e-14    9.31768139971714e-16    2.64669361034707e-12    3.05248773948678e-08    1.62686619312931e-06
10.7999999999998    -8.3654642541014e-16    9.79893178999688e-15    1.05161456584477e-15    2.30353582033604e-12    3.24286072140752e-08    1.51774036657659e-06
10.8999999999998    -2.34363198760428e-16    -3.4505789171176e-14    9.29648414941513e-16    2.47712837444903e-12    3.04901363549183e-08    1.57388956869567e-06
10.9999999999998    6.61941815034403e-16    -1.05144582520103e-14    1.07759118506842e-15    2.09618405082464e-12    3.28266840400979e-08    1.44782044840672e-06
11.0999999999998    -8.37215886151817e-17    2.86197548190062e-14    9.82706893312292e-16    2.17528704395918e-12    3.13481561389548e-08    1.47488543418097e-06
11.1999999999998    -4.28471745264885e-16    -2.00313628107986e-14    1.09406732615227e-15    1.91075841994019e-12    3.30766885608622e-08    1.3823018555801e-06
11.2999999999998    4.63054463718925e-16    1.17153936948322e-14    1.25271670343536e-15    1.63274562645418e-12    3.53937381952707e-08    1.27778935136202e-06
11.3999999999998    -4.78684406874443e-16    -1.10951772433425e-14    1.37342430768116e-15    1.44630311042208e-12    3.70597397141582e-08    1.2026234283524e-06
11.4999999999998    1.88348458221666e-16    1.40235807677948e-14    1.42531473818941e-15    1.32511277583716e-12    3.77533407553479e-08    1.15113542897313e-06
11.5999999999998    6.38658223301256e-16    -6.2468519055618e-15    1.5711885074884e-15    1.14463835803585e-12    3.96382202865921e-08    1.06987773041402e-06
11.6999999999998    -3.21249405441163e-16    -1.03120878312799e-14    2.06536978363455e-15    9.33015751708573e-13    4.54463396065575e-08    9.65927404988891e-07
11.7999999999998    -1.0215646081235e-15    -2.5550398073545e-15    2.21419357963481e-15    8.22060227939838e-13    4.70552184102338e-08    9.06675370758376e-07
11.8999999999998    -1.04771880585149e-15    1.41807437570447e-15    2.23079997644138e-15    7.59645897699436e-13    4.72313452745248e-08    8.71576673448433e-07
11.9999999999998    -8.55297177928104e-16    1.96056074838063e-15    2.67118003340697e-15    7.31702886032488e-13    5.16834599597102e-08    8.55396332720972e-07
12.0999999999998    -6.88470881715068e-16    1.42372702491177e-15    3.04061579060049e-15    7.4997642837669e-13    5.51417789937946e-08    8.66011794594444e-07
12.1999999999998    -3.4454251775873e-16    6.4460925179367e-15    2.07233293717395e-15    9.210853431369e-13    4.55228836649651e-08    9.59731912117598e-07
12.2999999999998    4.27415020854244e-16    6.01672944804635e-15    1.67635345876435e-15    1.01653411857388e-12    4.09432956509896e-08    1.00823316676941e-06
12.3999999999998    5.39241270676154e-17    -1.1224667623865e-14    1.2503494476865e-15    1.26532665803642e-12    3.53602806505619e-08    1.12486739575668e-06
12.4999999999998    -1.45114191561215e-16    1.47503844439238e-14    1.27449834204317e-15    1.28008021140611e-12    3.57001168351473e-08    1.13140629811139e-06
12.5999999999998    8.19113369525857e-17    -2.06209760817652e-14    1.14400557770346e-15    1.3794192697836e-12    3.38231515046049e-08    1.17448681124294e-06
12.6999999999998    1.36947526540113e-16    2.38130282056672e-14    9.27310180167312e-16    1.61676282407511e-12    3.04517680959138e-08    1.27151988740841e-06
12.7999999999998    -5.81514802812703e-16    -1.19361556815914e-14    7.66109034136852e-16    1.84319856423624e-12    2.76786747178555e-08    1.35764449110812e-06
12.8999999999998    4.82043333267935e-16    -2.03209705188503e-14    9.07868475407874e-16    1.56804025311037e-12    3.01308558691563e-08    1.25221414027728e-06
12.9999999999998    3.80599568533026e-16    2.31953318351908e-14    6.99000728177768e-16    1.93943982808648e-12    2.64386219039073e-08    1.39263772320244e-06
13.0999999999998    -4.49234977528992e-16    1.28634701797057e-14    8.15831938465726e-16    1.64564363877602e-12    2.85627718974494e-08    1.28282642581762e-06
13.1999999999998    -2.69158138129058e-16    -2.04396752994597e-14    6.39349150241136e-16    1.98322163773066e-12    2.52853544614493e-08    1.40826902178904e-06
13.2999999999998    4.43498579935851e-16    -1.13364295555878e-14    8.16768735403587e-16    1.5495976553486e-12    2.85791661075614e-08    1.24482836381109e-06
13.3999999999998    -5.59000785313421e-17    1.64709370836516e-14    6.44496644323897e-16    1.8487550554301e-12    2.5386938459056e-08    1.35968932312867e-06
13.4999999999998    -2.8709984156829e-16    -9.66262810313614e-15    8.45439066832906e-16    1.42034662713859e-12    2.90764349058289e-08    1.19178296142317e-06
13.5999999999998    2.59629443177712e-16    -2.86170221193328e-15    8.26449315122239e-16    1.40475916680423e-12    2.87480314999521e-08    1.18522536540703e-06
13.6999999999998    -1.84562497908748e-16    9.67280401534835e-15    7.69877083770269e-16    1.41530255986236e-12    2.77466589659056e-08    1.18966489393542e-06
13.7999999999998    1.52486397115756e-16    -1.091347058788e-14    8.26720361059619e-16    1.26808145181481e-12    2.8752745278662e-08    1.12609122712807e-06
13.8999999999997    -1.02286623731416e-16    9.19192981607538e-15    9.57995136664709e-16    1.07369122081063e-12    3.09514965173691e-08    1.03619072607828e-06
13.9999999999997    9.12339601744406e-17    -9.59599104357535e-15    1.3366483808415e-15    8.09830987272357e-13    3.65602021444289e-08    8.99906099141659e-07
14.0999999999997    -9.32121372954914e-16    -2.78519554530308e-15    1.34982601488261e-15    7.67775768781153e-13    3.67399784279007e-08    8.76228148818076e-07
14.1999999999997    -1.36764360804457e-16    1.53502115413671e-14    1.85358020848528e-15    6.038883227759e-13    4.30532252971282e-08    7.77102517545722e-07
14.2999999999997    1.46755130861747e-15    1.49868465401328e-14    1.59349013908689e-15    5.74016748478599e-13    3.99185437996789e-08    7.57638930149843e-07
14.3999999999997    2.89445503975773e-15    1.39299954808055e-14    1.96063784115489e-15    5.38907567887246e-13    4.42790903379336e-08    7.34103240618951e-07
14.4999999999997    4.20022266674244e-15    1.00489354551606e-14    2.7806776689531e-15    5.28000206185625e-13    5.27321312764151e-08    7.26636226860198e-07
14.5999999999997    4.02137960792136e-15    -1.97934875527874e-14    2.51015431214558e-15    6.00299878590061e-13    5.01014402202728e-08    7.747902158585e-07
14.6999999999997    -2.7541608228452e-16    -5.74959429619612e-14    1.07897515311617e-15    8.75059088110714e-13    3.28477572007005e-08    9.35445930083995e-07
14.7999999999997    -2.94740129862144e-15    2.9693523708185e-14    1.52401991024731e-15    7.76693508943752e-13    3.90386975992706e-08    8.81302166651002e-07
14.8999999999997    2.59872987249018e-15    2.04686934768639e-14    1.28026558875724e-15    8.49065245310711e-13    3.57807991631997e-08    9.21447364373414e-07
14.9999999999997    -2.17450888954208e-15    -3.9126673433786e-14    9.90900090886017e-16    1.04826366397813e-12    3.14785655785967e-08    1.02384748081837e-06
15.0999999999997    2.31444652650518e-15    2.3808120438838e-14    9.46757962238168e-16    1.06895876491474e-12    3.07694322703257e-08    1.03390462080152e-06
15.1999999999997    -2.2299065705082e-15    3.3169710830703e-14    9.20492738753441e-16    1.06143583107657e-12    3.03396232467286e-08    1.03026007933753e-06
15.2999999999997    4.40929732525883e-16    -9.47760851475476e-14    5.80043058314712e-16    1.59147714421701e-12    2.40840830905956e-08    1.26153761109885e-06
15.3999999999997    2.02890738066625e-15    4.1968531404657e-14    6.93784939609855e-16    1.35204948806779e-12    2.63397976379822e-08    1.16277662862125e-06
15.4999999999997    -1.07818429277165e-15    8.4719939419809e-14    5.78234674924354e-16    1.56739502267214e-12    2.40465106600594e-08    1.25195647794647e-06
15.5999999999997    -1.87766750638742e-15    -4.39441185251013e-14    6.79613193653277e-16    1.31088555788502e-12    2.60693918926636e-08    1.14493910662752e-06
15.6999999999997    8.36733923869556e-16    -8.94617044223022e-14    4.97113283933174e-16    1.67366858259845e-12    2.22960374042827e-08    1.29370343688128e-06
15.7999999999997    1.98011468270117e-15    4.38450316353697e-14    7.25729538408201e-16    1.15767131457858e-12    2.69393678175305e-08    1.0759513532584e-06
15.8999999999997    -1.37314370572481e-15    7.49547206861654e-14    5.34495379372856e-16    1.490779408151e-12    2.31191561129046e-08    1.2209747778521e-06
15.9999999999997    -9.68766779246479e-16    -7.79980738108189e-14    6.43091325472422e-16    1.25734516677282e-12    2.53592453648057e-08    1.12131403575128e-06
16.0999999999997    2.15983660122762e-15    2.43919030209493e-14    8.71434032507065e-16    9.02111058293808e-13    2.95200615261395e-08    9.49795271779033e-07
16.1999999999997    -2.31781123371478e-15    5.58202405543322e-15    9.31067607772369e-16    8.32942553440983e-13    3.05134004622946e-08    9.12656865114695e-07
16.2999999999997    2.45371177284713e-15    1.07031708879666e-15    1.06284218586152e-15    7.23165703675919e-13    3.26012604949795e-08    8.50391500237343e-07
16.3999999999998    -2.24543827691504e-15    -3.39762895566012e-14    1.14632233724176e-15    6.81952973591292e-13    3.3857382315261e-08    8.25804440283104e-07
16.4999999999998    -1.67050270619516e-16    5.27068364094357e-14    8.51086313540002e-16    7.4065652351655e-13    2.91733836491416e-08    8.60614038647143e-07
16.5999999999998    3.57368760788242e-15    1.21293409865119e-14    1.79821735329143e-15    4.72979954436272e-13    4.24053929741421e-08    6.87735381114184e-07
16.6999999999998    2.66430818000637e-15    -2.25199095584872e-14    1.3879881175773e-15    4.71131457666105e-13    3.72557125495848e-08    6.86390164313348e-07
16.7999999999998    1.13990684443793e-16    -2.64985956616558e-14    1.46547773416298e-15    4.43151115955795e-13    3.82815586694558e-08    6.65695963601849e-07
16.8999999999998    -2.51613716034976e-15    -2.56229115323754e-14    2.63476823907817e-15    4.16981697399186e-13    5.13299935620312e-08    6.45741200016837e-07
16.9999999999999    -4.53617667953299e-15    -9.06576080980804e-15    3.40638705549489e-15    4.09323938077705e-13    5.83642618003078e-08    6.39784290271107e-07
17.0999999999999    -2.95202603909404e-15    4.52623277604491e-14    1.23974274003991e-15    7.54054085441945e-13    3.52099806878661e-08    8.68362876591315e-07
17.1999999999999    2.60087302730134e-15    3.78541658127059e-14    1.7841256015353e-15    5.58534920687924e-13    4.22389109889838e-08    7.47351938973816e-07
17.2999999999999    2.58453045692904e-16    -7.16414866045548e-14    7.00494868185237e-16    1.0876343955624e-12    2.64668635879894e-08    1.04289711648005e-06
17.3999999999999    -1.34706047366038e-15    6.45000739505637e-14    6.12333774944808e-16    1.26762363894979e-12    2.47453788604015e-08    1.12588793356612e-06
17.4999999999999    1.26580959010537e-15    -7.0159852498041e-14    5.39779637490992e-16    1.41997960757103e-12    2.32331581471609e-08    1.19162897227746e-06
17.6    -2.69328474296089e-16    8.58077115198076e-14    4.93638935372503e-16    1.53291622355136e-12    2.22179867533605e-08    1.23810994000991e-06
17.7    -1.53443417540071e-15    -7.68184951324682e-14    8.44156910345551e-16    9.92413898615747e-13    2.90543785055807e-08    9.9619972827528e-07
17.8    2.37370018737001e-15    -3.16188649084918e-14    6.39268597644172e-16    1.33536110969508e-12    2.52837615406444e-08    1.1555782577113e-06
17.9    3.71123795777627e-16    1.04647014437258e-13    5.66949218479387e-16    1.4461705351106e-12    2.38106954640008e-08    1.20256830787718e-06
18    -2.19898802743037e-15    2.25028827861366e-14    5.79604015975841e-16    1.40303861460497e-12    2.40749665830679e-08    1.18449930966842e-06
18.1    -7.82311623345567e-16    -9.83711581421697e-14    6.50977411380639e-16    1.2158821737894e-12    2.55142589816094e-08    1.10267047379958e-06
18.2    2.05566035736917e-15    -4.2246623989162e-14    4.66757704677658e-16    1.57758409343545e-12    2.16045760124482e-08    1.25601914532998e-06
18.3000000000001    7.58565335530907e-16    9.20993567870496e-14    7.00162395666941e-16    1.08050929008677e-12    2.64605819223036e-08    1.03947548796822e-06
18.4000000000001    -2.11963466218586e-15    6.96063216446227e-15    6.59716842822094e-16    1.12791041386557e-12    2.56849536270185e-08    1.06203126783799e-06
18.5000000000001    1.16643640252756e-15    -7.07336628717919e-14    4.24131870173385e-16    1.44282754550198e-12    2.05944621239154e-08    1.20117756618327e-06
18.6000000000001    -2.92801610566913e-17    8.0763159943593e-14    6.28511047165425e-16    1.10749652599707e-12    2.50701225997286e-08    1.05237660844256e-06
18.7000000000001    -1.23802567944518e-16    -7.31548159003238e-14    7.41174512779662e-16    9.40505767341524e-13    2.72245204325009e-08    9.6979676599869e-07
18.8000000000001    -9.90975300874602e-16    5.99784337007371e-14    6.14896922180302e-16    9.452610421518e-13    2.47971151987545e-08    9.72245361085254e-07
18.9000000000002    2.98255682315049e-15    -1.12635141827791e-14    9.77948152911472e-16    6.56529331009546e-13    3.12721625876987e-08    8.10264975800846e-07
19.0000000000002    -1.43555669224292e-15    -5.16233699952209e-14    1.6783188404077e-15    4.69465635812299e-13    4.09672898836095e-08    6.85175624064587e-07
19.1000000000002    -4.57347370485685e-15    -1.01702899807973e-14    1.70956564538414e-15    4.00885079301818e-13    4.13468940234223e-08    6.33154862021779e-07
19.2000000000002    -4.33650301413211e-15    9.85200878854213e-15    1.11412646565652e-15    4.17934618009892e-13    3.33785330063575e-08    6.46478629198129e-07
19.3000000000002    -3.20594104406949e-15    1.16607743572966e-14    2.53009681390734e-15    3.77083799986884e-13    5.03000677326316e-08    6.1407149419826e-07
19.4000000000002    -1.91708147639246e-15    1.51269812782993e-14    4.68641188833e-15    3.17879676177118e-13    6.84573727828493e-08    5.63808190945394e-07
19.5000000000002    3.89448788786182e-17    2.28503123882202e-14    2.91603671725153e-15    5.68255359308032e-13    5.4000339973481e-08    7.53827141530492e-07
19.6000000000003    1.646409894322e-15    7.74457653485336e-16    1.18201716020985e-15    8.49188783438516e-13    3.43804764395412e-08    9.21514396761394e-07
19.7000000000003    -5.14792892493466e-16    -3.25849713618919e-14    1.15782550632583e-15    1.03306869971636e-12    3.4026835091231e-08    1.01639987195806e-06
19.8000000000003    -3.58129881745516e-16    3.90189428323115e-14    1.75564492069654e-15    6.0510277075313e-13    4.19004167126836e-08    7.77883520042126e-07
19.9000000000003    5.16547171680989e-16    -4.03848596923266e-14    1.57566272126329e-15    5.88148290576331e-13    3.96946182909383e-08    7.66908267380349e-07
20.0000000000003    -7.81770760313557e-17    4.86678866699043e-14    1.23428059844923e-15    8.47817294430098e-13    3.51323298181209e-08    9.20769946528499e-07
20.1000000000003    -7.53342673955492e-16    -3.57636136954972e-14    5.1347456046214e-16    1.84893765747814e-12    2.26599770622598e-08    1.3597564699159e-06
20.2000000000004    1.11044385149197e-15    -6.8604224093384e-15    6.57553955467269e-16    1.60547113954775e-12    2.5642814889697e-08    1.26707187623582e-06
20.3000000000004    -6.71667294199337e-17    4.53517777392889e-14    9.04853776587384e-16    1.11818944074163e-12    3.00807874994553e-08    1.05744476959396e-06
20.4000000000004    -8.59572757343481e-16    -4.8456738739607e-15    5.13286767273343e-16    1.89465206710483e-12    2.26558329635735e-08    1.37646360907393e-06
20.5000000000004    4.77143267681096e-17    -3.58080696702906e-14    7.21527953415719e-16    1.42291856673177e-12    2.68612723714965e-08    1.19286150358362e-06
20.6000000000004    8.03081644427435e-16    2.85133291207954e-15    7.12628240949669e-16    1.41635226506352e-12    2.66950976950763e-08    1.19010598900414e-06
20.7000000000004    -1.32119626056545e-16    3.85985186698087e-14    6.14355363023552e-16    1.58077153279308e-12    2.47861929917354e-08    1.25728737080791e-06
20.8000000000005    -8.16259417622905e-16    -1.36803456233724e-14    6.29396605097046e-16    1.52243901110915e-12    2.50877780023868e-08    1.23387155373205e-06
20.9000000000005    6.78823208762383e-16    -2.56389067313984e-14    1.14362940374237e-15    6.62558552007319e-13    3.38175901527943e-08    8.13976997222475e-07
21.0000000000005    -1.9197725506147e-17    4.23072140724645e-14    7.6389225290732e-16    1.19515164119878e-12    2.76386007769446e-08    1.09322991232347e-06
21.1000000000005    -3.88241099009945e-16    -4.25912109159934e-14    6.217422387493e-16    1.27278251433046e-12    2.49347596489178e-08    1.1281766325937e-06
21.2000000000005    2.57962051679554e-16    4.23034063278734e-14    9.43665396931975e-16    9.15240680375543e-13    3.07191373077431e-08    9.5668212086123e-07
21.3000000000005    8.47032196531194e-16    -3.34892445022325e-14    1.90222486067674e-15    4.08946086523546e-13    4.36145028709115e-08    6.39488926036679e-07
21.4000000000005    -2.17638540953725e-15    -8.22409849190655e-15    1.07890503696707e-15    7.57663538939379e-13    3.28466898936113e-08    8.70438704872077e-07
21.5000000000006    -8.90330118952021e-16    2.4271003887061e-14    2.81212037139562e-15    3.22138979613652e-13    5.3029429295398e-08    5.67572884847093e-07
21.6000000000006    1.42338285983892e-15    2.03049881538754e-14    1.06981879739907e-15    4.59070145480992e-13    3.27080845877449e-08    6.77547153695587e-07
21.7000000000006    3.23522518654534e-15    1.7134306793341e-14    2.35010878350414e-15    4.11306050589879e-13    4.84779205773529e-08    6.41331467019885e-07
21.8000000000006    4.85155502266567e-15    1.30586705034804e-14    6.31266380262784e-15    3.17559753917484e-13    7.94522737410819e-08    5.63524404012359e-07
21.9000000000006    4.86484448177209e-15    -1.99581819775805e-14    6.83647775778837e-15    3.56507917827196e-13    8.26829955782224e-08    5.97082840003961e-07
22.0000000000006    2.25730520173759e-16    -6.46659427329221e-14    6.49544879080507e-16    1.37503703323584e-12    2.54861703494367e-08    1.17261973087435e-06
22.1000000000007    -3.59103082376462e-15    1.56971227247896e-14    3.7149874231706e-15    4.19519285316368e-13    6.09506966586157e-08    6.47703084226382e-07
22.2000000000007    2.3854905688886e-15    4.81930717105645e-14    1.99095842281638e-15    1.02718278158238e-12    4.46201571357203e-08    1.01350026225077e-06
22.3000000000007    -1.23514372426228e-15    -7.42267827033573e-14    9.52411310312753e-16    1.86531538668761e-12    3.08611618432092e-08    1.36576549476387e-06
22.4000000000007    1.28188803020343e-15    8.07375314788973e-14    1.0562166201982e-15    1.85390730154482e-12    3.24994864605304e-08    1.36158264587384e-06
22.5000000000007    -2.1556101319737e-15    -5.76900853875521e-14    1.80030003068955e-15    8.14163591287208e-13    4.24299426194468e-08    9.02310141407712e-07
22.6000000000007    2.5662378596505e-15    -2.35750831586905e-14    1.28733919780833e-15    1.54007795597007e-12    3.58795094421359e-08    1.24099877355703e-06
22.7000000000007    -3.42644462290949e-16    1.12292478106654e-13    4.63318158862506e-16    3.02309277677098e-12    2.15248265698589e-08    1.73870433851503e-06
22.8000000000008    -2.52113475266927e-15    -2.53141435009057e-14    1.46169252811938e-15    9.80229394473739e-13    3.82320876767066e-08    9.90065348587525e-07
22.9000000000008    2.74265858069206e-16    -1.17634554966139e-13    5.31924522517264e-16    2.93297401447076e-12    2.30634889493603e-08    1.71259277543459e-06
23.0000000000008    2.4401576320741e-15    -9.68534173020932e-15    1.11847821464801e-15    1.61770865427029e-12    3.34436573156705e-08    1.27189176201055e-06
23.1000000000008    5.55496348488367e-16    1.08671305287484e-13    8.30441243657941e-16    2.20972909128143e-12    2.88173774597541e-08    1.48651575547702e-06
23.2000000000008    -2.3116238986505e-15    2.2125861086707e-14    1.20069906733355e-15    1.43229946031262e-12    3.46511048501133e-08    1.19678714077008e-06
23.3000000000008    2.34177959180001e-16    -9.6159631452251e-14    3.79284391777021e-16    2.81732484533988e-12    1.94752250764149e-08    1.67848885767522e-06
23.4000000000009    1.73069458808272e-15    6.4276965643351e-14    1.5161244845232e-15    1.0642405665846e-12    3.89374432201602e-08    1.03162035971795e-06
23.5000000000009    -2.4202248019054e-15    -3.10270469893722e-14    2.08187584213654e-15    5.0869033965817e-13    4.56275776492303e-08    7.13225307780206e-07
23.6000000000009    2.5429509059066e-15    3.58077303691075e-14    2.35842972588773e-15    4.74488767171288e-13    4.85636667261413e-08    6.88831450480657e-07
23.7000000000009    -1.50918721485924e-15    -6.27887252722701e-14    1.93700890007759e-15    9.23866664146869e-13    4.40114632803499e-08    9.61179829244697e-07
23.8000000000009    -2.15034096763242e-15    4.56589009500066e-14    5.99920573615982e-16    1.31405218734551e-12    2.44932760898982e-08    1.14632115366747e-06
23.9000000000009    3.23312782903065e-15    4.36010061719634e-14    4.551712476839e-15    3.01815779727029e-13    6.74663803448724e-08    5.493776294381e-07
24.000000000001    5.41335832292751e-15    3.10548323417873e-15    2.02233154904232e-15    5.52319752529369e-13    4.49703407708046e-08    7.43182179905687e-07
24.100000000001    4.82923863929709e-15    -1.06865507648483e-14    1.95631614081007e-15    5.61933477969654e-13    4.42302627259894e-08    7.49622223503048e-07
24.200000000001    3.70506170496484e-15    -1.14156336460781e-14    8.20229815873776e-15    4.26144403331549e-13    9.056653995123e-08    6.52797367742509e-07
24.300000000001    2.36957464659114e-15    -1.7155172358815e-14    1.37190936244339e-14    2.2211774179665e-13    1.17128534629414e-07    4.71293689536206e-07
24.400000000001    -1.08335616203073e-17    -2.86753537310635e-14    3.79034133629499e-15    1.61778160912828e-12    6.15657480771166e-08    1.27192044135169e-06
24.500000000001    -1.81726640774229e-15    4.5973047653445e-15    5.24234409162272e-15    8.41096097583664e-13    7.24040336695595e-08    9.17112914304266e-07
24.600000000001    1.23841654266957e-15    3.44775828190512e-14    4.66582664121894e-16    3.23975905911373e-12    2.16005246260801e-08    1.79993307073172e-06
24.7000000000011    -5.89205795569572e-16    -5.70949536777962e-14    1.60568600127096e-15    2.97936620472599e-12    4.00710119821169e-08    1.7260840665292e-06
24.8000000000011    6.52281621472357e-16    7.26932353972137e-14    1.54289240120216e-15    3.21385702512807e-12    3.92796690566781e-08    1.79272335432104e-06
24.9000000000011    -1.5761138413981e-15    -6.66095471404802e-14    4.45885699247128e-16    4.76017929556495e-12    2.11160057597815e-08    2.18178351253394e-06
25.0000000000011    2.44743389454223e-15    5.22043816834608e-15    1.33453814064703e-15    3.57757041169291e-12    3.65313309454641e-08    1.89144664521443e-06
25.1000000000011    -1.02968941011964e-15    9.4115350701135e-14    2.80111395528046e-15    9.43592555170394e-13    5.29255510626054e-08    9.71386923512143e-07
25.2000000000011    -1.9039312644784e-15    -5.44745765365346e-14    3.33766177771478e-16    5.73924079327283e-12    1.82692686709533e-08    2.39567126152e-06
25.3000000000012    1.05342460775035e-15    -8.28638247469287e-14    2.5840700496911e-15    9.38687955444973e-13    5.08337491209442e-08    9.68859099892738e-07
25.4000000000012    1.64350910049096e-15    3.60457856301743e-14    6.27229541592616e-16    5.15473234727733e-12    2.50445511357783e-08    2.27040356484862e-06
25.5000000000012    -7.15371583236292e-16    6.40428901080726e-14    2.10135159301523e-15    1.90617027812455e-12    4.58405016662692e-08    1.38064125612867e-06
25.6000000000012    -1.14104197585488e-15    -3.5915039937989e-14    8.64917677481465e-16    4.40545090729435e-12    2.9409482781604e-08    2.09891660322519e-06
25.7000000000012    1.16353737033094e-15    -2.92710926442004e-14    2.78960907010895e-15    8.20508562365041e-13    5.28167499010395e-08    9.05819276878694e-07
25.8000000000012    -1.36637463351256e-16    5.51458577553048e-14    6.74588787976737e-16    4.15524415542083e-12    2.59728471288139e-08    2.03844159970818e-06
25.9000000000012    -7.87024015683527e-16    -4.96166476428192e-14    5.08416438647991e-16    4.03730747369896e-12    2.25480916852844e-08    2.00930522163731e-06
26.0000000000013    1.22304202411634e-15    4.49948933356021e-14    8.30849709292144e-16    3.29930896194643e-12    2.88244637294806e-08    1.81640000053579e-06
26.1000000000013    -1.09831093357528e-15    -5.44390020814432e-14    4.72391787237674e-16    3.0502588082505e-12    2.17345758467395e-08    1.74649901467207e-06
26.2000000000013    -5.98322082420072e-16    5.7955883215729e-14    3.28953310569608e-15    1.20759330150907e-12    5.73544514898022e-08    1.09890550162836e-06
26.3000000000013    3.68139249634999e-15    4.57955952832105e-15    5.28833970127121e-15    9.18018205809261e-13    7.2720971536904e-08    9.58132666079839e-07
26.4000000000013    7.22799251489469e-16    -4.97857829343361e-14    5.80717120387146e-15    5.88933436563134e-13    7.62047977746248e-08    7.67419987075611e-07
26.5000000000013    -4.19097112026624e-15    -4.47175176800179e-14    1.44800967387856e-15    9.35151474681818e-13    3.80527222926106e-08    9.67032302811967e-07
26.6000000000014    -8.36350340487799e-15    -4.06180998342476e-14    9.97758357822745e-15    7.23651647327074e-13    9.98878550086414e-08    8.50677169863558e-07
26.7000000000014    -1.20299226821014e-14    -2.5296309368457e-14    2.42496810776369e-14    2.97237317081424e-13    1.55723091022612e-07    5.45194751516761e-07
26.8000000000014    -1.05981500108648e-14    7.14725390360094e-14    1.67735997100152e-14    1.28036938134691e-12    1.29512932597541e-07    1.13153408315742e-06
26.9000000000014    2.59898820298017e-15    1.56754782536871e-13    2.30051241161977e-15    3.63818098915378e-12    4.79636571960454e-08    1.90740163289061e-06
27.0000000000014    6.80277174059236e-15    -1.24861512355008e-13    6.86043347056912e-15    2.8367743682669e-12    8.28277337041711e-08    1.68427265259128e-06
27.1000000000014    -7.90071516470376e-15    4.7326623005432e-15    9.39534487955691e-15    4.18562618570381e-13    9.69295872247316e-08    6.46964155552981e-07
27.2000000000015    7.2125581251637e-15    4.01131339118205e-14    7.56552359467216e-15    7.61604774237306e-13    8.69800183644043e-08    8.72699704501671e-07
27.3000000000015    -6.92119037405961e-15    1.94883899400581e-14    6.92629306530995e-15    5.4759964463121e-13    8.3224353799293e-08    7.39999759885913e-07
27.4000000000015    4.90526981040154e-15    -1.70536814094113e-13    3.7835277009083e-15    4.42799336159687e-12    6.15103869351208e-08    2.10427977265307e-06
27.5000000000015    1.01832899371754e-15    2.55033298756994e-13    5.19057556534385e-16    9.88894156755442e-12    2.27828346904942e-08    3.1446687532321e-06
27.6000000000015    -5.83475437200941e-15    -2.45196194156777e-14    5.34369192777572e-15    6.79886838253954e-13    7.31005603793547e-08    8.24552507881671e-07
27.7000000000015    1.04685571523516e-15    -2.55549950073374e-13    3.08358493603973e-16    1.10437232691094e-11    1.7560139338968e-08    3.32320978409569e-06
27.8000000000015    5.66480389897679e-15    3.87630761712223e-14    4.89767162773475e-15    1.00204864389135e-12    6.99833667933654e-08    1.00102379786464e-06
27.9000000000016    -5.03850427046221e-16    2.64078811544554e-13    7.71226167976806e-16    9.92095950931259e-12    2.77709590755668e-08    3.14975546817726e-06
28.0000000000016    -5.86334204413767e-15    -2.75917347524718e-14    4.53119923727071e-15    1.92563339314095e-12    6.73141830320377e-08    1.38767193282164e-06
28.1000000000016    1.67478430554295e-15    -2.48344354023552e-13    5.46424494403206e-16    9.52534248236379e-12    2.33757244679861e-08    3.08631535692057e-06
28.2000000000016    4.6719252465069e-15    1.64386125810194e-13    5.40217859686208e-15    1.23560487440111e-12    7.34995142627627e-08    1.11157765108925e-06
28.3000000000016    -6.36215612336288e-15    1.24099300335861e-14    5.07835153895615e-15    2.06567261352498e-12    7.12625535534345e-08    1.43724479944266e-06
28.4000000000016    6.08383837837178e-15    -8.73729599765114e-14    3.82631132957743e-15    3.64222193950712e-12    6.18571849470811e-08    1.90846062037107e-06
28.5000000000017    -6.85183452410397e-15    6.1290268128643e-14    5.64803927261619e-15    2.17393374658796e-12    7.51534381955752e-08    1.47442658229834e-06
28.6000000000017    7.74914364041035e-15    5.55769706090581e-14    9.84720946463629e-15    4.36099852351447e-13    9.92331066964863e-08    6.60378567453127e-07
28.7000000000017    -1.52652556632997e-15    -1.56724377942851e-13    2.53345956405921e-15    3.55252982371486e-12    5.03334835279579e-08    1.88481559408734e-06
28.8000000000017    -1.06708571247964e-14    -1.28075826875768e-14    1.51620153396966e-14    3.86958184285334e-13    1.23134135558327e-07    6.22059630811495e-07
28.9000000000017    -7.03965281673331e-15    6.45447698469465e-14    2.44986824069493e-15    1.67695284965256e-12    4.94961436951898e-08    1.29497214242336e-06
29.0000000000017    -8.72737581639543e-17    7.08039980038976e-14    1.06772466865143e-14    1.42999786995588e-12    1.03330763504942e-07    1.19582518369362e-06
29.1000000000017    6.88790377903241e-15    6.56545661013443e-14    3.88374321660264e-14    7.73671206922341e-13    1.97072149645825e-07    8.79585815553171e-07
29.2000000000018    1.10760773145669e-14    -1.05781823853773e-16    4.76243122616664e-14    5.77854393883293e-13    2.18229952714256e-07    7.60167345972775e-07
29.3000000000018    3.72943898377513e-15    -1.4319661361058e-13    2.628403736782e-15    7.54733159987091e-12    5.12679601386869e-08    2.74724072477657e-06
29.4000000000018    -8.22317466607898e-15    -1.59371120167703e-14    2.48139757870166e-14    3.7713872707489e-13    1.57524524398636e-07    6.14116216261132e-07
29.5000000000018    4.15395120967048e-15    1.54598626663438e-13    7.16228551535458e-15    7.73675968520348e-12    8.4630287222451e-08    2.78150313413511e-06
29.6000000000018    -1.17498389565698e-15    -1.96940188642845e-13    1.30964151671138e-15    1.35459949347852e-11    3.61889695447573e-08    3.68048840981535e-06
29.7000000000018    1.17382430608697e-15    2.04125666752098e-13    1.64739863409796e-15    1.49067032348181e-11    4.05881587916717e-08    3.86091999850011e-06
29.8000000000019    -3.29554384005238e-15    -1.74397539320171e-13    6.94295799847887e-15    8.67574705545258e-12    8.33244141802321e-08    2.94546211237771e-06
29.9000000000019    5.53162800371346e-15    4.71459420634956e-14    1.12279069440467e-14    1.41687510979039e-12    1.05961818331164e-07    1.19032563182954e-06
