0    1.00000000000001    -0.380546675183185    1.00000000000106    0.144815772584299    1.0226583443149e-06    2.43171091432187e-05
0.1    0.960733871672761    -0.405078290923941    0.923009572180617    0.164088422153877    1.13312529226869e-06    1.9391152648287e-05
0.2    0.918960044756877    -0.430650924847804    0.844487563860383    0.185460219368263    9.05973444481337e-07    1.72044844339525e-05
0.3    0.874594727957358    -0.456823504056666    0.764915938171519    0.208687714119619    8.4523873334478e-07    1.61557409375422e-05
0.4    0.827608814164049    -0.482934991431356    0.684936349282568    0.233226206159729    7.38322087635845e-07    1.45232763108039e-05
0.5    0.778051810162033    -0.508068384499703    0.605364619296897    0.258133483494597    6.93264413741417e-07    1.2901895295563e-05
0.6    0.726078216508018    -0.531041406334023    0.527189576487864    0.282004975374947    6.320270913973e-07    1.15641771685466e-05
0.7    0.671972587499195    -0.550446622139152    0.451547158350664    0.302991483933952    5.4826351685778e-07    1.04666099902145e-05
0.8    0.616167190626584    -0.564762778037795    0.379662006804913    0.31895699554436    5.05652412800704e-07    9.34833524841845e-06
0.900000000000001    0.55924454881721    -0.572545529772466    0.312754465381962    0.327808383732955    4.4391957252521e-07    8.39773973507186e-06
1    0.501917653607779    -0.572676698411443    0.251921331003291    0.327958600961169    3.91066773891768e-07    7.59852202561063e-06
1.1    0.444984551116742    -0.564614611831471    0.198011250732697    0.31878965994201    3.58441849572209e-07    6.95749402259025e-06
1.2    0.389261146389576    -0.548564510403893    0.151524240088641    0.300923022115086    3.37873767118848e-07    6.35786903621299e-06
1.3    0.335503963908755    -0.525499711346678    0.112562909798586    0.276149946659859    3.13942747982969e-07    5.86656937294904e-06
1.4    0.284339289692368    -0.497014767277132    0.0808488316628484    0.247023678921413    2.96201577512685e-07    5.46549983589242e-06
1.5    0.236213750673283    -0.465056016712698    0.0557969360072047    0.2162770987071    2.54699271902431e-07    5.13989900510199e-06
1.6    0.191374486539567    -0.431615354636954    0.0366241940983488    0.186291814381684    2.56639788294581e-07    4.82708793930097e-06
1.7    0.149878254233936    -0.398470025620441    0.0224634910922719    0.158778361338875    2.44269418224423e-07    4.57380092453264e-06
1.8    0.111622138265349    -0.367015248701159    0.0124595017509824    0.134700192798208    2.31732820123387e-07    4.36282550662545e-06
1.9    0.0763860350734483    -0.338193969112133    0.00583482635429186    0.114375160761296    2.23130973023183e-07    4.18057083267496e-06
2    0.0438782418240579    -0.312499568277543    0.00192530010561669    0.0976559801896198    2.14911134442699e-07    3.99613402724749e-06
2.1    0.0137785060393634    -0.290018317277456    0.00018984722871951    0.0841106243712876    2.06730668082922e-07    3.85231943742368e-06
2.2    -0.0142239477446321    -0.270483353799519    0.000202320689481866    0.0731612446964943    1.99605875113901e-07    3.72267795401481e-06
2.29999999999999    -0.0403976109450466    -0.253323188494793    0.00163196697010484    0.0641726378421437    1.93618805072226e-07    3.60209374451576e-06
2.39999999999999    -0.0649402130142707    -0.237699888979459    0.00421723126637378    0.0565012372330478    1.86896741309925e-07    3.49290914424544e-06
2.49999999999999    -0.0879537572309426    -0.222543023512249    0.00773586341107409    0.0495253973255106    1.85732902425162e-07    3.39662727561056e-06
2.59999999999999    -0.109423342239636    -0.20659470756374    0.0119734678269244    0.0426813732043146    1.7830875432155e-07    3.3116741224181e-06
2.69999999999999    -0.129201943276619    -0.188487850963974    0.0166931421464846    0.0355276699714195    1.72704474307834e-07    3.22526460522855e-06
2.79999999999998    -0.147005671029531    -0.16688107851139    0.0216106673148672    0.0278492943750081    1.56240291711023e-07    3.14381340385354e-06
2.89999999999998    -0.162426022313077    -0.140664405941486    0.0263822127244759    0.0197864751083083    1.66454207992173e-07    3.07199768808882e-06
2.99999999999998    -0.174965906531517    -0.109223908898794    0.0306130684484198    0.0119298622841419    1.56029193620484e-07    3.00163777643698e-06
3.09999999999998    -0.184103058366875    -0.0727116512970358    0.0338939361000631    0.00528698424291721    1.61417305792073e-07    2.92839304185273e-06
3.19999999999998    -0.189376810372156    -0.0322239202526158    0.0358635763067523    0.00103838104463249    1.44688088342089e-07    2.86103947165812e-06
3.29999999999997    -0.190483439317418    0.0102222824209349    0.0362839406542152    0.000104495065683314    1.50632609569697e-07    2.79104979746617e-06
3.39999999999997    -0.187356117787399    0.0519763836242679    0.0351023148723821    0.00270154446205973    1.2821169860179e-07    2.72078482368696e-06
3.49999999999997    -0.180204323525333    0.0902598482140319    0.0324735982172455    0.00814684020664697    1.49685297927741e-07    2.65082905731774e-06
3.59999999999997    -0.169497940719345    0.122733748733183    0.0287295519081217    0.0150635730847649    1.51757005990063e-07    2.58165137483274e-06
3.69999999999997    -0.155899775044264    0.14793210353042    0.0243047398588712    0.02188390726125    1.379615380402e-07    2.51298168190799e-06
3.79999999999996    -0.140167427297075    0.165428682892062    0.0196469076750999    0.0273666491293979    1.37923810988392e-07    2.44858644197008e-06
3.89999999999996    -0.123052688356442    0.175728687508577    0.0151419641117646    0.0308805716191631    1.29965389568093e-07    2.38242872739958e-06
3.99999999999996    -0.105221829883133    0.179980459203134    0.011071633483972    0.0323929657003718    1.30205424352142e-07    2.32400048961418e-06
4.09999999999996    -0.087208300295874    0.179636566877092    0.00760528764051083    0.032269296164529    1.24484074527229e-07    2.26737094059477e-06
4.19999999999995    -0.0693974613802001    0.176164496317786    0.0048160076460304    0.0310339297678088    1.18461156329467e-07    2.21577201145157e-06
4.29999999999995    -0.0520356570675136    0.170852621133825    0.00270770960646168    0.0291906181529918    1.17498071403583e-07    2.16640605172183e-06
4.39999999999995    -0.0352538078206108    0.164710916427722    0.00124283096586533    0.0271296859949553    1.13006122439617e-07    2.12025642688251e-06
4.49999999999995    -0.0190971839458511    0.158441582542323    0.000364702434674067    0.0251037350828402    1.11322512916537e-07    2.0795096331295e-06
4.59999999999995    -0.00355587382056714    0.152449761959773    1.26442386397687e-05    0.0232409299257412    1.09425595635491e-07    2.03707137392378e-06
4.69999999999994    0.0114067917455745    0.146870406711668    0.000130114897938432    0.0215709163716534    1.07358030532786e-07    2.00062743380334e-06
4.79999999999994    0.0258286700561148    0.141596886701256    0.000667120196878832    0.0200496783273526    1.05797383655296e-07    1.96580378136663e-06
4.89999999999994    0.0397259401546857    0.13630631326131    0.00157815032118452    0.0185794110386329    1.0417916023586e-07    1.93455225493455e-06
4.99999999999994    0.0530727005299717    0.130484620449824    0.00281671154155422    0.0170262361775484    1.0079173753929e-07    1.90099523514626e-06
5.09999999999994    0.0657834405141506    0.123461073943938    0.00432746104588884    0.0152426367828868    1.00276241595403e-07    1.86983969135371e-06
5.19999999999993    0.0777000155500723    0.114466484547868    0.00603729241649034    0.013102576088144    9.41142819572969e-08    1.84303490222553e-06
5.29999999999993    0.0885862581946903    0.102729910419478    0.00784752514094567    0.0105534344980922    9.66423881878916e-08    1.81611675061256e-06
5.39999999999993    0.0981345556564317    0.0876213737068274    0.00963039101389452    0.00767750513347057    9.60843293110202e-08    1.78859476021384e-06
5.49999999999993    0.10598865797481    0.0688297257952802    0.01123359561931    0.00473753115616235    9.39482466348893e-08    1.76320320576886e-06
5.59999999999993    0.111784542999601    0.0465367389658609    0.0124957840536395    0.0021656680766017    9.92896445455224e-08    1.73926043006805e-06
5.69999999999992    0.11520586674078    0.0215223191508838    0.0132723917315012    0.000463210224569382    8.21255433747493e-08    1.71373386348422e-06
5.79999999999992    0.116043565807378    -0.00486746695516438    0.0134661091653002    2.36922374083797e-05    9.39943969774256e-08    1.68782773267301e-06
5.89999999999992    0.114243849851024    -0.0309204748111143    0.0130516572287907    0.000956075765300989    8.58131758853007e-08    1.66019125972433e-06
5.99999999999992    0.109929117974092    -0.0548865941035334    0.0120844109785688    0.00301253821495653    8.30706325209802e-08    1.63416807885326e-06
6.09999999999991    0.103383892098825    -0.0753279749156645    0.0106882291455086    0.00567430380748258    8.47145266180249e-08    1.6086016926446e-06
6.19999999999991    0.0950097583104559    -0.0913705382194711    0.0090268541742183    0.00834857525701737    8.39844369709156e-08    1.58162814219762e-06
6.29999999999991    0.0852634212686255    -0.102784411774162    0.00726985100643695    0.0105646353061814    7.64422398208469e-08    1.55593651853468e-06
6.39999999999991    0.074595331032525    -0.109899248235095    0.00556446341185888    0.0120778447649813    8.30184098261094e-08    1.53046593753307e-06
6.49999999999991    0.0634024716398463    -0.11341929283138    0.00401987341004797    0.0128639359886437    8.03640186965638e-08    1.50778564965738e-06
6.5999999999999    0.0520013240982347    -0.114217110880813    0.00270413770797607    0.0130455484201597    8.01722156321195e-08    1.48320656657268e-06
6.6999999999999    0.0406200232261513    -0.113162761266703    0.00164998628689914    0.0128058105396423    7.78727140348012e-08    1.46205779751432e-06
6.7999999999999    0.029404739046982    -0.111011415501941    0.000864638678427055    0.0123235343738249    7.71010511700118e-08    1.44228945097301e-06
6.8999999999999    0.0184344385894584    -0.108346088777558    0.000339828526114286    0.0117388749554133    7.59866625117868e-08    1.42086803650845e-06
6.9999999999999    0.0077392618528484    -0.105559527303626    5.98961740326254e-05    0.0111428138065317    7.53058674559563e-08    1.40237389282172e-06
7.09999999999989    -0.00268050786621669    -0.102857710688244    7.1851224263629e-06    0.0105797086499427    7.42519884075098e-08    1.3842868722463e-06
7.19999999999989    -0.0128363274615914    -0.100271666537964    0.000164771302706567    0.0100544071121684    7.32147796622074e-08    1.36664789159587e-06
7.29999999999989    -0.0227345486131048    -0.0976703759964067    0.000516859700646871    0.00953950234910261    7.2428669817767e-08    1.35024623049003e-06
7.39999999999989    -0.0323608428352387    -0.0947735451496839    0.0010472241490121    0.00898202486202155    7.12537853963922e-08    1.33505537728401e-06
7.49999999999988    -0.041666047170883    -0.091168356025995    0.0017360594868514    0.00831166914222444    7.17858824966553e-08    1.31979943048095e-06
7.59999999999988    -0.050554222026118    -0.0863386983404279    0.00255572936467098    0.00745437083282134    7.0307144336802e-08    1.30458448240342e-06
7.69999999999988    -0.0588747094163213    -0.0797178408122195    0.00346623140886052    0.0063549341454289    6.52457769518234e-08    1.2909400807031e-06
7.79999999999988    -0.0664210397529748    -0.0707738295506727    0.00441175452187157    0.0050089349509021    7.28815702591607e-08    1.27844709267386e-06
7.89999999999988    -0.0729400980853713    -0.0591281577500465    0.00532025790870695    0.00349613904051297    5.80042772703619e-08    1.26435108993695e-06
7.99999999999987    -0.0781542207118995    -0.0446910337185593    0.00610808221508757    0.00199728849640071    5.71835094429879e-08    1.25192134259056e-06
8.09999999999987    -0.0817961434207932    -0.0277749711141617    0.00669060907851883    0.000771449021925811    6.21618576197521e-08    1.23826301754605e-06
8.19999999999987    -0.0836520700120296    -0.00913466345935489    0.00699766881730139    8.34420780171307e-05    6.23360295991656e-08    1.22533968266313e-06
8.29999999999987    -0.0836031754030897    0.010108736079394    0.00698949093748305    0.000102186546591853    5.72138374798286e-08    1.2120278086032e-06
8.39999999999987    -0.0816534667335873    0.0286603062685919    0.00666728862961643    0.000821413156842234    5.82206979695252e-08    1.19697280565639e-06
8.49999999999986    -0.0779345276685496    0.0453078827692225    0.00607379060292442    0.0020528042424306    6.70940192577536e-08    1.18363661608828e-06
8.59999999999986    -0.0726850244497776    0.0591547992562805    0.00528311277926902    0.00349929027642028    6.51593102131479e-08    1.17022543760164e-06
8.69999999999986    -0.0662114845525819    0.0697520432329261    0.00438396068665974    0.00486534753650246    5.42810079488821e-08    1.15519256446834e-06
8.79999999999986    -0.0588422908410247    0.0771020798577952    0.00346241519142307    0.00594473071970233    5.77757877371514e-08    1.1421459227196e-06
8.89999999999985    -0.0508867929289148    0.0815606304784955    0.00258946569459415    0.00665213644532363    6.23881863754907e-08    1.12868688449167e-06
8.99999999999985    -0.0426070904352248    0.0836913738857013    0.00181536415535897    0.00700424606412222    5.95809932205904e-08    1.11623391233487e-06
9.09999999999985    -0.0342044747407513    0.0841253082050844    0.00116994609229391    0.00707706748181657    5.6753394735645e-08    1.10278149488999e-06
9.19999999999985    -0.0258183466656273    0.0834548766688952    0.000666587024549878    0.00696471644101148    5.80649937206418e-08    1.09131535234388e-06
9.29999999999985    -0.0175336061550878    0.0821700836709388    0.000307427344805071    0.00675192265165318    5.77851698173576e-08    1.0789322787699e-06
9.39999999999984    -0.00939260033452881    0.0806292809145773    8.82209410474869e-05    0.00650108094194298    5.74115234475901e-08    1.0682521636678e-06
9.49999999999984    -0.00140877509435527    0.0790521534390834    1.98464726969703e-06    0.0062492429644751    5.67566258624145e-08    1.05769587669246e-06
9.59999999999984    0.00641959551726614    0.077523531488895    4.12112066084601e-05    0.00600989793560922    5.6183510593018e-08    1.04858278276469e-06
9.69999999999984    0.0140962721237422    0.0760005329230899    0.000198704887789675    0.00577608100567157    5.55402359649933e-08    1.03822001014189e-06
9.79999999999984    0.0216146512819604    0.0743200615830711    0.000467193150043762    0.00552347155476974    5.48478035830689e-08    1.02872114256387e-06
9.89999999999983    0.0289461725008655    0.0722079938093033    0.000837880902452891    0.00521399437100319    5.50485701185506e-08    1.01922055054407e-06
9.99999999999983    0.0360299276692019    0.069295200257481    0.00129815568785063    0.00480182477974531    5.20999861711566e-08    1.01040129971437e-06
10.0999999999998    0.0427645381207068    0.0651483796155567    0.00182880572068025    0.00424431136753726    5.34639187447084e-08    1.00228267404088e-06
10.1999999999998    0.0490042164343101    0.0593242053847477    0.00240141322834338    0.00351936134551971    5.17114710506117e-08    9.93971224933875e-07
10.2999999999998    0.0545616292239795    0.0514512889090403    0.00297697138357802    0.00264723513137369    5.48216054318899e-08    9.85980789820795e-07
10.3999999999998    0.0592201592704732    0.0413339103311529    0.00350702726402282    0.00170849214422161    5.10361371890465e-08    9.78686543496006e-07
10.4999999999998    0.0627567766981402    0.0290551678275594    0.00393841302154264    0.000844202778428495    4.91399539942776e-08    9.69975255872826e-07
10.5999999999998    0.06497367099568    0.0150418277537632    0.0042215779226579    0.000226256583099598    5.50899148776019e-08    9.6214213261584e-07
10.6999999999998    0.0657327465191147    5.09666315394445e-05    0.00432079396494887    2.59850762479505e-09    5.18120119188023e-08    9.53988635964919e-07
10.7999999999998    0.0649839403429265    -0.0149403189642099    0.00422291250249571    0.000223213131646936    5.17114710506117e-08    9.45835652895175e-07
10.8999999999998    0.0627783855861316    -0.0289202358119639    0.00394112569680336    0.000836380040296801    4.84198180271535e-08    9.36590139572345e-07
10.9999999999998    0.0592616753721775    -0.0410428327306444    0.00351194616792005    0.00168451411941883    5.18914686204293e-08    9.29069307806853e-07
11.0999999999998    0.0546492395612312    -0.0507748022488828    0.00298653938462309    0.00257808054425883    4.74426359942184e-08    9.19607123100851e-07
11.1999999999998    0.049191657757822    -0.0579464587473848    0.00241981919296517    0.00335779208219109    4.97800410348653e-08    9.10345069265382e-07
11.2999999999998    0.0431397593150072    -0.0627088847395012    0.00186103883375908    0.00393240422608614    4.83189503014116e-08    9.02273750599159e-07
11.3999999999998    0.0367173012412827    -0.0654327950630962    0.00134816021044539    0.00428145067056784    4.78318243889872e-08    8.93697064958444e-07
11.4999999999998    0.0301048152946481    -0.0665932075459656    0.000906299903927176    0.00443465529204533    4.79631125926971e-08    8.86159669536969e-07
11.5999999999998    0.0234342808957788    -0.0666721512824009    0.00054916552110449    0.00444517575739368    4.7165305230707e-08    8.7767801878425e-07
11.6999999999998    0.0167919892110927    -0.0660929655319936    0.000281970901667671    0.00436828009357093    4.70686596288537e-08    8.70419977455569e-07
11.7999999999998    0.0102264066238207    -0.0651849582320242    0.000104579392437846    0.00424907878045611    4.60662062653169e-08    8.63347580215414e-07
11.8999999999998    0.00375839495615273    -0.0641699302597971    1.41255326485436e-05    0.00411777995027959    4.59269694999609e-08    8.55785619495233e-07
11.9999999999998    -0.00260790961020618    -0.0631609777696202    6.80119253708089e-06    0.00398930911353544    4.55537892117023e-08    8.49107788423828e-07
12.0999999999998    -0.00887439377797105    -0.0621662472111353    7.87548649285267e-05    0.00386464229302645    4.51154058328344e-08    8.42891951324739e-07
12.1999999999998    -0.0150387110049805    -0.0610937589599885    0.000226162828693332    0.00373244738456062    4.48254925373171e-08    8.36323264286022e-07
12.2999999999998    -0.0210845326859169    -0.0597569634296846    0.000444557518585443    0.00357089467902603    4.41015904160127e-08    8.30280473843775e-07
12.3999999999998    -0.0269725014477668    -0.0578839893723786    0.000727515834351712    0.00335055622634055    4.39365675503952e-08    8.23958140568791e-07
12.4999999999998    -0.0326325222888986    -0.055136310046913    0.00106488151093743    0.00304001268626092    4.43112867604998e-08    8.19510683300439e-07
12.5999999999998    -0.0379586893005855    -0.0511440098032528    0.00144086209342018    0.00261570973941665    4.23700596789938e-08    8.13287536657865e-07
12.6999999999998    -0.0428088255202412    -0.0455634023619679    0.00183259554242408    0.00207602363545108    4.03704434664794e-08    8.07772153820515e-07
12.7999999999998    -0.0470109226967875    -0.0381564739538293    0.00221002685280496    0.00145591650523509    4.03972908748245e-08    8.03639107673767e-07
12.8999999999998    -0.0503781660819925    -0.0288798162710255    0.00253795961778683    0.00083404378848419    4.48922598920577e-08    7.97497127265909e-07
12.9999999999998    -0.0527322814333054    -0.0179566083661469    0.00278069350516305    0.000322439784642487    4.1467392558033e-08    7.92028217684644e-07
13.0999999999998    -0.053931804654899    -0.00589735593077149    0.0029086395533358    3.4778807593229e-05    4.01874054416854e-08    7.86780324370588e-07
13.1999999999998    -0.0538987087682286    0.00655617664279852    0.00290507080688439    4.29834527826973e-05    4.54824993277892e-08    7.81741875413395e-07
13.2999999999998    -0.0526355348377171    0.018561293932069    0.00277049952765442    0.000344521633033856    4.34339933706858e-08    7.75367574207724e-07
13.3999999999998    -0.0502272153123744    0.0293413051233618    0.00252277315803699    0.000860912186934503    3.70837165826271e-08    7.69600693177921e-07
13.4999999999998    -0.0468267477461254    0.0383317342254472    0.0021927443044805    0.00146932184931317    3.52244370599788e-08    7.63448378726967e-07
13.5999999999998    -0.0426293606471735    0.0452586457241937    0.00181726238918799    0.00204834501336232    3.47003592598463e-08    7.57785594373216e-07
13.6999999999998    -0.0378429895496736    0.0501349012409909    0.00143209185805808    0.00251350832300804    3.70983320076941e-08    7.51083219660439e-07
13.7999999999998    -0.0326625265522095    0.0531937950344551    0.00106684064077542    0.00282957983072436    4.03758143762972e-08    7.46153595545903e-07
13.8999999999997    -0.0272523685396635    0.0547956980983059    0.00074269159102313    0.0030025685306282    3.85810985147565e-08    7.39938276478681e-07
13.9999999999997    -0.0217382718033998    0.0553396463740137    0.000472552461000046    0.00306247646134015    3.95003208395057e-08    7.34343568468357e-07
14.0999999999997    -0.0162069990716876    0.0551975886916849    0.000262666818911203    0.00304677379790737    3.89940936143193e-08    7.28663949362744e-07
14.1999999999997    -0.0107112141475525    0.0546748614326126    0.000114730108516241    0.00298934047319945    3.8878360385226e-08    7.23918660741051e-07
14.2999999999997    -0.0052772081805876    0.0539918292852187    2.78489261827468e-05    0.002915117630081    3.85510529098968e-08    7.18892655101348e-07
14.3999999999997    8.62693937580421e-05    0.053278811834723    7.44240976916077e-09    0.00283863179102957    3.8337718405231e-08    7.13969768424739e-07
14.4999999999997    0.00537903840484585    0.0525773360921916    2.89340541622555e-05    0.00276437627105387    3.80646060111289e-08    7.08938685726761e-07
14.5999999999997    0.0106007619460746    0.0518433150831819    0.00011237615383876    0.00268772931931131    3.76390737629461e-08    7.05142509230281e-07
14.6999999999997    0.0157425621407241    0.0509507088723359    0.000247828262756002    0.00259597473508454    3.79678180639437e-08    7.00721064638622e-07
14.7999999999997    0.0207790736318842    0.0496970918066544    0.000431769901000661    0.00246980093452286    3.73480964041171e-08    6.95578576639869e-07
14.8999999999997    0.0256613054171603    0.0478151221782002    0.000658502595714122    0.00228628590939641    3.66144232001315e-08    6.92958758622202e-07
14.9999999999997    0.0303111823597253    0.0449957366588752    0.00091876777604584    0.00202461631794818    3.63379942466573e-08    6.87991504923092e-07
15.0999999999997    0.0346192420385415    0.0409288934640385    0.0011984919193246    0.00167517432065932    3.83965898765214e-08    6.84618068858901e-07
15.1999999999997    0.0384474080156694    0.0353642110763075    0.00147820318312484    0.00125062742551374    3.83824688102955e-08    6.81256097460232e-07
15.2999999999997    0.0416386248066455    0.028185612900059    0.0017337750757898    0.000794428775010554    3.47191010161465e-08    6.77187837009005e-07
15.3999999999997    0.0440339722829659    0.0194822140049406    0.00193899071501816    0.000379556662987478    3.39581717802296e-08    6.73183816174119e-07
15.4999999999997    0.0454955490197297    0.00958768146471634    0.00206984498060781    9.19236363176563e-05    3.4263305625221e-08    6.69918642893536e-07
15.5999999999997    0.0459305476650284    -0.000938910411467769    0.00210961520881067    8.81553203547199e-07    3.50454593491308e-08    6.65420636889466e-07
15.6999999999997    0.0453099872565286    -0.0114000295647813    0.00205299494518794    0.000129960674515535    3.39709404107918e-08    6.61548542410411e-07
15.7999999999997    0.0436760727670823    -0.0210942021912514    0.00190759933235695    0.00044496536651688    3.84812074548175e-08    6.56876690024983e-07
15.8999999999997    0.0411355240929909    -0.0294534967116709    0.00169213134240646    0.000867508468971077    3.77731393848979e-08    6.53200385033232e-07
15.9999999999997    0.0378410109228848    -0.0361372523430449    0.00143194210766695    0.00130590100732545    3.2582982786998e-08    6.48498841174395e-07
16.0999999999997    0.0339665639343882    -0.0410572710580058    0.00115372746551006    0.00168569950714533    3.43707242743036e-08    6.44027068703648e-07
16.1999999999997    0.0296837621098212    -0.0443403995799244    0.00088112573299357    0.00196607103531618    3.3342778943373e-08    6.39390423121202e-07
16.2999999999997    0.0251437219591557    -0.0462552610107389    0.000632206753960571    0.00213954917157549    3.5255203453354e-08    6.35536053463952e-07
16.3999999999998    0.0204669345102413    -0.0471330942028049    0.000418895408247709    0.00222152856952908    3.47011403684522e-08    6.31343635154393e-07
16.4999999999998    0.0157404108138904    -0.0473030848811069    0.000247760532591158    0.00223758183966195    3.34920224479428e-08    6.26699479003193e-07
16.5999999999998    0.0110202083681408    -0.0470497371145081    0.000121444992478349    0.00221367776293246    3.33033289236731e-08    6.23003640220573e-07
16.6999999999998    0.00633717143259147    -0.0465903883689274    4.01597417671582e-05    0.0021706642887515    3.3237033107801e-08    6.19684433387738e-07
16.7999999999998    0.00170416221257283    -0.0460667153385612    2.90416884785194e-06    0.00212214226246382    3.30277379765431e-08    6.16268892127692e-07
16.8999999999998    -0.00287628507645021    -0.0455437884593448    8.27301584209132e-06    0.00207423666760467    3.28807858423702e-08    6.12472592021382e-07
16.9999999999999    -0.00740438887772776    -0.0450119981926404    5.48249746536798e-05    0.00202607998166499    3.25757030445598e-08    6.08878442894336e-07
17.0999999999999    -0.0118757781273723    -0.0443896306327293    0.000141034106131627    0.00197043930807679    3.2434570568495e-08    6.05515828991268e-07
17.1999999999999    -0.0162744418056134    -0.0435263828616045    0.000264857456085326    0.00189454600537843    3.2077438672646e-08    6.02872230143312e-07
17.2999999999999    -0.0205661774265611    -0.0422104595807427    0.000422967653941784    0.00178172289837694    3.15337283316623e-08    5.99521501370063e-07
17.3999999999999    -0.0246931118025084    -0.0401838179336536    0.00060974977049226    0.00161473922408083    3.28299463853939e-08    5.96501748805509e-07
17.4999999999999    -0.0285703780541888    -0.0371709200099417    0.000816266502160249    0.00138167729473828    3.12617951864322e-08    5.93966077010629e-07
17.6    -0.0320865142082499    -0.0329247154623959    0.00102954439403714    0.0010840368886293    3.03645439201987e-08    5.91245352233732e-07
17.7    -0.0351092835213673    -0.0272880927676851    0.00123266178938479    0.00074464000724395    3.21205041575814e-08    5.88357093635465e-07
17.8    -0.0374979952001846    -0.0202595997196375    0.00140609964403408    0.000410451381142999    3.1866342035915e-08    5.85717913361301e-07
17.9    -0.0391217551817462    -0.012042018476371    0.00153051172850143    0.000145010209324717    3.07230599284297e-08    5.82629110151685e-07
18    -0.0398806468598973    -0.00304837781814822    0.00159046599396462    9.29260765838713e-06    2.80249184432087e-08    5.79835362198749e-07
18.1    -0.0397246390285492    0.00615060479776765    0.00157804694594956    3.78299397110406e-05    3.21036226174667e-08    5.76817296973277e-07
18.2    -0.0386644803832325    0.0149307278181875    0.00149494204330614    0.000222926633509859    2.77723140106507e-08    5.7363734587129e-07
18.3000000000001    -0.0367708414648434    0.0227381312657823    0.00135209478203358    0.000517022613784734    3.05319018061934e-08    5.69903405115602e-07
18.4000000000001    -0.0341618812461883    0.0291900460357763    0.0011670341302795    0.000852058787892124    2.86863983259749e-08    5.66905850855533e-07
18.5000000000001    -0.0309832800328697    0.034121449695577    0.000959963641596175    0.00116427332964524    3.08726761041541e-08    5.63425719515913e-07
18.6000000000001    -0.027386643703465    0.0375723777834049    0.00075002825334138    0.00141168357261258    2.90357643144576e-08    5.60074391583312e-07
18.7000000000001    -0.0235114706181253    0.0397336298576419    0.000552789250627889    0.00157876134197381    3.02948368374708e-08    5.56524660554448e-07
18.8000000000001    -0.0194735198135177    0.0408774751636726    0.000379217973928323    0.00167096797606294    2.92617269777508e-08    5.53414686224069e-07
18.9000000000002    -0.0153599114350735    0.0412951315051264    0.000235926879294194    0.00170528788632964    2.98631963623781e-08    5.51322512452721e-07
19.0000000000002    -0.0112296426600856    0.0412518823900271    0.000126104874274096    0.00170171780101959    2.96975463162924e-08    5.46776580601824e-07
19.1000000000002    -0.00711763363774205    0.0409609413429361    5.06607086019646e-05    0.00167779871599615    2.91101162053248e-08    5.44699515652396e-07
19.2000000000002    -0.00304061868030682    0.0405717219418553    9.24536195987722e-06    0.0016460646216199    2.90933220768338e-08    5.40996016783003e-07
19.3000000000002    0.000996268671654248    0.0401667455672539    9.92551266954643e-07    0.00161336744975514    2.88950254142635e-08    5.39097421795019e-07
19.4000000000002    0.00499282740671124    0.0397624132834298    2.49283255140324e-05    0.00158104951041013    2.87308320825142e-08    5.36524863730861e-07
19.5000000000002    0.00894726630672894    0.0393108583309233    8.00535743643508e-05    0.0015453435829979    2.87015123408939e-08    5.32895379623356e-07
19.6000000000003    0.0128498872930707    0.0387023033997597    0.000165119603445417    0.00149786828873003    2.82450537894539e-08    5.31958459642104e-07
19.7000000000003    0.0166770859324776    0.0377694848715077    0.000278125195200073    0.00142653398773858    2.8837182010321e-08    5.28713638379474e-07
19.8000000000003    0.0203860344026122    0.0362976008684795    0.000415590398665344    0.00131751582908409    2.92265064897039e-08    5.25967670646513e-07
19.9000000000003    0.0239108272642837    0.034044445792429    0.000571727660463168    0.00115902428958887    2.74641484739317e-08    5.24625670416744e-07
20.0000000000003    0.0271613339403143    0.0307749495923937    0.00073773806141809    0.000947097522687083    2.86618210533153e-08    5.22217594101321e-07
20.1000000000003    0.0300262833206518    0.0263109240001153    0.000901577690052848    0.0006922647220109    2.82119268186632e-08    5.20629727936213e-07
20.2000000000004    0.0323818593068897    0.0205896760045906    0.00104858481217199    0.00042393475824222    2.80133099159133e-08    5.1788815828891e-07
20.3000000000004    0.0341059869369079    0.0137157813513674    0.0011632183449413    0.000188122658344302    2.75882207669292e-08    5.15541937156854e-07
20.4000000000004    0.0350965358441311    0.00598373861585564    0.00123176682825916    3.58051280865068e-05    2.79862046266286e-08    5.13444118449918e-07
20.5000000000004    0.0352894911042137    -0.0021475819877837    0.00124534818239503    4.61210865618697e-06    2.55265647054943e-08    5.11794860446144e-07
20.6000000000004    0.0346719450085887    -0.010131495640727    0.00120214377067933    0.000102647204176826    2.70524761607457e-08    5.08680701819544e-07
20.7000000000004    0.0332856389931562    -0.0174406536345561    0.00110793376318349    0.000304176399456271    2.77058682975239e-08    5.05683341433994e-07
20.8000000000005    0.0312197486892142    -0.023668427441347    0.000974672708218391    0.000560194457800187    2.64813512714821e-08    5.03866493010348e-07
20.9000000000005    0.0285952802987163    -0.028590881921578    0.00081769005536273    0.000817438529304227    2.40864398053551e-08    5.00611765290864e-07
21.0000000000005    0.02554592941709    -0.0321752509711839    0.000652594509783667    0.00103524677530638    2.68876553201155e-08    4.97701084291722e-07
21.1000000000005    0.0222004762588096    -0.0345437962036478    0.000492861146118665    0.00119327385640533    2.64178147928423e-08    4.96165106236116e-07
21.2000000000005    0.0186701268108174    -0.0359151445950856    0.000348573635132711    0.00128989761152811    2.6601856288261e-08    4.92141638919619e-07
21.3000000000005    0.015041906614218    -0.0365450498536956    0.000226258954591555    0.00133554066904922    2.64285857466773e-08    4.90018627340191e-07
21.4000000000005    0.0113774027465462    -0.0366800970647035    0.000129445293257778    0.00134542952091498    2.57169851502107e-08    4.88781786684577e-07
21.5000000000006    0.00771528978532726    -0.0365283235720018    5.95256964722626e-05    0.00133431842321621    2.62193047198355e-08    4.85132133126936e-07
21.6000000000006    0.00407603213635283    -0.0362443393888961    1.66140379772536e-05    0.00131365213797058    2.59346975039985e-08    4.82802284660627e-07
21.7000000000006    0.000467551544439019    -0.0359240244780761    2.18604447373471e-07    0.00129053553493315    2.5810049784883e-08    4.81394684010951e-07
21.8000000000006    -0.00310885320687036    -0.0356040945875874    9.66496826253001e-06    0.00126765155163118    2.57271276576237e-08    4.7886080992133e-07
21.9000000000006    -0.00665264655147678    -0.0352633537304956    4.4257706139529e-05    0.00124350411654867    2.55554833866198e-08    4.76039090873271e-07
22.0000000000006    -0.0101583455705524    -0.0348243794286993    0.000103191984731405    0.00121273740282003    2.53635833242126e-08    4.75412124376471e-07
22.1000000000007    -0.0136100201700042    -0.0341563296604307    0.000185232649028562    0.00116665485609579    2.53154479351281e-08    4.73043801294546e-07
22.2000000000007    -0.0169762266141188    -0.0330813658761254    0.000288192270054568    0.00109437676845156    2.5520192887438e-08    4.70620021928645e-07
22.3000000000007    -0.0202059218174294    -0.0313885817895933    0.000408279276492723    0.000985243066982404    2.55944320627699e-08    4.69481501931057e-07
22.4000000000007    -0.0232263236032363    -0.0288596344383023    0.000539462108122864    0.000832878500131647    2.47020036166065e-08    4.68192031534802e-07
22.5000000000007    -0.0259440307355023    -0.0253083714805852    0.000673092730805274    0.000640513667216417    2.41852655982094e-08    4.65960145951341e-07
22.6000000000007    -0.0282507183969964    -0.0206316096291514    0.0007981030899471    0.000425663316105246    2.65773910565786e-08    4.64275571191284e-07
22.7000000000007    -0.0300340558926311    -0.014860216376491    0.000902044513362275    0.00022082603097043    2.42255781348228e-08    4.62923971963941e-07
22.8000000000008    -0.0311930025403624    -0.00819205355747254    0.000973003407483807    6.71097417012264e-05    2.73910186623274e-08    4.61224238477172e-07
22.9000000000008    -0.0316546525700743    -0.000987159089117029    0.00100201702933288    9.74483277867082e-07    2.76314163564645e-08    4.58956118971311e-07
23.0000000000008    -0.0313882448970133    0.00628423872750792    0.000985221917715436    3.94916565928859e-05    2.35239620140103e-08    4.56700757241582e-07
23.1000000000008    -0.030411951740012    0.0131305835857702    0.000924886808637227    0.000172412225510087    2.02629554290646e-08    4.55180514124346e-07
23.2000000000008    -0.0287900810020976    0.0191360120412967    0.000828868764107949    0.000366186957049893    2.46646678262979e-08    4.53036563145657e-07
23.3000000000008    -0.0266215807423092    0.0240322521460145    0.000708708561219898    0.000577549143412998    2.46712606008157e-08    4.50974505423051e-07
23.4000000000009    -0.0240235489345302    0.027724880516517    0.000577130903410287    0.000768668999855988    2.27888753698061e-08    4.48159496797622e-07
23.5000000000009    -0.0211144614135633    0.0302744890414138    0.000445820480785453    0.000916544686917865    2.44549773735942e-08    4.46294621889542e-07
23.6000000000009    -0.0180008828322534    0.0318494371764279    0.000324031782741075    0.00101438664865299    2.36389043675681e-08    4.44699459072774e-07
23.7000000000009    -0.0147694419232405    0.0326711127631101    0.000218136414724529    0.00106740160937491    2.35838019514468e-08    4.41652912329157e-07
23.8000000000009    -0.0114839770801976    0.0329671468393933    0.000131881729579056    0.00108683277092357    2.35262663645095e-08    4.39834033239987e-07
23.9000000000009    -0.00818665176848515    0.0329392332098647    6.70212671789944e-05    0.00108499308464606    2.35242500701671e-08    4.38416825295449e-07
24.000000000001    -0.00490155314037123    0.0327451728939088    2.40252231884293e-05    0.001072246348042    2.33724597865743e-08    4.35919655862396e-07
24.100000000001    -0.00163953047508994    0.0324912511877898    2.68806017929244e-06    0.00105568140393667    2.33194884221127e-08    4.34303237920933e-07
24.200000000001    0.00159653191602105    0.0322304665786327    2.54891415941344e-06    0.00103880297606317    2.32288863965682e-08    4.32218970534242e-07
24.300000000001    0.0048064077722181    0.0319631685638541    2.31015556733726e-05    0.00102164414482723    2.31078549000313e-08    4.31145523544707e-07
24.400000000001    0.00798732436432944    0.0316383137459479    6.37973505015422e-05    0.00100098289687105    2.30552308075234e-08    4.2896757215321e-07
24.500000000001    0.0111289059725    0.0311553128623733    0.000123852548145272    0.000970653519735249    2.29098727997393e-08    4.27652916700516e-07
24.600000000001    0.0142083940115304    0.030368135781525    0.000201878460387392    0.000922223671027164    2.23699242893373e-08    4.26643206806377e-07
24.7000000000011    0.0171865152491002    0.0290947963598777    0.000295376306408053    0.000846507175403195    2.23759818388782e-08    4.24783669038192e-07
24.8000000000011    0.0200047286811927    0.0271360970965257    0.00040018916960863    0.000736367765811137    2.22654764909489e-08    4.23163529748007e-07
24.9000000000011    0.0225849465247271    0.0243066869674481    0.000510079809525254    0.000590815031512011    2.17269792170975e-08    4.22492230285101e-07
25.0000000000011    0.0248329821714963    0.020478003572444    0.000616677003530356    0.000419348630490215    2.24775045852124e-08    4.20936168464394e-07
25.1000000000011    0.0266466339788054    0.015626210859139    0.000710043102400955    0.000244178465990034    2.30278805486449e-08    4.19238583581688e-07
25.2000000000011    0.0279282393612709    0.00987066275513231    0.000779986553821011    9.74299834003095e-05    2.38375829017888e-08    4.18035214885887e-07
25.3000000000012    0.0285998312338762    0.00348443274582952    0.000817950346606672    1.21412717336228e-05    2.17095067742095e-08    4.16429790225412e-07
25.4000000000012    0.028617343850547    -0.0031364629935881    0.000818952369061053    9.83740028237667e-06    2.47830694368764e-08    4.15004906763403e-07
25.5000000000012    0.0279796748950063    -0.0095431653110996    0.000782862207230691    9.10720043259498e-05    2.1042532339124e-08    4.13491359926414e-07
25.6000000000012    0.026729562367876    -0.0153227819179432    0.000714469504378584    0.00023478764587456    2.02308259869259e-08    4.11962720571172e-07
25.7000000000012    0.0249459124747365    -0.0201753704978846    0.000622298549197716    0.000407045574894482    2.23808266980535e-08    4.09351101949672e-07
25.8000000000012    0.0227301038188083    -0.0239545642527977    0.000516657619614286    0.000573821148707467    2.19380341955772e-08    4.07494336461651e-07
25.9000000000012    0.0201904157894019    -0.0266649783739219    0.000407652889749425    0.000711021071846934    2.22423346639946e-08    4.06464958894889e-07
26.0000000000013    0.0174284878851437    -0.0284270446308208    0.000303752189963071    0.000808096866606288    2.16807714779961e-08    4.04487209359785e-07
26.1000000000013    0.0145301494285232    -0.0294280320130565    0.000211125242415699    0.000866009068323555    2.20489513161624e-08    4.02590104483061e-07
26.2000000000013    0.0115611225240309    -0.0298758045145063    0.000133659554016109    0.00089256369554948    2.13183124484939e-08    4.00606215996183e-07
26.3000000000013    0.0085668020732913    -0.0299643714212262    7.33900977634083e-05    0.00089786355482866    2.14532939713252e-08    3.99328650771511e-07
26.4000000000013    0.0055747950549199    -0.0298529687908722    3.10783399048168e-05    0.000891199745786856    2.1388761223602e-08    3.97577123901939e-07
26.5000000000013    0.00259897599326618    -0.0296560015807405    6.75467621402622e-06    0.000879478429913936    2.12668960001914e-08    3.96295949250215e-07
26.6000000000014    -0.000355825276774588    -0.0294397644109733    1.26611628040596e-07    0.000866699728729365    2.11868908236628e-08    3.94654328330959e-07
26.7000000000014    -0.00328899341439253    -0.0292223666463958    1.08174776803637e-05    0.000853946712570914    2.11259330690997e-08    3.93100050059743e-07
26.8000000000014    -0.00619935158378415    -0.0289746488786621    3.84319600598081e-05    0.000839530277795042    2.10004657674351e-08    3.91520910187765e-07
26.9000000000014    -0.00908049407543995    -0.0286214693505403    8.24553726545426e-05    0.000819188507936531    2.10377013795647e-08    3.90660957975642e-07
27.0000000000014    -0.0119162993269375    -0.028044317797326    0.000141998189649585    0.000786483760869266    2.0362367637698e-08    3.89680879533465e-07
27.1000000000014    -0.0146768649360952    -0.0270876563803372    0.00021541036435283    0.000733741128329563    2.11805513129425e-08    3.87734961775058e-07
27.2000000000015    -0.0173154025257803    -0.025572396332988    0.000299823164630229    0.000653947454360888    2.07101516033868e-08    3.86615406477272e-07
27.3000000000015    -0.0197669800600931    -0.0233198313673183    0.000390733500696569    0.000543814535149217    2.12323164850064e-08    3.86075614290557e-07
27.4000000000015    -0.021950244719    -0.0201871793914578    0.000481813243224435    0.000407522211930957    2.11235272643186e-08    3.84783828226333e-07
27.5000000000015    -0.0237731509510971    -0.0161109378489957    0.000565162706144075    0.00025956231852121    2.06209624423501e-08    3.83415165855165e-07
27.6000000000015    -0.025142999290602    -0.0111473301101379    0.000632170413327576    0.000124262968730723    1.91204856779872e-08    3.82538267578407e-07
27.7000000000015    -0.0259797096103108    -0.00549358960523688    0.000674945311436506    3.01795268962517e-05    2.07650476521843e-08    3.81425048749287e-07
27.8000000000015    -0.0262296031731498    0.000525115892976628    0.000687992082621379    2.75746845316755e-07    2.16369706308263e-08    3.7981589406181e-07
27.9000000000016    -0.025875908295859    0.00650749292026322    0.000669562630136103    4.23474642505999e-05    1.99583535937004e-08    3.78581391545782e-07
28.0000000000016    -0.0249426055266302    0.0120539262261101    0.000622133570457475    0.000145297137606798    1.97316243664718e-08    3.77216290322775e-07
28.1000000000016    -0.0234902486569177    0.0168442291420788    0.000551791781964137    0.000283728055532009    1.76736709795411e-08    3.75702239034678e-07
28.2000000000016    -0.0216051412583874    0.0206891363907993    0.000466782128795213    0.000428040364736983    1.83641249655848e-08    3.740145832456e-07
28.3000000000016    -0.0193852928592166    0.0235425405458278    0.000375789579237981    0.0005542512154907    1.96352309010066e-08    3.72494540210533e-07
28.4000000000016    -0.0169269957180001    0.0254788418270809    0.000286523184037621    0.000649171380987    2.06629817675183e-08    3.70934072527851e-07
28.5000000000017    -0.0143147851220775    0.0266509675538773    0.000204913073091655    0.00071027407169433    2.00829083592145e-08    3.69468413003949e-07
28.6000000000017    -0.0116158513281936    0.0272458123243108    0.000134928002079098    0.00074233428934705    2.00484625444119e-08    3.68083377675141e-07
28.7000000000017    -0.00887854504853429    0.0274481711866958    7.88285621792404e-05    0.000753402101628629    1.96896823698734e-08    3.66704789757357e-07
28.8000000000017    -0.00613387748564142    0.0274170463770506    3.76244530092465e-05    0.000751694432174653    1.96932956450068e-08    3.65115718068641e-07
28.9000000000017    -0.00339880973580819    0.0272730642207698    1.15519076206059e-05    0.000743820032122615    1.952838830463e-08    3.6384181785502e-07
29.0000000000017    -0.000680387510845954    0.0270935011820099    4.62927165294604e-07    0.000734057806431028    1.94794874567888e-08    3.62570469025709e-07
29.1000000000017    0.00201985554320139    0.0269113466160831    4.07981641577813e-06    0.00072422057682151    1.9410444022134e-08    3.61304699323929e-07
29.2000000000018    0.00470149167228458    0.0267158681770757    2.21040239449364e-05    0.000713737612584862    1.93699493559531e-08    3.60518836091695e-07
29.3000000000018    0.0073608718773186    0.0264535626409701    5.41824347946715e-05    0.000699790976528754    1.92798324311462e-08    3.59198301154821e-07
29.4000000000018    0.00998692146340691    0.0260298401409222    9.9738600316624e-05    0.000677552577890324    1.9142445748801e-08    3.58270153066327e-07
29.5000000000018    0.0125572074191839    0.025313181868179    0.000157683458168775    0.000640757176418871    1.91785188952564e-08    3.56882367047569e-07
29.6000000000018    0.0150346610232014    0.0241446422603293    0.000226041032082925    0.000582963750006305    1.87800683361253e-08    3.56407670471623e-07
29.7000000000018    0.0173656552574122    0.0223559637317261    0.000301565982519636    0.000499789114500463    1.86322713491903e-08    3.5526278954935e-07
29.8000000000019    0.0194804224873433    0.0197984039827015    0.000379486860285704    0.000391976800387627    1.77104400989941e-08    3.54083435424613e-07
29.9000000000019    0.0212968514387879    0.0163807952341563    0.00045355588120612    0.000268330452628215    1.78370156560976e-08    3.53351550859234e-07
