0 0 0
2.99999999999998 2.86757343334032e-19 8.43988214192312e-21
5.99999999999992 2.09096696229015e-19 2.29470415473263e-21
8.99999999999985 1.46758325869326e-19 8.46927894041154e-22
11.9999999999998 1.33471253372118e-19 4.77059043867687e-22
14.9999999999997 1.18175056615509e-19 2.88123361374863e-22
18 1.1683643656317e-19 2.07040474096238e-22
21.0000000000005 1.08057753868636e-19 1.45518181730272e-22
24.000000000001 1.82149357250823e-19 1.92626837033712e-22
27.0000000000014 3.6684296908027e-19 3.12355790209158e-22
30.0000000000019 6.76772032507868e-19 4.73157288757324e-22
33.000000000002 1.83886252569114e-18 1.07242002806371e-21
36.0000000000014 2.46188181821274e-18 1.21340479226583e-21
39.0000000000008 6.02480228850099e-18 2.53755394172039e-21
42.0000000000002 1.42471312379639e-17 5.1775376894722e-21
44.9999999999996 2.03541263744697e-17 6.4374058135527e-21
47.999999999999 5.42695819046215e-17 1.50553276195785e-20
50.9999999999984 2.17494625215957e-16 5.33125765088715e-20
53.9999999999978 2.60299169678429e-15 5.6766094817576e-19
56.9999999999972 2.85545766977066e-14 5.57652469685712e-18
59.9999999999966 9.18301622192387e-14 1.61600492369759e-17
62.999999999996 6.69835500070774e-14 1.06843485260447e-17
65.9999999999969 5.3919582752896e-14 7.83901194526744e-18
68.9999999999984 8.85514362772945e-14 1.17948683407982e-17
71.9999999999999 8.5670411408454e-14 1.050461840234e-17
75.0000000000015 1.32129707377725e-13 1.49788362538957e-17
78.000000000003 1.39052079914817e-13 1.46304711655366e-17
81.0000000000045 2.06030360955665e-13 2.01874118338208e-17
84.0000000000061 3.179706676742e-13 2.90982062192853e-17
87.0000000000076 4.76972781922144e-13 4.0866599055366e-17
90.0000000000091 8.55662275611423e-13 6.87794813090583e-17
93.0000000000107 1.81905463551498e-12 1.37406467683305e-16
96.0000000000122 8.53508932942769e-12 6.06658229101901e-16
99.0000000000137 8.87806499061312e-11 5.94308347111076e-15
102.000000000015 1.91923107339583e-09 1.2100973929794e-13
105.000000000017 6.02326816812272e-08 3.57326531748501e-12
108.000000000018 4.67726493734035e-07 2.60862522933156e-11
111.00000000002 2.13524756380591e-06 1.12125611288151e-10
114.000000000021 6.73504135566201e-06 3.33854476231138e-10
117.000000000023 7.8476798433361e-06 3.67037660980191e-10
120.000000000024 7.83758099823503e-06 3.46382774314922e-10
123.000000000026 7.97549033580491e-06 3.33349511711422e-10
126.000000000028 8.31440577968441e-06 3.28951888927433e-10
129.000000000028 8.99689754389191e-06 3.37555105075151e-10
132.000000000025 1.12628691309294e-05 4.01082315722792e-10
135.000000000022 1.42837927664023e-05 4.83296078554121e-10
138.000000000019 1.61656287966836e-05 5.20349837606001e-10
141.000000000017 1.56842540533554e-05 4.80802318858585e-10
144.000000000014 1.52441200337771e-05 4.45436636603575e-10
147.000000000011 1.61664918310089e-05 4.50834911252897e-10
150.000000000009 1.77164006997834e-05 4.71945029724581e-10
153.000000000006 1.8038182452809e-05 4.59459021867254e-10
156.000000000003 1.76094076328133e-05 4.29356049135665e-10
159 1.6885073431126e-05 3.94365279318551e-10
161.999999999998 1.53000951924985e-05 3.42547581004295e-10
164.999999999995 1.41692872666936e-05 3.04397202050942e-10
167.999999999992 1.48324089046865e-05 3.05911717878248e-10
170.999999999989 1.69614114720416e-05 3.36116999074198e-10
173.999999999987 2.06690336338929e-05 3.93869028528961e-10
176.999999999984 2.35968605988087e-05 4.32611637520061e-10
179.999999999981 2.450089065674e-05 4.32431759601789e-10
182.999999999979 2.29213045417157e-05 3.89755741378145e-10
185.999999999976 1.97440956897694e-05 3.23589608307616e-10
188.999999999973 1.61549379440301e-05 2.55405245866618e-10
191.99999999997 1.50544796829336e-05 2.29749283855501e-10
194.999999999968 1.62682672620144e-05 2.39748704696267e-10
197.999999999965 1.83641062680446e-05 2.61468115004147e-10
200.999999999962 2.06414178770766e-05 2.84159648368319e-10
203.999999999959 2.31097339862758e-05 3.07810228070723e-10
206.999999999957 2.44408491658209e-05 3.1510953680267e-10
209.999999999954 2.46576193511812e-05 3.07843188026557e-10
212.999999999951 2.33076705778138e-05 2.81878459562886e-10
215.999999999949 2.1740958559143e-05 2.54873772951343e-10
218.999999999946 2.04908356453956e-05 2.32969369467672e-10
221.999999999943 2.06938396293536e-05 2.28320763418572e-10
224.99999999994 2.19291412830463e-05 2.34895365004028e-10
227.999999999938 2.31436757602606e-05 2.4073069718606e-10
230.999999999935 2.23359328125653e-05 2.25678595190474e-10
233.999999999932 2.02169304921924e-05 1.98523423266762e-10
236.999999999929 1.8260476992259e-05 1.74366398508892e-10
239.999999999927 1.84963236685036e-05 1.71848981289754e-10
242.999999999924 2.03964906467364e-05 1.84435363887988e-10
245.999999999921 2.2608552625783e-05 1.98977954885346e-10
248.999999999919 2.44335229446402e-05 2.09355780768846e-10
251.999999999916 2.52386929391656e-05 2.1064307314077e-10
254.999999999913 2.54559599488978e-05 2.07072461281312e-10
257.99999999991 2.52640974037244e-05 2.00398092322162e-10
260.999999999908 2.45203832174236e-05 1.89693375582233e-10
263.999999999905 2.3405353750833e-05 1.76589884360049e-10
266.999999999902 2.1684350044078e-05 1.59591042030994e-10
269.999999999899 1.91713358264581e-05 1.37693458623093e-10
272.999999999897 1.69160669565595e-05 1.18637048779509e-10
275.999999999894 1.68360560527139e-05 1.15353986921057e-10
278.999999999891 1.87028984170243e-05 1.252145757803e-10
281.999999999889 2.15004549117311e-05 1.40649024340227e-10
284.999999999886 2.3844538650498e-05 1.52415553691363e-10
287.999999999883 2.55014597896774e-05 1.59329374907415e-10
290.99999999988 2.64224285240471e-05 1.61439202668156e-10
293.999999999878 2.65981762834875e-05 1.59010762063525e-10
296.999999999875 2.56577462011062e-05 1.50139298030334e-10
299.999999999872 2.44226346366121e-05 1.3988821832071e-10
302.999999999869 2.29676986491082e-05 1.28753029510394e-10
305.999999999867 2.11416330556022e-05 1.15997799470847e-10
308.999999999864 1.9775064894542e-05 1.06239441659864e-10
311.999999999861 1.9551474825989e-05 1.02910307134437e-10
314.999999999859 2.0191331856098e-05 1.04166749559804e-10
317.999999999856 2.13368526420913e-05 1.07906367730308e-10
320.999999999853 2.27059858689871e-05 1.12564424231456e-10
323.99999999985 2.30818057446196e-05 1.12163818423133e-10
326.999999999848 2.27407537857003e-05 1.08333778341421e-10
329.999999999845 2.23437361576651e-05 1.0437382557576e-10
332.999999999842 2.19079499322093e-05 1.00398275105684e-10
335.999999999839 2.23138676703754e-05 1.00372205573703e-10
338.999999999837 2.3054864211848e-05 1.01810240165463e-10
341.999999999834 2.41553161783681e-05 1.04715936979375e-10
344.999999999831 2.5324877800192e-05 1.07755717167955e-10
347.999999999829 2.5953996651532e-05 1.08390875092352e-10
350.999999999826 2.5714471542217e-05 1.05442506379346e-10
353.999999999823 2.5030814424663e-05 1.00820004142446e-10
356.99999999982 2.39089747288615e-05 9.46317533266008e-11
359.999999999818 2.23449543719553e-05 8.69291802242764e-11
362.999999999815 2.08809807779748e-05 7.98433867371417e-11
365.999999999812 1.97892029103998e-05 7.43643184105385e-11
368.999999999809 1.89094701530321e-05 6.98335897533551e-11
371.999999999807 1.82622624533704e-05 6.62911960658723e-11
374.999999999804 1.8336184232711e-05 6.54431867802488e-11
377.999999999801 1.97157033470956e-05 6.92116231412207e-11
380.999999999798 2.17324449474328e-05 7.50598104550051e-11
383.999999999796 2.38773734592418e-05 8.1147724529644e-11
386.999999999793 2.57076802515417e-05 8.59668261922407e-11
389.99999999979 2.67589682603148e-05 8.80446763569879e-11
392.999999999788 2.7266368416845e-05 8.82747741934631e-11
395.999999999785 2.69796566390865e-05 8.59516311865248e-11
398.999999999782 2.58498096766856e-05 8.10599151789532e-11
401.999999999779 2.39564504293184e-05 7.39670443281609e-11
404.999999999777 2.18289618192366e-05 6.63814732499245e-11
407.999999999774 2.01629564383993e-05 6.03967049124587e-11
410.999999999771 1.95308399412773e-05 5.7627847609322e-11
413.999999999768 1.9464710201309e-05 5.65702775534589e-11
416.999999999766 1.97361318663116e-05 5.64953005259203e-11
419.999999999763 1.99198965428302e-05 5.61664814001262e-11
422.99999999976 2.02568150076174e-05 5.62733715365802e-11
425.999999999758 2.0631659558881e-05 5.64851265136339e-11
428.999999999755 2.12629656587732e-05 5.73853215791081e-11
431.999999999752 2.21512096056243e-05 5.8940501634455e-11
434.999999999749 2.31762836322883e-05 6.0802524454659e-11
437.999999999747 2.43577291323464e-05 6.30024015263504e-11
440.999999999744 2.48484830860406e-05 6.33685514400705e-11
443.999999999741 2.49878051546201e-05 6.2827577315046e-11
446.999999999738 2.4132047410342e-05 5.98284963641491e-11
449.999999999736 2.33028836986974e-05 5.69762477203208e-11
452.999999999733 2.2248094172673e-05 5.36611750925557e-11
455.99999999973 2.17802990251693e-05 5.18332095388463e-11
458.999999999728 2.16345323020521e-05 5.08082487101854e-11
461.999999999725 2.1812493095941e-05 5.05518704299083e-11
464.999999999722 2.25278259194915e-05 5.15204287272839e-11
467.999999999719 2.31291632391193e-05 5.21968998251434e-11
470.999999999717 2.33844082975048e-05 5.20762556608038e-11
473.999999999714 2.28605529676923e-05 5.02414727394672e-11
476.999999999711 2.1608845946014e-05 4.6877349502942e-11
479.999999999708 2.04500683219219e-05 4.38007318371802e-11
482.999999999706 1.93628979776381e-05 4.09529091775976e-11
485.999999999703 1.86758939174497e-05 3.90088420586693e-11
488.9999999997 1.87268946877348e-05 3.86287586475581e-11
491.999999999698 1.9516783692252e-05 3.97573722783279e-11
494.999999999695 2.06558495062867e-05 4.15556482436458e-11
497.999999999692 2.1630230703454e-05 4.29769105568291e-11
500.999999999689 2.30155709528682e-05 4.51664363740995e-11
503.999999999687 2.43258612209034e-05 4.71567895717539e-11
506.999999999684 2.53390749657417e-05 4.85313397477084e-11
509.999999999681 2.57967896926464e-05 4.88197229448288e-11
512.999999999678 2.60563991832388e-05 4.87304073765127e-11
515.999999999676 2.59449418129024e-05 4.79533955579378e-11
518.999999999673 2.51342631181711e-05 4.59124477804892e-11
521.99999999967 2.39308852095186e-05 4.32028379839482e-11
524.999999999668 2.19494660394916e-05 3.91629828780648e-11
527.999999999665 2.01857429139949e-05 3.55975200790515e-11
530.999999999662 1.8758988083872e-05 3.2699790265974e-11
533.999999999659 1.7632007497547e-05 3.03848119335267e-11
536.999999999657 1.72115470580598e-05 2.93257796591628e-11
539.999999999654 1.76789236752174e-05 2.97856300919329e-11
542.999999999651 1.84320693179692e-05 3.0709803593828e-11
545.999999999648 1.94760290636837e-05 3.20902917289535e-11
548.999999999646 2.06574430651155e-05 3.3660225403969e-11
551.999999999643 2.16616354572807e-05 3.49061822472881e-11
554.99999999964 2.28855869658613e-05 3.64736497420365e-11
557.999999999638 2.36675039926416e-05 3.73080126357334e-11
560.999999999635 2.4149428530166e-05 3.76549957180686e-11
563.999999999632 2.42738653906933e-05 3.7442970330457e-11
566.999999999629 2.4106048520054e-05 3.67881232451162e-11
569.999999999627 2.36264294623299e-05 3.56747401425164e-11
572.999999999624 2.33336373982691e-05 3.48626310939117e-11
575.999999999621 2.30244738953887e-05 3.40410338906671e-11
578.999999999618 2.22538871793185e-05 3.25574879801287e-11
581.999999999616 2.13814353604721e-05 3.09549323823918e-11
584.999999999613 2.06092928854116e-05 2.95270032851154e-11
587.99999999961 2.00224691664742e-05 2.8389993441554e-11
590.999999999608 1.97103721462515e-05 2.76609171915171e-11
593.999999999605 1.97721976349388e-05 2.74657084454356e-11
596.999999999602 2.01147159866361e-05 2.76604005003216e-11
599.999999999599 2.05555811783743e-05 2.79840321854578e-11
602.999999999597 2.05876473940413e-05 2.77488472619315e-11
605.999999999594 2.07247890899157e-05 2.76561782521954e-11
608.999999999591 2.0572742497265e-05 2.71811125608152e-11
611.999999999588 2.05051983969688e-05 2.68237273691819e-11
614.999999999586 2.03764577314513e-05 2.63924277547813e-11
617.999999999583 2.04148494441955e-05 2.61833197460612e-11
620.99999999958 2.04408793630925e-05 2.5962266608246e-11
623.999999999578 2.05669998831204e-05 2.58704608885944e-11
626.999999999575 2.07509051942836e-05 2.58521934431333e-11
629.999999999572 2.09638824404325e-05 2.58696328163562e-11
632.999999999569 2.15165091945987e-05 2.63002796041385e-11
635.999999999567 2.20966265050524e-05 2.67548531779623e-11
638.999999999564 2.24810161290806e-05 2.69643333829745e-11
641.999999999561 2.3098830282816e-05 2.74452336940844e-11
644.999999999558 2.36384846794179e-05 2.78235655877349e-11
647.999999999556 2.38921192222488e-05 2.78601850995366e-11
650.999999999553 2.376959526008e-05 2.7460839239613e-11
653.99999999955 2.34547165992651e-05 2.68481341639187e-11
656.999999999548 2.28832093334902e-05 2.59549682107839e-11
659.999999999545 2.21800353160754e-05 2.49294645073687e-11
662.999999999542 2.14241589689203e-05 2.38633591916981e-11
665.999999999539 2.07761870653632e-05 2.29336123256716e-11
668.999999999537 1.97898876056295e-05 2.16494063855246e-11
671.999999999534 1.87295179931059e-05 2.03068501093077e-11
674.999999999531 1.7790702208417e-05 1.9117725197244e-11
677.999999999528 1.7202263421144e-05 1.83219136802166e-11
680.999999999526 1.69500269338664e-05 1.78940539697264e-11
683.999999999523 1.70621301555235e-05 1.78542761140585e-11
686.99999999952 1.75413299488575e-05 1.81951670113645e-11
689.999999999518 1.83613032457058e-05 1.88803038893617e-11
692.999999999515 1.95218417685778e-05 1.99001875307675e-11
695.999999999512 2.06853043311933e-05 2.09053070558547e-11
698.999999999509 2.22737651140331e-05 2.23185338710766e-11
701.999999999507 2.34916478317292e-05 2.33389512973174e-11
704.999999999504 2.4666816340454e-05 2.42993088256572e-11
707.999999999501 2.51955305797896e-05 2.46115085524086e-11
710.999999999498 2.55539417422292e-05 2.47520887408415e-11
713.999999999496 2.50782428775818e-05 2.40880774144118e-11
716.999999999493 2.43987844252835e-05 2.32398537522576e-11
719.99999999949 2.30609775673704e-05 2.17827090941599e-11
722.999999999487 2.18604823589348e-05 2.04773446047903e-11
725.999999999485 2.03391784490906e-05 1.88953545758613e-11
728.999999999482 1.91981137154036e-05 1.76889441393913e-11
731.999999999479 1.83335921038014e-05 1.67545145138637e-11
734.999999999477 1.79458875193494e-05 1.62666882988694e-11
737.999999999474 1.77057859105065e-05 1.59196005388813e-11
740.999999999471 1.79084640604161e-05 1.59730033999964e-11
743.999999999468 1.82728909310088e-05 1.61683851804524e-11
746.999999999466 1.87038441284291e-05 1.64185067671091e-11
749.999999999463 1.93458674102028e-05 1.6847668078902e-11
752.99999999946 1.97821898122451e-05 1.709156105011e-11
755.999999999457 1.99867452439403e-05 1.71320663189433e-11
758.999999999455 2.00287224113483e-05 1.70324179884571e-11
761.999999999452 2.02434960748077e-05 1.70793413245665e-11
764.999999999449 2.02810247386278e-05 1.6976485466578e-11
767.999999999447 2.06553839364265e-05 1.71549724635157e-11
770.999999999444 2.08789026669754e-05 1.72063677987287e-11
773.999999999441 2.09267487110794e-05 1.71133934656203e-11
776.999999999438 2.09625608899602e-05 1.70121691021614e-11
779.999999999436 2.10791606705809e-05 1.69775578361964e-11
782.999999999433 2.11850795363967e-05 1.69346027965738e-11
785.99999999943 2.1134020603466e-05 1.67675164341154e-11
788.999999999427 2.09112744582235e-05 1.64664937404654e-11
791.999999999425 2.06555580046752e-05 1.61433229947359e-11
794.999999999422 2.07273147859352e-05 1.60778054193394e-11
797.999999999419 2.10040006610544e-05 1.61698896793788e-11
800.999999999417 2.12747627260177e-05 1.62553183512403e-11
803.999999999414 2.15349154629831e-05 1.63309162894875e-11
806.999999999411 2.16560942977636e-05 1.63005219007762e-11
809.999999999408 2.16586239812126e-05 1.6182255590819e-11
812.999999999406 2.13366903136522e-05 1.58255613663162e-11
815.999999999403 2.08136957207954e-05 1.53262631697609e-11
818.9999999994 2.01098246628205e-05 1.47018634704441e-11
821.999999999397 1.94097131572101e-05 1.40890349564367e-11
824.999999999395 1.88166260356528e-05 1.35615290295844e-11
827.999999999392 1.82979649216846e-05 1.30941917295469e-11
830.999999999389 1.78075594115781e-05 1.2652867240143e-11
833.999999999387 1.75792045915904e-05 1.2401630728756e-11
836.999999999384 1.7402550406302e-05 1.21893130015677e-11
839.999999999381 1.72545900048296e-05 1.19992848189992e-11
842.999999999378 1.73225122620263e-05 1.1960493825171e-11
845.999999999376 1.76301115758047e-05 1.2086301883813e-11
848.999999999373 1.81170115575974e-05 1.23323921829524e-11
851.99999999937 1.87894538292374e-05 1.27008888675817e-11
854.999999999367 1.93569782596352e-05 1.29942832823134e-11
857.999999999365 2.02071639737679e-05 1.34723143382478e-11
860.999999999362 2.0896299094392e-05 1.38373138703696e-11
863.999999999359 2.13293331888377e-05 1.40288885493969e-11
866.999999999357 2.18196302373494e-05 1.42548750303961e-11
869.999999999354 2.241156585701e-05 1.45430476979075e-11
872.999999999351 2.28384868352256e-05 1.47200047092409e-11
875.999999999348 2.32605406114164e-05 1.4890468288174e-11
878.999999999346 2.34157272517327e-05 1.4887997750574e-11
881.999999999343 2.3265071087755e-05 1.46915353777718e-11
884.99999999934 2.26249488067177e-05 1.41903791092737e-11
887.999999999337 2.16527763557816e-05 1.34889728010941e-11
890.999999999335 2.05406037945147e-05 1.27103144656461e-11
893.999999999332 1.93467571782148e-05 1.18918490995581e-11
896.999999999329 1.82672355438894e-05 1.11542940380953e-11
