0    0
0.1    7.7537434246544e-06
0.2    1.41931657230421e-05
0.3    1.85035124883326e-05
0.4    2.04563521324364e-05
0.5    2.02988902533452e-05
0.6    1.8558864163909e-05
0.7    1.58514207566629e-05
0.8    1.27396637286115e-05
0.900000000000001    9.66257622680988e-06
1    6.91882961345591e-06
1.1    4.68538537112817e-06
1.2    3.05104514453092e-06
1.3    2.05100663530633e-06
1.4    1.69463469001929e-06
1.5    1.98304333232091e-06
1.6    2.91542110619769e-06
1.7    4.48391032137341e-06
1.8    6.65718560721729e-06
1.9    9.35365279719491e-06
2    1.24073347734788e-05
2.1    1.55336735658818e-05
2.2    1.83085006667527e-05
2.29999999999999    2.01795209754385e-05
2.39999999999999    2.05316710235603e-05
2.49999999999999    1.8819543689319e-05
2.59999999999999    1.47565764565538e-05
2.69999999999999    8.51356623887689e-06
2.79999999999998    8.42840868764405e-07
2.89999999999998    6.96421173440598e-06
2.99999999999998    1.33348699902225e-05
3.09999999999998    1.68423322524092e-05
3.19999999999998    1.66549631213098e-05
3.29999999999997    1.28179511575954e-05
3.39999999999997    6.2376785863183e-06
3.49999999999997    1.62382338297906e-06
3.59999999999997    9.20439372742443e-06
3.69999999999997    1.52575129294119e-05
3.79999999999996    1.90891958360417e-05
3.89999999999996    2.05808433751953e-05
3.99999999999996    2.0053513860141e-05
4.09999999999996    1.80670982584674e-05
4.19999999999995    1.52352566621383e-05
4.29999999999995    1.20996095329673e-05
4.39999999999995    9.07047375953152e-06
4.49999999999995    6.41952838575932e-06
4.59999999999995    4.30290278397027e-06
4.69999999999994    2.79584445017633e-06
4.79999999999994    1.92635253737361e-06
4.89999999999994    1.70104966390472e-06
4.99999999999994    2.12051764791887e-06
5.09999999999994    3.1832987773539e-06
5.19999999999993    4.87845355878758e-06
5.29999999999993    7.16691029400973e-06
5.39999999999993    9.95282561444544e-06
5.49999999999993    1.30486940068675e-05
5.59999999999993    1.61425378485403e-05
5.69999999999992    1.87817604915264e-05
5.79999999999992    2.03939269589615e-05
5.89999999999992    2.03652081351979e-05
5.99999999999992    1.81862353931805e-05
6.09999999999991    1.36483610109206e-05
6.19999999999991    7.03471376373166e-06
6.29999999999991    7.82584370195849e-07
6.39999999999991    8.42718749338722e-06
6.49999999999991    1.43180304492674e-05
6.5999999999999    1.71156634349856e-05
6.6999999999999    1.61523946822228e-05
6.7999999999999    1.16602737787463e-05
6.8999999999999    4.69094060440156e-06
6.9999999999999    3.23490840536955e-06
7.09999999999989    1.05899944626842e-05
7.19999999999989    1.62280831016437e-05
7.29999999999989    1.95766934660835e-05
7.39999999999989    2.06211172931736e-05
7.49999999999988    1.97476885362979e-05
7.59999999999988    1.75406616447216e-05
7.69999999999988    1.46069936717286e-05
7.79999999999988    1.14644278598197e-05
7.89999999999988    8.49438687910986e-06
7.99999999999987    5.94257522912311e-06
8.09999999999987    3.9457642384555e-06
8.19999999999987    2.56705843704186e-06
8.29999999999987    1.82833591177989e-06
8.39999999999987    1.73411293102887e-06
8.49999999999986    2.28460462559088e-06
8.59999999999986    3.47739903849842e-06
8.69999999999986    5.29770067625446e-06
8.79999999999986    7.69749661899688e-06
8.89999999999985    1.05652256612299e-05
8.99999999999985    1.36904497994861e-05
9.09999999999985    1.67330353919581e-05
9.19999999999985    1.92127428970679e-05
9.29999999999985    2.05401997698251e-05
9.39999999999984    2.0108888905801e-05
9.49999999999984    1.7453776121279e-05
9.59999999999984    1.24523319073866e-05
9.69999999999984    5.50435179924591e-06
9.79999999999984    2.40162009057521e-06
9.89999999999983    9.81688262857716e-06
9.99999999999983    1.51710452143128e-05
10.0999999999998    1.72304510799304e-05
10.1999999999998    1.55011556064455e-05
10.2999999999998    1.03986208501716e-05
10.3999999999998    3.10468888620186e-06
10.4999999999998    4.82105411092615e-06
10.5999999999998    1.1902645251638e-05
10.6999999999998    1.71021310779729e-05
10.7999999999998    1.99676230898671e-05
10.8999999999998    2.05814935069215e-05
10.9999999999998    1.93867044820939e-05
11.0999999999998    1.69845190551854e-05
11.1999999999998    1.39705686035274e-05
11.2999999999998    1.08368353198829e-05
11.3999999999998    7.93594710513101e-06
11.4999999999998    5.48880029582755e-06
11.5999999999998    3.61430234652182e-06
11.6999999999998    2.3647736188126e-06
11.7999999999998    1.75696384807633e-06
11.8999999999998    1.79382410869788e-06
11.9999999999998    2.47527216146182e-06
12.0999999999998    3.79753771750924e-06
12.1999999999998    5.74110392548288e-06
12.2999999999998    8.2477492263644e-06
12.3999999999998    1.11887039542236e-05
12.4999999999998    1.43292710125253e-05
12.5999999999998    1.73006585960644e-05
12.6999999999998    1.95961938541656e-05
12.7999999999998    2.06133420241894e-05
12.8999999999998    1.97595285547081e-05
12.9999999999998    1.66225752477045e-05
13.0999999999998    1.11738243230297e-05
13.1999999999998    3.93277990873298e-06
13.2999999999998    4.00083705343057e-06
13.3999999999998    1.11202628578777e-05
13.4999999999998    1.5885345520994e-05
13.5999999999998    1.71855121271491e-05
13.6999999999998    1.47078646304255e-05
13.7999999999998    9.04512449984018e-06
13.8999999999997    1.49265546212085e-06
13.9999999999997    6.37076918641455e-06
14.0999999999997    1.31354867191069e-05
14.1999999999997    1.78779039133881e-05
14.2999999999997    2.02642988313961e-05
14.3999999999997    2.04666200336323e-05
14.4999999999997    1.89758717233923e-05
14.5999999999997    1.64034643299615e-05
14.6999999999997    1.33296723092702e-05
14.7999999999997    1.02193097465397e-05
14.8999999999997    7.39659787485358e-06
14.9999999999997    5.05890886859373e-06
15.0999999999997    3.30878187881911e-06
15.1999999999997    2.18904991877711e-06
15.2999999999997    1.71223919742669e-06
15.3999999999997    1.88018145452773e-06
15.4999999999997    2.69247002104844e-06
15.5999999999997    4.14347670829596e-06
15.6999999999997    6.20800864858939e-06
15.7999999999997    8.81630300053615e-06
15.8999999999997    1.18208846274781e-05
15.9999999999997    1.49615758044952e-05
16.0999999999997    1.78406962001443e-05
16.1999999999997    1.99268103607819e-05
16.2999999999997    2.06085845458892e-05
16.3999999999998    1.93145315140475e-05
16.4999999999998    1.56939654241128e-05
16.5999999999998    9.81923568321719e-06
16.6999999999998    2.33114680692204e-06
16.7999999999998    5.56656108208209e-06
16.8999999999998    1.23248838261869e-05
16.9999999999999    1.64536946618554e-05
17.0999999999999    1.69813100561189e-05
17.1999999999999    1.37805216522402e-05
17.2999999999999    7.61258244730278e-06
17.3999999999999    1.31604523834206e-07
17.4999999999999    7.87337237073693e-06
17.6    1.42827183561289e-05
17.7    1.85545947392063e-05
17.8    2.04696569366947e-05
17.9    2.02814028481546e-05
18    1.85204710850817e-05
18.1    1.58020966082306e-05
18.2    1.26877457198304e-05
18.3000000000001    9.61409831401472e-06
18.4000000000001    6.87760728690368e-06
18.5000000000001    4.65349400513571e-06
18.6000000000001    3.02940947249919e-06
18.7000000000001    2.03992671454767e-06
18.8000000000001    1.69416275508372e-06
18.9000000000002    1.993180087978e-06
19.0000000000002    2.9361241090653e-06
19.1000000000002    4.51491431374684e-06
19.2000000000002    6.69764087657398e-06
19.3000000000002    9.40161020024366e-06
19.4000000000002    1.24591563346321e-05
19.5000000000002    1.55835343659261e-05
19.6000000000003    1.83482554289016e-05
19.7000000000003    2.01992867848722e-05
19.8000000000003    2.05214549975352e-05
19.9000000000003    1.8771967248532e-05
20.0000000000003    1.46702537991983e-05
20.1000000000003    8.39601414892588e-06
20.2000000000004    7.11354299465228e-07
20.3000000000004    7.0850306588266e-06
20.4000000000004    1.34190614597962e-05
20.5000000000004    1.68702957625833e-05
20.6000000000004    1.66199460949201e-05
20.7000000000004    1.27283919117982e-05
20.8000000000005    6.11428172248019e-06
20.9000000000005    1.75486467224317e-06
21.0000000000005    9.31907507983887e-06
21.1000000000005    1.53396020015073e-05
21.2000000000005    1.91322888432044e-05
21.3000000000005    2.05871796584711e-05
21.4000000000005    2.0030938419513e-05
21.5000000000006    1.80257108532977e-05
21.6000000000006    1.51848012847067e-05
21.7000000000006    1.20479790803873e-05
21.8000000000006    9.02322678975054e-06
21.9000000000006    6.38008087427977e-06
22.0000000000006    4.27304858185984e-06
22.1000000000007    2.77634279599592e-06
22.2000000000007    1.91742822752694e-06
22.3000000000007    1.70273463084847e-06
22.4000000000007    2.13280927174875e-06
22.5000000000007    3.20612992121827e-06
22.6000000000007    4.91147521075597e-06
22.7000000000007    7.20909491380706e-06
22.8000000000008    1.00019282829322e-05
22.9000000000008    1.31006657159149e-05
23.0000000000008    1.61910762291884e-05
23.1000000000008    1.8818286323552e-05
23.2000000000008    2.04083713521985e-05
23.3000000000008    2.03478482919683e-05
23.4000000000009    1.81306353095323e-05
23.5000000000009    1.35547525109692e-05
23.6000000000009    6.91262997298825e-06
23.7000000000009    9.14033940091485e-07
23.8000000000009    8.54257364668598e-06
23.9000000000009    1.4392033749866e-05
24.000000000001    1.71308729710606e-05
24.100000000001    1.61051347358221e-05
24.200000000001    1.1561857369724e-05
24.300000000001    4.56384084990269e-06
24.400000000001    3.36438330006406e-06
24.500000000001    1.06990593552458e-05
24.600000000001    1.63024521427912e-05
24.7000000000011    1.9611904401251e-05
24.8000000000011    2.0620825363582e-05
24.9000000000011    1.972044968368e-05
25.0000000000011    1.74966893153883e-05
25.1000000000011    1.45557340308633e-05
25.2000000000011    1.14133133850558e-05
25.3000000000012    8.44850994752289e-06
25.4000000000012    5.90497474406426e-06
25.5000000000012    3.9179769191211e-06
25.6000000000012    2.54969894930568e-06
25.7000000000012    1.82156800931921e-06
25.8000000000012    1.7379548339358e-06
25.9000000000012    2.29904910020728e-06
26.0000000000013    3.50234518575743e-06
26.1000000000013    5.33269943558956e-06
26.2000000000013    7.74132178649189e-06
26.3000000000013    1.06153111704144e-05
26.4000000000013    1.37423179232821e-05
26.5000000000013    1.6779897116681e-05
26.6000000000014    1.92456127039442e-05
26.7000000000014    2.05489146364313e-05
26.8000000000014    2.00841392449247e-05
26.9000000000014    1.73901896124429e-05
27.0000000000014    1.23518809065359e-05
27.1000000000014    5.37857456939239e-06
27.2000000000015    2.53200701028078e-06
27.3000000000015    9.92572522884316e-06
27.4000000000015    1.52341115378096e-05
27.5000000000015    1.7232753361851e-05
27.6000000000015    1.54420975222447e-05
27.7000000000015    1.02923372187202e-05
27.8000000000015    2.97492950940281e-06
27.9000000000016    4.94798761152548e-06
28.0000000000016    1.20054603967024e-05
28.1000000000016    1.71685776511055e-05
28.2000000000016    1.99950908634783e-05
28.3000000000016    2.05749329342808e-05
28.4000000000016    1.93552477284475e-05
28.5000000000017    1.69383515730148e-05
28.6000000000017    1.39188102596943e-05
28.7000000000017    1.07864464093943e-05
28.8000000000017    7.89156321845397e-06
28.9000000000017    5.45310807886779e-06
29.0000000000017    3.58860604321443e-06
29.1000000000017    2.34956202127545e-06
29.2000000000018    1.75235271515639e-06
29.3000000000018    1.79982313663896e-06
29.4000000000018    2.49186591072537e-06
29.5000000000018    3.82458282421894e-06
29.6000000000018    5.77802831713825e-06
29.7000000000018    8.29311779770858e-06
29.8000000000019    1.12396072627918e-05
29.9000000000019    1.43807671596496e-05
30.0000000000019    1.73454268809214e-05
30.1000000000019    1.96250760733374e-05
30.2000000000019    2.06158554948432e-05
30.3000000000019    1.97270619486378e-05
30.400000000002    1.65510120134771e-05
30.500000000002    1.10668321693375e-05
30.600000000002    3.80399269017673e-06
30.700000000002    4.1287040857263e-06
30.800000000002    1.12216157768241e-05
30.900000000002    1.59367730421245e-05
31.000000000002    1.71747560842039e-05
31.1000000000021    1.46377000753706e-05
31.2000000000021    8.93166390358857e-06
31.3000000000021    1.36163438391179e-06
31.4000000000021    6.49436669153403e-06
31.5000000000021    1.32318200121162e-05
31.6000000000021    1.79365564135781e-05
31.7000000000022    2.02843920804607e-05
31.8000000000022    2.04541394840385e-05
31.9000000000022    1.8940643196963e-05
32.0000000000022    1.6355462274964e-05
32.1000000000022    1.32777290491326e-05
32.2000000000022    1.01698538508277e-05
32.3000000000021    7.35381990546458e-06
32.4000000000021    5.02517461253849e-06
32.5000000000021    3.28519668413296e-06
32.6000000000021    2.17598972973576e-06
32.7000000000021    1.70978528435395e-06
32.800000000002    1.88833902825536e-06
32.900000000002    2.71120489447885e-06
33.000000000002    4.17261283547354e-06
33.100000000002    6.24678046867722e-06
33.200000000002    8.86307411018805e-06
33.3000000000019    1.18723759318096e-05
33.4000000000019    1.50122416016085e-05
33.5000000000019    1.7883138873076e-05
33.6000000000019    1.99512533723967e-05
33.7000000000019    2.06053131389661e-05
33.8000000000018    1.92744273180834e-05
33.9000000000018    1.56146779168864e-05
34.0000000000018    9.70734711847054e-06
34.1000000000018    2.20212438317713e-06
34.2000000000018    5.69211995338215e-06
34.3000000000017    1.24167582402634e-05
34.4000000000017    1.64926974886015e-05
34.5000000000017    1.69576398734161e-05
34.6000000000017    1.36987952819023e-05
34.7000000000017    7.49429828239556e-06
34.8000000000016    2.64878628031262e-07
34.9000000000016    7.99319947308863e-06
35.0000000000016    1.43713338071061e-05
35.1000000000016    1.86047056460747e-05
35.2000000000016    2.04826057108587e-05
35.3000000000015    2.02640676234545e-05
35.4000000000015    1.84815970454277e-05
35.5000000000015    1.57528734158197e-05
35.6000000000015    1.26360245941148e-05
35.7000000000015    9.56581944466794e-06
35.8000000000014    6.83657268329974e-06
35.9000000000014    4.621753860512e-06
36.0000000000014    3.00795435181911e-06
36.1000000000014    2.02901875800965e-06
36.2000000000014    1.69386923931647e-06
36.3000000000013    2.0035046821576e-06
36.4000000000013    2.95696853613858e-06
36.5000000000013    4.54621856560422e-06
36.6000000000013    6.73818864749265e-06
36.7000000000013    9.44936077174052e-06
36.8000000000012    1.25104742385584e-05
36.9000000000012    1.56331505731799e-05
37.0000000000012    1.83900987232866e-05
37.1000000000012    2.02171261900475e-05
37.2000000000012    2.05113694573544e-05
37.3000000000011    1.87281327596045e-05
37.4000000000011    1.45885582643057e-05
37.5000000000011    8.27903755318271e-06
37.6000000000011    5.74785576912262e-07
37.7000000000011    7.19712348673518e-06
37.800000000001    1.3502443761082e-05
37.900000000001    1.6894241668286e-05
38.000000000001    1.65800336444644e-05
38.100000000001    1.26391261248138e-05
38.200000000001    5.98139269536446e-06
38.3000000000009    1.88150760571659e-06
38.4000000000009    9.43202472347693e-06
38.5000000000009    1.54237876338614e-05
38.6000000000009    1.91765192357751e-05
38.7000000000009    2.05913877546759e-05
38.8000000000008    2.00083496895154e-05
38.9000000000008    1.79849455032022e-05
39.0000000000008    1.51355194144553e-05
39.1000000000008    1.19965606087957e-05
39.2000000000008    8.97624994466995e-06
39.3000000000008    6.34104767671673e-06
39.4000000000007    4.24334578452701e-06
39.5000000000007    2.75703729479826e-06
39.6000000000007    1.90866813787327e-06
39.7000000000007    1.70462805459959e-06
39.8000000000007    2.14533601861078e-06
39.9000000000006    3.22895672832946e-06
40.0000000000006    4.94537735673539e-06
40.1000000000006    7.25250018351886e-06
40.2000000000006    1.00508255681531e-05
40.3000000000006    1.31533035154785e-05
40.4000000000005    1.62487311746728e-05
40.5000000000005    1.88525795279393e-05
40.6000000000005    2.04391692339989e-05
40.7000000000005    2.03226395154577e-05
40.8000000000005    1.80570612751119e-05
40.9000000000004    1.34409350803777e-05
41.0000000000004    6.79517040602651e-06
41.1000000000004    9.90966045222308e-07
41.2000000000004    8.67466577569864e-06
41.3000000000004    1.4437174824522e-05
41.4000000000003    1.71330320124508e-05
41.5000000000003    1.60488576128603e-05
41.6000000000003    1.14274611706655e-05
41.7000000000003    4.46302498380291e-06
41.8000000000003    3.53551355847248e-06
41.9000000000002    1.0844142046107e-05
42.0000000000002    1.63932898843422e-05
42.1000000000002    1.9665890835352e-05
42.2000000000002    2.0641696939161e-05
42.3000000000002    1.96864310980649e-05
42.4000000000001    1.74634158137676e-05
42.5000000000001    1.45026620766986e-05
42.6000000000001    1.13598692874639e-05
42.7000000000001    8.40167031057604e-06
42.8000000000001    5.8682532937393e-06
42.9    3.89056660621279e-06
43    2.532534015387e-06
43.1    1.81494918483072e-06
43.2    1.74223877968949e-06
43.3    2.31379885085037e-06
43.3999999999999    3.52711750473134e-06
43.4999999999999    5.36932348160768e-06
43.5999999999999    7.79793205352153e-06
43.6999999999999    1.06838455031788e-05
43.7999999999999    1.38315819836476e-05
43.8999999999998    1.68525795156693e-05
43.9999999999998    1.92566325377674e-05
44.0999999999998    2.05914784150441e-05
44.1999999999998    2.02117193641715e-05
44.2999999999998    1.75025677543461e-05
44.3999999999997    1.2484576329852e-05
44.4999999999997    5.40781524549505e-06
44.5999999999997    2.82790704519975e-06
44.6999999999997    9.79596988504028e-06
44.7999999999997    1.52900254626331e-05
44.8999999999996    1.71318792077102e-05
44.9999999999996    1.52653043219431e-05
45.0999999999996    1.02369827763571e-05
45.1999999999996    2.54585625936166e-06
45.2999999999996    5.01396323637771e-06
45.3999999999995    1.19880328520727e-05
45.4999999999995    1.71646795491531e-05
45.5999999999995    1.99433262774162e-05
45.6999999999995    2.05669900529282e-05
45.7999999999995    1.93984783006806e-05
45.8999999999994    1.68821075947623e-05
45.9999999999994    1.38524604342827e-05
46.0999999999994    1.07342065155391e-05
46.1999999999994    7.84195427394607e-06
46.2999999999994    5.41711937818157e-06
46.3999999999993    3.56505446497124e-06
46.4999999999993    2.33426019480287e-06
46.5999999999993    1.74800145291698e-06
46.6999999999993    1.807926884978e-06
46.7999999999993    2.50742139762394e-06
46.8999999999992    3.85774528000038e-06
46.9999999999992    5.80208755829315e-06
47.0999999999992    8.3957282857039e-06
47.1999999999992    1.1421673059786e-05
47.2999999999992    1.45504864311752e-05
47.3999999999991    1.72071378216065e-05
47.4999999999991    2.01420553050946e-05
47.5999999999991    2.03282926141135e-05
47.6999999999991    1.94000497276692e-05
47.7999999999991    1.63127007449804e-05
47.899999999999    1.03510761249037e-05
47.999999999999    3.24647213378881e-06
48.099999999999    2.54970281154954e-06
48.199999999999    1.17354778474965e-05
48.299999999999    1.51150633718178e-05
48.3999999999989    1.68390174790645e-05
48.4999999999989    1.43281524025429e-05
48.5999999999989    7.60578106229204e-06
48.6999999999989    2.1349765479961e-06
48.7999999999989    7.34379496480919e-06
48.8999999999988    1.45770927590938e-05
48.9999999999988    1.90262835459976e-05
49.0999999999988    2.10113060679085e-05
49.1999999999988    2.02930737925877e-05
49.2999999999988    1.90926888812282e-05
49.3999999999987    1.6202596396564e-05
49.4999999999987    1.33478191831626e-05
49.5999999999987    1.0212924086983e-05
49.6999999999987    7.32507318679243e-06
49.7999999999987    4.97752564077025e-06
49.8999999999986    3.27254559617796e-06
49.9999999999986    2.16073296455122e-06
50.0999999999986    1.70951377087558e-06
50.1999999999986    1.90928914367561e-06
50.2999999999986    2.71000113205577e-06
50.3999999999985    4.29268515533821e-06
50.4999999999985    6.15278954141374e-06
50.5999999999985    8.86508723929591e-06
50.6999999999985    1.19591892904225e-05
50.7999999999985    1.43930617573229e-05
50.8999999999984    1.86270446509429e-05
50.9999999999984    2.04455935176595e-05
51.0999999999984    2.44257222001831e-05
51.1999999999984    2.0877429430799e-05
51.2999999999984    1.69490653214588e-05
51.3999999999983    1.53204632794557e-05
51.4999999999983    9.77227456888663e-06
51.5999999999983    1.06045255980902e-05
51.6999999999983    5.58458948396456e-06
51.7999999999983    1.63240422104138e-05
51.8999999999982    1.35897304713861e-05
51.9999999999982    9.76719674405935e-06
52.0999999999982    9.96547788711943e-06
52.1999999999982    9.63492775840624e-06
52.2999999999982    9.88359984388509e-06
52.3999999999981    1.19122634265612e-05
52.4999999999981    1.64475223675131e-05
52.5999999999981    2.1133954124064e-05
52.6999999999981    2.34392547820983e-05
52.7999999999981    1.72449209361325e-05
52.899999999998    1.69001401748581e-05
52.999999999998    1.35384494528434e-05
53.099999999998    1.00656835897439e-05
53.199999999998    7.05349943441735e-06
53.299999999998    4.52587517374425e-06
53.3999999999979    3.02957338127463e-06
53.4999999999979    2.00523804239072e-06
53.5999999999979    1.71519663638708e-06
53.6999999999979    2.0861992922061e-06
53.7999999999979    2.806116840115e-06
53.8999999999978    5.32176393430728e-06
53.9999999999978    6.5829056447031e-06
54.0999999999978    7.82711243452194e-06
54.1999999999978    9.710411615238e-06
54.2999999999978    1.56187242794648e-05
54.3999999999977    3.07292553926031e-05
54.4999999999977    1.30356136844867e-05
54.5999999999977    2.12792317184629e-05
54.6999999999977    3.92509651621076e-05
54.7999999999977    3.846403007568e-05
54.8999999999976    6.88130996973069e-06
54.9999999999976    2.46130617482798e-05
55.0999999999976    4.31130409836999e-05
55.1999999999976    2.21285294412787e-05
55.2999999999976    8.57991925917734e-06
55.3999999999975    4.51028364545358e-06
55.4999999999975    1.05033411237354e-05
55.5999999999975    3.92258276946666e-05
55.6999999999975    2.32124115859822e-05
55.7999999999975    6.33644861136595e-06
55.8999999999974    3.29396413386585e-05
55.9999999999974    3.06867109153286e-05
56.0999999999974    1.28773607505073e-05
56.1999999999974    2.14829468808686e-05
56.2999999999974    2.26863306294067e-05
56.3999999999973    2.17615601606491e-05
56.4999999999973    1.29723932978942e-05
56.5999999999973    9.88928301248748e-06
56.6999999999973    7.73616354066142e-06
56.7999999999973    4.10478387968816e-06
56.8999999999972    2.87287092892718e-06
56.9999999999972    1.84518933810107e-06
57.0999999999972    1.89416377815999e-06
57.1999999999972    2.49348473591038e-06
57.2999999999972    2.28711773420098e-06
57.3999999999971    8.89270890414018e-06
57.4999999999971    1.3740809246654e-05
57.5999999999971    9.43890465410213e-06
57.6999999999971    1.89033178923381e-05
57.7999999999971    6.85554291266488e-05
57.899999999997    3.66303066257068e-06
57.999999999997    0.000117069068966358
58.099999999997    1.24150897293784e-05
58.199999999997    7.4737612367981e-05
58.299999999997    8.94354707301481e-05
58.399999999997    4.13647546224638e-05
58.4999999999969    0.000293386013407115
58.5999999999969    9.39617044179997e-05
58.6999999999969    0.000120575328975248
58.7999999999969    7.67689991715281e-05
58.8999999999969    7.37168402298316e-06
58.9999999999968    0.00021384916027678
59.0999999999968    0.000149352944747383
59.1999999999968    0.000175826578424632
59.2999999999968    0.000221358038449249
59.3999999999968    0.000148346787723241
59.4999999999967    0.000147241805358189
59.5999999999967    0.000109482703876118
59.6999999999967    1.70857402572722e-05
59.7999999999967    7.31562736152602e-05
59.8999999999967    2.13977933577469e-05
