0 0 0
2.99999999999998 1.34710895675255e-18 4.48509063917147e-20
5.99999999999992 9.37836950201319e-19 1.13038162690077e-20
8.99999999999985 7.7652967922922e-19 4.87761216912123e-21
11.9999999999998 5.33678242399158e-19 2.06769968022205e-21
14.9999999999997 5.26402948696469e-19 1.39271375549018e-21
18 4.23996851407451e-19 8.16336259372104e-22
21.0000000000005 4.29994285423093e-19 6.31954541643834e-22
24.000000000001 3.33647830432198e-19 3.86607635054802e-22
27.0000000000014 3.47061678859645e-19 3.25731561331572e-22
30.0000000000019 3.45112091354522e-19 2.67368541673111e-22
33.000000000002 3.18370193599697e-19 2.07027748662244e-22
36.0000000000014 2.75986378012991e-19 1.52493725557414e-22
39.0000000000008 3.20376710694112e-19 1.52093206226653e-22
42.0000000000002 3.09542434388062e-19 1.27362254534536e-22
44.9999999999996 2.60986116914087e-19 9.38188027532733e-23
47.999999999999 2.55611273295791e-19 8.08318648775661e-23
50.9999999999984 2.91369353167603e-19 8.15763955188277e-23
53.9999999999978 2.2670051982629e-19 5.65273412162808e-23
56.9999999999972 2.72170939797156e-19 6.07841770562717e-23
59.9999999999966 2.22326807785765e-19 4.47135911596207e-23
62.999999999996 2.23768354939388e-19 4.07409446226403e-23
65.9999999999969 2.1722693372298e-19 3.59866616302047e-23
68.9999999999984 2.48361256829868e-19 3.76216284377443e-23
71.9999999999999 2.00548380074832e-19 2.79088001394756e-23
75.0000000000015 1.81762485934926e-19 2.33402228864868e-23
78.000000000003 2.15206365584603e-19 2.56059257894548e-23
81.0000000000045 1.97227585305851e-19 2.1824529041797e-23
84.0000000000061 2.32016164809305e-19 2.39599585246712e-23
87.0000000000076 1.71820541657814e-19 1.66067449776949e-23
90.0000000000091 1.59162921150909e-19 1.44359864733074e-23
93.0000000000107 1.74305428389387e-19 1.48664899059388e-23
96.0000000000122 1.74286662578983e-19 1.40047871789631e-23
99.0000000000137 1.76376587930204e-19 1.33712569189949e-23
102.000000000015 1.64307095389281e-19 1.17669032900301e-23
105.000000000017 1.67514859864098e-19 1.13433757405885e-23
108.000000000018 1.63086655090804e-19 1.04515622843723e-23
111.00000000002 1.64798533119229e-19 1.00026271244841e-23
114.000000000021 1.51265951595147e-19 8.70236310010844e-24
117.000000000023 1.27203266801629e-19 6.94173829575386e-24
120.000000000024 1.42983573391023e-19 7.40812460933113e-24
123.000000000026 1.72414533843683e-19 8.48923384777768e-24
126.000000000028 1.62059605463747e-19 7.59129264942891e-24
129.000000000028 1.45283225944428e-19 6.48229651220946e-24
132.000000000025 1.24304532663731e-19 5.28989458917678e-24
135.000000000022 1.29149835047238e-19 5.24943611874942e-24
138.000000000019 1.3863826564024e-19 5.39006624587524e-24
141.000000000017 1.34903370493927e-19 5.02423576628443e-24
144.000000000014 1.38191449981964e-19 4.93728696834749e-24
147.000000000011 1.5040595902243e-19 5.16224174223202e-24
150.000000000009 1.26645259801778e-19 4.18091052168552e-24
153.000000000006 1.20609071481574e-19 3.83420435841966e-24
156.000000000003 1.31342954264798e-19 4.02463324643551e-24
159 1.26400260623884e-19 3.73643203828795e-24
161.999999999998 1.27600372424076e-19 3.64095237947496e-24
164.999999999995 1.14377846243392e-19 3.15197497440699e-24
167.999999999992 1.09962089839341e-19 2.92753247576773e-24
170.999999999989 1.21020036919566e-19 3.113500889757e-24
173.999999999987 1.10985318568397e-19 2.75966332252036e-24
176.999999999984 1.01184856675419e-19 2.43202310020894e-24
179.999999999981 1.24689448758141e-19 2.89732249835232e-24
182.999999999979 1.39852009475751e-19 3.1421287943206e-24
185.999999999976 1.20940944578473e-19 2.62792822114562e-24
188.999999999973 1.00357512498706e-19 2.10964422552944e-24
191.99999999997 8.9549905526156e-20 1.82187851324321e-24
194.999999999968 9.68459084087495e-20 1.90787735080687e-24
197.999999999965 1.07194930304933e-19 2.04606850348541e-24
200.999999999962 1.00362059949025e-19 1.85733484023274e-24
203.999999999959 1.11707687260047e-19 2.00587821339657e-24
206.999999999957 1.17544237365286e-19 2.04957700935272e-24
209.999999999954 1.17466294633304e-19 1.99051345600255e-24
212.999999999951 1.13010672928096e-19 1.86248564268767e-24
215.999999999949 9.35843521120332e-20 1.50112572513499e-24
218.999999999946 8.24604685564636e-20 1.28817951072424e-24
221.999999999943 9.79542646907932e-20 1.49114051845055e-24
224.99999999994 1.08901163355896e-19 1.61614871758278e-24
227.999999999938 1.01060468752069e-19 1.46264623952373e-24
230.999999999935 9.33666773089658e-20 1.31812069413341e-24
233.999999999932 9.04704882911004e-20 1.24607352142677e-24
236.999999999929 9.23452431441499e-20 1.24093280500065e-24
239.999999999927 9.5992415930454e-20 1.25856866312866e-24
242.999999999924 9.85671721731915e-20 1.26086288022272e-24
245.999999999921 9.34690941616301e-20 1.16652000843397e-24
248.999999999919 9.69837745194045e-20 1.1808945711992e-24
251.999999999916 1.01945992341868e-19 1.21112919104946e-24
254.999999999913 9.62714785669461e-20 1.11602188708683e-24
257.99999999991 8.75146863142703e-20 9.90124677457426e-25
260.999999999908 8.45460374799715e-20 9.33791260041775e-25
263.999999999905 8.44764852925e-20 9.11145940567697e-25
266.999999999902 7.9024079515026e-20 8.32695012862811e-25
269.999999999899 7.31494190457542e-20 7.53381861574723e-25
272.999999999897 7.36748352444885e-20 7.42031535761125e-25
275.999999999894 8.61798986995009e-20 8.4924890045417e-25
278.999999999891 9.62759540131433e-20 9.28752784431584e-25
281.999999999889 9.51945574776642e-20 8.99412308235121e-25
284.999999999886 9.73390926971357e-20 9.01144305108758e-25
287.999999999883 9.69585801776034e-20 8.79862683844454e-25
290.99999999988 8.43833554395566e-20 7.50833032029122e-25
293.999999999878 7.4601659156584e-20 6.51007515577048e-25
296.999999999875 7.40127030102822e-20 6.33521479409638e-25
299.999999999872 7.61867937977933e-20 6.39704216167285e-25
302.999999999869 7.38629958122421e-20 6.08384481241446e-25
305.999999999867 7.18598937096798e-20 5.80592039324209e-25
308.999999999864 7.29451832815289e-20 5.78081672186955e-25
311.999999999861 7.76475232065806e-20 6.0352743257536e-25
314.999999999859 8.446740797634e-20 6.43891152152169e-25
317.999999999856 9.24670917927224e-20 6.91280327532331e-25
320.999999999853 8.70852476469165e-20 6.38508187056712e-25
323.99999999985 7.30453823859268e-20 5.25298216745007e-25
326.999999999848 7.03128417272416e-20 4.96025122579535e-25
329.999999999845 7.17803988948484e-20 4.96848153779566e-25
332.999999999842 7.4649439169836e-20 5.07121847663408e-25
335.999999999839 8.16405012677026e-20 5.4450368111407e-25
338.999999999837 8.68254162943303e-20 5.68732968551353e-25
341.999999999834 8.34912564898711e-20 5.37323367226044e-25
344.999999999831 7.41935123765854e-20 4.69310002159423e-25
347.999999999829 6.55522330089408e-20 4.07701180739682e-25
350.999999999826 6.43911840324047e-20 3.93899100641718e-25
353.999999999823 7.02360265303859e-20 4.22717116714781e-25
356.99999999982 7.10755159553913e-20 4.20957559979354e-25
359.999999999818 6.71580835349992e-20 3.91489239101532e-25
362.999999999815 6.41681073023554e-20 3.68201241658481e-25
365.999999999812 6.64064527347224e-20 3.75094823274529e-25
368.999999999809 6.98076239167551e-20 3.8814252303564e-25
371.999999999807 7.4339954580177e-20 4.06862725745752e-25
374.999999999804 8.16042314952927e-20 4.39583221567156e-25
377.999999999801 8.51157352209383e-20 4.51237817038403e-25
380.999999999798 8.07540105418492e-20 4.21301819119252e-25
383.999999999796 7.23726148197197e-20 3.71547992281103e-25
386.999999999793 6.63136702222404e-20 3.3500301459345e-25
389.99999999979 5.81165430317395e-20 2.88911520788752e-25
392.999999999788 5.54887650442775e-20 2.71473392491102e-25
395.999999999785 5.91660130157047e-20 2.84913725295449e-25
398.999999999782 6.6004508737292e-20 3.12909014891301e-25
401.999999999779 6.68656748229229e-20 3.12144195199017e-25
404.999999999777 6.29185363493835e-20 2.89306183493659e-25
407.999999999774 6.19338861693316e-20 2.80583798929674e-25
410.999999999771 6.27635406675093e-20 2.80239088011619e-25
413.999999999768 6.52699048681773e-20 2.87307762242875e-25
416.999999999766 7.15038359316216e-20 3.10380791609067e-25
419.999999999763 7.79623037553309e-20 3.33795453428402e-25
422.99999999976 7.70602155867568e-20 3.25490816460828e-25
425.999999999758 7.214218643383e-20 3.00653718140242e-25
428.999999999755 6.48705562209348e-20 2.66765770403502e-25
431.999999999752 5.9037492160947e-20 2.39566268343084e-25
434.999999999749 5.86917667998747e-20 2.35008784501652e-25
437.999999999747 6.10858347145823e-20 2.41341355633286e-25
440.999999999744 5.9204199173438e-20 2.3077854742295e-25
443.999999999741 5.70371634479006e-20 2.1933791017454e-25
446.999999999738 6.08945756346314e-20 2.30999786370975e-25
449.999999999736 6.65491039872139e-20 2.49013965717269e-25
452.999999999733 6.7013144992028e-20 2.47328842517342e-25
455.99999999973 6.23461386014586e-20 2.26965178837783e-25
458.999999999728 5.79476899155575e-20 2.08085640322234e-25
461.999999999725 5.56830093390186e-20 1.97254592279035e-25
464.999999999722 5.59683551487584e-20 1.95617451166091e-25
467.999999999719 5.82396654046282e-20 2.0087440223886e-25
470.999999999717 6.0301154577712e-20 2.05289139754057e-25
473.999999999714 5.91981106624156e-20 1.98969480692943e-25
476.999999999711 5.54778010370182e-20 1.84137730841253e-25
479.999999999708 5.61662222466527e-20 1.841405726854e-25
482.999999999706 6.23730663553976e-20 2.02031282920477e-25
485.999999999703 6.75344588832942e-20 2.16162456523428e-25
488.9999999997 6.73778115183678e-20 2.13143507487271e-25
491.999999999698 6.49161590840682e-20 2.0298276408851e-25
494.999999999695 6.42674594247998e-20 1.98644374385103e-25
497.999999999692 6.25524796596512e-20 1.91125820370518e-25
500.999999999689 5.77818938323672e-20 1.74520644877742e-25
503.999999999687 5.49536509133424e-20 1.64062896866047e-25
506.999999999684 5.3249669377389e-20 1.57128952279831e-25
509.999999999681 5.06038610401167e-20 1.4757465668439e-25
512.999999999678 4.8753866699765e-20 1.40504056149383e-25
515.999999999676 4.7641234940834e-20 1.35669983355668e-25
518.999999999673 4.70285261413367e-20 1.32331281957919e-25
521.99999999967 4.76089174141511e-20 1.32368222278887e-25
524.999999999668 5.26963283827046e-20 1.44770744733803e-25
527.999999999665 6.04063221859132e-20 1.63989770070193e-25
530.999999999662 6.52792706292586e-20 1.75142020496982e-25
533.999999999659 6.65389043421896e-20 1.76455161081688e-25
536.999999999657 6.40089852073416e-20 1.67810695924952e-25
539.999999999654 5.90324905564008e-20 1.53029454468832e-25
542.999999999651 5.51771426559878e-20 1.41461616758666e-25
545.999999999648 5.39506917008484e-20 1.36823518095604e-25
548.999999999646 5.46090466645633e-20 1.37024154102668e-25
551.999999999643 5.50426016252637e-20 1.36669975804625e-25
554.99999999964 5.38158246001599e-20 1.32247284564236e-25
557.999999999638 5.2341928246957e-20 1.27312657320091e-25
560.999999999635 5.16053767675395e-20 1.24247914419617e-25
563.999999999632 5.06622276505012e-20 1.20741941553169e-25
566.999999999629 4.94791721868836e-20 1.16726538278468e-25
569.999999999627 4.90776575054087e-20 1.14599488859891e-25
572.999999999624 4.97600498712052e-20 1.15001021932626e-25
575.999999999621 5.02898843907992e-20 1.15023735438477e-25
578.999999999618 5.09576604004475e-20 1.1533644266019e-25
581.999999999616 5.28617324368461e-20 1.18390444791382e-25
584.999999999613 5.51585879676297e-20 1.22231566743836e-25
587.99999999961 5.61734943618036e-20 1.23164454725096e-25
590.999999999608 5.50141077959995e-20 1.19348008553057e-25
593.999999999605 5.30284274463201e-20 1.13829930656316e-25
596.999999999602 5.11943306081944e-20 1.08745620373526e-25
599.999999999599 4.92772889719174e-20 1.03592751682141e-25
602.999999999597 4.82183039495321e-20 1.00334435997801e-25
605.999999999594 4.75331690193769e-20 9.79179963689611e-26
608.999999999591 4.79283333459732e-20 9.77602925011519e-26
611.999999999588 5.08579104569126e-20 1.02733236084523e-25
614.999999999586 5.39381949137805e-20 1.07920550332034e-25
617.999999999583 5.555738913446e-20 1.10121196613714e-25
620.99999999958 5.60723888104743e-20 1.10116527652906e-25
623.999999999578 5.42334978629255e-20 1.05532439320267e-25
626.999999999575 4.96653210620844e-20 9.57656460296014e-26
629.999999999572 4.56282364936798e-20 8.71841769522787e-26
632.999999999569 4.4532897050087e-20 8.43189895540687e-26
635.999999999567 4.6597779262206e-20 8.74243099943829e-26
638.999999999564 5.05969996136396e-20 9.40558338999491e-26
641.999999999561 5.28784881148225e-20 9.73869963059972e-26
644.999999999558 5.14370380837887e-20 9.38477318578587e-26
647.999999999556 4.72391971868532e-20 8.5377729544498e-26
650.999999999553 4.23501451903416e-20 7.58169417370175e-26
653.99999999955 3.94422608355759e-20 6.99403594678614e-26
656.999999999548 3.95596418156385e-20 6.9481838499552e-26
659.999999999545 4.13887592867357e-20 7.20056765570546e-26
662.999999999542 4.40522030771075e-20 7.59179421888516e-26
665.999999999539 4.73890794786192e-20 8.09074208728378e-26
668.999999999537 5.02043959166628e-20 8.49254383945009e-26
671.999999999534 5.20719180291912e-20 8.72864941590271e-26
674.999999999531 5.41362531450643e-20 8.99386077209588e-26
677.999999999528 5.68064803007682e-20 9.35488159587338e-26
680.999999999526 5.84482508045308e-20 9.54245891167177e-26
683.999999999523 5.6870583669478e-20 9.20626083323268e-26
686.99999999952 5.25793518553521e-20 8.44048461753377e-26
689.999999999518 4.80246531654144e-20 7.64555555221607e-26
692.999999999515 4.45077968533546e-20 7.02744241706113e-26
695.999999999512 4.20887252961266e-20 6.59100090652785e-26
698.999999999509 4.04731657612392e-20 6.28598213384114e-26
701.999999999507 3.98593486988388e-20 6.13959106257152e-26
704.999999999504 4.03495380588753e-20 6.16348134569491e-26
707.999999999501 4.12905484746766e-20 6.25438784176143e-26
710.999999999498 4.24539167424452e-20 6.37625455487075e-26
713.999999999496 4.3316361343673e-20 6.45033281972105e-26
716.999999999493 4.32457458729647e-20 6.38454907871608e-26
719.99999999949 4.31530542589158e-20 6.31594175525367e-26
722.999999999487 4.37547833376251e-20 6.34872064876658e-26
725.999999999485 4.46710403719775e-20 6.42581182715685e-26
728.999999999482 4.58994980020789e-20 6.54593360944162e-26
731.999999999479 4.76078438594438e-20 6.73189202673581e-26
734.999999999477 4.95062813922599e-20 6.94157949135119e-26
737.999999999474 5.07312866591003e-20 7.05450377204986e-26
740.999999999471 4.99060429665549e-20 6.88327225706624e-26
743.999999999468 4.72103953510094e-20 6.45939219156362e-26
746.999999999466 4.51195165575331e-20 6.12476486151105e-26
749.999999999463 4.46836775384771e-20 6.01865000506838e-26
752.99999999946 4.43970121804046e-20 5.93436228245086e-26
755.999999999457 4.33319131938835e-20 5.74822175184589e-26
758.999999999455 4.19105392213853e-20 5.51792588243074e-26
761.999999999452 4.08927227226099e-20 5.34361945762713e-26
764.999999999449 4.07996756744351e-20 5.29150564428908e-26
767.999999999447 4.151203789638e-20 5.34337779266485e-26
770.999999999444 4.26599339535934e-20 5.44951305783244e-26
773.999999999441 4.38067419887407e-20 5.55322812997086e-26
776.999999999438 4.44640421073714e-20 5.5930512560511e-26
779.999999999436 4.42282709437752e-20 5.5200732355153e-26
782.999999999433 4.31079508729716e-20 5.33803252139031e-26
785.99999999943 4.23209949323288e-20 5.19924451105314e-26
788.999999999427 4.27937944729569e-20 5.21575460463369e-26
791.999999999425 4.33041979440332e-20 5.23626138686734e-26
794.999999999422 4.27188826918955e-20 5.12485229613141e-26
797.999999999419 4.15448649845017e-20 4.94511094517501e-26
800.999999999417 4.02454407885371e-20 4.75346537136243e-26
803.999999999414 3.915202513825e-20 4.58911611806414e-26
806.999999999411 3.89567365269505e-20 4.53200821691307e-26
809.999999999408 3.93862880379756e-20 4.54821412698562e-26
812.999999999406 3.9378716803737e-20 4.5143905877715e-26
815.999999999403 3.89166415460553e-20 4.42959369246523e-26
818.9999999994 3.91052814579162e-20 4.41975072577236e-26
821.999999999397 4.07708682361864e-20 4.57592169474928e-26
824.999999999395 4.34106449028513e-20 4.83852988623215e-26
827.999999999392 4.54005539503817e-20 5.02546548043109e-26
830.999999999389 4.56890065043821e-20 5.02254209928496e-26
833.999999999387 4.47133839588404e-20 4.88127655713004e-26
836.999999999384 4.32984310411757e-20 4.69387579087305e-26
839.999999999381 4.20345651296285e-20 4.52483156052665e-26
842.999999999378 4.16959899728834e-20 4.4565322086717e-26
845.999999999376 4.27170141945118e-20 4.53295038982028e-26
848.999999999373 4.42058647482366e-20 4.65705592547376e-26
851.99999999937 4.45246667059272e-20 4.65654891461884e-26
854.999999999367 4.30903022074885e-20 4.47367289272086e-26
857.999999999365 4.09051080412135e-20 4.2158299036923e-26
860.999999999362 3.93102848164086e-20 4.02201277394376e-26
863.999999999359 3.88100482543071e-20 3.9421681983867e-26
866.999999999357 3.86661244608246e-20 3.89948660871573e-26
869.999999999354 3.76141856313143e-20 3.76664578548417e-26
872.999999999351 3.55255892522676e-20 3.53278358684625e-26
875.999999999348 3.35176725744246e-20 3.31033331154113e-26
878.999999999346 3.23975510984372e-20 3.17819997287015e-26
881.999999999343 3.22584726820951e-20 3.14362167371644e-26
884.99999999934 3.30775497540108e-20 3.20240927184012e-26
887.999999999337 3.47152624248485e-20 3.33928064854514e-26
890.999999999335 3.67248907590522e-20 3.50996663504093e-26
893.999999999332 3.85787795366586e-20 3.66363334903816e-26
896.999999999329 4.01491090610324e-20 3.78843402740906e-26
