0    0.99999999999999    -0.380546675183121    1.00000000000021    0.144815771993166    4.83082684202413e-07    4.87771251897005e-07
0.1    0.957141679121701    -0.474523621551798    0.916120193911917    0.225172667410828    9.24592736809765e-08    4.40435827309303e-07
0.2    0.90552401616226    -0.555543112384333    0.819973743846653    0.30862814971779    1.53778250817584e-07    3.44986823284335e-07
0.3    0.846482569308168    -0.622972115579279    0.71653274014247    0.388094256789653    0    5.74226643681457e-07
0.4    0.781370348671493    -0.677069617198084    0.610539621782911    0.458423266532873    0    3.37010111746151e-07
0.5    0.71147709063459    -0.718807095031942    0.506199650498046    0.516683639868484    4.29815205986975e-07    4.73683515943656e-07
0.6    0.637968709119143    -0.749651683714461    0.407004073815222    0.561977646896439    2.76676485354113e-07    7.15721247108151e-07
0.7    0.561848683379521    -0.771349811434986    0.315673943015294    0.59498053160072    0    0
0.8    0.48393992024398    -0.785737387190986    0.234197846405884    0.617383241630111    3.66368617211111e-07    6.27266322965896e-07
0.900000000000001    0.404883670790665    -0.794589762061689    0.16393078687288    0.631372889973455    0    4.51114043689388e-07
1    0.325151321789727    -0.799513973530199    0.10572338206161    0.639222593870249    5.62506499534156e-08    4.49017261663656e-07
1.1    0.245065020861715    -0.801878630033572    0.0600568644499904    0.643009337304309    1.94430177669225e-07    0
1.2    0.164823766479766    -0.802773184103346    0.0271668739965955    0.644444785115669    1.37810567863985e-07    4.95337550002177e-07
1.3    0.0845324807531874    -0.802987495964836    0.00714574030230503    0.644788918675886    1.30511493021175e-07    9.42432183077448e-08
1.4    0.00423245677712602    -0.803003536176454    1.79136903889212e-05    0.644814679112106    1.36679272606592e-07    4.64930557066879e-07
1.5    -0.0760677030494187    -0.802992996665622    0.00578629544723421    0.64479775269404    1.40222049758442e-07    6.40923177230554e-08
1.6    -0.156361033652997    -0.802816928596568    0.024448772845056    0.644515020841056    1.50067252140935e-07    0
1.7    -0.236611150600651    -0.802026015623161    0.0559848365885698    0.643245729736745    7.55233128842462e-08    6.18353304900123e-07
1.8    -0.316721288566889    -0.799862608880168    0.10031237463148    0.63978019308462    9.75001776836991e-08    1.78813934326172e-07
1.9    -0.396503771312441    -0.795268146389905    0.157215240665045    0.632451424662575    2.3830213534414e-07    3.73719221472277e-07
2    -0.475650732316344    -0.786901953196039    0.2262436191531    0.619214683944092    1.59536399732261e-07    5.9240315502537e-07
2.1    -0.553707609208786    -0.773179405238543    0.306592116495631    0.597806392685248    0    4.71098272786654e-07
2.2    -0.630051798281814    -0.752338523655179    0.396965268518219    0.566013254175638    2.68013861009552e-07    0
2.29999999999999    -0.703879749817086    -0.722543453747959    0.495446702202523    0.522069042554312    0    5.32077880840216e-07
2.39999999999999    -0.774206493408494    -0.682030009302211    0.599395694435665    0.465164933588922    0    3.84409527168108e-07
2.49999999999999    -0.839881794389508    -0.629291704339661    0.705401428546862    0.396008049150734    0    1.38187684051628e-07
2.59999999999999    -0.899626494010654    -0.56329431875155    0.809327828725805    0.317300489537879    0    3.26553091418909e-07
2.69999999999999    -0.952090763141832    -0.483694292464338    0.906476821260079    0.233960168562789    2.86241959218659e-07    4.61725650471842e-07
2.79999999999998    -0.995932902817651    -0.391024210819165    0.991882346914994    0.152899933446896    4.48027145218042e-07    3.81255753397963e-07
2.89999999999998    -1.02991325293816    -0.286802049125152    1.0607213085775    0.0822554153825881    0    4.49249004549866e-07
2.99999999999998    -1.05299352132086    -0.173524637549469    1.10879535594415    0.0301107998368504    6.63896483479305e-07    4.19397212163057e-07
3.09999999999998    -1.06442862574087    -0.0545227388072838    1.13300829929684    0.00297272904722053    4.92415179069588e-07    4.16225657281865e-07
3.19999999999998    -1.06383721692223    0.0663167062730872    1.13174962410864    0.00439790553108482    0    4.17014177572234e-07
3.29999999999997    -1.05123921802579    0.184923577374387    1.10510389351556    0.0341967294691186    2.78775199262346e-07    4.21690685307881e-07
3.39999999999997    -1.02705383961079    0.297450019990504    1.05483958945905    0.0884765143925328    0    4.25971918777722e-07
3.49999999999997    -0.992058421438991    0.400636588157747    0.984179911547516    0.160509675770934    0    5.03314155020346e-07
3.59999999999997    -0.947315248026672    0.492078156052878    0.897406179143737    0.242140911664558    0    3.96808997462838e-07
3.69999999999997    -0.894078355701356    0.570355024675403    0.799376106133683    0.325304854172661    2.07281526077443e-07    4.26704319217096e-07
3.79999999999996    -0.833694202355778    0.635026752113475    0.695046023041782    0.403258975899793    3.81801366070478e-07    6.40923177230554e-08
3.89999999999996    -0.76750887481541    0.686513542142131    0.589069872920348    0.471300843544809    0    5.23824035851838e-07
3.99999999999996    -0.696791129719694    0.725905666059359    0.485517878455854    0.526939036017149    0    2.5852548439648e-07
4.09999999999996    -0.622676283516533    0.754743990941431    0.38772575405404    0.569638491862435    2.78974253339306e-07    4.8571842947622e-07
4.19999999999995    -0.546131963556582    0.774807329588379    0.298260121618186    0.60032639798413    1.34523735085635e-07    5.04773398815224e-07
4.29999999999995    -0.467943754972427    0.787930036361983    0.218971357817681    0.620833742201507    0    3.33366652148919e-07
4.39999999999995    -0.388717079409149    0.79586064858787    0.151100967824476    0.633394171970879    3.12569394162342e-07    4.16699989262508e-07
4.49999999999995    -0.308891093196844    0.800162324029715    0.0954137074563278    0.640259744796838    0    4.50744732089465e-07
4.59999999999995    -0.228760668843028    0.802149429608977    0.052331443609521    0.643443707422031    1.06545907602274e-07    1.54138809931108e-07
4.69999999999994    -0.148503262712173    0.802851665600791    0.0220532190361781    0.644570796957855    1.32653816154337e-07    0
4.79999999999994    -0.0682083711648822    0.802996704555568    0.00465238189698469    0.644803707527663    1.35493832133653e-07    7.49366936724195e-07
4.89999999999994    0.0120918706413854    0.803003527044941    0.000146213335626915    0.644814664446839    1.37540157884156e-07    4.73449077168621e-07
4.99999999999994    0.0923917088175545    0.80298067913309    0.00853622785824864    0.644777971060819    1.44454105834777e-07    0
5.09999999999994    0.172680711756296    0.802726070373461    0.0298186282126894    0.644369144057265    1.68319647723173e-07    2.13871897673716e-07
5.19999999999993    0.252912720740914    0.801727432257256    0.0639648443126135    0.642766875633703    2.04857097340636e-07    0
5.29999999999993    0.332974936709617    0.799165074472993    0.110872308476811    0.63866481625749    1.94287371790488e-07    2.57233925188066e-07
5.39999999999993    0.412657558256902    0.793921059682411    0.170286260386581    0.630310649007566    1.81586408718734e-07    5.69372569755995e-07
5.49999999999993    0.491624916506371    0.784601240961958    0.24169505852984    0.61559910731936    0    5.61518778843187e-07
5.59999999999993    0.569389795594489    0.769578460272254    0.324204739327172    0.592251006515252    1.95142639483643e-07    4.88339948897777e-07
5.69999999999992    0.645293509981176    0.747066017615012    0.416403714023839    0.558107634675004    1.1614305725783e-07    0
5.79999999999992    0.718495187225732    0.715229446806105    0.516235334066537    0.511553161578689    0    3.5025654058287e-07
5.89999999999992    0.7879743401997    0.672340705482365    0.620903560813211    0.452042024248506    2.42802064669137e-07    0
5.99999999999992    0.852550879516288    0.616971369108397    0.726843002164386    0.380653670299767    6.23894376023362e-07    5.26572122695584e-07
6.09999999999991    0.910925850941849    0.548210403459411    0.829785905914265    0.300534646461164    3.64698119477046e-07    1.83108534327813e-07
6.19999999999991    0.961744098388377    0.465879171275387    0.924951710784714    0.217043402228435    0    4.40089089441966e-07
6.29999999999991    1.00367671852508    0.370704984133213    1.00736695530921    0.137422185261402    0    4.43669406502229e-07
6.39999999999991    1.03551698413839    0.264409658123326    1.07229542443897    0.069912467309045    0    3.88128054453457e-07
6.49999999999991    1.05627926722224    0.149675893980946    1.11572589036337    0.02240287323917    0    4.17926270892607e-07
6.5999999999999    1.06528764428979    0.0299738534075876    1.13483776507698    0.000898431888273869    7.03360064101574e-07    4.17517218061044e-07
6.6999999999999    1.06224053076657    -0.0907399917188366    1.12835494520345    0.00823374609731115    4.54668590497743e-07    4.20254603559169e-07
6.7999999999999    1.04724050632871    -0.208408112945543    1.09671267809579    0.0434339415417081    4.25401402223712e-07    4.3095989863557e-07
6.8999999999999    1.02078410276123    -0.319275123612657    1.04200018444986    0.101936604558084    0    4.53797855085454e-07
6.9999999999999    0.983713360057338    -0.420237798206002    0.967691974755181    0.176599807041115    0    2.93376958849984e-07
7.09999999999989    0.937137493513951    -0.509085347561171    0.87822668174953    0.259167891101641    0    4.03571205256904e-07
7.19999999999989    0.882337327594344    -0.584601801964171    0.778519159666407    0.341759266859852    2.79769053392389e-07    3.09894000635824e-07
7.29999999999989    0.820666353966924    -0.646534268173863    0.673493264533294    0.418006559923417    0    5.52147844840554e-07
7.39999999999989    0.753460539261484    -0.69545614494584    0.567702784224293    0.483659249542947    2.95027939576258e-07    1.33903330233778e-07
7.49999999999988    0.681965338650451    -0.732567306914378    0.46507672312064    0.536654859160086    1.25780277074383e-07    5.49224540411893e-07
7.59999999999988    0.607284062770699    -0.759473488024432    0.36879393289545    0.576799979012405    4.04670107781895e-07    6.38319551664707e-07
7.69999999999988    0.530347906506303    -0.777978313041462    0.281268901935727    0.605250255562671    3.30187675448661e-07    0
7.79999999999988    0.451905225205203    -0.789908738945038    0.204218332567827    0.623955815861585    2.48396144482041e-07    0
7.89999999999988    0.372526198644588    -0.796982394840538    0.138775768676619    0.635180937686291    1.76941485509841e-07    7.28787139692157e-07
7.99999999999987    0.292618671764343    -0.800715967731326    0.0856256870651299    0.641146060980147    4.19818895667219e-08    4.82622824332167e-07
8.09999999999987    0.212451359884526    -0.802368130845478    0.0451355803168284    0.643794617396611    2.10058149889372e-07    3.81801366070478e-07
8.19999999999987    0.132181399295609    -0.802908140872542    0.0174719223197714    0.64466148267959    1.61556954104573e-07    4.3367243441508e-07
8.29999999999987    0.0518841275851249    -0.803001226478625    0.00269196269528871    0.644810969726257    1.38532472058833e-07    2.84491227448535e-07
8.39999999999987    -0.0284161968248691    -0.803003317429329    0.000807480242008915    0.644814327802825    1.38623227870127e-07    5.6260517622986e-07
8.49999999999986    -0.10871538479209    -0.802959808488961    0.0118190348905087    0.644744454048678    1.28852777962192e-07    2.20265172408439e-07
8.59999999999986    -0.188998254683383    -0.802605481131977    0.0357203402733803    0.64417555834303    1.24393462069809e-07    0
8.69999999999986    -0.26920759467814    -0.801365214935156    0.0724727290324379    0.642186207708125    2.19318062507138e-07    2.37952462176551e-07
8.79999999999986    -0.349213314176293    -0.798357635845715    0.121949938798017    0.637374914713347    1.60922192532235e-07    4.34184142480298e-07
8.89999999999985    -0.428782288182207    -0.792406314078672    0.183854250658701    0.627907766591684    0    0
8.99999999999985    -0.507549975717437    -0.782065385127603    0.25760697785083    0.611626266614769    2.43600945536372e-07    0
9.09999999999985    -0.584995672592525    -0.765668165457964    0.342219936951983    0.586247739595892    4.88567242346853e-08    3.57317292937094e-07
9.19999999999985    -0.660424154793659    -0.741407838129523    0.436160064234773    0.549685582439748    0    0
9.29999999999985    -0.732957319345997    -0.7074577073399    0.537226431982606    0.500496407674869    0    4.91512492372711e-07
9.39999999999984    -0.801539978061782    -0.662133905392488    0.642466336431343    0.438421308670409    2.45982021379757e-07    3.17328265891177e-07
9.49999999999984    -0.864963865857176    -0.6040951599659    0.748162489238573    0.364930962294229    0    4.59284633619262e-08
9.59999999999984    -0.921912829332745    -0.53256263889926    0.849923264888372    0.283622964351553    2.53976293639232e-07    4.57468075543903e-07
9.69999999999984    -0.971029813925329    -0.447529948991044    0.942898899531858    0.200283055243982    0    2.36019999704617e-07
9.79999999999984    -1.01100271131032    -0.349922916680582    1.02212648227681    0.122446047618439    0    4.40230969760339e-07
9.89999999999983    -1.04066186047777    -0.24166587246128    1.08297710785281    0.0584023939126497    0    4.22101858288525e-07
9.99999999999983    -1.05907800592898    -0.12562018166676    1.1216462226424    0.0157804300421679    0    4.22052538681149e-07
10.0999999999998    -1.0656470911504    -0.00538281114737008    1.13560372287766    2.89746560235204e-05    5.89491142179146e-07    4.18651130362185e-07
10.1999999999998    -1.06014854679091    0.115036384195199    1.12391494126318    0.0132333696888792    5.49527672367864e-07    4.16685418495827e-07
10.2999999999998    -1.04276718081001    0.231609374739913    1.08736339337464    0.0536429024675926    4.21994991854021e-07    4.23062441440248e-07
10.3999999999998    -1.01407481559073    0.340687900128714    1.02834773161538    0.116068245294322    1.02157214289919e-07    4.57058354995323e-07
10.4999999999998    -0.974974910860262    0.439334979616127    0.950576076807129    0.193015224314453    3.90427485304293e-07    3.87358544217228e-07
10.5999999999998    -0.926619616127106    0.525538376254481    0.858623912991622    0.276190584916323    2.78576002953051e-07    3.54744668517036e-07
10.6999999999998    -0.870312414101036    0.598284435922742    0.757443698138302    0.357944266267459    0    2.53648229398567e-07
10.7999999999998    -0.807410074654634    0.657502016608047    0.651911028653964    0.432308901843753    4.03983644000469e-07    3.23221265725551e-07
10.8999999999998    -0.739235414446985    0.70390931076661    0.546468997972749    0.495488317784253    3.78589213368669e-07    5.73646323529487e-07
10.9999999999998    -0.66700845283746    0.738806566850418    0.444900276156498    0.54583514322136    0    2.43258889277496e-07
11.0999999999998    -0.59179926457881    0.763855722692885    0.350226369556105    0.583475565090893    2.90763621048448e-07    4.73331814237493e-07
11.1999999999998    -0.514502182135161    0.780877974392987    0.264712495421957    0.609770410892317    3.38489314663426e-07    4.71451640711915e-07
11.2999999999998    -0.435828538048285    0.791687403586103    0.189946514577253    0.626768944997023    0    3.42726707458496e-07
11.3999999999998    -0.356313937632411    0.79796696793456    0.126959622151159    0.636751281914897    2.11326101477188e-07    4.70862546841054e-07
11.4999999999998    -0.276335883452859    0.801184555393957    0.076361520483683    0.641896691802126    1.04108367953316e-07    5.60430275472745e-07
11.5999999999998    -0.19613807917435    0.802541877631606    0.0384701461022211    0.644073465352591    1.32077171662717e-07    3.5700644703838e-07
11.6999999999998    -0.115858575927169    0.802947168787273    0.0134232096158918    0.64472415586375    1.42227319644875e-07    5.02016560075373e-07
11.7999999999998    -0.0355598241168477    0.803003013440519    0.00126450109123972    0.644813839594834    1.36305191640473e-07    5.28413749530826e-07
11.8999999999998    0.0447405123404856    0.803002248986588    0.00200171344450855    0.644812611877752    1.39337809452899e-07    4.83312450058069e-07
11.9999999999998    0.12503852521253    0.802927116862664    0.0156346327873438    0.644691954993694    1.39200794633727e-07    5.50839316525296e-07
12.0999999999998    0.20531299970385    0.802449292774387    0.0421534278474142    0.643924867474036    1.44688088342089e-07    0
12.1999999999998    0.285494394447914    0.800930939853106    0.081507049261188    0.641490370414213    8.44581726845699e-08    4.82507790884142e-07
12.2999999999998    0.365434077581245    0.797429440160862    0.133542065057663    0.635893712035408    8.84707427549207e-08    3.75792986539557e-07
12.3999999999998    0.444874421502075    0.790710901506301    0.197913250906766    0.62522372976093    0    1.50862758839999e-07
12.4999999999998    0.523420981284502    0.779279720091831    0.273969523648802    0.607276882146486    0    2.87596271419805e-07
12.5999999999998    0.600518793751625    0.761432995290456    0.360622821649106    0.579780206317191    4.46724287090339e-07    4.42541909364387e-07
12.6999999999998    0.675435736960936    0.73534875182572    0.456213434763893    0.540737786811598    0    0
12.7999999999998    0.747256702988206    0.699214804730398    0.558392580160565    0.488901343154022    0    0
12.8999999999998    0.814892784425543    0.651399772136619    0.664050250108772    0.424321663140012    0    6.10174803894791e-07
12.9999999999998    0.877109405406689    0.590658719276285    0.769320909052858    0.348877722657481    0    6.15654237869787e-07
13.0999999999998    0.932575991110635    0.516353831323473    0.869697979195733    0.266621279122521    0    3.03102219206214e-07
13.1999999999998    0.97993716021926    0.428657710736384    0.960276837978662    0.183747432973937    2.72124742981042e-07    4.24290776994939e-07
13.2999999999998    1.01790166651551    0.328697557346679    1.03612380269516    0.108042084205847    3.17153284755241e-07    4.17332286060007e-07
13.3999999999998    1.04534100973102    0.218597720256878    1.0927378266254    0.0477849633016694    0    4.06355581026372e-07
13.4999999999998    1.06138585665205    0.101389843047934    1.1265399367012    0.0102799002734605    4.43293892760382e-07    4.19184142176346e-07
13.5999999999998    1.06550646048826    -0.0192158068970952    1.13530401734212    0.000369247234881451    0    4.18329610711531e-07
13.6999999999998    1.05756418498851    -0.139172539747672    1.11844200537026    0.0193689958199976    0    4.24556447948734e-07
13.7999999999998    1.03782529640165    -0.254498509425725    1.07708134585126    0.0647694913000903    3.03193777045247e-07    4.17731138288085e-07
13.8999999999997    1.00693458679776    -0.361666458175004    1.01391726208967    0.130802626969057    3.24763278926959e-07    4.52802867783157e-07
13.9999999999997    0.96585346273895    -0.457914543571285    0.932872911484949    0.209685729214337    3.58403130495718e-07    4.88709247070778e-07
14.0999999999997    0.915772937911624    -0.541432096411567    0.838640073811338    0.293148715024767    2.26232803623214e-07    3.78222469881089e-07
14.1999999999997    0.858015062609253    -0.611405346605481    0.736189847664483    0.373816497857998    3.49939422780793e-07    4.80027904148239e-07
14.2999999999997    0.793936254303733    -0.66793842541411    0.630334775897776    0.446141740144876    0    4.41851466989003e-07
14.3999999999997    0.724843323971028    -0.71188561381827    0.525397844305517    0.506781127161694    3.84409527168108e-07    5.27151612976454e-07
14.4999999999997    0.651928908389606    -0.74463832334852    0.425011301594166    0.55448623259953    3.19681137098744e-07    4.84688757875281e-07
14.5999999999997    0.576228790130683    -0.767906270613393    0.332039618575472    0.589680040447432    4.34439770493306e-08    2.48675335471014e-07
14.6999999999997    0.498600152996212    -0.783521328024008    0.248602112567958    0.613905671468811    3.34198199093428e-07    5.53152298726755e-07
14.7999999999997    0.419717621369948    -0.793279586179812    0.176162881688383    0.629292501849711    0    3.12036150565325e-07
14.8999999999997    0.340082966735056    -0.798825887295305    0.115656424263354    0.638122798213216    1.90718855502757e-07    2.89903230344411e-07
14.9999999999997    0.260044363078735    -0.801577238947261    0.0676230707690729    0.642526069998249    2.18430388186411e-07    0
15.0999999999997    0.179821671963538    -0.802677292139102    0.0323358337077753    0.644290835315711    1.13880607244617e-07    0
15.1999999999997    0.0995351050010855    -0.802972778957137    0.00990723712759269    0.644765283746124    1.24804174973419e-07    0
15.2999999999997    0.0192355005769288    -0.803003486575015    0.000370004482464358    0.644814599451801    1.39037329323909e-07    4.13892996678685e-07
15.3999999999997    -0.0610647889804398    -0.802999132754923    0.00372890845324606    0.644807607205367    1.42899606008768e-07    4.56860951088544e-07
15.4999999999997    -0.141360852496804    -0.802878806356631    0.0199828906186458    0.644614377696939    1.50540451341694e-07    5.38713558987535e-07
15.5999999999997    -0.221624159446415    -0.802251112128643    0.0491172680503542    0.643606846912018    1.56195873716746e-07    6.11401743856926e-07
15.6999999999997    -0.301771565648259    -0.800415675326546    0.0910660778337992    0.640665253308513    0    2.49121390242882e-07
15.7999999999997    -0.381634658116572    -0.796369168052523    0.145645012275724    0.634203851824956    0    5.37578881011827e-07
15.8999999999997    -0.460930150176304    -0.7888214278067    0.212456603341572    0.622239244967123    1.50217452300012e-07    3.51048081797056e-07
15.9999999999997    -0.539232703724511    -0.776229329756696    0.290771908766039    0.602531972374831    0    5.49527672367864e-07
16.0999999999997    -0.615952396347835    -0.756857378172497    0.37939735456683    0.572833090894384    4.34950575808478e-07    4.87543587356296e-07
16.1999999999997    -0.690319953173222    -0.728873758429239    0.47654163774908    0.531256955726902    7.45058059692383e-09    3.69987160501931e-07
16.2999999999997    -0.761383627527595    -0.690487887189616    0.57970502826694    0.476773522355726    0    3.82309902032241e-07
16.3999999999998    -0.828021946217816    -0.640129431390703    0.685620343418314    0.409765688932829    0    4.94103271710552e-07
16.4999999999998    -0.888976074811939    -0.576659022021389    0.790278461588083    0.332535627678736    2.00751328249387e-07    2.66351743515126e-07
16.5999999999998    -0.942903971435776    -0.499588404912091    0.889067899349368    0.249588574322872    9.7143685895244e-08    5.14036068637977e-07
16.6999999999998    -0.988455630610645    -0.409275282818926    0.977044533685701    0.167506257126707    0    4.41411532270867e-07
16.7999999999998    -1.02436478350065    -0.307050095038099    1.04932320967627    0.0942797608630514    0    3.81819539731914e-07
16.8999999999998    -1.04954812230262    -0.195233520544335    1.10155126102862    0.0381161275443064    0    4.13758855370129e-07
16.9999999999999    -1.06319960361042    -0.0770179463663944    1.13039339711781    0.00593176406267367    6.83831805323587e-07    4.20547574652694e-07
17.0999999999999    -1.06486594996767    0.0437873876749613    1.13393949140027    0.00191733531957293    0    4.19011848666292e-07
17.1999999999999    -1.05449103656275    0.163115782021217    1.11195134619118    0.0266067583445691    6.14390615465888e-08    4.19442708229164e-07
17.2999999999999    -1.03242148197149    0.27704791212798    1.06589411643643    0.0767555456146406    4.76371269319826e-07    4.09781932830811e-07
17.3999999999999    -0.999372453608273    0.382190525323554    0.998745301030898    0.146069597647308    0    4.63016269752066e-07
17.4999999999999    -0.956359662966773    0.475964643186208    0.9146238049502    0.226542341563474    5.28518791525608e-07    3.15574088462403e-07
17.6    -0.90460886863673    0.556762998862109    0.81831720521618    0.309985036902088    0    3.98936674899684e-07
17.7    -0.84545665716016    0.623968316655537    0.714796959136573    0.389336460190177    3.7475753843663e-07    4.82335189272151e-07
17.8    -0.780255601021686    0.677852919582516    0.608798802925635    0.459484580586528    0    0
17.9    -0.71029382930319    0.719398240350245    0.504517323946245    0.517533828219398    2.37485430397231e-07    6.07667818787804e-07
18    -0.636734836071001    0.750077715334398    0.405431251466371    0.562616579041386    8.22943524806742e-08    3.40777535022177e-07
18.1    -0.560579224033303    0.771640683194693    0.314249066417799    0.595429343961322    1.39188332053046e-07    3.86713125478058e-07
18.2    -0.482646878665613    0.785923153077525    0.232948009485647    0.617675202543494    0    4.19223454494333e-07
18.3000000000001    -0.403576131190855    0.794698466148378    0.16287369366699    0.631545652098519    1.07195187881128e-07    0
18.4000000000001    -0.323835726761835    0.79957021118303    0.104869577927415    0.639312522611525    2.20674324328004e-07    5.00133229697895e-07
18.5000000000001    -0.243745564508018    0.801902664979381    0.0594119002173632    0.643047884101196    1.75978076740081e-07    4.02331352233887e-07
18.6000000000001    -0.163502854186207    0.802780472367932    0.0267331833270645    0.644456486815152    1.6891634536914e-07    0
18.7000000000001    -0.0832112223648953    0.802988471166757    0.00692410752747947    0.644790484827029    1.39365818616956e-07    5.51040830823797e-07
18.8000000000001    -0.0029111732747652    0.803003536401609    8.47492985514644e-06    0.644814679473575    1.39424869844433e-07    2.92191975580567e-07
18.9000000000002    0.0773889689800329    0.80299224910013    0.00598905251981224    0.644796552115008    1.40506300635787e-07    3.49622017343344e-07
19.0000000000002    0.157682006461826    0.802810549296537    0.0248636151618451    0.644504778061895    1.33319078660402e-07    2.9634210171329e-07
19.1000000000002    0.23793081121383    0.802004022898443    0.0566110709248993    0.643210452745384    1.68360867179583e-07    3.12924385070801e-07
19.2000000000002    0.318037367113486    0.799809987439835    0.101147766880476    0.639696016008365    0    0
19.3000000000002    0.397812252095627    0.795165045857321    0.158254587917429    0.632287450153444    1.87082283638265e-07    4.10661512002965e-07
19.4000000000002    0.476945389944655    0.786724134816729    0.227476904989422    0.618934864303283    0    3.90285278967285e-07
19.5000000000002    0.554979607807405    0.772899082594693    0.308002365082007    0.597372991875929    0    4.59526298794427e-07
19.6000000000003    0.63128940070437    0.751925746569968    0.398526307441441    0.565392328354816    0    1.12501299906831e-07
19.7000000000003    0.705068197655636    0.721968155574358    0.497121163345415    0.52123801766372    2.19886817982401e-07    5.28413749530826e-07
19.8000000000003    0.775328127066532    0.681264757399541    0.601133704620875    0.464121669674802    6.1601479675157e-07    3.82745252223054e-07
19.9000000000003    0.840916479786157    0.628315049203723    0.707140525975811    0.394779801055959    0    2.86726376487223e-07
20.0000000000003    0.900552402648995    0.562094442611267    0.810994629916804    0.315950162414594    0    3.50810806959675e-07
20.1000000000003    0.952885511455015    0.482272441819355    0.907990797941117    0.232586708138553    4.81586534118423e-07    3.86820770052301e-07
20.2000000000004    0.996574996102826    0.38939723130409    0.993161722857225    0.151630203747426    0    3.67314379064545e-07
20.3000000000004    1.03038370782615    0.285003307233599    1.06169058535373    0.081226885134241    4.11066836837939e-07    3.89537843977505e-07
20.4000000000004    1.05327747578647    0.171602783599324    1.10939344099918    0.0294475153392264    2.42573329748209e-07    4.35910701992446e-07
20.5000000000004    1.06451670872309    0.0525381512581155    1.13319582315096    0.00276025733779731    5.65262935709675e-07    4.20334571915479e-07
20.6000000000004    1.06372645920894    -0.0682974320490741    1.1315139800213    0.00466453922467567    3.21326533747432e-07    4.2164028905012e-07
20.7000000000004    1.05093334831573    -0.186834233414316    1.10446090260223    0.0349070307756846    3.52940537998885e-07    4.11564501734879e-07
20.8000000000005    1.0265629132973    -0.299231320457744    1.05383141495748    0.0895393831430607    1.63234042377819e-07    4.19306205221436e-07
20.9000000000005    0.991397847758958    -0.402241492786735    0.982869692541191    0.161798218519476    3.10073078374338e-07    4.18063224466845e-07
21.0000000000005    0.946504381239532    -0.493475168578286    0.895870543705347    0.243517742003539    0    4.13658220842222e-07
21.1000000000005    0.893138872450754    -0.571529165963754    0.797697045482793    0.326645587547415    4.34184142480298e-07    4.36224972257151e-07
21.2000000000005    0.83264849099699    -0.635978421272601    0.693303509559667    0.404468552324636    3.19072799464522e-07    4.95561633953926e-07
21.3000000000005    0.766378621286209    -0.687255841754507    0.587336191164559    0.472320592025756    9.65705618025044e-08    2.45982021379757e-07
21.4000000000005    0.695596217787925    -0.726460912646701    0.483854098200967    0.527745457603625    3.16715408963446e-07    3.83686816381923e-07
21.5000000000006    0.621434056374359    -0.755140078708538    0.386180286422108    0.570236538472334    4.66836994821445e-07    6.30532207835784e-07
21.6000000000006    0.544856835095255    -0.775074438106128    0.296868970750061    0.60074038460587    2.07682845961546e-07    5.82957346499519e-07
21.7000000000006    0.466647120710078    -0.788097959008371    0.217759535267051    0.621098392993674    2.11850810171856e-07    7.16496424685199e-07
21.8000000000006    0.387407459432039    -0.795956824780963    0.150084539623672    0.633547266915827    2.91621473294212e-07    6.59450042645896e-07
21.9000000000006    0.307574438371573    -0.80021052463888    0.0946020351396544    0.640336883743006    2.57233925188066e-07    4.18030027720497e-07
22.0000000000006    0.227440770915332    -0.802168969131832    0.0517293042745965    0.643475055038009    1.89386225975641e-07    0
22.1000000000007    0.147182223081249    -0.802856990092433    0.0216626067911532    0.644579346540385    1.20985935919396e-07    3.21671860589428e-07
22.2000000000007    0.0668870980529397    -0.802997214931745    0.00447388388596358    0.644804527188365    1.41447634162536e-07    4.74386137119878e-07
22.3000000000007    -0.0134131542362896    -0.803003522745087    0.000179912706586135    0.644814657541173    1.40147899241486e-07    3.91279637977507e-07
22.4000000000007    -0.0937129542449948    -0.802979347305371    0.00878211779334604    0.644775832199239    1.46788965168053e-07    5.28728812909429e-07
22.5000000000007    -0.17400153349904    -0.802717487846373    0.0302765336600361    0.644355365294474    1.36049621420541e-07    2.86047962612695e-07
22.6000000000007    -0.254231886206889    -0.801700587271172    0.0646338519643255    0.642723831631109    1.14336678782275e-07    4.08764681945598e-07
22.7000000000007    -0.334289860458833    -0.799103945532578    0.111749710805625    0.638567115765886    1.98071972102798e-07    3.90995793443976e-07
22.8000000000008    -0.413963811367245    -0.793804857943359    0.171366037121674    0.630126152494664    0    4.33288256780765e-07
22.9000000000008    -0.492915772467637    -0.784404922986377    0.242965958747432    0.615291083205633    2.54522127695959e-07    6.07759163067732e-07
23.0000000000008    -0.570655847608751    -0.769273667745656    0.325648096410045    0.591781975886968    0    3.37503899720494e-07
23.1000000000008    -0.646522409590209    -0.746622587985616    0.417991226102355    0.557445288890303    1.58576642377621e-07    0
23.2000000000008    -0.719671567389441    -0.714617603977308    0.517927164908648    0.510678319914371    0    3.19420562836916e-07
23.3000000000008    -0.789079992696954    -0.671533946753949    0.622647234874344    0.450957841642939    0    5.05322961742078e-08
23.4000000000009    -0.853565250698542    -0.615949906133641    0.728573637200312    0.379394286866345    4.97350670942027e-07    5.51443638502459e-07
23.5000000000009    -0.911826896085821    -0.546964815070981    0.831428288425521    0.299170508925845    1.32444417734676e-07    4.60551961080003e-07
23.6000000000009    -0.962509489642319    -0.46441371257498    0.926424517651726    0.215680096427824    4.56374670002268e-07    3.83903772472985e-07
23.7000000000009    -1.00428533768481    -0.36903984920986    1.00858903948841    0.136190410305029    0    4.38509552763765e-07
23.8000000000009    -1.0359505598013    -0.262581497120368    1.07319356235243    0.0689490426301379    0    4.05304051646538e-07
23.9000000000009    -1.05652395482891    -0.147736101822926    1.11624286712696    0.0218259557820148    0    4.25246415657706e-07
24.000000000001    -1.06533531889883    -0.0279845700174843    1.13493934169312    0.000783136159242421    0    4.23012464914045e-07
24.100000000001    -1.06208958267669    0.0927116995595846    1.1280342816306    0.00859545923540691    5.1100338099844e-07    4.24544189871903e-07
24.200000000001    -1.04689600189073    0.210296939035294    1.09599123877497    0.0442248025677919    4.30331500714828e-07    4.21830529089345e-07
24.300000000001    -1.02025728181405    0.321023897788709    1.04092492109468    0.103056342951588    3.15045930622011e-07    3.64679092576317e-07
24.400000000001    -0.983020558430425    0.4218024479316    0.966329418296915    0.177917305081209    2.26478042506734e-07    3.44705119211345e-07
24.500000000001    -0.936298671864021    0.510437730423034    0.87665520293418    0.26054667663968    0    5.1219693548373e-07
24.600000000001    -0.881374433693494    0.585730217674961    0.776820892368789    0.343079887897737    5.11546250992175e-07    4.2442158963162e-07
24.7000000000011    -0.819601738975956    0.647441952503743    0.671747010532181    0.419181081862161    0    5.49275074022012e-07
24.8000000000011    -0.752315600341826    0.696158370244228    0.565978762517604    0.484636476461184    0    2.90668147849011e-07
24.9000000000011    -0.680759491034988    0.733087812906967    0.463433484634088    0.537417741433011    0    5.39434384104549e-07
25.0000000000011    -0.60603407494759    0.759840882601447    0.367277299997607    0.577358166872727    1.6238163946348e-07    4.26704319217096e-07
25.1000000000011    -0.529067577343707    0.778222891243886    0.279912501396372    0.605630868456399    1.80666977956625e-07    6.36752266264602e-07
25.2000000000011    -0.450605347748916    0.790059952576607    0.203045179419966    0.624194728665514    2.10800086718725e-07    4.04258369393663e-07
25.3000000000012    -0.371214741641965    0.797067024632501    0.137800384412252    0.635315841756403    0    0
25.4000000000012    -0.291301111376661    0.80075692791004    0.0848563374893178    0.641211657596083    1.99920056238752e-07    3.98727898605456e-07
25.5000000000012    -0.211131104899179    0.802383770817569    0.0445763434559747    0.643819715671288    1.62744456222674e-07    0
25.6000000000012    -0.130860267662697    0.80291188869485    0.0171244096527677    0.644667501007586    1.22623746027297e-07    2.32763578769763e-07
25.7000000000012    -0.0505628468803694    0.803001448961885    0.0025566014846672    0.644811327035085    1.39723219253791e-07    4.45542227856101e-07
25.8000000000012    0.0297374805288246    0.803003274225673    0.000884317748222143    0.644814258417135    1.41146076528613e-07    0
25.9000000000012    0.110036595578627    0.802957642842187    0.0121080523665517    0.644740976198813    1.31978628657382e-07    3.62254553471304e-07
26.0000000000013    0.190318875411001    0.802594229736859    0.0362212743377331    0.644157497606952    1.57478909103932e-07    2.23020159409877e-07
26.1000000000013    0.270526158032908    0.80133284314249    0.0731844021800652    0.642134325499068    1.38938845686402e-07    4.90947470353114e-07
26.2000000000013    0.350526898400292    0.798287122931683    0.1228691065022    0.637262330638638    2.67339872092145e-07    3.06109168889733e-07
26.3000000000013    0.430086031931873    0.792275953457835    0.184973994862979    0.627701186427913    2.7293948954365e-07    6.25848770141602e-07
26.4000000000013    0.50883663504829    0.781849368095579    0.258914721167277    0.611288434391632    9.96819746513639e-08    4.20281433348967e-07
26.5000000000013    0.586255258472786    0.765337624353477    0.343695228086977    0.585741679251071    0    2.17730390968955e-07
26.6000000000014    0.661643703761312    0.740932487140286    0.437772390726912    0.548980950500084    0    4.3939479284843e-07
26.7000000000014    0.734120862633737    0.706808183988274    0.538933440954021    0.499577808952933    0    3.62637446035086e-07
26.8000000000014    0.802628779040267    0.661284779494864    0.644212956943519    0.437297559591735    0    4.04258369393663e-07
26.9000000000014    0.865956986617021    0.603028458394582    0.749881502671025    0.363643321633812    4.40404316965689e-07    2.57018034318989e-07
27.0000000000014    0.922788059173498    0.531271478064518    0.851537802153511    0.282249383405053    5.65655615809629e-07    4.41474406928585e-07
27.1000000000014    0.971764943116084    0.44602169017406    0.94432710466922    0.198935348105908    0    4.27646451793276e-07
27.2000000000015    1.01157706686792    0.348221125995641    1.02328816221345    0.121257952589808    5.91371501475109e-07    3.69236221711751e-07
27.3000000000015    1.04105794954381    0.239810414401972    1.08380165430887    0.0575090348558332    7.14789924336163e-07    4.32935794468813e-07
27.4000000000015    1.05928305618417    0.123665031072821    1.12208059311857    0.0152930399104207    0    4.23097293369356e-07
27.5000000000015    1.06565425780999    0.00339162448674061    1.13561899718814    1.15031168390281e-05    0    4.24228238714598e-07
27.6000000000015    1.059957587124    -0.11699634733134    1.12351008650138    0.0136881452890555    0    4.24270333877128e-07
27.7000000000015    1.04238447844436    -0.233473979367216    1.08656540090143    0.0545100990417396    0    4.20099782851618e-07
27.8000000000015    1.01351275027831    -0.342402298696066    1.02720809497642    0.117239334152481    0    3.61621894404965e-07
27.9000000000016    0.974250683989192    -0.440858186468901    0.949164395252943    0.194355940576871    0    4.71363323565919e-07
28.0000000000016    0.925753726714516    -0.526845625099235    0.857019962525984    0.277566312686295    4.11471762403371e-07    3.02093251536985e-07
28.1000000000016    0.869327015275916    -0.599367241930254    0.755729459488607    0.359241090699123    2.72124742981042e-07    2.08349994631254e-07
28.2000000000016    0.80632742407508    -0.658366330799881    0.650163914815627    0.433446225531028    2.6904747017127e-07    3.59794392217685e-07
28.3000000000016    0.738076577911659    -0.704572426135672    0.544757034861919    0.496422303670932    3.66217068655625e-07    4.74970860794462e-07
28.4000000000016    0.665792349535572    -0.7392934984752    0.443279452700092    0.546554876887793    0    3.0246053830064e-07
28.5000000000017    0.590542074984627    -0.764195659480253    0.348739942327146    0.583995005968513    0    2.32047013974152e-07
28.6000000000017    0.513217088564029    -0.781101224265857    0.263391779994099    0.610119122549554    0    0
28.7000000000017    0.434525738504474    -0.791823000966705    0.188812617422881    0.626983664860041    1.50862758839999e-07    3.48827240190495e-07
28.8000000000017    0.355000863115585    -0.798040985895815    0.126025612812838    0.6368694151694    1.67099099546714e-07    0
28.9000000000017    0.27501755278793    -0.801219021804369    0.0756346543414795    0.641951920901371    1.32182203227357e-07    4.70036575066671e-07
29.0000000000017    0.194817537556033    -0.802554165844321    0.0379538729394074    0.644093189114392    1.05564499760455e-07    5.64575088336248e-07
29.1000000000017    0.114537378378413    -0.802949678932055    0.0131188110458201    0.644728186897291    1.43005786800012e-07    4.47655286961788e-07
29.2000000000018    0.0342385383640143    -0.803003079789552    0.00117227750932404    0.644813946151833    1.41272763090106e-07    5.71901829910144e-07
29.3000000000018    -0.0460617962016833    -0.803002084577512    0.00212168906934672    0.644812347836097    1.46003936366596e-07    5.1801631736066e-07
29.4000000000018    -0.126359681638443    -0.802923800472492    0.0159667691437871    0.64468662936512    1.35998609187244e-07    0
29.5000000000018    -0.206633356127003    -0.802434824344349    0.042697343864338    0.643901647320719    1.71181041462541e-07    4.15632894068401e-07
29.6000000000018    -0.286812226962318    -0.800892273899766    0.0822612535351165    0.64142843439241    1.79201565247859e-07    2.68841066251229e-07
29.7000000000018    -0.366746105914194    -0.797348567927609    0.134502706203279    0.63576473877653    2.32524969195235e-07    5.66048023498731e-07
29.8000000000019    -0.446175331899877    -0.790565218460809    0.199072426795944    0.624993364639875    0    0
29.9000000000019    -0.524702995689716    -0.779042696999188    0.275313233685802    0.606907523747727    2.00751328249387e-07    0
