0 0 0
2.99999999999998 1.7246973878266e-21 1.97130122025487e-24
5.99999999999992 1.29293648479189e-21 2.93898764166579e-25
8.99999999999985 1.32927491541957e-21 7.82706559270603e-26
11.9999999999998 1.68468167969871e-21 2.96082804526659e-26
14.9999999999997 1.6454346921347e-21 1.33750238587639e-26
18 1.51394554733156e-21 6.93508692967704e-27
21.0000000000005 1.46272578327757e-21 4.05576037365659e-27
24.000000000001 1.4522362205553e-21 2.40775666020771e-27
27.0000000000014 1.56361946298672e-21 1.51761704137723e-27
30.0000000000019 1.58745180956681e-21 1.03980678047563e-27
33.000000000002 1.52727621902324e-21 7.28471948302867e-28
36.0000000000014 1.43335641288825e-21 5.09818994225896e-28
39.0000000000008 1.55813390844475e-21 4.06364502950328e-28
42.0000000000002 1.69767141857933e-21 3.13546011322703e-28
44.9999999999996 3.79318918188385e-21 5.35038388480846e-28
47.999999999999 2.95421101902044e-21 3.34550208176329e-28
50.9999999999984 5.66556182398054e-21 5.21713773260735e-28
53.9999999999978 9.36582922407823e-20 6.93073402373165e-27
56.9999999999972 2.90354848498174e-19 1.66747370284158e-26
59.9999999999966 7.03989965300111e-18 3.28223182901292e-25
62.999999999996 6.81337909945203e-18 2.6841910835812e-25
65.9999999999969 1.18848082130038e-17 3.99132818737377e-25
68.9999999999984 4.15504465976529e-16 1.18078654704668e-23
71.9999999999999 1.44233881760523e-15 3.35999259456837e-23
75.0000000000015 2.6464119884812e-14 5.19024198065683e-22
78.000000000003 5.27702343770231e-14 9.02246052757172e-22
81.0000000000045 5.60480794806381e-14 8.41496677026563e-22
84.0000000000061 2.02320349727656e-12 2.65601119800571e-20
87.0000000000076 7.86301449593561e-12 8.78054436100543e-20
90.0000000000091 9.72435679644936e-11 9.36837946858557e-19
93.0000000000107 2.69347518697603e-10 2.30928448407579e-18
96.0000000000122 2.81016906055094e-10 2.158965018851e-18
99.0000000000137 3.86466811772065e-09 2.65208369808857e-17
102.000000000015 1.72840517878117e-09 1.03717083925616e-17
105.000000000017 7.09386992548245e-09 3.74130981018173e-17
108.000000000018 8.77058366102697e-09 4.17690798967864e-17
111.00000000002 6.57202628503222e-09 2.84608566629519e-17
114.000000000021 1.57469068227895e-08 6.18640254756303e-17
117.000000000023 1.25836181712836e-08 4.40458887682642e-17
120.000000000024 2.6073076325406e-08 8.15020658003351e-17
123.000000000026 4.92643859335029e-08 1.40628467947183e-16
126.000000000028 3.56818828519988e-08 9.36485675141348e-17
129.000000000028 8.72638440418239e-08 2.1003204938206e-16
132.000000000025 1.01662604749988e-07 2.21069190752423e-16
135.000000000022 1.47333408943479e-07 2.90065095552884e-16
138.000000000019 4.81957740066492e-07 8.7503681625552e-16
141.000000000017 4.82854998530668e-07 8.12379045235603e-16
144.000000000014 8.07183339724202e-07 1.25375727849258e-15
147.000000000011 1.28963709039223e-06 1.83006723674275e-15
150.000000000009 1.82340726836205e-06 2.37733458381787e-15
153.000000000006 2.44056009490653e-06 2.95602323655956e-15
156.000000000003 3.01628258807967e-06 3.40233857064537e-15
159 3.45462905426321e-06 3.60959518378577e-15
161.999999999998 3.65969003145595e-06 3.52758682675979e-15
164.999999999995 4.15172185419063e-06 3.72395462085842e-15
167.999999999992 5.09762840149938e-06 4.2784655756816e-15
170.999999999989 5.03071627340144e-06 3.94188546617864e-15
173.999999999987 5.6272057403851e-06 4.09403866390647e-15
176.999999999984 6.57256660217444e-06 4.46635668090979e-15
179.999999999981 6.63847592719647e-06 4.23521695505504e-15
182.999999999979 7.29276532239145e-06 4.36506085202548e-15
185.999999999976 7.08136726090639e-06 3.9585382270153e-15
188.999999999973 8.14757811426418e-06 4.27054504730383e-15
191.99999999997 8.32462210675375e-06 4.11170824735556e-15
194.999999999968 8.09097719595005e-06 3.76257459241421e-15
197.999999999965 8.60860372651513e-06 3.75725148505378e-15
200.999999999962 9.4549378248347e-06 3.88443575583216e-15
203.999999999959 9.4322046558351e-06 3.66360854373583e-15
206.999999999957 9.3816811845905e-06 3.44092194618009e-15
209.999999999954 1.02328253051504e-05 3.53451464500728e-15
212.999999999951 1.07184783185449e-05 3.50083383161094e-15
215.999999999949 1.04200085885423e-05 3.22751550734829e-15
218.999999999946 1.10271051255997e-05 3.23056054354952e-15
221.999999999943 1.12808967486119e-05 3.12528298439288e-15
224.99999999994 1.16610596224779e-05 3.06752624109392e-15
227.999999999938 1.1100548048764e-05 2.77394912068977e-15
230.999999999935 1.15091478606371e-05 2.72486294951624e-15
233.999999999932 1.20173652503593e-05 2.70294151708557e-15
236.999999999929 1.17961041703605e-05 2.52663238918684e-15
239.999999999927 1.18045757618718e-05 2.40413298969712e-15
242.999999999924 1.22664058020454e-05 2.37465648991653e-15
245.999999999921 1.25334611997998e-05 2.31303149749353e-15
248.999999999919 1.2298913678701e-05 2.16494274559087e-15
251.999999999916 1.26129380449863e-05 2.11412614271726e-15
254.999999999913 1.25292745173948e-05 2.00366725213316e-15
257.99999999991 1.24378806722699e-05 1.90119560065081e-15
260.999999999908 1.32004320316544e-05 1.92552395307768e-15
263.999999999905 1.32927893136207e-05 1.85180002661275e-15
266.999999999902 1.29949017129854e-05 1.73283194473944e-15
269.999999999899 1.29620550621451e-05 1.65286154094321e-15
272.999999999897 1.35047216876694e-05 1.64673506148634e-15
275.999999999894 1.32675621164463e-05 1.55034418927026e-15
278.999999999891 1.30090023208668e-05 1.4561703542954e-15
281.999999999889 1.32905562711495e-05 1.42477603727103e-15
284.999999999886 1.37393966540603e-05 1.41286571569438e-15
287.999999999883 1.35362924012523e-05 1.33562459342972e-15
290.99999999988 1.28991049120321e-05 1.22053208264641e-15
293.999999999878 1.38222453073972e-05 1.25598399046868e-15
296.999999999875 1.37788546222083e-05 1.20299601641689e-15
299.999999999872 1.32411562886352e-05 1.10993436170743e-15
302.999999999869 1.38052281689055e-05 1.1126410897553e-15
305.999999999867 1.38447544521367e-05 1.07341182132074e-15
308.999999999864 1.38014531138181e-05 1.02863795146307e-15
311.999999999861 1.33694002055671e-05 9.59029820828405e-16
314.999999999859 1.40548907996026e-05 9.70941814096857e-16
317.999999999856 1.41111875449747e-05 9.38285969572964e-16
320.999999999853 1.33505727055858e-05 8.55192921044137e-16
323.99999999985 1.35419280757036e-05 8.36310614458895e-16
326.999999999848 1.36702431679515e-05 8.13394571894183e-16
329.999999999845 1.42248535646576e-05 8.16233390238586e-16
332.999999999842 1.33320906790333e-05 7.38196257818614e-16
335.999999999839 1.35375762510933e-05 7.23117572359015e-16
338.999999999837 1.43960665411034e-05 7.42079848456287e-16
341.999999999834 1.35666377626272e-05 6.75540732515286e-16
344.999999999831 1.38090243288263e-05 6.64043392099512e-16
347.999999999829 1.37359964706433e-05 6.37984174553535e-16
350.999999999826 1.38570599456583e-05 6.22084069525832e-16
353.999999999823 1.38445813450712e-05 6.009567101211e-16
356.99999999982 1.39003692231738e-05 5.83246285574201e-16
359.999999999818 1.39810312607473e-05 5.67410664648683e-16
362.999999999815 1.35360513887749e-05 5.3168391060031e-16
365.999999999812 1.42737042668849e-05 5.4243952209074e-16
368.999999999809 1.38879610660437e-05 5.10843732314989e-16
371.999999999807 1.37813638554891e-05 4.91022660162546e-16
374.999999999804 1.37554775756155e-05 4.74498453368292e-16
377.999999999801 1.40323353252051e-05 4.68924857915366e-16
380.999999999798 1.4775320324814e-05 4.78550949864545e-16
383.999999999796 1.35561959563547e-05 4.25553578090087e-16
386.999999999793 1.4048199805271e-05 4.27462409178029e-16
389.99999999979 1.48931064250194e-05 4.39511548018688e-16
392.999999999788 1.40221523080985e-05 4.01424509633612e-16
395.999999999785 1.35710877557036e-05 3.76808843612033e-16
398.999999999782 1.41855883418881e-05 3.8225046955913e-16
401.999999999779 1.491066393506e-05 3.90034113898325e-16
404.999999999777 1.38654291852848e-05 3.52002860529687e-16
407.999999999774 1.4124401834418e-05 3.48254780954324e-16
410.999999999771 1.46679953543521e-05 3.513102908408e-16
413.999999999768 1.45682227886241e-05 3.38856366418005e-16
416.999999999766 1.42569435518419e-05 3.22258272738899e-16
419.999999999763 1.40557622216007e-05 3.08803736315427e-16
422.99999999976 1.48629769956629e-05 3.17331319508745e-16
425.999999999758 1.44322563998751e-05 2.99595371371191e-16
428.999999999755 1.41880131576503e-05 2.86455196197219e-16
431.999999999752 1.4758768133794e-05 2.89772701213866e-16
434.999999999749 1.46305358053161e-05 2.79425481760376e-16
437.999999999747 1.42203188173779e-05 2.64306715759341e-16
440.999999999744 1.47400055590444e-05 2.66582817441635e-16
443.999999999741 1.49328678537076e-05 2.62845803013046e-16
446.999999999738 1.4261155290741e-05 2.44413008707279e-16
449.999999999736 1.47815152825326e-05 2.46659116456794e-16
452.999999999733 1.51464709904041e-05 2.46108857737331e-16
455.99999999973 1.47592033903884e-05 2.33619972470341e-16
458.999999999728 1.46609632957767e-05 2.26079966414756e-16
461.999999999725 1.4809180154536e-05 2.22475719694394e-16
464.999999999722 1.53085752322239e-05 2.24141101581885e-16
467.999999999719 1.47861236594767e-05 2.11026328211931e-16
470.999999999717 1.49482535267241e-05 2.07973530230682e-16
473.999999999714 1.51349422551428e-05 2.05299329476293e-16
476.999999999711 1.49520423199404e-05 1.97786992181929e-16
479.999999999708 1.47453237434137e-05 1.90239149987181e-16
482.999999999706 1.50063891039354e-05 1.88853623531461e-16
485.999999999703 1.58348856075985e-05 1.94421124891183e-16
488.9999999997 1.45201313641507e-05 1.73953197310381e-16
491.999999999698 1.51522767312275e-05 1.77153297139819e-16
494.999999999695 1.59761716596395e-05 1.82332094636318e-16
497.999999999692 1.50717368428277e-05 1.6791350916061e-16
500.999999999689 1.50111152534093e-05 1.63258365005086e-16
503.999999999687 1.51405851633011e-05 1.60819058398012e-16
506.999999999684 1.58370493040884e-05 1.64261053887143e-16
509.999999999681 1.52638548486913e-05 1.54641349505428e-16
512.999999999678 1.4970212135312e-05 1.4817167088836e-16
515.999999999676 1.58772275755666e-05 1.53512984615192e-16
518.999999999673 1.54571996053735e-05 1.46064736567783e-16
521.99999999967 1.53329163014194e-05 1.41572036024097e-16
524.999999999668 1.47775490268221e-05 1.33375930702188e-16
527.999999999665 1.59939011204749e-05 1.41108374830116e-16
530.999999999662 1.54698269595249e-05 1.33429975804435e-16
533.999999999659 1.49325908298525e-05 1.25944257898139e-16
536.999999999657 1.60291985595326e-05 1.32206357291014e-16
539.999999999654 1.53522436896304e-05 1.2382781485547e-16
542.999999999651 1.55027889566002e-05 1.22329171326638e-16
545.999999999648 1.54416414388601e-05 1.19186067156985e-16
548.999999999646 1.52140199438664e-05 1.14887324252804e-16
551.999999999643 1.53687197385632e-05 1.13573347640848e-16
554.99999999964 1.54081124197189e-05 1.11416089676738e-16
557.999999999638 1.58841386106005e-05 1.12414588090929e-16
560.999999999635 1.50327097331555e-05 1.0414086728358e-16
563.999999999632 1.52618733806961e-05 1.03503831753647e-16
566.999999999629 1.55160899364214e-05 1.03021658075053e-16
569.999999999627 1.57447937781099e-05 1.02371720168194e-16
572.999999999624 1.52129712018878e-05 9.68563170213612e-17
575.999999999621 1.47296265876069e-05 9.18432285806201e-17
578.999999999618 1.61754745628099e-05 9.88003284445752e-17
581.999999999616 1.57112858475155e-05 9.39948685178185e-17
584.999999999613 1.45546817364863e-05 8.5316483144592e-17
587.99999999961 1.55259332040138e-05 8.91663497243792e-17
590.999999999608 1.55025859439444e-05 8.72411921256771e-17
593.999999999605 1.52402680759652e-05 8.40590146445727e-17
596.999999999602 1.48566915627253e-05 8.03038339215743e-17
599.999999999599 1.55461528757663e-05 8.23700291045194e-17
602.999999999597 1.56255486673926e-05 8.11588164528172e-17
605.999999999594 1.52329883456125e-05 7.7562747234688e-17
608.999999999591 1.523726841498e-05 7.60809860195647e-17
611.999999999588 1.54489319603228e-05 7.56322917075004e-17
614.999999999586 1.54493169226759e-05 7.41773339185253e-17
617.999999999583 1.48005411692614e-05 6.96954917329269e-17
620.99999999958 1.55371237748356e-05 7.17582990134176e-17
623.999999999578 1.56292982630946e-05 7.08153274111054e-17
626.999999999575 1.47244849918357e-05 6.5450414145216e-17
629.999999999572 1.50760692248048e-05 6.57467182650016e-17
632.999999999569 1.53801122532318e-05 6.58195661284181e-17
635.999999999567 1.4949795960328e-05 6.27797295433781e-17
638.999999999564 1.5001611179261e-05 6.18218328476357e-17
641.999999999561 1.56265999639545e-05 6.32030453528378e-17
644.999999999558 1.51807727375752e-05 6.02744066639841e-17
647.999999999556 1.51235477436478e-05 5.89436119886644e-17
650.999999999553 1.5038298984389e-05 5.75385794321442e-17
653.99999999955 1.5179303154562e-05 5.70277794280954e-17
656.999999999548 1.50026638522197e-05 5.53398130602232e-17
659.999999999545 1.44870254158327e-05 5.24740198517821e-17
662.999999999542 1.53570230981621e-05 5.46269161805768e-17
665.999999999539 1.5382406472868e-05 5.37449249957884e-17
668.999999999537 1.4990279337639e-05 5.14418452375798e-17
671.999999999534 1.53626506012609e-05 5.17854606285997e-17
674.999999999531 1.56139559583749e-05 5.17057646073674e-17
677.999999999528 1.49767614878309e-05 4.87261715936541e-17
680.999999999526 1.47415317311794e-05 4.71242663282096e-17
683.999999999523 1.59813592681164e-05 5.01944587840691e-17
686.99999999952 1.52432305154962e-05 4.70505693681686e-17
689.999999999518 1.4757550182617e-05 4.47654522465154e-17
692.999999999515 1.55850118594634e-05 4.64615977369665e-17
695.999999999512 1.55990953774365e-05 4.57131941064068e-17
698.999999999509 1.54678650850438e-05 4.45546075072965e-17
701.999999999507 1.44982264080111e-05 4.10537942328762e-17
704.999999999504 1.55600113946373e-05 4.33191782945256e-17
707.999999999501 1.60117462916417e-05 4.38242131383993e-17
710.999999999498 1.50387459044565e-05 4.04738661694705e-17
713.999999999496 1.52934147164048e-05 4.0474039743578e-17
716.999999999493 1.55852818446112e-05 4.05584804196293e-17
719.99999999949 1.59080770038318e-05 4.07174481589228e-17
722.999999999487 1.50326836054997e-05 3.78423516252335e-17
725.999999999485 1.54479126472366e-05 3.82489383275085e-17
728.999999999482 1.57513955214458e-05 3.83671359167452e-17
731.999999999479 1.51680579413442e-05 3.63440654305172e-17
734.999999999477 1.60015724929756e-05 3.77185778274107e-17
737.999999999474 1.55362331947065e-05 3.60317546668508e-17
740.999999999471 1.55037209823738e-05 3.53801831657653e-17
743.999999999468 1.56983259426375e-05 3.52507689591201e-17
746.999999999466 1.54936974138047e-05 3.42349467028049e-17
749.999999999463 1.59447021250885e-05 3.46750225799451e-17
752.99999999946 1.5173020110957e-05 3.24727913259041e-17
755.999999999457 1.60917368607567e-05 3.3897585864196e-17
758.999999999455 1.60156034888063e-05 3.32076462293536e-17
761.999999999452 1.57293373223099e-05 3.21034493161966e-17
764.999999999449 1.54184448257067e-05 3.09815523172368e-17
767.999999999447 1.60710348663204e-05 3.17915674411569e-17
770.999999999444 1.62797015832063e-05 3.17060503051302e-17
773.999999999441 1.50964696831984e-05 2.89497465312406e-17
776.999999999438 1.60603765725538e-05 3.03259562485955e-17
779.999999999436 1.64090810258981e-05 3.0511904300385e-17
782.999999999433 1.56730188016e-05 2.86982657336577e-17
785.99999999943 1.55506867013236e-05 2.80440565066255e-17
788.999999999427 1.59369823034233e-05 2.83073065600957e-17
791.999999999425 1.63813810865869e-05 2.86593848801175e-17
794.999999999422 1.56921776853151e-05 2.70402387368946e-17
797.999999999419 1.56981411951054e-05 2.66479158446313e-17
800.999999999417 1.63993275146553e-05 2.74248296023223e-17
803.999999999414 1.60445445778372e-05 2.64335328684916e-17
806.999999999411 1.56616854105277e-05 2.54206446837748e-17
809.999999999408 1.59377546495256e-05 2.54895828812032e-17
812.999999999406 1.6233856720346e-05 2.55834429373814e-17
815.999999999403 1.56479239518458e-05 2.42996179648284e-17
818.9999999994 1.58895094237467e-05 2.43142642947743e-17
821.999999999397 1.63328802500607e-05 2.46316867173823e-17
824.999999999395 1.58925169376612e-05 2.36223248274186e-17
827.999999999392 1.5546978141179e-05 2.27759194926951e-17
830.999999999389 1.57658561901386e-05 2.27639335274855e-17
833.999999999387 1.60772122028131e-05 2.28824395636944e-17
836.999999999384 1.55689159941009e-05 2.18444628760525e-17
839.999999999381 1.58852625142265e-05 2.1972240164708e-17
842.999999999378 1.59147744813673e-05 2.17005772116722e-17
845.999999999376 1.59511950041716e-05 2.14442167539168e-17
848.999999999373 1.57322950844022e-05 2.08539731205526e-17
851.99999999937 1.5751140135628e-05 2.05866594973309e-17
854.999999999367 1.58918369266625e-05 2.04799635441715e-17
857.999999999365 1.49792470206773e-05 1.90363035992978e-17
860.999999999362 1.57836014082272e-05 1.9781495924323e-17
863.999999999359 1.60287720352991e-05 1.98114016820347e-17
866.999999999357 1.54219975687691e-05 1.87989261831999e-17
869.999999999354 1.54557635157306e-05 1.85829412513795e-17
872.999999999351 1.58622818720372e-05 1.88099327064311e-17
875.999999999348 1.6100389469305e-05 1.88336779055043e-17
878.999999999346 1.47848031594039e-05 1.70593099290903e-17
881.999999999343 1.52118731005452e-05 1.73154344557439e-17
884.99999999934 1.59916988832099e-05 1.79577731675634e-17
887.999999999337 1.53216830554409e-05 1.69739236610984e-17
890.999999999335 1.53762419328259e-05 1.68073183318167e-17
893.999999999332 1.52834977989645e-05 1.6482705623977e-17
896.999999999329 1.62085509757648e-05 1.72483702231187e-17
899.999999999327 1.50869113932813e-05 1.58420956817342e-17
902.999999999324 1.50341767390683e-05 1.55777480850652e-17
905.999999999321 1.59341833463928e-05 1.62940426217638e-17
908.999999999318 1.54507625835597e-05 1.55913141793969e-17
911.999999999316 1.54140519199745e-05 1.53522086778704e-17
914.999999999313 1.51668483648688e-05 1.49082917637002e-17
917.99999999931 1.57543047727407e-05 1.52848568201061e-17
920.999999999307 1.53820785427355e-05 1.47305743134996e-17
923.999999999305 1.48792104061297e-05 1.40644907934414e-17
926.999999999302 1.56431350265032e-05 1.4596824638994e-17
929.999999999299 1.51227976568594e-05 1.39308208917638e-17
932.999999999297 1.5402139467098e-05 1.4006390203405e-17
935.999999999294 1.54093082317009e-05 1.38341058130308e-17
938.999999999291 1.5421508927428e-05 1.36697225160276e-17
941.999999999288 1.52279319314665e-05 1.33268717627279e-17
944.999999999286 1.50682316213096e-05 1.30207992887221e-17
947.999999999283 1.58314260697731e-05 1.35086881340724e-17
950.99999999928 1.50115339114314e-05 1.26476991139806e-17
953.999999999277 1.50542115632326e-05 1.2525835276758e-17
956.999999999275 1.58123665030692e-05 1.29919562101372e-17
959.999999999272 1.55805541492059e-05 1.26426795353501e-17
962.999999999269 1.52021875460319e-05 1.21830221142201e-17
965.999999999266 1.48307613064578e-05 1.17380468454482e-17
968.999999999264 1.60628009256011e-05 1.25575456673695e-17
971.999999999261 1.54806667046531e-05 1.19532572937475e-17
974.999999999258 1.50799542862623e-05 1.15019274126988e-17
977.999999999256 1.5855435907533e-05 1.19458106261786e-17
980.999999999253 1.58875151863486e-05 1.18240766514483e-17
983.99999999925 1.5365398037761e-05 1.12974342334647e-17
986.999999999247 1.52425136713825e-05 1.10708820058475e-17
989.999999999245 1.623444184288e-05 1.16500323896275e-17
992.999999999242 1.57793562529609e-05 1.11870346576056e-17
995.999999999239 1.51805362290498e-05 1.06335402050277e-17
998.999999999236 1.59180834320218e-05 1.10172783878106e-17
