0 0 0
1 3.05269407639722e-29 9.84205834166445e-30
2 9.52992798204586e-29 3.07248581255965e-29
2.99999999999998 8.19930332073727e-29 2.64355530128099e-29
3.99999999999996 9.26450230727975e-29 2.98688870488677e-29
4.99999999999994 2.02455283646417e-28 6.52730415963835e-29
5.99999999999992 2.13955112953461e-28 6.89795611641932e-29
6.9999999999999 2.83394505523661e-28 9.13683278597908e-29
7.99999999999987 3.02917593083947e-28 9.76624404475692e-29
8.99999999999985 4.12376880197234e-27 1.3295173798423e-27
9.99999999999983 2.79923808224134e-27 9.02510124309843e-28
10.9999999999998 2.82757732644343e-27 9.11615554745883e-28
11.9999999999998 5.5212275020058e-26 1.78008288082833e-26
12.9999999999998 4.12062184221973e-26 1.32849889370188e-26
13.9999999999997 6.65801976408854e-26 2.14658440156994e-26
14.9999999999997 5.13516887386518e-26 1.65561056523422e-26
15.9999999999997 1.69188832664394e-24 5.45469977527283e-25
16.9999999999999 1.09125293410718e-24 3.51834340441233e-25
18 1.21397062667029e-24 3.91386454616676e-25
19.0000000000002 3.3325907002929e-23 1.07445036784675e-23
20.0000000000003 1.78477670905464e-23 5.75417643931689e-24
21.0000000000005 2.94335509340859e-23 9.48952050037255e-24
22.0000000000006 2.16894022856752e-23 6.99280445873625e-24
23.0000000000008 7.5272802572165e-22 2.42681522062882e-22
24.000000000001 4.8270985828052e-22 1.55632130916459e-22
25.0000000000011 5.39195414315082e-22 1.73837811944643e-22
26.0000000000013 1.769858638576e-20 5.70614383685625e-21
27.0000000000014 8.03343350446755e-21 2.59001029817153e-21
28.0000000000016 1.34771675288189e-20 4.34509294719218e-21
29.0000000000017 9.68627123359245e-21 3.12291902437718e-21
30.0000000000019 3.45027416511353e-19 1.11237631149607e-19
31.000000000002 2.23853909569805e-19 7.21735042098153e-20
32.0000000000022 2.44224012792787e-19 7.87384600981749e-20
33.000000000002 8.51495913056886e-18 2.7452785101548e-18
34.0000000000018 3.76978699138448e-18 1.21539706433164e-18
35.0000000000016 6.44488779430635e-18 2.07785293818413e-18
36.0000000000014 4.56023400815363e-18 1.47025098206975e-18
37.0000000000012 1.65156136596651e-16 5.32466451854909e-17
38.000000000001 1.08962828189798e-16 3.51310459329091e-17
39.0000000000008 1.17525036126735e-16 3.78904192629023e-17
40.0000000000006 4.17967029835684e-15 1.34755189373344e-15
41.0000000000004 1.85860316602494e-15 5.99223504810089e-16
42.0000000000002 3.20348153729043e-15 1.03280921244855e-15
43 2.2563039367184e-15 7.2744834089971e-16
43.9999999999998 8.45505822640769e-14 2.72592921760037e-14
44.9999999999996 5.47680995887541e-14 1.7657785819072e-14
45.9999999999994 5.83378289492165e-14 1.88083390331082e-14
46.9999999999992 2.39830046621904e-12 7.73227592245583e-13
47.999999999999 1.31019619597561e-12 4.2243043580532e-13
48.9999999999988 1.76429958426223e-12 5.68758133410217e-13
49.9999999999986 1.20842657326625e-12 3.89605500333713e-13
50.9999999999984 6.6916088317292e-11 2.15729615423711e-11
51.9999999999982 1.64040924037483e-10 5.28524076119801e-11
52.999999999998 1.73511072776386e-10 5.59364138704632e-11
53.9999999999978 1.34256541583569e-09 4.32860197719642e-10
54.9999999999976 5.45129293772016e-08 1.75702621788399e-08
55.9999999999974 5.27430085161779e-08 1.6991884942326e-08
56.9999999999972 5.56352839854491e-08 1.79372039265291e-08
57.999999999997 3.73340665543003e-06 1.2035046670507e-06
58.9999999999968 6.08960716554862e-05 1.95830527157818e-05
