0 0 0
1 2.60325942553433e-22 8.39305561194927e-23
2 2.68954647688445e-22 8.67120235282585e-23
2.99999999999998 2.55235055386634e-22 8.22908919788256e-23
3.99999999999996 2.610065532696e-22 8.41488835723005e-23
4.99999999999994 2.69421819337493e-22 8.68635350344496e-23
5.99999999999992 2.64108693278487e-22 8.51491769183244e-23
6.9999999999999 2.58247987316706e-22 8.32609183272164e-23
7.99999999999987 2.6930609984608e-22 8.68258943814323e-23
8.99999999999985 2.71281799169966e-22 8.74621939832449e-23
9.99999999999983 2.61159621514887e-22 8.42011988971518e-23
10.9999999999998 2.66045398698853e-22 8.5773471692778e-23
11.9999999999998 2.7446531000901e-22 8.84895613599687e-23
12.9999999999998 2.68583389645271e-22 8.65919634804842e-23
13.9999999999997 2.63737180892383e-22 8.50304052538662e-23
14.9999999999997 2.74152190045513e-22 8.83883808997236e-23
15.9999999999997 2.76037771121905e-22 8.89954227279056e-23
16.9999999999999 2.67453383906605e-22 8.62304989113672e-23
18 2.7250958584256e-22 8.78576123075478e-23
19.0000000000002 2.79395474488788e-22 9.00790398201091e-23
20.0000000000003 2.77052524381398e-22 8.93226083083882e-23
21.0000000000005 2.76591745423696e-22 8.91745289112326e-23
22.0000000000006 2.80909070263033e-22 9.05669125195675e-23
23.0000000000008 2.84701373804998e-22 9.17884819080781e-23
24.000000000001 3.00193138022678e-22 9.67862930447611e-23
25.0000000000011 2.98371377850035e-22 9.61956020590351e-23
26.0000000000013 2.85316036719225e-22 9.1987818082896e-23
27.0000000000014 3.47423268228127e-22 1.12010617922616e-22
28.0000000000016 4.11686720700139e-22 1.32729451838657e-22
29.0000000000017 3.14575080729915e-22 1.01421122822945e-22
