0.01 4.87926561317057e-23 6.27462706305503e-20 18
0.02 2.511731328203596e-22 2.052879678197712e-18 62
0.03 9.278148296943807e-22 3.971384661275049e-18 98
0.04 2.085402841536906e-21 8.154846478104328e-18 210
0.05 4.058629470259745e-21 2.105118301249176e-17 350
0.06 6.647783692787391e-21 3.423161370605714e-17 450
0.07 1.073646114445837e-20 4.850336389815578e-17 602
0.08 1.517939044396213e-20 7.387293671536577e-17 762
0.09 2.653459114812817e-20 1.234040775013472e-16 1142
0.1 3.425312415868155e-20 1.612983148446468e-16 1250
0.11 4.084475969982292e-20 2.045934480333396e-16 1458
0.12 6.01564865863552e-20 2.75944975696314e-16 1814
0.13 7.190435415918065e-20 3.649927595160648e-16 2178
0.14 9.198917946154238e-20 4.241853478681838e-16 2498
0.15 1.034950368346074e-19 4.87095181827857e-16 2622
0.16 1.301680355314489e-19 5.917380034255538e-16 3191
0.17 1.282016456652783e-19 6.50088249255738e-16 3044
0.18 1.31740840503842e-19 5.657440124264793e-16 2736
0.19 1.075821305827744e-19 5.323316208211845e-16 2276
0.2 1.002244443654364e-19 4.665891535344903e-16 2016
0.21 8.895919728962856e-20 3.881543424511858e-16 1640
0.22 6.478705923492589e-20 2.491125300290219e-16 1056
0.23 3.898543106534083e-20 1.670420359475246e-16 683
0.24 2.241037517248075e-20 7.942247456902155e-17 350
0.25 8.833427792041108e-21 4.230425899168724e-17 192
0.26 4.741088392911363e-21 1.21447810902238e-17 44
0.27 2.223968657188766e-21 8.389473951998874e-18 25


0.01 1.424037422113933e-22 2.123643558720393e-20 18
0.02 6.894512063063952e-22 7.343082734979521e-19 62
0.03 2.634204583211218e-21 1.41008771250316e-18 98
0.04 5.993442479754898e-21 2.853754511574195e-18 210
0.05 1.181399368230784e-20 7.231281124741872e-18 350
0.06 1.949298421103443e-20 1.166004287533113e-17 450
0.07 3.088034643446324e-20 1.691702712185439e-17 602
0.08 4.392774642948624e-20 2.555279257070557e-17 762
0.09 7.631772161155459e-20 4.302434786909461e-17 1142
0.1 1.001493189450545e-19 5.509437626768476e-17 1250
0.11 1.187884327078014e-19 7.034952172948606e-17 1458
0.12 1.738825942109793e-19 9.562696695731329e-17 1814
0.13 2.095597950474243e-19 1.251966529567922e-16 2178
0.14 2.6586315122456e-19 1.470147213736509e-16 2498
0.15 3.014711110480765e-19 1.671575567251917e-16 2622
0.16 3.762081430951833e-19 2.051073973863959e-16 3191
0.17 3.721446685702856e-19 2.240200626189333e-16 3044
0.18 3.829811913334629e-19 1.946447108092951e-16 2736
0.19 3.107979717695463e-19 1.844867322811776e-16 2276
0.2 2.918299804537465e-19 1.60195934820146e-16 2016
0.21 2.574540703829434e-19 1.34346136930525e-16 1640
0.22 1.873009995046053e-19 8.643564705172672e-17 1056
0.23 1.105869935292391e-19 5.937681200788515e-17 683
0.24 6.483485023112185e-20 2.754689374512726e-17 350
0.25 2.572860803157395e-20 1.451964761092228e-17 192
0.26 1.318951934329639e-20 4.591923299560312e-18 44
0.27 5.608395028724921e-21 3.481287482207119e-18 25


0.01 3.263628159155664e-22 2.305023271531273e-20 18
0.02 4.040330257927923e-21 1.27882848259392e-19 62
0.03 9.953719767837783e-21 4.534801929321783e-19 98
0.04 2.194688606743942e-20 1.009472307169004e-18 210
0.05 5.307976684411594e-20 1.962676803586208e-18 350
0.06 8.820308493392077e-20 3.198716069290374e-18 450
0.07 1.240895959623016e-19 5.210822787484042e-18 602
0.08 1.873993850094408e-19 7.35225690083622e-18 762
0.09 3.125026334359696e-19 1.288516496906982e-17 1142
0.1 4.259472203656603e-19 1.646277235231634e-17 1250
0.11 5.207721247973015e-19 1.972934480671355e-17 1458
0.12 7.122085047985335e-19 2.909898090696801e-17 1814
0.13 9.299067421408813e-19 3.468955757800341e-17 2178
0.14 1.092304033306179e-18 4.449570305883152e-17 2498
0.15 1.273013121310245e-18 4.982987891953146e-17 2622
0.16 1.531444652524176e-18 6.292624238185075e-17 3191
0.17 1.63899910665816e-18 6.197734498591647e-17 3044
0.18 1.521083745815945e-18 6.333194392350296e-17 2736
0.19 1.335735310929157e-18 5.21171009164136e-17 2276
0.2 1.222661411371468e-18 4.821596169240661e-17 2016
0.21 1.02350444565983e-18 4.288859708735022e-17 1640
0.22 6.873583588769818e-19 3.115767954753875e-17 1056
0.23 4.169713832444001e-19 1.902572632237081e-17 683
0.24 2.270999095271885e-19 1.074906313821539e-17 350
0.25 1.09784616278068e-19 4.248860621998746e-18 192
0.26 3.410133937190662e-20 2.318361205674431e-18 44
0.27 1.362550197086348e-20 1.159051851965214e-18 25


0.01 4.613110814821835e-23 5.881315453274688e-19 18
0.02 8.507993727162999e-22 5.525948541204238e-18 62
0.03 1.856456892169195e-21 1.512448503540838e-17 98
0.04 3.984769057003171e-21 3.391854976031138e-17 210
0.05 1.004203176018238e-20 7.895758013926922e-17 350
0.06 1.657953925252e-20 1.316148052985682e-16 450
0.07 2.313191094791413e-20 1.876653457960698e-16 602
0.08 3.52308711072413e-20 2.807977942228901e-16 762
0.09 5.85686739940137e-20 4.705099434927735e-16 1142
0.1 7.902446266976035e-20 6.430448597499567e-16 1250
0.11 9.806101079736228e-20 7.780287250540621e-16 1458
0.12 1.326837939855316e-19 1.075789212283414e-15 1814
0.13 1.752666267335592e-19 1.387280547370428e-15 2178
0.14 2.037479532120891e-19 1.648362622787894e-15 2498
0.15 2.369282546765239e-19 1.919401023558544e-15 2622
0.16 2.849875862294959e-19 2.31563782374578e-15 3191
0.17 3.099064097724194e-19 2.441919002900559e-15 3044
0.18 2.789745586730766e-19 2.322469617730171e-15 2736
0.19 2.524831413784426e-19 1.993954283864389e-15 2276
0.2 2.273283080771319e-19 1.845425830914372e-15 2016
0.21 1.889828069692246e-19 1.556913958197058e-15 1640
0.22 1.24055562389222e-19 1.065125311355325e-15 1056
0.23 7.800911895799763e-20 6.324467718093879e-16 683
0.24 4.032837357325953e-20 3.562281221760402e-16 350
0.25 2.052305778037857e-20 1.649707014549318e-16 192
0.26 5.840784163084939e-21 5.60888778090278e-17 44
0.27 2.86901803508185e-21 2.019574373266648e-17 25


0.01 6.563965496055077e-23 4.152382291853234e-19 18
0.02 1.216234923183476e-21 3.93446325361442e-18 62
0.03 2.650643507118811e-21 1.0731056825395e-17 98
0.04 5.687676680216601e-21 2.405385657017481e-17 210
0.05 1.433922862307891e-20 5.606576437381982e-17 350
0.06 2.367270808945257e-20 9.344820932775827e-17 450
0.07 3.302821332543023e-20 1.331746943004113e-16 602
0.08 5.030772671334422e-20 1.993279927908588e-16 762
0.09 8.36340659378993e-20 3.339315915137144e-16 1142
0.1 1.128295987965833e-19 4.563678970743057e-16 1250
0.11 1.400367187359505e-19 5.523330767620461e-16 1458
0.12 1.894678352161025e-19 7.634150921371756e-16 1814
0.13 2.503043766894684e-19 9.848741451215589e-16 2178
0.14 2.909634654009907e-19 1.169733497694967e-15 2498
0.15 3.383374654754266e-19 1.362138350308494e-15 2622
0.16 4.069871127699784e-19 1.643107024108264e-15 3191
0.17 4.426523549934793e-19 1.73354060714186e-15 3044
0.18 3.98360060594136e-19 1.647421319884841e-15 2736
0.19 3.606594630586578e-19 1.415356935450894e-15 2276
0.2 3.246749827186181e-19 1.30948168648954e-15 2016
0.21 2.699035257805706e-19 1.104437135611275e-15 1640
0.22 1.771398507569051e-19 7.551168263230254e-16 1056
0.23 1.114422851524598e-19 4.48624400639547e-16 683
0.24 5.757958705391333e-20 2.524422308385264e-16 350
0.25 2.931740565811955e-20 1.170671381784228e-16 192
0.26 8.338280692426359e-21 3.968021546654172e-17 44
0.27 4.105974101953537e-21 1.432188448820115e-17 25


0.01 6.339865246746777e-21 1.842091265494442e-20 18
0.02 7.376869292774377e-20 1.489752715111493e-19 62
0.03 1.857874319663349e-19 4.351074554981616e-19 98
0.04 4.112628589154449e-19 9.837023165554718e-19 210
0.05 9.868281307897508e-19 2.234156950072128e-18 350
0.06 1.641093252196477e-18 3.727124350775714e-18 450
0.07 2.31432724553413e-18 5.369189505304706e-18 602
0.08 3.488575666894906e-18 7.980413599436422e-18 762
0.09 5.822318396844654e-18 1.341785630869055e-17 1142
0.1 7.943125950427688e-18 1.832387015500018e-17 1250
0.11 9.6882446969922e-18 2.203831543921454e-17 1458
0.12 1.327833487153734e-17 3.069100517902082e-17 1814
0.13 1.729359044846712e-17 3.922755423535723e-17 2178
0.14 2.03588641629486e-17 4.697182991542212e-17 2498
0.15 2.372606517029303e-17 5.459914661653003e-17 2622
0.16 2.855365451359107e-17 6.602976254660296e-17 3191
0.17 3.046414420090387e-17 6.894254434841477e-17 3044
0.18 2.842080957384148e-17 6.650738117916047e-17 2736
0.19 2.48321975485871e-17 5.635227232689816e-17 2276
0.2 2.278671224957965e-17 5.243670213142389e-17 2016
0.21 1.910341483413722e-17 4.446592707692936e-17 1640
0.22 1.28801566201935e-17 3.074797573950063e-17 1056
0.23 7.772830805053325e-18 1.806824981812713e-17 683
0.24 4.266582085529018e-18 1.034639885581885e-17 350
0.25 2.04359729766853e-18 4.666546227934322e-18 192
0.26 6.465722770640547e-19 1.68356366736228e-18 44
0.27 2.513577063097612e-19 5.859688072487636e-19 25


0.01 1.124423102826117e-21 7.685399859124615e-20 18
0.02 1.276055598697794e-20 5.697297323887495e-19 62
0.03 3.243292036343911e-20 1.732181119413906e-18 98
0.04 7.190723692439739e-20 3.932060592754075e-18 210
0.05 1.719741370406756e-19 8.789382471424426e-18 350
0.06 2.860792326633202e-19 1.46613385979937e-17 450
0.07 4.038680357706324e-19 2.126863852473891e-17 602
0.08 6.083058612913307e-19 3.146397443928237e-17 762
0.09 1.015624343346195e-18 5.30119166322544e-17 1142
0.1 1.386013530904245e-18 7.227658325107842e-17 1250
0.11 1.68890739695971e-18 8.659956998399318e-17 1458
0.12 2.316883456391681e-18 1.211320385891186e-16 1814
0.13 3.014308036305754e-18 1.538584531960487e-16 2178
0.14 3.551970479831819e-18 1.851366729084338e-16 2498
0.15 4.139275961250435e-18 2.148231419192152e-16 2622
0.16 4.982480837895841e-18 2.602013059372734e-16 3191
0.17 5.309028365473271e-18 2.698311803756655e-16 3044
0.18 4.963609703169107e-18 2.624647231617897e-16 2736
0.19 4.328053574985901e-18 2.205544329047737e-16 2276
0.2 3.975526813239397e-18 2.057660605627534e-16 2016
0.21 3.335052580856893e-18 1.75030639340844e-16 1640
0.22 2.252263164695086e-18 1.217901956603881e-16 1056
0.23 1.356415629747072e-18 7.114788227762078e-17 683
0.24 7.468650909818301e-19 4.109259235024181e-17 350
0.25 3.563811163837652e-19 1.822449411204815e-17 192
0.26 1.136291748663171e-19 6.83238344592193e-18 44
0.27 4.371509172851124e-20 2.354169518728437e-18 25


0.01 3.355646504663863e-22 2.893684958901183e-18 18
0.02 3.478419495245913e-21 3.38965176840208e-17 62
0.03 9.149756269928739e-21 8.516392000509207e-17 98
0.04 2.039792021969731e-20 1.884461220021474e-16 210
0.05 4.817276295956986e-20 4.525887848195781e-16 350
0.06 8.020638144689454e-20 7.526269693261794e-16 450
0.07 1.137057897275078e-19 1.061136437978536e-15 602
0.08 1.707200682988587e-19 1.599945437024799e-15 762
0.09 2.854230636686958e-19 2.670150207622938e-15 1142
0.1 3.897983869673252e-19 3.642650489757909e-15 1250
0.11 4.73264052055081e-19 4.444334714988146e-15 1458
0.12 6.514477659729604e-19 6.090092637637423e-15 1814
0.13 8.439532261597145e-19 7.93434860399495e-15 2178
0.14 9.980392748258844e-19 9.338871116930857e-15 2498
0.15 1.162580307959186e-18 1.088402133576486e-14 2622
0.16 1.400422484603485e-18 1.309871181804867e-14 3191
0.17 1.484650684108327e-18 1.398086629058079e-14 3044
0.18 1.398918553030167e-18 1.303666362127532e-14 2736
0.19 1.210492324613504e-18 1.139751211263419e-14 2276
0.2 1.115722640670237e-18 1.045652414707171e-14 2016
0.21 9.381578881292011e-19 8.765403045677154e-15 1640
0.22 6.372989697301533e-19 5.907764082269607e-15 1056
0.23 3.809775803977767e-19 3.5674619941669e-15 683
0.24 2.120722062974351e-19 1.956714560136781e-15 350
0.25 9.976165742589778e-20 9.382005472538591e-16 192
0.26 3.276088907142601e-20 2.962490513711167e-16 44
0.27 1.217170509315375e-20 1.154946918615706e-16 25


0.01 3.605895449875096e-22 1.282521715184471e-18 18
0.02 4.737477816505568e-21 1.420008031252899e-17 62
0.03 1.143812687288138e-20 3.642358794775654e-17 98
0.04 2.512669969895488e-20 8.087744529322466e-17 210
0.05 6.12205556384475e-20 1.927805229392189e-16 350
0.06 1.016740532231436e-19 3.207707243641846e-16 450
0.07 1.427897340506119e-19 4.533254382758206e-16 602
0.08 2.160495734317169e-19 6.822258307452756e-16 762
0.09 3.601356546468114e-19 1.139429011286448e-15 1142
0.1 4.905157435269194e-19 1.55533377074822e-15 1250
0.11 6.01251613674493e-19 1.893349103253417e-15 1458
0.12 8.209252235656393e-19 2.599647741703662e-15 1814
0.13 1.074559198420073e-18 3.378396670045996e-15 2178
0.14 1.260108996215601e-18 3.984684521657e-15 2498
0.15 1.468837756099e-18 4.643101330614709e-15 2622
0.16 1.767074976630472e-18 5.589862433841332e-15 3191
0.17 1.897178214657123e-18 5.948149011118457e-15 3044
0.18 1.752901469697817e-18 5.572758019078114e-15 2736
0.19 1.547098453130563e-18 4.849110898945306e-15 2276
0.2 1.413241889938554e-18 4.458306972704372e-15 2016
0.21 1.181910043078963e-18 3.742298686987113e-15 1640
0.22 7.911351954626009e-19 2.53126025936546e-15 1056
0.23 4.825827170916794e-19 1.521294939671423e-15 683
0.24 2.609756266540223e-19 8.401620594731574e-16 350
0.25 1.27252372207769e-19 3.993691290471658e-16 192
0.26 3.8902208981282e-20 1.283308791920511e-16 44
0.27 1.597359799993419e-20 4.888072189533284e-17 25


0.01 5.303622467644137e-22 1.273613931943006e-17 18
0.02 5.648964272229879e-21 1.421303386202833e-16 62
0.03 1.470109857036411e-20 3.634907102823759e-16 98
0.04 3.271306877845276e-20 8.067126661335832e-16 210
0.05 7.753471134111581e-20 1.924909653679549e-15 350
0.06 1.290139385562778e-19 3.202522388809167e-15 450
0.07 1.825901462858976e-19 4.524205544809277e-15 602
0.08 2.743110344030732e-19 6.810230007696654e-15 762
0.09 4.58207805967368e-19 1.13724364864356e-14 1142
0.1 6.253707579392453e-19 1.552169131776257e-14 1250
0.11 7.597651696122821e-19 1.890013059954843e-14 1458
0.12 1.044270961496719e-18 2.594217269997159e-14 1814
0.13 1.354006915525262e-18 3.372403122582757e-14 2178
0.14 1.598784154951761e-18 3.976269069436346e-14 2498
0.15 1.861988524368293e-18 4.633283507777013e-14 2622
0.16 2.241376637336039e-18 5.577494596663667e-14 3191
0.17 2.378521172757512e-18 5.937236865608811e-14 3044
0.18 2.234594424096948e-18 5.558510056758228e-14 2736
0.19 1.936985146059661e-18 4.839660701679119e-14 2276
0.2 1.782656287022109e-18 4.448084576124939e-14 2016
0.21 1.497115853182658e-18 3.73281287141873e-14 1640
0.22 1.014702378687832e-18 2.523456845145995e-14 1056
0.23 6.074489059776582e-19 1.517485838905924e-14 683
0.24 3.368948902525508e-19 8.372242963308609e-15 350
0.25 1.591035304414817e-19 3.984439697068986e-15 192
0.26 5.176514093468227e-20 1.277113796107134e-15 44
0.27 1.942094032677987e-20 4.879710137879232e-16 25


0.01 2.038644284253027e-21 1.613500570718619e-17 18
0.02 2.299907935457275e-20 1.782495775925069e-16 62
0.03 5.858546631147921e-20 4.575660789850394e-16 98
0.04 1.299426322672838e-19 1.016074375664087e-15 210
0.05 3.10538778616715e-19 2.420965126068338e-15 350
0.06 5.166446408158917e-19 4.027891978307522e-15 450
0.07 7.295917219768629e-19 5.692272594648305e-15 602
0.08 1.09876131862241e-18 8.564786203039888e-15 762
0.09 1.834772572803156e-18 1.430293636075255e-14 1142
0.1 2.504240958021935e-18 1.952109909807681e-14 1250
0.11 3.051005443960289e-18 2.37579532944575e-14 1458
0.12 4.186627168332413e-18 3.261878266680045e-14 1814
0.13 5.445843282835573e-18 4.237921884267537e-14 2178
0.14 6.419077196847745e-18 4.998212329438246e-14 2498
0.15 7.480731553148035e-18 5.823376960658662e-14 2622
0.16 9.005629267348067e-18 7.009899829762521e-14 3191
0.17 9.593639185211902e-18 7.456886766440224e-14 3044
0.18 8.974836090410996e-18 6.986283886810312e-14 2736
0.19 7.822459830914813e-18 6.076831253510323e-14 2276
0.2 7.187519483137746e-18 5.586669994775959e-14 2016
0.21 6.030949312954649e-18 4.688937680330396e-14 1640
0.22 4.074767858178462e-18 3.171506052165552e-14 1056
0.23 2.453081008711808e-18 1.905259837599481e-14 683
0.24 1.351800768493054e-18 1.052338321060281e-14 350
0.25 6.444820920095516e-19 4.999874144832403e-15 192
0.26 2.058824600722385e-19 1.607660928668956e-15 44
0.27 7.901315629679926e-20 6.117831794374035e-16 25


0.01 1.722216874803024e-21 1.338980462872496e-17 18
0.02 1.880471245640288e-20 1.49925464038195e-16 62
0.03 4.84807928050205e-20 3.82958849231835e-16 98
0.04 1.07724535270244e-19 8.497670010664677e-16 210
0.05 2.562307525886823e-19 2.028630288141642e-15 350
0.06 4.262961803207264e-19 3.375112574086461e-15 450
0.07 6.026851202960706e-19 4.767526506180487e-15 602
0.08 9.063237916639421e-19 7.177627585075845e-15 762
0.09 1.513535445113606e-18 1.198601951633168e-14 1142
0.1 2.06557018390205e-18 1.635949778878046e-14 1250
0.11 2.512280930447273e-18 1.99239856069037e-14 1458
0.12 3.450208534231054e-18 2.73455482440792e-14 1814
0.13 4.479392466536712e-18 3.555567922593538e-14 2178
0.14 5.284573745141775e-18 4.191903432262897e-14 2498
0.15 6.155892495670229e-18 4.884807977086883e-14 2622
0.16 7.409585349307438e-18 5.880441836769512e-14 3191
0.17 7.875241734051012e-18 6.261280251372269e-14 3044
0.18 7.384016041096213e-18 5.860619651092615e-14 2736
0.19 6.415102838677386e-18 5.104456483189956e-14 2276
0.2 5.899203488565809e-18 4.691124008275349e-14 2016
0.21 4.951778741873967e-18 3.936675930495727e-14 1640
0.22 3.351195932956317e-18 2.660857679590454e-14 1056
0.23 2.010692633573913e-18 1.600694479745333e-14 683
0.24 1.111948890717153e-18 8.828234629512332e-15 350
0.25 5.272647734821841e-19 4.203805348019947e-15 192
0.26 1.701622751121611e-19 1.346046992042634e-15 44
0.27 6.44539994156684e-20 5.150049334795002e-16 25


0.01 2.109726087897831e-19 2.269481002826249e-19 18
0.02 2.345163965659443e-18 2.567249410070627e-18 62
0.03 6.006114909942054e-18 6.53435422155364e-18 98
0.04 1.333216334251613e-17 1.449413056075974e-17 210
0.05 3.179299123815336e-17 3.466077983054221e-17 350
0.06 5.289240831186445e-17 5.76850630062597e-17 450
0.07 7.472776184958267e-17 8.14813585903719e-17 602
0.08 1.124617617688775e-16 1.227686125997727e-16 762
0.09 1.877909951682558e-16 2.050923102071494e-16 1142
0.1 2.562884477240826e-16 2.800501855780842e-16 1250
0.11 3.119904585507064e-16 3.413850480426608e-16 1458
0.12 4.282539657307242e-16 4.68610649964116e-16 1814
0.13 5.565569470462725e-16 6.099140358095766e-16 2178
0.14 6.562486370606293e-16 7.191425652440736e-16 2498
0.15 7.646085490346565e-16 8.383876926292265e-16 2622
0.16 9.203570697564654e-16 1.009722058858911e-15 3191
0.17 9.793774116427697e-16 1.076421085363471e-15 3044
0.18 9.170846123704399e-16 1.007361553430583e-15 2736
0.19 7.981169022618318e-16 8.786949801660451e-16 2276
0.2 7.335671818992277e-16 8.076878987378398e-16 2016
0.21 6.155934869806431e-16 6.780205294786245e-16 1640
0.22 4.162098793983247e-16 4.58252519675346e-16 1056
0.23 2.501631283611515e-16 2.76143388606297e-16 683
0.24 1.380697683354011e-16 1.521976405055029e-16 350
0.25 6.566300411068862e-17 7.261776309684211e-17 192
0.26 2.10716040821791e-17 2.318559807821481e-17 44
0.27 8.038426546070807e-18 8.908092371239862e-18 25


0.01 1.982980664482152e-20 5.346425591292486e-17 18
0.02 2.207250414542419e-19 5.928783085707986e-16 62
0.03 5.650321229871201e-19 1.519664551051472e-15 98
0.04 1.254198855675221e-18 3.373545441275001e-15 210
0.05 2.991607115121952e-18 8.041455030054231e-15 350
0.06 4.977327553003098e-18 1.337689692657535e-14 450
0.07 7.032242386067219e-18 1.889903817231837e-14 602
0.08 1.058458325965995e-17 2.843629925587412e-14 762
0.09 1.767581794481716e-17 4.747813766184159e-14 1142
0.1 2.412535125529747e-17 6.478757725691109e-14 1250
0.11 2.937330543844739e-17 7.884951114575893e-14 1458
0.12 4.032118535309343e-17 1.082272518778095e-13 1814
0.13 5.240992561722798e-17 1.406148296747127e-13 2178
0.14 6.180029037097823e-17 1.657948399573515e-13 2498
0.15 7.201083916181291e-17 1.931468663511886e-13 2622
0.16 8.66870490595655e-17 2.32460619621551e-13 3191
0.17 9.226468331934974e-17 2.472890754305038e-13 3044
0.18 8.639770130953536e-17 2.315635316825144e-13 2736
0.19 7.520766349042088e-17 2.014471642105087e-13 2276
0.2 6.912907585023192e-17 1.851420853129462e-13 2016
0.21 5.801621681246868e-17 1.553509357173047e-13 1640
0.22 3.922643030888187e-17 1.050337243874071e-13 1056
0.23 2.358364499756002e-17 6.310255018005138e-14 683
0.24 1.301553994304075e-17 3.483219347566115e-14 350
0.25 6.191725422407011e-18 1.655719928512414e-14 192
0.26 1.986226684094124e-18 5.316907916661614e-15 44
0.27 7.581288781346e-19 2.026304381502875e-15 25


0.01 1.840361780305888e-20 5.77063335034848e-17 18
0.02 2.041849991279614e-19 6.426553349030873e-16 62
0.03 5.232719551430529e-19 1.64485650996281e-15 98
0.04 1.161599552728653e-18 3.651069019404234e-15 210
0.05 2.769100934370315e-18 8.709709311827266e-15 350
0.06 4.606414431654758e-18 1.449148556049768e-14 450
0.07 6.507934942857481e-18 2.047482124614033e-14 602
0.08 9.792418683274898e-18 3.081968406323849e-14 762
0.09 1.634987709418047e-17 5.147014365096088e-14 1142
0.1 2.231093545179816e-17 7.025425464049876e-14 1250
0.11 2.715443323639706e-17 8.554306495124706e-14 1458
0.12 3.727151333309444e-17 1.174303686733813e-13 1814
0.13 4.842713473755397e-17 1.526496937218097e-13 2178
0.14 5.709877102391715e-17 1.800060020713252e-13 2498
0.15 6.651962152597618e-17 2.097559467189429e-13 2622
0.16 8.006022885571289e-17 2.52518459592542e-13 3191
0.17 8.51713007948341e-17 2.687925906432624e-13 3044
0.18 7.975336086841708e-17 2.517079704574951e-13 2736
0.19 6.938522360541918e-17 2.191316901115941e-13 2276
0.2 6.376909444895738e-17 2.014289298600083e-13 2016
0.21 5.35083247781455e-17 1.690566560453217e-13 1640
0.22 3.617678241944046e-17 1.143074308859229e-13 1056
0.23 2.173591220484057e-17 6.873299302632812e-14 683
0.24 1.19975541580994e-17 3.79328806434076e-14 350
0.25 5.703464220302833e-18 1.804761317854946e-14 192
0.26 1.831240030794047e-18 5.788706232829212e-15 44
0.27 6.980383566520433e-19 2.209976709326213e-15 25


0.01 9.560081850632639e-20 8.312862453705188e-18 18
0.02 1.063227384610218e-18 9.204853763518819e-17 62
0.03 2.722564335826111e-18 2.360470562267239e-16 98
0.04 6.043467073662033e-18 5.240021887091599e-16 210
0.05 1.441333174728129e-17 1.248648684362114e-15 350
0.06 2.397989218723916e-17 2.076813641390402e-15 450
0.07 3.388041985304009e-17 2.933877635154999e-15 602
0.08 5.099211538424514e-17 4.413480893657197e-15 762
0.09 8.515269705010309e-17 7.367572899605643e-15 1142
0.1 1.16219762211884e-16 1.005169844223123e-14 1250
0.11 1.414910660892793e-16 1.223027433414746e-14 1458
0.12 1.942263590789189e-16 1.678476828182401e-14 1814
0.13 2.524384804936791e-16 2.180177579466506e-14 2178
0.14 2.976680722786322e-16 2.570258173239985e-14 2498
0.15 3.468374909914386e-16 2.993804480987616e-14 2622
0.16 4.17512666033624e-16 3.602507553279037e-14 3191
0.17 4.443355474604905e-16 3.831038767847579e-14 3044
0.18 4.160915490000728e-16 3.586937340048137e-14 2736
0.19 3.621585862544378e-16 3.119290323673668e-14 2276
0.2 3.328852988680357e-16 2.866359694013473e-14 2016
0.21 2.793669590614989e-16 2.404688421445501e-14 1640
0.22 1.888908052107761e-16 1.625621902556805e-14 1056
0.23 1.135498581793465e-16 9.76205980672714e-15 683
0.24 6.267090447324346e-17 5.388408261973715e-15 350
0.25 2.980884490655979e-17 2.560326690515663e-15 192
0.26 9.564680946895242e-18 8.224675958730764e-16 44
0.27 3.649507805068974e-18 3.132551092214622e-16 25


0.01 2.878853431851773e-19 2.704134744161557e-17 18
0.02 3.198239656189257e-18 2.99967650371459e-16 62
0.03 8.192426250010865e-18 7.686440517766769e-16 98
0.04 1.8185237470346e-17 1.705955142867129e-15 210
0.05 4.336053180430825e-17 4.065620162368212e-15 350
0.06 7.213281993683676e-17 6.760907124939137e-15 450
0.07 1.019077662429431e-16 9.548726712052253e-15 602
0.08 1.533537189312137e-16 1.436274543965069e-14 762
0.09 2.560562381164167e-16 2.397071537645644e-14 1142
0.1 3.494287571431723e-16 3.269626916775656e-14 1250
0.11 4.253326853678175e-16 3.977766907258707e-14 1458
0.12 5.83804547320142e-16 5.457657269646602e-14 1814
0.13 7.586311139136805e-16 7.088068117110115e-14 2178
0.14 8.944774771028371e-16 8.35414186149822e-14 2498
0.15 1.04211061963603e-15 9.729327127033363e-14 2622
0.16 1.254298705194812e-15 1.170500759664344e-13 3191
0.17 1.334565120095488e-15 1.244559075341194e-13 3044
0.18 1.249622144672777e-15 1.164772844707594e-13 2736
0.19 1.087363405086777e-15 1.012818703506653e-13 2276
0.2 9.993618488620186e-16 9.304247773976791e-14 2016
0.21 8.385847899970477e-16 7.803533004049871e-14 1640
0.22 5.669516711950556e-16 5.273561536765519e-14 1056
0.23 3.407076049210694e-16 3.166247022399692e-14 683
0.24 1.880414341135173e-16 1.746924629373988e-14 350
0.25 8.94146907570584e-17 8.30152724672643e-15 192
0.26 2.869773012462768e-17 2.664880491800026e-15 44
0.27 1.094495674772163e-17 1.015678338216365e-15 25


0.01 6.456619015044861e-20 4.997180524733681e-16 18
0.02 7.175488723406576e-19 5.549434251941974e-15 62
0.03 1.837903325545088e-18 1.421627161102445e-14 98
0.04 4.079909837758729e-18 3.15552597645603e-14 210
0.05 9.729387137362165e-18 7.522922905370005e-14 350
0.06 1.618720440741418e-17 1.251345948994548e-13 450
0.07 2.287113706723729e-17 1.767710711160963e-13 602
0.08 3.442164665770224e-17 2.659753301761984e-13 762
0.09 5.748202532779372e-17 4.440416544915273e-13 1142
0.1 7.845434348425549e-17 6.058790517210925e-13 1250
0.11 9.551108298178971e-17 7.373765624848894e-13 1458
0.12 1.311127629779204e-16 1.011990577460927e-12 1814
0.13 1.704034075816508e-16 1.314829297061099e-12 2178
0.14 2.009404852476408e-16 1.550096048618926e-12 2498
0.15 2.341317305697745e-16 1.8057385669443e-12 2622
0.16 2.818426111404767e-16 2.173118032567765e-12 3191
0.17 2.999376312419168e-16 2.311726007944537e-12 3044
0.18 2.808900606101929e-16 2.164265050790658e-12 2736
0.19 2.444667882826637e-16 1.882861058662214e-12 2276
0.2 2.247130241219379e-16 1.730242190736918e-12 2016
0.21 1.885892318757874e-16 1.451668274709053e-12 1640
0.22 1.275186387717597e-16 9.813184904960644e-13 1056
0.23 7.665196312565041e-17 5.895644794184126e-13 683
0.24 4.230987279784114e-17 3.253555969588451e-13 350
0.25 2.012202251946116e-17 1.546810721823178e-13 192
0.26 6.457997687380786e-18 4.964695219982739e-14 44
0.27 2.463402110640878e-18 1.893141403671147e-14 25


0.01 2.591966950312672e-19 1.270035977180028e-17 18
0.02 2.879394660184777e-18 1.4075442345909e-16 62
0.03 7.375788821710993e-18 3.607070603972776e-16 98
0.04 1.637247325949795e-17 8.003862458873561e-16 210
0.05 3.903776590302851e-17 1.906571626044295e-15 350
0.06 6.494123166206013e-17 3.169123227231911e-15 450
0.07 9.174721553149122e-17 4.47410462486581e-15 602
0.08 1.380626456233588e-16 6.726369652590796e-15 762
0.09 2.305227886066309e-16 1.121983217498444e-14 1142
0.1 3.145817884682423e-16 1.529527223709306e-14 1250
0.11 3.829122885410828e-16 1.859699117493519e-14 1458
0.12 5.255757008607568e-16 2.550314433897063e-14 1814
0.13 6.829576806538843e-16 3.310142174040653e-14 2178
0.14 8.052485365810099e-16 3.899529315423936e-14 2498
0.15 9.381481402191677e-16 4.539431059421823e-14 2622
0.16 1.129159033419852e-15 5.458249349632016e-14 3191
0.17 1.20140162013089e-15 5.799200190400139e-14 3044
0.18 1.124926301414003e-15 5.423885891064084e-14 2736
0.19 9.788450301395266e-16 4.712697844674107e-14 2276
0.2 8.996193207557703e-16 4.326832956931671e-14 2016
0.21 7.54882533515162e-16 3.626745997536053e-14 1640
0.22 5.103588453990221e-16 2.449546025695206e-14 1056
0.23 3.066928874332739e-16 1.469221975007268e-14 683
0.24 1.692676223087066e-16 8.102210133102119e-15 350
0.25 8.048650855810715e-17 3.847877511987406e-15 192
0.26 2.583246357723919e-17 1.235154096419256e-15 44
0.27 9.851988332231799e-18 4.7054705743208e-16 25


0.01 5.124099729207493e-18 1.615602277193969e-16 18
0.02 5.69134489515073e-17 1.794780217604381e-15 62
0.03 1.457876310030219e-16 4.597537589882497e-15 98
0.04 3.235920930424076e-16 1.020564711787388e-14 210
0.05 7.714668777043213e-16 2.433458575630043e-14 350
0.06 1.283217255698071e-15 4.048322803851893e-14 450
0.07 1.812691226093486e-15 5.719558892037339e-14 602
0.08 2.727402777656643e-15 8.607206912922076e-14 762
0.09 4.553253623171546e-15 1.437206741991492e-13 1142
0.1 6.212613629091911e-15 1.961366681865625e-13 1250
0.11 7.560876303605798e-15 2.387502031146139e-13 1458
0.12 1.037643803503025e-14 3.277161478191725e-13 1814
0.13 1.348141931540597e-14 4.258693836849797e-13 2178
0.14 1.589329612220008e-14 5.021461061575902e-13 2498
0.15 1.851414587125582e-14 5.850414464144614e-13 2622
0.16 2.228040304077446e-14 7.041890187771303e-13 3191
0.17 2.370113396144001e-14 7.492846255467417e-13 3044
0.18 2.218837446953743e-14 7.016286190222728e-13 2736
0.19 1.930318146473444e-14 6.1054961414554e-13 2276
0.2 1.773802434528854e-14 5.611595918267021e-13 2016
0.21 1.488175172039348e-14 4.708995826947763e-13 1640
0.22 1.005963765219559e-14 3.183797696697283e-13 1056
0.23 6.043592399870551e-15 1.913399332053862e-13 683
0.24 3.335060893114482e-15 1.056077402112257e-13 350
0.25 1.585575896095768e-15 5.021824177751726e-14 192
0.26 5.088770308762805e-16 1.611811989550696e-14 44
0.27 1.94058467436588e-16 6.147195632456178e-15 25


0.01 1.062741938938077e-19 3.543374563463739e-15 18
0.02 1.180745505607303e-18 3.935605612472848e-14 62
0.03 3.02478026293733e-18 1.008128000184124e-13 98
0.04 6.715125251863876e-18 2.237638959660874e-13 210
0.05 1.601414670160071e-17 5.334641898171127e-13 350
0.06 2.664596974442282e-17 8.873262504468034e-13 450
0.07 3.765232320620269e-17 1.253436500106809e-12 602
0.08 5.667263772643171e-17 1.885917080239876e-12 762
0.09 9.465103945983819e-17 3.148394334801132e-12 1142
0.1 1.291999674521525e-16 4.295714760705796e-12 1250
0.11 1.57305295084898e-16 5.227898393398412e-12 1458
0.12 2.159662162287832e-16 7.174599538731337e-12 1814
0.13 2.807143744007297e-16 9.321345875508933e-12 2178
0.14 3.310577428034982e-16 1.098883185455037e-11 2498
0.15 3.857755160432421e-16 1.280078192754181e-11 2622
0.16 4.644410288467336e-16 1.54045814822093e-11 3191
0.17 4.943224841474663e-16 1.638657598927083e-11 3044
0.18 4.630095794719355e-16 1.534040893633059e-11 2736
0.19 4.030170492010531e-16 1.334543472460312e-11 2276
0.2 3.705011432239142e-16 1.226316635858263e-11 2016
0.21 3.109825194943478e-16 1.028832636905635e-11 1640
0.22 2.103074998265362e-16 6.954508924239256e-12 1056
0.23 1.26437384193591e-16 4.178005913283396e-12 683
0.24 6.980087582702763e-17 2.30553376597238e-12 350
0.25 3.31980733214155e-17 1.096097720452483e-12 192
0.26 1.065629101928261e-17 3.517810308944106e-13 44
0.27 4.06446944450487e-18 1.341497916163907e-13 25


0.01 8.747156403800857e-19 6.003767133746254e-16 18
0.02 9.715322795108689e-18 6.670124822598936e-15 62
0.03 2.488623806839578e-17 1.708727545054559e-14 98
0.04 5.523695470963185e-17 3.793394592643201e-14 210
0.05 1.316859151755303e-16 9.046229307748766e-14 350
0.06 2.190336354411636e-16 1.505170130928474e-13 450
0.07 3.094023141451139e-16 2.126850568833596e-13 602
0.08 4.655183514742236e-16 3.201162088952834e-13 762
0.09 7.771327038709898e-16 5.346229079069765e-13 1142
0.1 1.060310646483954e-15 7.297467019751403e-13 1250
0.11 1.290376950980332e-15 8.88464823918551e-13 1458
0.12 1.770840803997275e-15 1.21975259434978e-12 1814
0.13 2.300656997974772e-15 1.585393692822171e-12 2178
0.14 2.712173197800511e-15 1.869673024794564e-12 2498
0.15 3.159337263541665e-15 2.178647354207245e-12 2622
0.16 3.801905951409505e-15 2.622834617026138e-12 3191
0.17 4.044167793949554e-15 2.791478513017617e-12 3044
0.18 3.78588651638841e-15 2.614565574158278e-12 2736
0.19 3.2934651639596e-15 2.275708042887825e-12 2276
0.2 3.026315993006299e-15 2.092040679169206e-12 2016
0.21 2.538910261504796e-15 1.755914476621089e-12 1640
0.22 1.716170012339684e-15 1.18743477071741e-12 1056
0.23 1.03097708717792e-15 7.138530568368768e-13 683
0.24 5.689094956404312e-16 3.940790237212372e-13 350
0.25 2.704665496784368e-16 1.874227745940618e-13 192
0.26 8.680266203996319e-17 6.01608738158916e-14 44
0.27 3.310151082419528e-17 2.294576880532076e-14 25


0.01 3.598828494943711e-18 4.794281188880305e-17 18
0.02 3.997181427646724e-17 5.327769478132118e-16 62
0.03 1.023894017532712e-16 1.365019002932256e-15 98
0.04 2.27261206053056e-16 3.031070964461081e-15 210
0.05 5.417951449179293e-16 7.23080364458615e-15 350
0.06 9.011694020412818e-16 1.203592305991088e-14 450
0.07 1.272972329222756e-15 1.701363223098819e-14 602
0.08 1.915279765951619e-15 2.561846856505174e-14 762
0.09 3.197351961235308e-15 4.280641078188659e-14 1142
0.1 4.362427288888178e-15 5.845953840554822e-14 1250
0.11 5.308986956023036e-15 7.120998622773095e-14 1458
0.12 7.285751701849522e-15 9.780776498936434e-14 1814
0.13 9.465568470802258e-15 1.271937512566565e-13 2178
0.14 1.115865921965427e-14 1.500681853044713e-13 2498
0.15 1.299841724209269e-14 1.749358549261472e-13 2622
0.16 1.564212396292857e-14 2.107045531243442e-13 3191
0.17 1.66388557547157e-14 2.243955640819794e-13 3044
0.18 1.557619844419199e-14 2.103053462939101e-13 2736
0.19 1.35502397350467e-14 1.831631044575892e-13 2276
0.2 1.24511060160189e-14 1.684688689816622e-13 2016
0.21 1.0445777145036e-14 1.414783631715435e-13 1640
0.22 7.060792338228635e-15 9.572508622391896e-14 1056
0.23 4.241720307094712e-15 5.75954902710334e-14 683
0.24 2.340646021694904e-15 3.181111526978295e-14 350
0.25 1.112772559715471e-15 1.513599225978779e-14 192
0.26 3.571286906224708e-16 4.859607926724438e-15 44
0.27 1.361886289660749e-16 1.85378288364097e-15 25


0.01 4.604860348906937e-19 1.38169669164122e-14 18
0.02 5.113653497345943e-18 1.534645156207554e-13 62
0.03 1.309654769353275e-17 3.931024380132196e-13 98
0.04 2.906120234907567e-17 8.725154097379421e-13 210
0.05 6.925743853799147e-17 2.080078686647804e-12 350
0.06 1.151458593572017e-16 3.459764527158555e-12 450
0.07 1.625844329316312e-16 4.887137454857909e-12 602
0.08 2.445074958653253e-16 7.352977638419845e-12 762
0.09 4.079580296271273e-16 1.227484013625618e-11 1142
0.1 5.563036513544791e-16 1.674741641037865e-11 1250
0.11 6.766443177895339e-16 2.03810187320351e-11 1458
0.12 9.281173888818284e-16 2.796940343653056e-11 1814
0.13 1.205118403216256e-15 3.633707070108648e-11 2178
0.14 1.419978243658257e-15 4.283610520858434e-11 2498
0.15 1.653393357004365e-15 4.989810663109799e-11 2622
0.16 1.988613001736297e-15 6.004596133754205e-11 3191
0.17 2.113867125828501e-15 6.387113270139458e-11 3044
0.18 1.977496676045455e-15 5.979090111405858e-11 2736
0.19 1.719127853264035e-15 5.201325029978783e-11 2276
0.2 1.578763997636206e-15 4.77934927885259e-11 2016
0.21 1.323697971634861e-15 4.009546303335338e-11 1640
0.22 8.942236529480027e-16 2.710201387446348e-11 1056
0.23 5.367086152845784e-16 1.62809977219777e-11 683
0.24 2.959981523914585e-16 8.98397165429344e-12 350
0.25 1.40654264585087e-16 4.271051613427128e-12 192
0.26 4.51286140944908e-17 1.370719786947723e-12 44
0.27 1.720697107129595e-17 5.227154233265976e-13 25


0.01 2.071190813552163e-18 1.528001449392847e-14 18
0.02 2.300575304254045e-17 1.697065843858615e-13 62
0.03 5.893245481758908e-17 4.34687605197235e-13 98
0.04 1.30813448416044e-16 9.647518996765433e-13 210
0.05 3.118897514794167e-16 2.299758530029615e-12 350
0.06 5.188222717299952e-16 3.824729565438806e-12 450
0.07 7.329516586513903e-16 5.402097181322723e-12 602
0.08 1.102903909013083e-15 8.126808295787511e-12 762
0.09 1.841421480624336e-15 1.356477862428163e-11 1142
0.1 2.512752712711608e-15 1.850474873049702e-11 1250
0.11 3.058374933884997e-15 2.251652391773693e-11 1458
0.12 4.197656981645109e-15 3.089602138253091e-11 1814
0.13 5.454304128809722e-15 4.013346642614203e-11 2178
0.14 6.430672862080729e-15 4.730558536260215e-11 2498
0.15 7.491687592896963e-15 5.509848574174811e-11 2622
0.16 9.016566626253148e-15 6.629495822547256e-11 3191
0.17 9.592729327143643e-15 7.050580103108539e-11 3044
0.18 8.981578574271737e-15 6.599014026202848e-11 2736
0.19 7.814654548577737e-15 5.739622341218933e-11 2276
0.2 7.181774022347994e-15 5.273197238495997e-11 2016
0.21 6.025981194094012e-15 4.423174651533522e-11 1640
0.22 4.07382351426485e-15 2.989340888121206e-11 1056
0.23 2.447862980938036e-15 1.795370927247842e-11 683
0.24 1.350949712312226e-15 9.905576828015112e-12 350
0.25 6.423337879922695e-16 4.708618825847303e-12 192
0.26 2.061606620235127e-16 1.511045681356382e-12 44
0.27 7.862127745603744e-17 5.76205496419213e-13 25


0.01 8.036174715360803e-20 1.518685978343256e-14 18
0.02 8.930486540758163e-19 1.686776926821005e-13 62
0.03 2.288776233127444e-18 4.320661203109891e-13 98
0.04 5.084102255714018e-18 9.589803064797026e-13 210
0.05 1.213374123496157e-17 2.286153590907495e-12 350
0.06 2.020848030879089e-17 3.802410538183082e-12 450
0.07 2.858187229253132e-17 5.370990338006895e-12 602
0.08 4.306277172142938e-17 8.080702883948274e-12 762
0.09 7.200488618127776e-17 1.348917530153713e-11 1142
0.1 9.840562354534688e-17 1.840350695480556e-11 1250
0.11 1.199508902497049e-16 2.239557992027463e-11 1458
0.12 1.648625241353397e-16 3.073295487192111e-11 1814
0.13 2.145480099897262e-16 3.99258294182889e-11 2178
0.14 2.532933342540522e-16 4.70651212985875e-11 2498
0.15 2.95425862714252e-16 5.48227075500019e-11 2622
0.16 3.560731052289638e-16 6.596964469900911e-11 3191
0.17 3.795386475173736e-16 7.016880478145748e-11 3044
0.18 3.560252521575203e-16 6.568311352019475e-11 2736
0.19 3.103355391757249e-16 5.713631739403719e-11 2276
0.2 2.856507141727321e-16 5.249881787808755e-11 2016
0.21 2.400698247454074e-16 4.40410685816725e-11 1640
0.22 1.625553795374261e-16 2.976777975172375e-11 1056
0.23 9.791592687952136e-17 1.788127034389708e-11 683
0.24 5.412031318287669e-17 9.866630258213565e-12 350
0.25 2.576536186630568e-17 4.690519166743828e-12 192
0.26 8.275697347739355e-18 1.505312147480858e-12 44
0.27 3.157224377882233e-18 5.740354214361372e-13 25


0.01 7.054186516979814e-17 1.874440383998575e-14 18
0.02 7.834557420901864e-16 2.081896200888426e-13 62
0.03 2.006687409392199e-15 5.332717882494172e-13 98
0.04 4.453487900518783e-15 1.183596912702498e-12 210
0.05 1.061556235857005e-14 2.821588829716646e-12 350
0.06 1.765354499317534e-14 4.69288817881923e-12 450
0.07 2.493245670321869e-14 6.628705412963615e-12 602
0.08 3.750523476212009e-14 9.972775693664794e-12 762
0.09 6.259621291030567e-14 1.664728876546636e-11 1142
0.1 8.538487502991821e-14 2.271169967776038e-11 1250
0.11 1.038873960325835e-13 2.763774456318858e-11 1458
0.12 1.425376827193931e-13 3.792593695374144e-11 1814
0.13 1.851381608772462e-13 4.926934436565668e-11 2178
0.14 2.182068343396827e-13 5.807831058431029e-11 2498
0.15 2.541364843017941e-13 6.765008699403594e-11 2622
0.16 3.057539118197112e-13 8.140355398252801e-11 3191
0.17 3.251396808532493e-13 8.65828841145159e-11 3044
0.18 3.042826320343046e-13 8.104577091286348e-11 2736
0.19 2.646283494021401e-13 7.049818269898883e-11 2276
0.2 2.431015971535443e-13 6.477474402394233e-11 2016
0.21 2.038952844674828e-13 5.433806475625787e-11 1640
0.22 1.377871571943343e-13 3.672680469524442e-11 1056
0.23 8.274205088256142e-14 2.20607451377314e-11 683
0.24 4.56471379697556e-14 1.217254575468748e-11 350
0.25 2.169682413497573e-14 5.786631828630668e-12 192
0.26 6.962405357772985e-15 1.857062483754381e-12 44
0.27 2.654925790984684e-15 7.081689587562613e-13 25


0.01 6.234752191682297e-19 1.233688312247118e-13 18
0.02 6.922895441326533e-18 1.370209081007365e-12 62
0.03 1.772673184502411e-17 3.509692608749936e-12 98
0.04 3.932540937837909e-17 7.789576456600064e-12 210
0.05 9.36866786173456e-17 1.856904186568698e-11 350
0.06 1.556953430358238e-16 3.088293696452889e-11 450
0.07 2.197497508653681e-16 4.362047521832189e-11 602
0.08 3.303300561956113e-16 6.562351132248288e-11 762
0.09 5.508617039350412e-16 1.095381519316616e-10 1142
0.1 7.50765247628796e-16 1.494339995595679e-10 1250
0.11 9.12694190785464e-16 1.818364467130351e-10 1458
0.12 1.251274117418402e-15 2.495137383008623e-10 1814
0.13 1.623833709987435e-15 3.241249949455346e-10 2178
0.14 1.912426592640607e-15 3.820587503345135e-10 2498
0.15 2.225872838424195e-15 4.450078870401801e-10 2622
0.16 2.675770386604081e-15 5.354532823423706e-10 3191
0.17 2.842400196025822e-15 5.694857548113865e-10 3044
0.18 2.657225032817586e-15 5.330324608055963e-10 2736
0.19 2.308538925526695e-15 4.636332101439721e-10 2276
0.2 2.118845372868649e-15 4.259702485277294e-10 2016
0.21 1.7754783575238e-15 3.573171290943192e-10 1640
0.22 1.198729097229935e-15 2.414957230532348e-10 1056
0.23 7.188342069299631e-16 1.450475414285129e-10 683
0.24 3.962211271779296e-16 8.002934690092765e-11 350
0.25 1.881929958371452e-16 3.804302521296078e-11 192
0.26 6.036400221359566e-17 1.220855625129532e-11 44
0.27 2.301325498860537e-17 4.655534421306861e-12 25


0.01 3.261921039750367e-17 6.626635239218972e-18 18
0.02 3.622868059015762e-16 7.401142486733161e-17 62
0.03 9.279655394488444e-16 1.909145092980689e-16 98
0.04 2.059550731180788e-15 4.279464927232967e-16 210
0.05 4.909559979334226e-15 1.033855378572384e-15 350
0.06 8.165162955382934e-15 1.747507943460303e-15 450
0.07 1.153267611614734e-14 2.50671364655158e-15 602
0.08 1.734970072055925e-14 3.834944671521677e-15 762
0.09 2.895939462289339e-14 6.52784037304606e-15 1142
0.1 3.950615953403985e-14 9.084404288242217e-15 1250
0.11 4.807152537118679e-14 1.126769356363457e-14 1458
0.12 6.596195198656237e-14 1.573992379746457e-14 1814
0.13 8.568459661543121e-14 2.085202005116602e-14 2178
0.14 1.009979835123141e-13 2.500026899762747e-14 2498
0.15 1.176369226550537e-13 2.954586575284402e-14 2622
0.16 1.415432686621105e-13 3.619914781551864e-14 3191
0.17 1.505357825390315e-13 3.939869890667292e-14 3044
0.18 1.408963453728418e-13 3.773159936258167e-14 2736
0.19 1.225490995666213e-13 3.354851901076049e-14 2276
0.2 1.125915489228098e-13 3.140922913293538e-14 2016
0.21 9.444326215842033e-14 2.686221742253395e-14 1640
0.22 6.38289037510708e-14 1.849807329145063e-14 1056
0.23 3.833576573318906e-14 1.143126647183456e-14 683
0.24 2.115116324431393e-14 6.418106241985166e-15 350
0.25 1.005431942809989e-14 3.095390701072171e-15 192
0.26 3.226543708293583e-15 1.001973741317374e-15 44
0.27 1.23038391404479e-15 3.836691679299219e-16 25


0.01 5.010843576069884e-17 1.514287162823969e-14 18
0.02 5.564934390834859e-16 1.681934696408704e-13 62
0.03 1.425283040850615e-15 4.308403949430735e-13 98
0.04 3.162915895433141e-15 9.563053676575127e-13 210
0.05 7.538487971288852e-15 2.279923798051936e-12 350
0.06 1.253477901944787e-14 3.792348405330633e-12 450
0.07 1.770090428173974e-14 5.357184396060697e-12 602
0.08 2.66233676492181e-14 8.060599738117221e-12 762
0.09 4.442722842858646e-14 1.345693127687632e-11 1142
0.1 6.059129239931963e-14 1.836135721151277e-11 1250
0.11 7.370933147847125e-14 2.234645818844545e-11 1458
0.12 1.011168682728792e-13 3.066835324873169e-11 1814
0.13 1.313158293501849e-13 3.984594330122516e-11 2178
0.14 1.5474827471637e-13 4.697511103342255e-11 2498
0.15 1.80206218334161e-13 5.472202397507276e-11 2622
0.16 2.167734300268476e-13 6.585478250876831e-11 3191
0.17 2.304702802577484e-13 7.005529639382386e-11 3044
0.18 2.156415609744729e-13 6.55850174303765e-11 2736
0.19 1.875015845546417e-13 5.705784752803199e-11 2276
0.2 1.722190988757895e-13 5.243216965164976e-11 2016
0.21 1.444185167139667e-13 4.398989347861679e-11 1640
0.22 9.757718387676589e-14 2.973632375714832e-11 1056
0.23 5.857986199874435e-14 1.786527430573516e-11 683
0.24 3.231191470348392e-14 9.85879620522445e-12 350
0.25 1.535623488819089e-14 4.687187065396597e-12 192
0.26 4.927313938509729e-15 1.504320198754843e-12 44
0.27 1.878828959503397e-15 5.736702104580511e-13 25


0.01 2.684495913230274e-16 2.602560686064913e-15 18
0.02 2.981479482757484e-15 2.889281142843709e-14 62
0.03 7.636563702836611e-15 7.396334878669698e-14 98
0.04 1.69480631502606e-14 1.640223427268431e-13 210
0.05 4.039847644035497e-14 3.905659431775297e-13 350
0.06 6.718254686477991e-14 6.486792146426452e-13 450
0.07 9.488379496112856e-14 9.150188954432876e-13 602
0.08 1.427320863472982e-13 1.374593651614874e-12 762
0.09 2.382215049884816e-13 2.29056893326774e-12 1142
0.1 3.249504100675629e-13 3.119393594798804e-12 1250
0.11 3.953686187265029e-13 3.789368616793782e-12 1458
0.12 5.42465300298124e-13 5.191435884879988e-12 1814
0.13 7.045982063531373e-13 6.731890211856853e-12 2178
0.14 8.30456245823143e-13 7.922872203497029e-12 2498
0.15 9.672035151507433e-13 9.216003308651711e-12 2622
0.16 1.163659606261334e-12 1.107055410890437e-11 3191
0.17 1.237450713215784e-12 1.174866931120822e-11 3044
0.18 1.158081191078149e-12 1.097262971547396e-11 2736
0.19 1.00716846347787e-12 9.523851508093958e-12 2276
0.2 9.252452225675871e-13 8.734168850820729e-12 2016
0.21 7.76031961820428e-13 7.312596608513562e-12 1640
0.22 5.244263393490101e-13 4.933078855384569e-12 1056
0.23 3.149250483418152e-13 2.954417073015709e-12 683
0.24 1.737390998239222e-13 1.627179704942813e-12 350
0.25 8.25815406229675e-14 7.723522864840769e-13 192
0.26 2.650008583824321e-14 2.476345118633322e-13 44
0.27 1.010512447428485e-14 9.439222153309458e-14 25


0.01 6.702924171947988e-17 4.635592848217838e-13 18
0.02 7.444765519577877e-16 5.14825258282861e-12 62
0.03 1.906956257189158e-15 1.318580447907661e-11 98
0.04 4.232488048512511e-15 2.926184095760208e-11 210
0.05 1.008985689194093e-14 6.974451357040249e-11 350
0.06 1.678150227557031e-14 1.159729712901027e-10 450
0.07 2.370384211346886e-14 1.637756327165741e-10 602
0.08 3.566198529503758e-14 2.463381970448496e-10 762
0.09 5.952950230114525e-14 4.110887742871313e-10 1142
0.1 8.121523945492862e-14 5.606796359200293e-10 1250
0.11 9.88302119024115e-14 6.820946147970447e-10 1458
0.12 1.356196675559139e-13 9.357553710110212e-10 1814
0.13 1.761823112886229e-13 1.21527389091326e-09 2178
0.14 2.076819234850137e-13 1.432184494123932e-09 2498
0.15 2.419091858262484e-13 1.667849101090461e-09 2622
0.16 2.910895439618259e-13 2.006366694197365e-09 3191
0.17 3.096093471003848e-13 2.133249930646054e-09 3044
0.18 2.898085495342992e-13 1.996098036485652e-09 2736
0.19 2.520911449707458e-13 1.73570638725802e-09 2276
0.2 2.316244272076809e-13 1.594305510394639e-09 2016
0.21 1.943039734119748e-13 1.337004149753964e-09 1640
0.22 1.313287193184974e-13 9.033941281064531e-10 1056
0.23 7.888509100976052e-14 5.423842316260383e-10 683
0.24 4.352664210775746e-14 2.991849226854984e-10 350
0.25 2.069182549133778e-14 1.421926081029407e-10 192
0.26 6.640459850170184e-15 4.562599139663072e-11 44
0.27 2.532265267448054e-15 1.739774633936589e-11 25


0.01 2.659513305965786e-16 2.315314231362373e-14 18
0.02 2.953693456818078e-15 2.571918995359138e-13 62
0.03 7.565259277982717e-15 6.589125467358702e-13 98
0.04 1.678939494822196e-14 1.462836922862662e-12 210
0.05 4.001891170684703e-14 3.488495009003758e-12 350
0.06 6.654857396766315e-14 5.804586887250283e-12 450
0.07 9.398466771962948e-14 8.202372969626858e-12 602
0.08 1.413733890170448e-13 1.23459018451153e-11 762
0.09 2.359417101035853e-13 2.061964730565031e-11 1142
0.1 3.218236399592322e-13 2.814650370468427e-11 1250
0.11 3.915442414787856e-13 3.426945061448463e-11 1458
0.12 5.371921727595344e-13 4.704974493153612e-11 1814
0.13 6.977117668134447e-13 6.115576591035554e-11 2178
0.14 8.22301324132664e-13 7.212469639353422e-11 2498
0.15 9.576673357868029e-13 8.404622085603292e-11 2622
0.16 1.152128330717751e-12 1.011857182668562e-10 3191
0.17 1.22510819123196e-12 1.076961326668629e-10 3044
0.18 1.146454947334003e-12 1.008770514621898e-10 2736
0.19 9.969938427131111e-13 8.780598798011353e-11 2276
0.2 9.158477879394647e-13 8.072307557733958e-11 2016
0.21 7.68106238734454e-13 6.775643872205027e-11 1640
0.22 5.190412968015875e-13 4.582249170164591e-11 1056
0.23 3.116644253785315e-13 2.754857407694952e-11 683
0.24 1.719310735015059e-13 1.520892057060057e-11 350
0.25 8.171851892516068e-14 7.233365152793856e-12 192
0.26 2.622243021681226e-14 2.322000159101087e-12 44
0.27 9.999126019559708e-15 8.85577777884052e-13 25


0.01 9.700698504132197e-17 1.021357509276485e-12 18
0.02 1.077191147645511e-15 1.134319033872849e-11 62
0.03 2.758369780525093e-15 2.905265356088185e-11 98
0.04 6.119634323712265e-15 6.447421486457811e-11 210
0.05 1.458037540545194e-14 1.53674356379535e-10 350
0.06 2.423332379876086e-14 2.555386760673966e-10 450
0.07 3.420665098581425e-14 3.608754469627387e-10 602
0.08 5.142573406240283e-14 5.428112955064203e-10 762
0.09 8.576963559868321e-14 9.058647457987323e-10 1142
0.1 1.169108796132179e-13 1.235530199478791e-09 1250
0.11 1.421461024653051e-13 1.503120475069435e-09 1458
0.12 1.949023183211576e-13 2.0621555036286e-09 1814
0.13 2.529692807326653e-13 2.678207994633201e-09 2178
0.14 2.979642467758619e-13 3.156302949223389e-09 2498
0.15 3.468372201669736e-13 3.675739272477032e-09 2622
0.16 4.169966638537292e-13 4.421897868024863e-09 3191
0.17 4.430414353597252e-13 4.701685074056763e-09 3044
0.18 4.142500199021287e-13 4.399538534777984e-09 2736
0.19 3.599528133361307e-13 3.825732712593278e-09 2276
0.2 3.304237343241457e-13 3.514157361921246e-09 2016
0.21 2.76919191388133e-13 2.947094527059096e-09 1640
0.22 1.869923650325243e-13 1.991361486331302e-09 1056
0.23 1.121583547625685e-13 1.195631903101699e-09 683
0.24 6.183040337413722e-14 6.595399109853123e-10 350
0.25 2.937120458486225e-14 3.134640090146131e-10 192
0.26 9.421537496717753e-15 1.005837471634687e-10 44
0.27 3.59206869362913e-15 3.83541116265159e-11 25


0.01 2.561472308370558e-16 2.981346441031665e-12 18
0.02 2.844600786110001e-15 3.311140664559298e-11 62
0.03 7.285126399232154e-15 8.480836541816992e-11 98
0.04 1.616548824359452e-14 1.882146998400496e-10 210
0.05 3.852465874076414e-14 4.48630221273886e-10 350
0.06 6.404921918629805e-14 7.460498823071499e-10 450
0.07 9.043516459304758e-14 1.053638806829366e-09 602
0.08 1.360017659443656e-13 1.584924706246266e-09 762
0.09 2.269131345526252e-13 2.645166244897004e-09 1142
0.1 3.09419412377912e-13 3.608059036412789e-09 1250
0.11 3.763474376075544e-13 4.389790468737189e-09 1458
0.12 5.162062973377417e-13 6.022813473444062e-09 1814
0.13 6.7025914926067e-13 7.822640055276096e-09 2178
0.14 7.89744774961897e-13 9.219658601510445e-09 2498
0.15 9.195495857330732e-13 1.073752388450803e-08 2622
0.16 1.105965092309929e-12 1.291806512283818e-08 3191
0.17 1.175600787755003e-12 1.37366296665663e-08 3044
0.18 1.09973034878183e-12 1.285499527459712e-08 2736
0.19 9.56027814160114e-13 1.117934438772267e-08 2276
0.2 8.779515518023778e-13 1.026963098670367e-08 2016
0.21 7.360936406228146e-13 8.613124981687963e-09 1640
0.22 4.972569623026835e-13 5.820351274720393e-09 1056
0.23 2.984431295491478e-13 3.494994389535386e-09 683
0.24 1.645893003272331e-13 1.928062313149937e-09 350
0.25 7.820995960412462e-14 9.164176419335597e-10 192
0.26 2.509284399561376e-14 2.940689687238204e-10 44
0.27 9.567751759586575e-15 1.121348333095256e-10 25


0.01 8.518383826421976e-16 7.038699696167918e-13 18
0.02 9.460667701996283e-15 7.816514993378868e-12 62
0.03 2.423159444204962e-14 2.001770887326413e-11 98
0.04 5.37768773330276e-14 4.441668009837772e-11 210
0.05 1.281825322720839e-13 1.058447268543454e-10 350
0.06 2.131602043067019e-13 1.759588411658589e-10 450
0.07 3.010426490787785e-13 2.48429230252646e-10 602
0.08 4.528378248980624e-13 3.73572769854588e-10 762
0.09 7.557609187737828e-13 6.232314915134128e-10 1142
0.1 1.030866551320151e-12 8.497577944864057e-10 1250
0.11 1.254209371865659e-12 1.033464708043315e-09 1458
0.12 1.720771642333474e-12 1.417396882359875e-09 1814
0.13 2.234984342858339e-12 1.840213545882171e-09 2178
0.14 2.634108292020168e-12 2.168078123287825e-09 2498
0.15 3.067756646716786e-12 2.524243688949498e-09 2622
0.16 3.690725023415749e-12 3.035688279894624e-09 3191
0.17 3.924561301721884e-12 3.226438792243634e-09 3044
0.18 3.672649919163259e-12 3.017846918152554e-09 2736
0.19 3.193895875419298e-12 2.623194808951891e-09 2276
0.2 2.933975425448488e-12 2.408721346310231e-09 2016
0.21 2.460704687223796e-12 2.019312350152561e-09 1640
0.22 1.662819516106637e-12 1.363975579624726e-09 1056
0.23 9.984770351178692e-13 8.184991600476966e-10 683
0.24 5.508203772822968e-13 4.513518537910643e-10 350
0.25 2.618062758671862e-13 2.144570796714707e-10 192
0.26 8.401068845259042e-14 6.880280036432193e-11 44
0.27 3.203502739103256e-14 2.623353889938174e-11 25


0.01 5.220281895536931e-17 7.234009243958201e-13 18
0.02 5.794729264057739e-16 8.034196029412275e-12 62
0.03 1.48317423136228e-15 2.057789358189809e-11 98
0.04 3.288414581473554e-15 4.566801948093517e-11 210
0.05 7.82805750337438e-15 1.088534930083074e-10 350
0.06 1.299676536331525e-14 1.810155404911433e-10 450
0.07 1.832681712321827e-14 2.556431225281229e-10 602
0.08 2.752145904881805e-14 3.845428658561973e-10 762
0.09 4.584069882055761e-14 6.417734814644651e-10 1142
0.1 6.23996085143126e-14 8.753766190926227e-10 1250
0.11 7.576847211642741e-14 1.06502012236298e-09 1458
0.12 1.037599541233555e-13 1.461189631744938e-09 1814
0.13 1.34487166696051e-13 1.897810672084039e-09 2178
0.14 1.582166963116573e-13 2.236699963043038e-09 2498
0.15 1.839766843474418e-13 2.604901585031287e-09 2622
0.16 2.209029596756662e-13 3.133844278535988e-09 3191
0.17 2.343023270266297e-13 3.33235167528626e-09 3044
0.18 2.187016171480507e-13 3.118409761451042e-09 2736
0.19 1.897207886965399e-13 2.711867710623077e-09 2276
0.2 1.73907132248396e-13 2.491145693372636e-09 2016
0.21 1.455302206076153e-13 2.089281140397718e-09 1640
0.22 9.812728357258137e-14 1.411813400898654e-09 1056
0.23 5.872421467969638e-14 8.477392284712177e-10 683
0.24 3.232785570424651e-14 4.67658921535011e-10 350
0.25 1.533885155149781e-14 2.222772895434488e-10 192
0.26 4.916730895447994e-15 7.132590752458814e-11 44
0.27 1.873993072951098e-15 2.719796678791795e-11 25


0.01 1.511184632425939e-16 1.507832703108816e-11 18
0.02 1.678646945509356e-15 1.674543791354891e-10 62
0.03 4.300550303043933e-15 4.288725004670201e-10 98
0.04 9.547349069579148e-15 9.51704347711188e-10 210
0.05 2.276730006475044e-14 2.26820186335545e-09 350
0.06 3.788164385623288e-14 3.771317914722149e-09 450
0.07 5.352806235089952e-14 5.325393228422507e-09 602
0.08 8.056526881785662e-14 8.00935020167265e-09 762
0.09 1.345507508995601e-13 1.336464924407736e-08 1142
0.1 1.836575403189453e-13 1.822602015511894e-08 1250
0.11 2.235998608972556e-13 2.217064195653198e-08 1458
0.12 3.069747436049979e-13 3.041269904149531e-08 1814
0.13 3.989898081897721e-13 3.949311985637016e-08 2178
0.14 4.705327331069541e-13 4.653786718043881e-08 2498
0.15 5.482870338720333e-13 5.419136623431213e-08 2622
0.16 6.600687718597272e-13 6.518397233204552e-08 3191
0.17 7.024959670034005e-13 6.929735118265668e-08 3044
0.18 6.579756000376412e-13 6.483368867819361e-08 2736
0.19 5.726855206894353e-13 5.636908747703949e-08 2276
0.2 5.264625485239822e-13 5.177133941288053e-08 2016
0.21 4.418726856670643e-13 4.341121883485221e-08 1640
0.22 2.988152160011456e-13 2.932911580544677e-08 1056
0.23 1.796339636902633e-13 1.760578167540559e-08 683
0.24 9.916681399370451e-14 9.710516282151702e-09 350
0.25 4.716175677897263e-14 4.614684881562965e-09 192
0.26 1.513909674884098e-14 1.480651991973864e-09 44
0.27 5.773771384869843e-15 5.645789682763934e-10 25


0.01 2.156470863662478e-15 1.409539863721813e-11 18
0.02 2.395013811678056e-14 1.565339110259159e-10 62
0.03 6.134339463616452e-14 4.008887075296203e-10 98
0.04 1.361381542293957e-13 8.895608445014286e-10 210
0.05 3.244968175263098e-13 2.11995206999784e-09 350
0.06 5.396162917655589e-13 3.524528863601514e-09 450
0.07 7.620865034334564e-13 4.976507290925505e-09 602
0.08 1.146346411865946e-12 7.483973448404802e-09 762
0.09 1.913171481716663e-12 1.248670232240917e-08 1142
0.1 2.6095661593367e-12 1.702691041591696e-08 1250
0.11 3.174918420524368e-12 2.070986992574976e-08 1458
0.12 4.355945248153081e-12 2.840611860178548e-08 1814
0.13 5.65757140093267e-12 3.6883452220268e-08 2178
0.14 6.667850598396282e-12 4.345860492213395e-08 2498
0.15 7.765514825498044e-12 5.06016134090733e-08 2622
0.16 9.342383105979583e-12 6.085984084049452e-08 3191
0.17 9.934188627989735e-12 6.469184760627616e-08 3044
0.18 9.296427625142351e-12 6.051683090661613e-08 2736
0.19 8.084498227677445e-12 5.26090636904773e-08 2276
0.2 7.426510101497806e-12 4.831265178924342e-08 2016
0.21 6.228501433907537e-12 4.05064035542164e-08 1640
0.22 4.208867209300469e-12 2.73635070843927e-08 1056
0.23 2.527273916843359e-12 1.642299988535549e-08 683
0.24 1.394186355003481e-12 9.057165577343259e-09 350
0.25 6.62654568101771e-13 4.303815115603857e-09 192
0.26 2.126373162741538e-13 1.380831372222188e-09 44
0.27 8.108284596915935e-14 5.265045469579721e-10 25


0.01 8.231798045755204e-16 1.231844474263518e-11 18
0.02 9.143321442141134e-15 1.368029576367451e-10 62
0.03 2.3421880907713e-14 3.503663461297024e-10 98
0.04 5.198893886030374e-14 7.77481335234576e-10 210
0.05 1.239491387165765e-13 1.852940199712573e-09 350
0.06 2.061797680986316e-13 3.080792495097819e-09 450
0.07 2.912647558464444e-13 4.350218015185333e-09 602
0.08 4.382603608401209e-13 6.542532227342834e-09 762
0.09 7.316887812407964e-13 1.091675322016069e-08 1142
0.1 9.983950282172039e-13 1.488725527148788e-08 1250
0.11 1.215133172707373e-12 1.810874058149374e-08 1458
0.12 1.667712316854766e-12 2.484007753520208e-08 1814
0.13 2.16686704390588e-12 3.225567265815035e-08 2178
0.14 2.554644929501869e-12 3.8008395414852e-08 2498
0.15 2.976029328585345e-12 4.425814448407876e-08 2622
0.16 3.581616354034089e-12 5.323427109047874e-08 3191
0.17 3.810243660664652e-12 5.659145956319795e-08 3044
0.18 3.567275212079565e-12 5.294423171281516e-08 2736
0.19 3.103619824476616e-12 4.603021004219429e-08 2276
0.2 2.852118164171763e-12 4.227442215264398e-08 2016
0.21 2.392981100999506e-12 3.544672535271377e-08 1640
0.22 1.617673764522815e-12 2.394744483062738e-08 1056
0.23 9.719439284803128e-13 1.437453840915491e-08 683
0.24 5.363822175525226e-13 7.928067651330008e-09 350
0.25 2.550190240043569e-13 3.767526605957153e-09 192
0.26 8.18483228522473e-14 1.208816235684127e-09 44
0.27 3.12127463741902e-14 4.609240464807171e-10 25


0.01 2.872827216012134e-14 2.37139546577481e-11 18
0.02 3.1905208579671e-13 2.633479505591872e-10 62
0.03 8.171561619879993e-13 6.744326136540231e-10 98
0.04 1.813406629981173e-12 1.496513481526256e-09 210
0.05 4.32211910000848e-12 3.566297535741577e-09 350
0.06 7.186792518324394e-12 5.928929283372739e-09 450
0.07 1.014891315993201e-11 8.371130041882925e-09 602
0.08 1.526487836179447e-11 1.2588516380303e-08 762
0.09 2.54733972749505e-11 2.100244240561607e-08 1142
0.1 3.474204159542011e-11 2.863763091690216e-08 1250
0.11 4.226441843242014e-11 3.483040399973701e-08 1458
0.12 5.798061038540395e-11 4.777206366672603e-08 1814
0.13 7.529806724824479e-11 6.202584074073315e-08 2178
0.14 8.873583551111859e-11 7.307997963271359e-08 2498
0.15 1.033352684617672e-10 8.508855256151596e-08 2622
0.16 1.243059508483542e-10 1.02333488055711e-07 3191
0.17 1.321629965119511e-10 1.087703896804233e-07 3044
0.18 1.236620367105734e-10 1.01744585974191e-07 2736
0.19 1.075270518200933e-10 8.844446891752902e-08 2276
0.2 9.876466454998966e-11 8.121742427756848e-08 2016
0.21 8.28229840257034e-11 6.809095829245938e-08 1640
0.22 5.596079036362215e-11 4.599551565142816e-08 1056
0.23 3.359662566920942e-11 2.760338122815063e-08 683
0.24 1.853178068433304e-11 1.52223278818751e-08 350
0.25 8.807351971739346e-12 7.233106304697827e-09 192
0.26 2.826011020970693e-12 2.320601274667157e-09 44
0.27 1.077589114092003e-12 8.848257611225689e-10 25


0.01 1.758899723149559e-14 5.414294161109572e-11 18
0.02 1.953260675812483e-13 6.013056881978174e-10 62
0.03 5.002193972962259e-13 1.540066701715378e-09 98
0.04 1.109923156341058e-12 3.417655973892298e-09 210
0.05 2.644952598491765e-12 8.145667405793613e-09 350
0.06 4.397041528814336e-12 1.354449447587808e-08 450
0.07 6.208020891580329e-12 1.91269097316336e-08 602
0.08 9.33528234095006e-12 2.876838404271417e-08 762
0.09 1.557412905959419e-11 4.800705865606841e-08 1142
0.1 2.123494086185784e-11 6.547420233467346e-08 1250
0.11 2.582573926882868e-11 7.965021497271473e-08 1458
0.12 3.542012092050779e-11 1.092676750237489e-07 1814
0.13 4.598628733423351e-11 1.419023166935877e-07 2178
0.14 5.417969635277937e-11 1.672251234928665e-07 2498
0.15 6.308037347938391e-11 1.947369136299469e-07 2622
0.16 7.586152091035816e-11 2.342549132549328e-07 3191
0.17 8.062874874973864e-11 2.490589896772896e-07 3044
0.18 7.541640526664702e-11 2.330366779122339e-07 2736
0.19 6.555420955246624e-11 2.026292707511722e-07 2276
0.2 6.01947303053216e-11 1.861153720673437e-07 2016
0.21 5.046350828316836e-11 1.560728805318726e-07 1640
0.22 3.408649075091851e-11 1.054524948202577e-07 1056
0.23 2.04548269734495e-11 6.330877807528658e-08 683
0.24 1.127959073789205e-11 3.49207202443437e-08 350
0.25 5.359466617911215e-12 1.659613570151803e-08 192
0.26 1.719438116035543e-12 5.325176657610331e-09 44
0.27 6.556023159497885e-13 2.030538227794338e-09 25


0.01 1.101995429989826e-14 7.853674120045308e-11 18
0.02 1.223906507469458e-13 8.721467100679525e-10 62
0.03 3.134786427210434e-13 2.233513254541239e-09 98
0.04 6.956816146848639e-13 4.955896566034464e-09 210
0.05 1.658146397712206e-12 1.181002510657517e-08 350
0.06 2.757286945315014e-12 1.963340280477007e-08 450
0.07 3.89390424916145e-12 2.771982607450422e-08 602
0.08 5.85702594898521e-12 4.168388045719774e-08 762
0.09 9.77442728158455e-12 6.954222725681799e-08 1142
0.1 1.333165009404307e-11 9.481984187279818e-08 1250
0.11 1.621917227069219e-11 1.153197226277741e-07 1458
0.12 2.225145153564291e-11 1.58162667482417e-07 1814
0.13 2.889909776698751e-11 2.053456561438905e-07 2178
0.14 3.405806497545136e-11 2.419340224397899e-07 2498
0.15 3.966312280978882e-11 2.816809252823214e-07 2622
0.16 4.771493812699009e-11 3.387564663122815e-07 3191
0.17 5.073421906635582e-11 3.600480127374912e-07 3044
0.18 4.747405312299801e-11 3.367757640085366e-07 2736
0.19 4.128281282358684e-11 2.927377773948103e-07 2276
0.2 3.792075919930606e-11 2.688069431472444e-07 2016
0.21 3.180169992181046e-11 2.25353151290396e-07 1640
0.22 2.148863130242519e-11 1.522200951200453e-07 1056
0.23 1.290217522691104e-11 9.134608429557375e-08 683
0.24 7.117279181502621e-12 5.037199746028107e-08 350
0.25 3.382633360112731e-12 2.393440292765158e-08 192
0.26 1.085421678564592e-12 7.678710457312632e-09 44
0.27 4.138812973348526e-13 2.927827330189833e-09 25


0.01 2.283343073473806e-14 2.056127594132985e-11 18
0.02 2.536245640067639e-13 2.283394636335731e-10 62
0.03 6.496975131821498e-13 5.847856867290181e-10 98
0.04 1.442058626700556e-12 1.297625986480023e-09 210
0.05 3.437795690073965e-12 3.092440888272577e-09 350
0.06 5.718132336574277e-12 5.141358222279499e-09 450
0.07 8.077309077216013e-12 7.259435428974121e-09 602
0.08 1.215272432939112e-11 1.091722354762264e-08 762
0.09 2.028722411800475e-11 1.82150255781534e-08 1142
0.1 2.767948375279952e-11 2.483818178957008e-08 1250
0.11 3.368556116078326e-11 3.021086100213602e-08 1458
0.12 4.622782666227672e-11 4.143805475442415e-08 1814
0.13 6.005848640651877e-11 5.380479223353837e-08 2178
0.14 7.08002859983688e-11 6.339673138414367e-08 2498
0.15 8.247246950795172e-11 7.381708595620597e-08 2622
0.16 9.924622853057323e-11 8.878204439163133e-08 3191
0.17 1.055687168479246e-10 9.437265997241266e-08 3044
0.18 9.882484125703107e-11 8.828260849757054e-08 2736
0.19 8.59714471286414e-11 7.674704101679205e-08 2276
0.2 7.899661571441579e-11 7.047967331687657e-08 2016
0.21 6.627235413186941e-11 5.909200401859184e-08 1640
0.22 4.479618747729723e-11 3.991891376960977e-08 1056
0.23 2.691108151105414e-11 2.395864165272881e-08 683
0.24 1.485024328874255e-11 1.321306322378528e-08 350
0.25 7.05963400635934e-12 6.27865845014124e-09 192
0.26 2.265711023840189e-12 2.014438927516504e-09 44
0.27 8.639761529603964e-13 7.680985788804047e-10 25


0.01 1.930642109518069e-13 1.024175114593088e-10 18
0.02 2.14394326105289e-12 1.137445703138801e-09 62
0.03 5.490411670023317e-12 2.913239784347392e-09 98
0.04 1.218224515851833e-11 6.464907089461814e-09 210
0.05 2.902953537930137e-11 1.540828329296782e-08 350
0.06 4.825764273680618e-11 2.562039999336906e-08 450
0.07 6.81307056695835e-11 3.617954637572506e-08 602
0.08 1.024473094565844e-10 5.441609534632935e-08 762
0.09 1.709060264229611e-10 9.080487175418133e-08 1142
0.1 2.330150463180672e-10 1.238418774915856e-07 1250
0.11 2.833773975411847e-10 1.506532581841729e-07 1458
0.12 3.886365093767183e-10 2.066697832672394e-07 1814
0.13 5.045461039880323e-10 2.683910950841899e-07 2178
0.14 5.944165691738014e-10 3.162814614714895e-07 2498
0.15 6.920429058195393e-10 3.683111760099984e-07 2622
0.16 8.322241341673387e-10 4.430464653113013e-07 3191
0.17 8.844702399132897e-10 4.710356863336869e-07 3044
0.18 8.272438100352559e-10 4.407241042954793e-07 2736
0.19 7.190228643461289e-10 3.832106824290438e-07 2276
0.2 6.602055679815503e-10 3.519734750901336e-07 2016
0.21 5.534471219699895e-10 2.951527289644676e-07 1640
0.22 3.738169628968682e-10 1.994200745655805e-07 1056
0.23 2.243044733546382e-10 1.197198297332603e-07 683
0.24 1.236839147059046e-10 6.603598716451393e-08 350
0.25 5.876595119653638e-11 3.138305400233027e-08 192
0.26 1.885293327443672e-11 1.006977891536665e-08 44
0.27 7.188366857256587e-12 3.839652111368284e-09 25


0.01 6.800439075646305e-14 4.346383955780267e-10 18
0.02 7.552822430035758e-13 4.826242629882366e-09 62
0.03 1.934470306382948e-12 1.235871211383251e-08 98
0.04 4.292738492428971e-12 2.742079089770038e-08 210
0.05 1.023043486329747e-11 6.534084678541235e-08 350
0.06 1.70099688281634e-11 1.086136379518672e-07 450
0.07 2.401911251381426e-11 1.533338467008805e-07 602
0.08 3.612346080301126e-11 2.305558723979554e-07 762
0.09 6.027428745555356e-11 3.84601888581055e-07 1142
0.1 8.219721083492092e-11 5.243355605791439e-07 1250
0.11 9.998621146567598e-11 6.376150921933908e-07 1458
0.12 1.371537266618189e-10 8.744022090203615e-07 1814
0.13 1.781009206860214e-10 1.135111001468929e-06 2178
0.14 2.09865181033997e-10 1.337226031823977e-06 2498
0.15 2.443735542248515e-10 1.556779385817557e-06 2622
0.16 2.939403969070729e-10 1.871994112193341e-06 3191
0.17 3.124784965257851e-10 1.989363983660098e-06 3044
0.18 2.923405318728245e-10 1.860506883198741e-06 2736
0.19 2.541709837748988e-10 1.616962136530762e-06 2276
0.2 2.334323269760687e-10 1.484598119359259e-06 2016
0.21 1.957300675565697e-10 1.244454566115919e-06 1640
0.22 1.322344591688866e-10 8.404876446695897e-07 1056
0.23 7.937708164605105e-11 5.042618805630498e-07 683
0.24 4.378127647851225e-11 2.780291937724531e-07 350
0.25 2.080451139494643e-11 1.320977987134344e-07 192
0.26 6.675311856071723e-12 4.237673213753614e-08 44
0.27 2.545179993543095e-12 1.615806258762838e-08 25


0.01 2.851095028028873e-13 2.29276200543253e-11 18
0.02 3.166014971254918e-12 2.547765332584526e-10 62
0.03 8.107700327002544e-12 6.528598040926523e-10 98
0.04 1.798961614563648e-11 1.449153355925455e-09 210
0.05 4.286903144065376e-11 3.454148020817846e-09 350
0.06 7.12643584385627e-11 5.745868052756284e-09 450
0.07 1.006127211259289e-10 8.116892976929276e-09 602
0.08 1.512925380088577e-10 1.221171827104986e-08 762
0.09 2.523964334526592e-10 2.038409788465734e-08 1142
0.1 3.441245855677747e-10 2.781255104035773e-08 1250
0.11 4.185048904002055e-10 3.385104452081798e-08 1458
0.12 5.739638422353529e-10 4.645590676463467e-08 1814
0.13 7.451559450016946e-10 6.035796321853776e-08 2178
0.14 8.778965314091704e-10 7.115306935774414e-08 2498
0.15 1.02209407136025e-09 8.288262892569228e-08 2622
0.16 1.22914340008442e-09 9.974711408739083e-08 3191
0.17 1.306332976152809e-09 1.061013295452657e-07 3044
0.18 1.221835516141353e-09 9.932302934595312e-08 2736
0.19 1.062003553389417e-09 8.641720679029118e-08 2276
0.2 9.75146339665376e-10 7.940537949831103e-08 2016
0.21 8.174762956538477e-10 6.66126574870751e-08 1640
0.22 5.521589357319264e-10 4.502787982636981e-08 1056
0.23 3.313209954005069e-10 2.705507040603991e-08 683
0.24 1.826939613918289e-10 1.493326829035606e-08 350
0.25 8.680607185877599e-11 7.097216505234684e-09 192
0.26 2.784857877360251e-11 2.278060896126328e-09 44
0.27 1.061852328816026e-11 8.6843659034575e-10 25


0.01 2.823492899848721e-12 3.52762771905913e-11 18
0.02 3.135375595031719e-11 3.916102885168318e-10 62
0.03 8.029222140274434e-11 1.002531059031972e-09 98
0.04 1.78152281651539e-10 2.223729585039543e-09 210
0.05 4.245234559605304e-10 5.297209650568659e-09 350
0.06 7.056998839466264e-10 8.801207601316055e-09 450
0.07 9.962998707203358e-10 1.241948757213349e-08 602
0.08 1.498104098002402e-09 1.866567600980415e-08 762
0.09 2.4991504053833e-09 3.112060398534931e-08 1142
0.1 3.407301797185872e-09 4.240288830673143e-08 1250
0.11 4.143644876548644e-09 5.153397556933161e-08 1458
0.12 5.68268211934729e-09 7.063473049026133e-08 1814
0.13 7.377373854199609e-09 9.16409360129262e-08 2178
0.14 8.69130296403404e-09 1.079040602676334e-07 2498
0.15 1.011861602713758e-08 1.255663779802317e-07 2622
0.16 1.216801362589049e-08 1.509059108158933e-07 3191
0.17 1.293161530788312e-08 1.602544767949964e-07 3044
0.18 1.209464809219591e-08 1.497681229881366e-07 2736
0.19 1.051212578114955e-08 1.300688467540729e-07 2276
0.2 9.652034626194038e-09 1.193508344631701e-07 2016
0.21 8.091104841280705e-09 9.998450636686932e-08 1640
0.22 5.464892717807996e-09 6.748677361281502e-08 1056
0.23 3.27902498383723e-09 4.045000917034083e-08 683
0.24 1.80804016602665e-09 2.228814191551683e-08 350
0.25 8.590495621217306e-10 1.058526472737854e-08 192
0.26 2.755909837184145e-10 3.39460226102489e-09 44
0.27 1.050797810721701e-10 1.294283668465724e-09 25


0.01 7.691748034929476e-13 7.249511541716572e-10 18
0.02 8.540369209327151e-12 8.054059585707268e-09 62
0.03 2.186834358156866e-11 2.063342827663773e-08 98
0.04 4.851905253401054e-11 4.578883821707327e-08 210
0.05 1.156157784348861e-10 1.091104063673628e-07 350
0.06 1.921759074502584e-10 1.814279871946283e-07 450
0.07 2.712925833168073e-10 2.561961465266685e-07 602
0.08 4.079117578646675e-10 3.852909204547417e-07 762
0.09 6.804423081900926e-10 6.428422428257427e-07 1142
0.1 9.276237862232216e-10 8.766741082603041e-07 1250
0.11 1.127975965092838e-09 1.066481412502344e-06 1458
0.12 1.546810480587329e-09 1.462939301176023e-06 1814
0.13 2.007915365052457e-09 1.899765734431886e-06 2178
0.14 2.365366568253464e-09 2.238575448028892e-06 2498
0.15 2.753655079084761e-09 2.606641121792051e-06 2622
0.16 3.311065324644707e-09 3.135511910124093e-06 3191
0.17 3.5185072972246e-09 3.333241270616784e-06 3044
0.18 3.290458757137899e-09 3.118404159022889e-06 2736
0.19 2.859549416599474e-09 2.711525708830006e-06 2276
0.2 2.625373747523678e-09 2.490254357978789e-06 2016
0.21 2.200629533544092e-09 2.087977719584669e-06 1640
0.22 1.486211194422964e-09 1.410662755764896e-06 1056
0.23 8.915981445076557e-10 8.46893086924187e-07 683
0.24 4.915559609673091e-10 4.67194544066775e-07 350
0.25 2.335509110958709e-10 2.219624121913788e-07 192
0.26 7.491992001629201e-11 7.122521044951304e-08 44
0.27 2.856758077010913e-11 2.71510742056917e-08 25


0.01 5.33834774549502e-16 3.545432955247462e-09 18
0.02 6.064580870155624e-15 3.936985143587839e-08 62
0.03 1.58547908758555e-14 1.008184631912447e-07 98
0.04 3.539898532255539e-14 2.236930016510318e-07 210
0.05 8.381902636145306e-14 5.330376338028347e-07 350
0.06 1.405683810865867e-13 8.860669818788382e-07 450
0.07 1.999552081912323e-13 1.250914886922277e-06 602
0.08 3.009449546456673e-13 1.880925090228146e-06 762
0.09 5.019191028025145e-13 3.137708660545621e-06 1142
0.1 6.887105866273437e-13 4.277793575196169e-06 1250
0.11 8.470035420464512e-13 5.202114569013804e-06 1458
0.12 1.168326339705568e-12 7.134125711929139e-06 1814
0.13 1.5285386955505e-12 9.261420917568268e-06 2178
0.14 1.808305367854344e-12 1.091066875270792e-05 2498
0.15 2.111780974352915e-12 1.270221936274287e-05 2622
0.16 2.562120564354309e-12 1.527450027322793e-05 3191
0.17 2.738742440770671e-12 1.623255252309468e-05 3044
0.18 2.575705014104736e-12 1.51814766149337e-05 2736
0.19 2.27049023520499e-12 1.319461006880698e-05 2276
0.2 2.094318184270154e-12 1.211473354408201e-05 2016
0.21 1.760371566740676e-12 1.015527628226178e-05 1640
0.22 1.197453477304937e-12 6.85888809659113e-06 1056
0.23 7.317241130098449e-13 4.115256371960236e-06 683
0.24 4.107277559617469e-13 2.269062491428682e-06 350
0.25 1.933180540470849e-13 1.078079300174738e-06 192
0.26 6.255995358078082e-14 3.458522754152233e-07 44
0.27 2.351891658866716e-14 1.318699375583065e-07 25


0.01 3.238841065065296e-12 4.805378023246287e-10 18
0.02 3.599629493819611e-11 5.334590554705723e-09 62
0.03 9.224362403514505e-11 1.365777780379547e-08 98
0.04 2.047052729805068e-10 3.030164384568324e-08 210
0.05 4.876888039963676e-10 7.221048308380827e-08 350
0.06 8.109425199032113e-10 1.200226582620065e-07 450
0.07 1.145119042075282e-09 1.694305301324987e-07 602
0.08 1.721933865808286e-09 2.547576091634539e-07 762
0.09 2.872518355152725e-09 4.249768657152579e-07 1142
0.1 3.917168975171944e-09 5.793463927643113e-07 1250
0.11 4.765347797799299e-09 7.044415912233347e-07 1458
0.12 6.53645076339163e-09 9.659994021006499e-07 1814
0.13 8.487884290458984e-09 1.253930670409723e-06 2178
0.14 1.000084127761533e-08 1.477154055872317e-06 2498
0.15 1.16443112575117e-08 1.719638815127601e-06 2622
0.16 1.400669264375057e-08 2.067664836056454e-06 3191
0.17 1.488836524928263e-08 2.197195797710883e-06 3044
0.18 1.392721804704546e-08 2.054779557660139e-06 2736
0.19 1.211045470806305e-08 1.785572322671592e-06 2276
0.2 1.112109288825164e-08 1.639347196159836e-06 2016
0.21 9.323367821692294e-09 1.374143238737569e-06 1640
0.22 6.298635586764803e-09 9.280183046118931e-07 1056
0.23 3.781508514018146e-09 5.566840598956685e-07 683
0.24 2.086397260031681e-09 3.068781421864167e-07 350
0.25 9.90912626332988e-10 1.45821878861076e-07 192
0.26 3.179982535963999e-10 4.67749962361314e-08 44
0.27 1.211853141983692e-10 1.78378593062709e-08 25


0.01 4.126891818523098e-12 6.725419008863523e-09 18
0.02 4.583506299514363e-11 7.463339547219656e-08 62
0.03 1.173913702724475e-10 1.910204840777003e-07 98
0.04 2.604694648613125e-10 4.237589940969356e-07 210
0.05 6.206244506606694e-10 1.009874762744927e-06 350
0.06 1.031698289518487e-09 1.678220267444082e-06 450
0.07 1.456534892381469e-09 2.368714280188186e-06 602
0.08 2.190044221996746e-09 3.561325595294757e-06 762
0.09 3.653215731801244e-09 5.94039472429604e-06 1142
0.1 4.980643989819379e-09 8.096808776807209e-06 1250
0.11 6.057066197454489e-09 9.842912694964045e-06 1458
0.12 8.306622034938989e-09 1.349553462212553e-05 1814
0.13 1.078370232466806e-08 1.751478180798408e-05 2178
0.14 1.270392894253601e-08 2.063013589420744e-05 2498
0.15 1.478978303136019e-08 2.401423049423738e-05 2622
0.16 1.778526196114954e-08 2.886860301982194e-05 3191
0.17 1.890059108026205e-08 3.067160456794058e-05 3044
0.18 1.767655571161928e-08 2.867841455795514e-05 2736
0.19 1.536399156190799e-08 2.491388567316034e-05 2276
0.2 1.410638586349905e-08 2.287032965754787e-05 2016
0.21 1.182448736659115e-08 1.916806704800586e-05 1640
0.22 7.986341058262178e-09 1.294264001587177e-05 1056
0.23 4.792035767927331e-09 7.760865688546503e-06 683
0.24 2.642489332427906e-09 4.276808476974902e-06 350
0.25 1.25534254282476e-09 2.032430682151109e-06 192
0.26 4.027407351834166e-10 6.518225112029693e-07 44
0.27 1.535405511777176e-10 2.486247543250149e-07 25


0.01 2.038611011358393e-12 1.393637845335496e-08 18
0.02 2.269360899877266e-11 1.544337195931931e-07 62
0.03 5.822700670517618e-11 3.948429551557388e-07 98
0.04 1.292276215451976e-10 8.758230595229084e-07 210
0.05 3.076074029708693e-10 2.08855362009328e-06 350
0.06 5.115741183922053e-10 3.470000790941901e-06 450
0.07 7.22378840650177e-10 4.897374543008024e-06 602
0.08 1.085784873729975e-09 7.365089253092322e-06 762
0.09 1.810198732907861e-09 1.229010436747404e-05 1142
0.1 2.468135999014228e-09 1.675186276088291e-05 1250
0.11 3.003010159083292e-09 2.035966515000945e-05 1458
0.12 4.118418417354182e-09 2.791629807209427e-05 1814
0.13 5.347533816416609e-09 3.622846800913862e-05 2178
0.14 6.299062965151793e-09 4.267800144877736e-05 2498
0.15 7.332321114373365e-09 4.968528682759458e-05 2622
0.16 8.820164577790973e-09 5.972123763596443e-05 3191
0.17 9.371945326514499e-09 6.346159115221771e-05 3044
0.18 8.763651063524293e-09 5.9347914753727e-05 2736
0.19 7.622392842079334e-09 5.153994397946238e-05 2276
0.2 6.997317957507032e-09 4.732055379244184e-05 2016
0.21 5.863422282807574e-09 3.967113827426379e-05 1640
0.22 3.960598860028234e-09 2.67868775276678e-05 1056
0.23 2.378479676105625e-09 1.605583427198117e-05 683
0.24 1.313238491618176e-09 8.841735909948962e-06 350
0.25 6.228656253065785e-10 4.206153304607702e-06 192
0.26 1.999655894465421e-10 1.348457936286925e-06 44
0.27 7.610758519299654e-11 5.148697952795596e-07 25


0.01 1.55603950821409e-13 1.139400983523038e-08 18
0.02 1.769859281730695e-12 1.264559302914485e-07 62
0.03 4.63220751901116e-12 3.237029295497497e-07 98
0.04 1.032273835176726e-11 7.181581100780893e-07 210
0.05 2.431217928194137e-11 1.711528369049484e-06 350
0.06 4.061535365376265e-11 2.844549998325498e-06 450
0.07 5.756892510736846e-11 4.015305212045008e-06 602
0.08 8.617995208474985e-11 6.03751262422652e-06 762
0.09 1.427909215851164e-10 1.007182431385813e-05 1142
0.1 1.94846764195451e-10 1.372990583289289e-05 1250
0.11 2.385972102381229e-10 1.669299969764243e-05 1458
0.12 3.274832187746522e-10 2.289043705377576e-05 1814
0.13 4.261891688465787e-10 2.971155798845153e-05 2178
0.14 5.016727490615655e-10 3.500037898278214e-05 2498
0.15 5.832683207862965e-10 4.074545017473929e-05 2622
0.16 7.044220397231288e-10 4.898859687470823e-05 3191
0.17 7.477073524993377e-10 5.205577965604914e-05 3044
0.18 6.981870611279584e-10 4.868047446836086e-05 2736
0.19 6.124052055430441e-10 4.2298104427742e-05 2276
0.2 5.616104365979593e-10 3.883351543169093e-05 2016
0.21 4.689428204782445e-10 3.255107452460399e-05 1640
0.22 3.172638509860021e-10 2.198214706917072e-05 1056
0.23 1.926147294300185e-10 1.318436985689947e-05 683
0.24 1.078391707009171e-10 7.267048765213996e-06 350
0.25 5.038802843295199e-11 3.453456566900412e-06 192
0.26 1.628085555109051e-11 1.107717072577469e-06 44
0.27 6.092936156949012e-12 4.224807376768016e-07 25


0.01 5.364614727197602e-11 1.826257304076436e-08 18
0.02 5.947631730433672e-10 2.028027470567085e-07 62
0.03 1.521227592472382e-09 5.193686255354604e-07 98
0.04 3.374394534687523e-09 1.152336478689686e-06 210
0.05 8.044676958521819e-09 2.74565999581787e-06 350
0.06 1.336620198186685e-08 4.563839064983235e-06 450
0.07 1.886394697326131e-08 6.442638307824728e-06 602
0.08 2.836540771777847e-08 9.686692531692462e-06 762
0.09 4.732443679133373e-08 1.615765079347593e-05 1142
0.1 6.450180577859008e-08 2.202708032070213e-05 1250
0.11 7.839542883406589e-08 2.67845531475376e-05 1458
0.12 1.074862053468736e-07 3.672968749605643e-05 1814
0.13 1.394854960825263e-07 4.767807905413377e-05 2178
0.14 1.643033018958035e-07 5.61647881873497e-05 2498
0.15 1.912640439148719e-07 6.538293348554008e-05 2622
0.16 2.298974324203044e-07 7.861831641872759e-05 3191
0.17 2.442653028306202e-07 8.354024201684785e-05 3044
0.18 2.284037550912766e-07 7.812303214332279e-05 2736
0.19 1.983669099411713e-07 6.789387748873454e-05 2276
0.2 1.821066982759576e-07 6.233182112220597e-05 2016
0.21 1.526455770303546e-07 5.224499435141105e-05 1640
0.22 1.030641783112663e-07 3.528347216378849e-05 1056
0.23 6.177935898368908e-08 2.11673129828318e-05 683
0.24 3.402856633126994e-08 1.167103766876961e-05 350
0.25 1.618068562982163e-08 5.54424878897828e-06 192
0.26 5.188149148837755e-09 1.778674361016651e-06 44
0.27 1.980125297206039e-09 6.781082854954587e-07 25


0.01 2.787076298567057e-11 4.897503912754791e-09 18
0.02 3.0876946270229e-10 5.574532991135982e-08 62
0.03 7.893845959466981e-10 1.460946134270887e-07 98
0.04 1.751006463373212e-09 3.255721520102954e-07 210
0.05 4.17581190035115e-09 7.657986753653676e-07 350
0.06 6.937421754608284e-09 1.278625039909767e-06 450
0.07 9.790631590007949e-09 1.811660641820306e-06 602
0.08 1.472449584692499e-08 2.70934291527756e-06 762
0.09 2.457226503908706e-08 4.48340794363278e-06 1142
0.1 3.349379856357972e-08 6.113317737633197e-06 1250
0.11 4.070395103836576e-08 7.482565551736895e-06 1458
0.12 5.581231466130588e-08 1.026353613168845e-05 1814
0.13 7.242794226953627e-08 1.334637377146001e-05 2178
0.14 8.532461984949994e-08 1.569899301437873e-05 2498
0.15 9.933517582525488e-08 1.823873757735716e-05 2622
0.16 1.193971483794499e-07 2.201577763386523e-05 3191
0.17 1.268734116008515e-07 2.334060096081776e-05 3044
0.18 1.186515184341643e-07 2.176899172505258e-05 2736
0.19 1.030362972285662e-07 1.908765976367325e-05 2276
0.2 9.460247701818151e-08 1.748804364345927e-05 2016
0.21 7.931118772933011e-08 1.458437865245829e-05 1640
0.22 5.355225643791618e-08 9.859166378542921e-06 1056
0.23 3.209573760133025e-08 5.98228406602362e-06 683
0.24 1.767436109572766e-08 3.350748142873206e-06 350
0.25 8.407859926618349e-09 1.562351145203046e-06 192
0.26 2.695792219186662e-09 5.0499815848146e-07 44
0.27 1.029288153365622e-09 1.886463901890257e-07 25


0.01 1.454583773239885e-11 6.128299609609535e-08 18
0.02 1.574834547166941e-10 6.895124967149942e-07 62
0.03 3.963944433153571e-10 1.787285096319793e-06 98
0.04 8.78339598373225e-10 3.973364608101529e-06 210
0.05 2.113709880750265e-09 9.402506057185791e-06 350
0.06 3.497164089426588e-09 1.566139146738805e-05 450
0.07 4.931212684787663e-09 2.213248968970521e-05 602
0.08 7.439767610133342e-09 3.318764727136283e-05 762
0.09 1.247904376332855e-08 5.513883152371976e-05 1142
0.1 1.700443187287844e-08 7.51828180933255e-05 1250
0.11 2.058692377635421e-08 9.165948581678164e-05 1458
0.12 2.823882376763024e-08 0.0001256850350456356 1814
0.13 3.6592195611657e-08 0.0001632387499244579 2178
0.14 4.317724054004805e-08 0.0001921304586061153 2498
0.15 5.03418915274378e-08 0.0002233999963789534 2622
0.16 6.037100038150445e-08 0.0002690701495827141 3191
0.17 6.425467581199681e-08 0.0002854618618861415 3044
0.18 6.019859696816366e-08 0.0002665377972973925 2736
0.19 5.199639333985133e-08 0.0002325907868487151 2276
0.2 4.784351337568402e-08 0.000213238787346192 2016
0.21 4.023880925617418e-08 0.0001782350813190788 1640
0.22 2.715783465941707e-08 0.0001203970025765457 1056
0.23 1.6174092309135e-08 7.257916103696615e-05 683
0.24 8.812798594248047e-09 4.035233674866786e-05 350
0.25 4.257261813646571e-09 1.895427676960153e-05 192
0.26 1.357298098002656e-09 6.112007704441331e-06 44
0.27 5.259203976553833e-10 2.303146133173174e-06 25


0.01 1.933597407537171e-10 1.2283104990627e-08 18
0.02 2.175929120877161e-09 1.347300509006181e-07 62
0.03 5.644001973996368e-09 3.422834284228509e-07 98
0.04 1.254987732007178e-08 7.58950058516255e-07 210
0.05 2.968779198207293e-08 1.81686568755666e-06 350
0.06 4.944992371343016e-08 3.012683266718636e-06 450
0.07 6.988065614382521e-08 4.248477125216731e-06 602
0.08 1.047786635336236e-07 6.398996872094402e-06 762
0.09 1.740674695301797e-07 1.070458825237801e-05 1142
0.1 2.373677956374703e-07 1.459299442079818e-05 1250
0.11 2.893914829987869e-07 1.76983177550127e-05 1458
0.12 3.968355792996359e-07 2.427359984022882e-05 1814
0.13 5.153919368971206e-07 3.147583789547444e-05 2178
0.14 6.066403039532848e-07 3.711142743877932e-05 2498
0.15 7.053539265136037e-07 4.323355264666359e-05 2622
0.16 8.496106456547167e-07 5.1912679623178e-05 3191
0.17 9.012856795318812e-07 5.51928727750348e-05 3044
0.18 8.415096552498541e-07 5.1660563773753e-05 2736
0.19 7.34467029800146e-07 4.475540088596825e-05 2276
0.2 6.733415978745159e-07 4.112898445756215e-05 2016
0.21 5.62746008896252e-07 3.452813874901573e-05 1640
0.22 3.801414492891132e-07 2.330905915189218e-05 1056
0.23 2.291928081829409e-07 1.392664550347478e-05 683
0.24 1.274930168718328e-07 7.638016118283036e-06 350
0.25 5.984021353422759e-08 3.65346437567746e-06 192
0.26 1.930830850753279e-08 1.169980747755474e-06 44
0.27 7.270151644398816e-09 4.490738076945127e-07 25


0.01 1.544295804139581e-11 5.079622494737822e-07 18
0.02 1.595722978491249e-10 5.639569322517327e-06 62
0.03 3.906008451979678e-10 1.44645431382938e-05 98
0.04 8.662688754191991e-10 3.210549824084296e-05 210
0.05 2.117310662301054e-09 7.644605874628502e-05 350
0.06 3.474495514675766e-09 0.0001270123247312026 450
0.07 4.905315891931828e-09 0.0001792016009129742 602
0.08 7.430971869734366e-09 0.0002694001967878441 762
0.09 1.255716100545096e-08 0.0004493492716103818 1142
0.1 1.708756947339313e-08 0.0006127261856263603 1250
0.11 2.057315952743383e-08 0.0007446179766708184 1458
0.12 2.824540510963312e-08 0.00102114104845445 1814
0.13 3.64935407841698e-08 0.001324945071938644 2178
0.14 4.318499738434241e-08 0.001560990322241927 2498
0.15 5.047147458411319e-08 0.001816895187223167 2622
0.16 6.031092198961803e-08 0.002184472483167985 3191
0.17 6.434534964703889e-08 0.002319946473925449 3044
0.18 6.043491360634872e-08 0.002169091833501435 2736
0.19 5.17513316152449e-08 0.0018851166645799 2276
0.2 4.783286047442381e-08 0.00173027135935868 2016
0.21 4.041566947831929e-08 0.001449690931770145 1640
0.22 2.725208074145913e-08 0.0009788826409779759 1056
0.23 1.609062344954512e-08 0.0005869636919005541 683
0.24 8.598321019119362e-09 0.0003240485289513905 350
0.25 4.286487242833991e-09 0.0001535484339240698 192
0.26 1.349919459880162e-09 4.937357094270891e-05 44
0.27 5.378097941817266e-10 1.877676657305673e-05 25


0.01 3.197593136520524e-11 6.176128892210492e-07 18
0.02 3.45789641066457e-10 6.603418340337873e-06 62
0.03 9.757307682198747e-10 1.667554632529119e-05 98
0.04 2.249423819169769e-09 3.711537045226674e-05 210
0.05 5.094500545240695e-09 8.942204568824591e-05 350
0.06 8.423612353853111e-09 0.0001471820265546169 450
0.07 1.237506677409907e-08 0.0002066859700672305 602
0.08 1.802973075806592e-08 0.0003123995640697219 762
0.09 2.874442713928021e-08 0.0005268104901299399 1142
0.1 3.864093636203655e-08 0.0007205097578521389 1250
0.11 4.890437898304016e-08 0.0008665493466448906 1458
0.12 6.721771371709808e-08 0.001191535704896908 1814
0.13 8.712336896574466e-08 0.001540003638340498 2178
0.14 1.024187288374935e-07 0.001823716377603778 2498
0.15 1.179107431748464e-07 0.002128204649051247 2622
0.16 1.438703391494351e-07 0.002551743938691179 3191
0.17 1.512748042170292e-07 0.002709487389893314 3044
0.18 1.385541581532616e-07 0.002543907067327233 2736
0.19 1.253727687367875e-07 0.002194619961187629 2276
0.2 1.148121752874417e-07 0.002020905314167994 2016
0.21 9.360880663859816e-08 0.00170032152176243 1640
0.22 6.342494281754323e-08 0.001148025375466647 1056
0.23 4.046158248926827e-08 0.0006799535459849442 683
0.24 2.355952967682851e-08 0.0003733337974976723 350
0.25 1.087979342409579e-08 0.000178150309995212 192
0.26 3.495348033941681e-09 5.785645567840906e-05 44
0.27 1.277903268002887e-09 2.214146738428994e-05 25


