0 0 0
2.99999999999998 1.76718737005304e-18 9.42248774269349e-22
5.99999999999992 1.16711027659082e-18 7.95464119972144e-23
8.99999999999985 1.25514506368666e-18 1.67159014645888e-23
11.9999999999998 1.43538200488799e-18 5.76488857245433e-24
14.9999999999997 1.36495636279468e-18 2.46313469950373e-24
18 1.28766437747112e-18 1.2316486051831e-24
21.0000000000005 1.46143164064872e-18 7.20125957980296e-25
24.000000000001 2.21420915172654e-18 6.25257470340566e-25
27.0000000000014 5.97662907140764e-18 1.14690936882793e-24
30.0000000000019 3.05135859969429e-17 3.82785574646206e-24
33.000000000002 3.39200793716498e-15 2.81096285167428e-22
36.0000000000014 1.44568966729864e-14 8.5882181391755e-22
39.0000000000008 1.36078070826518e-13 6.14151634937062e-21
42.0000000000002 1.13645587625631e-12 3.72058670335125e-20
44.9999999999996 8.01082136893257e-11 1.95269272191981e-18
47.999999999999 5.0418635069921e-10 9.88341483512921e-18
50.9999999999984 2.36145633774612e-09 3.63993705585895e-17
53.9999999999978 7.53180120298507e-09 9.04324615649131e-17
56.9999999999972 1.13639759253984e-08 1.10156913470599e-16
59.9999999999966 2.18514847180841e-08 1.77754369611388e-16
62.999999999996 4.36908978445255e-08 2.88695649447619e-16
65.9999999999969 6.01712016939494e-08 3.25459063239882e-16
68.9999999999984 1.06197132139625e-07 4.89131017822215e-16
71.9999999999999 2.45379286831797e-07 9.62974589385652e-16
75.0000000000015 7.18883208618984e-07 2.36636255524727e-15
78.000000000003 1.37721306741554e-06 3.85595516676114e-15
81.0000000000045 2.51067054363629e-06 6.13776337554995e-15
84.0000000000061 4.04454799616542e-06 8.56173416950075e-15
87.0000000000076 6.2543488287139e-06 1.14277241995074e-14
90.0000000000091 7.39142636168205e-06 1.17737251949096e-14
93.0000000000107 8.41329631399853e-06 1.18322512125713e-14
96.0000000000122 1.01843641063452e-05 1.26597868209045e-14
99.0000000000137 1.14491763118157e-05 1.25581917107234e-14
102.000000000015 1.17875090829721e-05 1.14470269027012e-14
105.000000000017 1.23975609129996e-05 1.07176056477512e-14
108.000000000018 1.35452182795036e-05 1.04918416138999e-14
111.00000000002 1.38771903459166e-05 9.66463535370352e-15
114.000000000021 1.4316165960328e-05 8.96658001280953e-15
117.000000000023 1.49099188071263e-05 8.40703233925893e-15
120.000000000024 1.58241567148917e-05 8.05289455620466e-15
123.000000000026 1.58006222006877e-05 7.28314641788858e-15
126.000000000028 1.53661323745914e-05 6.44083789095811e-15
129.000000000028 1.65418102568019e-05 6.32443983671133e-15
132.000000000025 1.64083685022436e-05 5.72990896381826e-15
135.000000000022 1.68532358189047e-05 5.37978362096163e-15
138.000000000019 1.75820643044706e-05 5.13633347145417e-15
141.000000000017 1.78861725768899e-05 4.79089292515861e-15
144.000000000014 1.77847456067443e-05 4.37815606342772e-15
147.000000000011 1.8032815287888e-05 4.09038414683148e-15
150.000000000009 1.87128329533995e-05 3.92014688222895e-15
153.000000000006 1.81317235294761e-05 3.5132717918364e-15
156.000000000003 1.86046062657384e-05 3.33731717267793e-15
159 1.91205485041e-05 3.17790530573974e-15
161.999999999998 1.94535240607543e-05 2.9989979014646e-15
164.999999999995 1.93948040943936e-05 2.77725756971308e-15
167.999999999992 1.92295855213677e-05 2.56171968975392e-15
170.999999999989 2.02501055210331e-05 2.51383268950029e-15
173.999999999987 1.98618984226562e-05 2.30118983453742e-15
176.999999999984 1.98728880303026e-05 2.15210315648209e-15
179.999999999981 2.01885080192084e-05 2.04561603010801e-15
182.999999999979 2.07725562855184e-05 1.97090028398223e-15
185.999999999976 2.01380851071195e-05 1.79053768705921e-15
188.999999999973 2.04449861126672e-05 1.70484864816177e-15
191.99999999997 2.09694942757488e-05 1.64135890946791e-15
194.999999999968 2.11151717825518e-05 1.55302985094137e-15
197.999999999965 2.07983534671973e-05 1.43913402321681e-15
200.999999999962 2.10890025266054e-05 1.37439165497384e-15
203.999999999959 2.1558762054839e-05 1.32480261892744e-15
206.999999999957 2.10052986475617e-05 1.21823778383544e-15
209.999999999954 2.14084300019269e-05 1.17264031471222e-15
212.999999999951 2.15024325399105e-05 1.11299416104506e-15
215.999999999949 2.16545085529767e-05 1.05978278036976e-15
218.999999999946 2.13991494317963e-05 9.90878119682492e-16
221.999999999943 2.22897826196005e-05 9.77307916725261e-16
224.99999999994 2.21963362615903e-05 9.2236010289229e-16
227.999999999938 2.16663525666402e-05 8.54027472078088e-16
230.999999999935 2.14409400963937e-05 8.02333481755098e-16
233.999999999932 2.22106503795586e-05 7.89593945914996e-16
236.999999999929 2.18178352641611e-05 7.37302173585715e-16
239.999999999927 2.1560977208967e-05 6.93006568718802e-16
242.999999999924 2.24534521387548e-05 6.86763570419717e-16
245.999999999921 2.26155748364385e-05 6.5858418700632e-16
248.999999999919 2.23059185969293e-05 6.18779990155964e-16
251.999999999916 2.23759796338313e-05 5.916402477061e-16
254.999999999913 2.27734341723221e-05 5.74286694851444e-16
257.99999999991 2.22982731972686e-05 5.36621225474939e-16
260.999999999908 2.19647950882216e-05 5.04754185507781e-16
263.999999999905 2.2547207548599e-05 4.95072640438817e-16
266.999999999902 2.29648990577869e-05 4.82080217364505e-16
269.999999999899 2.27188042904606e-05 4.56171383444028e-16
272.999999999897 2.24605237944393e-05 4.31558088997951e-16
275.999999999894 2.32540206900009e-05 4.27715463198386e-16
278.999999999891 2.27208347594059e-05 4.00210909358639e-16
281.999999999889 2.2499927709704e-05 3.79705427578343e-16
284.999999999886 2.29776465394222e-05 3.71676061807948e-16
287.999999999883 2.3413310462704e-05 3.63182946948108e-16
290.99999999988 2.29272130152005e-05 3.41214452401162e-16
293.999999999878 2.3044930581201e-05 3.29214477819033e-16
296.999999999875 2.36679154238151e-05 3.24703781535885e-16
299.999999999872 2.33101408493385e-05 3.07247156755174e-16
302.999999999869 2.28788600940765e-05 2.89838385061704e-16
305.999999999867 2.31259102502405e-05 2.81679221311771e-16
308.999999999864 2.35182191470451e-05 2.75509271041361e-16
311.999999999861 2.3214812275773e-05 2.61649159258622e-16
314.999999999859 2.30412203389672e-05 2.49934397349567e-16
317.999999999856 2.34979609899641e-05 2.45397761604817e-16
320.999999999853 2.32711443590675e-05 2.34058914886521e-16
323.99999999985 2.30509418662569e-05 2.23378935432023e-16
326.999999999848 2.35064468835649e-05 2.19557596692095e-16
329.999999999845 2.36589275116986e-05 2.13069790259186e-16
332.999999999842 2.33813545179697e-05 2.03106557782816e-16
335.999999999839 2.33531244934281e-05 1.95733788774951e-16
338.999999999837 2.40023959885723e-05 1.94170484927568e-16
341.999999999834 2.33157954667834e-05 1.82099056669776e-16
344.999999999831 2.31904081785323e-05 1.74909352441505e-16
347.999999999829 2.35275463433806e-05 1.71416111121796e-16
350.999999999826 2.4009950778257e-05 1.69023649248024e-16
353.999999999823 2.3437991085206e-05 1.59472537021264e-16
356.99999999982 2.36051475831019e-05 1.55275491098608e-16
359.999999999818 2.37014268344331e-05 1.50776678217236e-16
362.999999999815 2.40360841232789e-05 1.47918114511149e-16
365.999999999812 2.31503677056568e-05 1.37858769526864e-16
368.999999999809 2.37266008236539e-05 1.36760137447721e-16
371.999999999807 2.43037279949008e-05 1.35633241657664e-16
374.999999999804 2.37544003149347e-05 1.28384610202564e-16
377.999999999801 2.37502856968911e-05 1.24344365096182e-16
380.999999999798 2.40158845916736e-05 1.21828564054756e-16
383.999999999796 2.42588459678507e-05 1.19263425476796e-16
386.999999999793 2.3143367644514e-05 1.10293532764294e-16
389.99999999979 2.40670278447373e-05 1.11206865370637e-16
392.999999999788 2.41097890387463e-05 1.08038676659648e-16
395.999999999785 2.39313375246483e-05 1.04025057756404e-16
398.999999999782 2.38900054673729e-05 1.00757269730994e-16
401.999999999779 2.42019232883401e-05 9.90629561921471e-17
404.999999999777 2.43157641361904e-05 9.66171107336306e-17
407.999999999774 2.35019109743154e-05 9.06728514061338e-17
410.999999999771 2.39490007065706e-05 8.97351186642576e-17
413.999999999768 2.41341404258298e-05 8.78410578215489e-17
416.999999999766 2.39011370891102e-05 8.45176061698805e-17
419.999999999763 2.38343041529439e-05 8.18997263911627e-17
422.99999999976 2.4611909807187e-05 8.219741246455e-17
425.999999999758 2.43856585133577e-05 7.91708897730537e-17
428.999999999755 2.36403322999832e-05 7.46258367491825e-17
431.999999999752 2.38387788404355e-05 7.31847772853108e-17
434.999999999749 2.43519180786229e-05 7.27193199963488e-17
437.999999999747 2.37355549831147e-05 6.89593237848832e-17
440.999999999744 2.37713043302397e-05 6.72054484334478e-17
443.999999999741 2.44378296872932e-05 6.72440254341462e-17
446.999999999738 2.41960390015417e-05 6.48117700944284e-17
449.999999999736 2.42718860186157e-05 6.33004886375139e-17
452.999999999733 2.41682293707371e-05 6.13793665202016e-17
455.99999999973 2.42840111104237e-05 6.00686877932704e-17
458.999999999728 2.39636381387247e-05 5.77429596017269e-17
461.999999999725 2.39654259838871e-05 5.62621870075802e-17
464.999999999722 2.43757666852304e-05 5.57628106142902e-17
467.999999999719 2.44203576898395e-05 5.44462257586726e-17
470.999999999717 2.3705405995226e-05 5.15179683498117e-17
473.999999999714 2.41106797521947e-05 5.10846922761991e-17
476.999999999711 2.47307424887457e-05 5.10923509182247e-17
479.999999999708 2.43215009865486e-05 4.90026501585494e-17
482.999999999706 2.37805365840796e-05 4.67345989673775e-17
485.999999999703 2.44466455234406e-05 4.68685872156309e-17
488.9999999997 2.44689080200779e-05 4.57715743913809e-17
491.999999999698 2.42079127807202e-05 4.41898571198667e-17
494.999999999695 2.40213874230127e-05 4.27976011982105e-17
497.999999999692 2.45027259584386e-05 4.26136249498238e-17
500.999999999689 2.41315617857074e-05 4.09729576278774e-17
503.999999999687 2.41031678627985e-05 3.99598186289924e-17
506.999999999684 2.43566735676906e-05 3.94336104436855e-17
509.999999999681 2.45702787496311e-05 3.88525149446362e-17
512.999999999678 2.42029765001863e-05 3.73847807670828e-17
515.999999999676 2.4027494406578e-05 3.62583057145302e-17
518.999999999673 2.46891163340531e-05 3.64026139567657e-17
521.99999999967 2.39700723264207e-05 3.45372452251003e-17
524.999999999668 2.43998356549016e-05 3.43596152993432e-17
527.999999999665 2.45166861610669e-05 3.37459137741978e-17
530.999999999662 2.45645235309458e-05 3.30544347811103e-17
533.999999999659 2.41146401295057e-05 3.17256489217791e-17
536.999999999657 2.43445881016827e-05 3.13186510007717e-17
539.999999999654 2.44035133991479e-05 3.07025913967316e-17
542.999999999651 2.39768774621781e-05 2.95051287687993e-17
545.999999999648 2.41230214904425e-05 2.90380692429098e-17
548.999999999646 2.4390381170991e-05 2.87237804929146e-17
551.999999999643 2.4785123610345e-05 2.85594982070031e-17
554.99999999964 2.43675979119265e-05 2.7476614595236e-17
557.999999999638 2.43484727821254e-05 2.68694951422963e-17
560.999999999635 2.4634552790559e-05 2.66087262258715e-17
563.999999999632 2.4372980080643e-05 2.577092133134e-17
566.999999999629 2.3753664157949e-05 2.45891351688781e-17
569.999999999627 2.45552423528257e-05 2.48881835176297e-17
572.999999999624 2.45763230822095e-05 2.43925872394874e-17
575.999999999621 2.44333653646273e-05 2.3749585301832e-17
578.999999999618 2.42851036617232e-05 2.31203659174866e-17
581.999999999616 2.46538651028768e-05 2.29915451558773e-17
584.999999999613 2.42327261982677e-05 2.21389501691492e-17
587.99999999961 2.38692285101791e-05 2.13653301099399e-17
590.999999999608 2.47312590463841e-05 2.16908903202013e-17
593.999999999605 2.44138976137708e-05 2.09833699381122e-17
596.999999999602 2.47353402038539e-05 2.08356512675646e-17
599.999999999599 2.43902600687449e-05 2.01373293138564e-17
602.999999999597 2.49677983515667e-05 2.02071900160708e-17
605.999999999594 2.44839818022931e-05 1.94259646460573e-17
608.999999999591 2.42104804070245e-05 1.88333586476248e-17
611.999999999588 2.43854421116639e-05 1.86001310262365e-17
614.999999999586 2.44927774622222e-05 1.83200805642648e-17
617.999999999583 2.43685946020522e-05 1.78759482720944e-17
620.99999999958 2.4218813008167e-05 1.74250448089718e-17
623.999999999578 2.47809515064524e-05 1.74892198734758e-17
626.999999999575 2.43592920321483e-05 1.68651088844281e-17
629.999999999572 2.43942179342019e-05 1.65696950641355e-17
632.999999999569 2.4638182085929e-05 1.64206032737132e-17
635.999999999567 2.46434526410596e-05 1.61162973259201e-17
638.999999999564 2.43056953445759e-05 1.5599020736223e-17
641.999999999561 2.4603907941071e-05 1.54974522560271e-17
644.999999999558 2.47302506257767e-05 1.52891419971676e-17
647.999999999556 2.46630681085309e-05 1.49673169643243e-17
650.999999999553 2.43840854166396e-05 1.45271298132379e-17
653.99999999955 2.47135021817178e-05 1.44551513932569e-17
656.999999999548 2.46843990172321e-05 1.41762773614231e-17
659.999999999545 2.44932582288681e-05 1.38126087459197e-17
662.999999999542 2.44214571079387e-05 1.35245427449135e-17
665.999999999539 2.49448426535512e-05 1.35671843412642e-17
668.999999999537 2.45829379949379e-05 1.31321946057125e-17
671.999999999534 2.41671433618827e-05 1.26811039765737e-17
674.999999999531 2.45057826064888e-05 1.26318208791432e-17
677.999999999528 2.51732469056428e-05 1.27476765411414e-17
680.999999999526 2.45218545263233e-05 1.22005218088536e-17
683.999999999523 2.4732171413327e-05 1.20907873457175e-17
686.99999999952 2.50379415085371e-05 1.20279097716006e-17
689.999999999518 2.47423050806497e-05 1.16804929346212e-17
692.999999999515 2.42998655675635e-05 1.12743766660858e-17
695.999999999512 2.4711721481261e-05 1.12690071841495e-17
698.999999999509 2.47077443321853e-05 1.10751773250769e-17
701.999999999507 2.43524260925621e-05 1.07304949541613e-17
704.999999999504 2.46779359849345e-05 1.0690063439514e-17
707.999999999501 2.50179510454393e-05 1.06547939239449e-17
710.999999999498 2.48019971165897e-05 1.03857051557819e-17
713.999999999496 2.42847187016634e-05 9.99923986562638e-18
716.999999999493 2.46390580933265e-05 9.97644175107337e-18
719.99999999949 2.46429422422556e-05 9.81285735767143e-18
722.999999999487 2.43246819784039e-05 9.52633273279427e-18
725.999999999485 2.47168647013731e-05 9.52094593436469e-18
728.999999999482 2.47250762097497e-05 9.36827891553251e-18
731.999999999479 2.48434548638117e-05 9.25976227422183e-18
734.999999999477 2.41166366614704e-05 8.84301263377463e-18
737.999999999474 2.49676634860383e-05 9.00715202636295e-18
740.999999999471 2.42853024628596e-05 8.6199738343102e-18
743.999999999468 2.46680936784321e-05 8.61549910337722e-18
746.999999999466 2.44587985375309e-05 8.40600992622433e-18
749.999999999463 2.50217373626463e-05 8.46273063405575e-18
752.99999999946 2.49627170981313e-05 8.30904877978838e-18
755.999999999457 2.43058845825742e-05 7.96275276835257e-18
758.999999999455 2.48725709313666e-05 8.02034421616398e-18
761.999999999452 2.46837844853697e-05 7.83489600182722e-18
764.999999999449 2.43743049686815e-05 7.61593923814982e-18
767.999999999447 2.42660342917543e-05 7.46440201268506e-18
770.999999999444 2.53269341336189e-05 7.67013309061902e-18
773.999999999441 2.46942869752874e-05 7.36328934000073e-18
776.999999999438 2.4372326680021e-05 7.15572417283318e-18
779.999999999436 2.49394439766614e-05 7.21020068327251e-18
782.999999999433 2.49481033808777e-05 7.10278252614209e-18
785.99999999943 2.44687300947161e-05 6.86056377899566e-18
788.999999999427 2.44965854238608e-05 6.7645292574673e-18
791.999999999425 2.48168279131918e-05 6.74969273866013e-18
794.999999999422 2.48383177118208e-05 6.65410999797685e-18
797.999999999419 2.45797754062906e-05 6.48634981472057e-18
800.999999999417 2.45981905459195e-05 6.39459097411636e-18
803.999999999414 2.47211044814062e-05 6.3311041926183e-18
806.999999999411 2.44484779631273e-05 6.16867872897448e-18
809.999999999408 2.44456639898119e-05 6.07711612960131e-18
812.999999999406 2.48084522932606e-05 6.07678618026228e-18
815.999999999403 2.46248117770909e-05 5.94352947785461e-18
818.9999999994 2.43157644537788e-05 5.78341786750429e-18
821.999999999397 2.47824193491866e-05 5.80889891848217e-18
824.999999999395 2.49045611856908e-05 5.75305546381156e-18
827.999999999392 2.41158493976649e-05 5.49055305537751e-18
830.999999999389 2.4502027559567e-05 5.49830746835953e-18
833.999999999387 2.49635244775626e-05 5.52170777956361e-18
836.999999999384 2.46516021019879e-05 5.3749326323714e-18
839.999999999381 2.43981833777954e-05 5.24405929336949e-18
842.999999999378 2.46676982489257e-05 5.22695901570861e-18
845.999999999376 2.47370768742243e-05 5.16766932545736e-18
848.999999999373 2.44534857740797e-05 5.03658142207646e-18
851.99999999937 2.41863990063286e-05 4.91181706962167e-18
854.999999999367 2.47249585330976e-05 4.95103190791404e-18
857.999999999365 2.48934198087287e-05 4.91543106867548e-18
860.999999999362 2.45277882472041e-05 4.77606267368745e-18
863.999999999359 2.48811239842195e-05 4.77793406424154e-18
866.999999999357 2.5325453459595e-05 4.79626004048086e-18
869.999999999354 2.44596829019406e-05 4.5687627371566e-18
872.999999999351 2.45965718373808e-05 4.53146041527877e-18
875.999999999348 2.4760985446227e-05 4.49957713440717e-18
878.999999999346 2.516165887813e-05 4.51025803557178e-18
881.999999999343 2.45348925354301e-05 4.33840252934417e-18
884.99999999934 2.49343697168509e-05 4.3495574773107e-18
887.999999999337 2.51041940270712e-05 4.32026901262675e-18
890.999999999335 2.44832585086918e-05 4.15696069673781e-18
893.999999999332 2.47258992502087e-05 4.14206403477089e-18
896.999999999329 2.47633219814636e-05 4.09313409468717e-18
899.999999999327 2.49642835186153e-05 4.0715675359114e-18
902.999999999324 2.4489595260444e-05 3.94133393126361e-18
905.999999999321 2.50518004658078e-05 3.97867469785631e-18
908.999999999318 2.52237642590674e-05 3.95333550364879e-18
911.999999999316 2.4684602842521e-05 3.81818779625365e-18
914.999999999313 2.44761352766671e-05 3.7365140911058e-18
917.99999999931 2.47384071152174e-05 3.72743818398971e-18
920.999999999307 2.47597271634925e-05 3.68226563244174e-18
923.999999999305 2.4634555592281e-05 3.61627989273654e-18
926.999999999302 2.47556612692436e-05 3.58724599100178e-18
929.999999999299 2.49626163143624e-05 3.57075325577865e-18
932.999999999297 2.45654536184488e-05 3.46897937260436e-18
935.999999999294 2.46424331353023e-05 3.4354452761219e-18
938.999999999291 2.50391372139313e-05 3.44634205730491e-18
941.999999999288 2.45181582068586e-05 3.33187310837917e-18
944.999999999286 2.46499633479001e-05 3.30741492941426e-18
947.999999999283 2.45377511706831e-05 3.25087196957066e-18
950.99999999928 2.56287447629659e-05 3.35279436257742e-18
953.999999999277 2.46377671489689e-05 3.18276820668592e-18
956.999999999275 2.44866888068788e-05 3.12377516589846e-18
959.999999999272 2.50304971322383e-05 3.15342728046297e-18
962.999999999269 2.4840768467374e-05 3.09070018580787e-18
965.999999999266 2.43057722038066e-05 2.98674947294951e-18
968.999999999264 2.45947151611816e-05 2.98498195070479e-18
971.999999999261 2.51679584823481e-05 3.01702886813936e-18
974.999999999258 2.4650444080087e-05 2.91876814289608e-18
977.999999999256 2.47324792121004e-05 2.89271422831298e-18
980.999999999253 2.49822241989434e-05 2.88636908065569e-18
983.99999999925 2.49119471883651e-05 2.84328014787625e-18
986.999999999247 2.45584795231083e-05 2.76897927524091e-18
989.999999999245 2.47603953209968e-05 2.75808189431172e-18
992.999999999242 2.51126151677262e-05 2.76364400362154e-18
995.999999999239 2.47702379277872e-05 2.69328909352772e-18
998.999999999236 2.45165493589668e-05 2.6338058702544e-18
