0.01 2.615168606191937e-21 2.153167283192428e-21 18
0.02 1.151177635661183e-20 2.159341960805498e-20 62
0.03 3.604885276602059e-20 6.857577362456391e-20 98
0.04 9.418650811102143e-20 2.044890952909969e-19 210
0.05 1.785984207225331e-19 5.48632164507552e-19 350
0.06 2.951726753507357e-19 7.71454555298215e-19 450
0.07 3.7439533037208e-19 1.190960006575328e-18 602
0.08 6.043721355939203e-19 1.685302924440203e-18 762
0.09 1.129393956133165e-18 3.037975046504306e-18 1142
0.1 1.278296293412382e-18 3.56857198878073e-18 1250
0.11 1.652933671701983e-18 4.827756613390365e-18 1458
0.12 2.212312273538743e-18 6.551677581448759e-18 1814
0.13 2.984099645067286e-18 8.394513978744042e-18 2178
0.14 3.593544680269751e-18 1.049702034009214e-17 2498
0.15 4.017910567699698e-18 1.201282185430473e-17 2622
0.16 5.126674028179945e-18 1.531696403752804e-17 3191
0.17 5.242865468320195e-18 1.507880612996309e-17 3044
0.18 5.392141909984941e-18 1.393768428574842e-17 2736
0.19 4.404632531636251e-18 1.235545706183819e-17 2276
0.2 4.346985010611541e-18 1.192454163344772e-17 2016
0.21 3.774248054180389e-18 1.00200457546928e-17 1640
0.22 2.343599397232045e-18 6.451465137629693e-18 1056
0.23 1.708279369254075e-18 4.240395036080866e-18 683
0.24 9.459715136455552e-19 2.013840663587974e-18 350
0.25 4.793136786538997e-19 1.014093579810349e-18 192
0.26 1.270653029526059e-19 1.239266217512888e-19 44
0.27 6.088401958818838e-20 5.871529985492011e-20 25


0.01 1.356620659075484e-21 3.937624767043771e-21 18
0.02 1.305517633958516e-20 1.975202533527923e-20 62
0.03 4.033843116342899e-20 7.085188250467985e-20 98
0.04 1.230425592172917e-19 1.66960216866924e-19 210
0.05 3.167180038371397e-19 4.33351597048046e-19 350
0.06 4.436547543371051e-19 6.941778420078553e-19 450
0.07 6.981700685388061e-19 8.277656724177243e-19 602
0.08 9.748084007786691e-19 1.397561731803376e-18 762
0.09 1.779929031752656e-18 2.3910081835771e-18 1142
0.1 2.067662220631566e-18 2.909373735131391e-18 1250
0.11 2.794757446602541e-18 3.818762169290994e-18 1458
0.12 3.798451626479537e-18 5.068021063490862e-18 1814
0.13 4.884081657758132e-18 6.574663655679436e-18 2178
0.14 6.032581320543024e-18 8.593224447593723e-18 2498
0.15 6.934459630238563e-18 9.394519510959991e-18 2622
0.16 8.856875214745947e-18 1.181667950444098e-17 3191
0.17 8.725873581481483e-18 1.18520066736478e-17 3044
0.18 8.030585550240669e-18 1.211139213105129e-17 2736
0.19 7.105470266156377e-18 1.018615828795949e-17 2276
0.2 6.852141958954468e-18 1.000261519080197e-17 2016
0.21 5.785347959109615e-18 8.343973652486037e-18 1640
0.22 3.717498444556113e-18 5.274337112807009e-18 1056
0.23 2.433902910763538e-18 3.810227787288015e-18 683
0.24 1.144954351431698e-18 2.12496374189864e-18 350
0.25 5.840522703823706e-19 1.007152187158104e-18 192
0.26 7.099191731598963e-20 2.407133296389873e-19 44
0.27 3.288066896540168e-20 1.218970891080514e-19 25


0.01 5.017109027093332e-21 3.098020090520348e-21 18
0.02 3.840661319938879e-20 1.445192121811242e-20 62
0.03 1.404823347321729e-19 5.020390802110887e-20 98
0.04 3.508262677291687e-19 1.198452696705812e-19 210
0.05 1.063381800856699e-18 2.846349611375089e-19 350
0.06 1.584798289678191e-18 4.633368242511153e-19 450
0.07 2.087921708884915e-18 5.483032361467442e-19 602
0.08 3.282900519885136e-18 9.274697058942631e-19 762
0.09 5.549345515001319e-18 1.613851769087225e-18 1142
0.1 6.828077003425177e-18 1.927402106097598e-18 1250
0.11 9.132950240587949e-18 2.508068965052991e-18 1458
0.12 1.219585299724164e-17 3.322074614892447e-18 1814
0.13 1.546613449149482e-17 4.351651169321831e-18 2178
0.14 2.040830080928365e-17 5.571279472351319e-18 2498
0.15 2.258117874903588e-17 6.093762434191683e-18 2622
0.16 2.839423470234245e-17 7.665376949543777e-18 3191
0.17 2.796643775874208e-17 7.722979055023292e-18 3044
0.18 2.714976373986055e-17 7.951934400183938e-18 2736
0.19 2.363139660533169e-17 6.585456972209889e-18 2276
0.2 2.294068175254457e-17 6.469210827171266e-18 2016
0.21 1.886214246365107e-17 5.445869296615024e-18 1640
0.22 1.209773626762605e-17 3.410429639507139e-18 1056
0.23 8.320162670638093e-18 2.481276498547433e-18 683
0.24 4.34039810316924e-18 1.392681124408345e-18 350
0.25 2.041214410945285e-18 6.702329089112118e-19 192
0.26 3.576308181224619e-19 1.709234980382766e-19 44
0.27 1.849264132728959e-19 8.513190279000289e-20 25


0.01 3.318982365806187e-21 1.187233505400699e-20 18
0.02 1.818112116442295e-20 8.945640766997795e-20 62
0.03 6.642043494539948e-20 3.278956137951064e-19 98
0.04 1.562746940706744e-19 8.158354961575164e-19 210
0.05 4.314693459395928e-19 2.471601605173581e-18 350
0.06 6.767025662062612e-19 3.694424613952769e-18 450
0.07 8.181426053773611e-19 4.848997605893041e-18 602
0.08 1.360612993273429e-18 7.653626675941106e-18 762
0.09 2.294962147142641e-18 1.2938977052892e-17 1142
0.1 2.807418882404943e-18 1.594271138583071e-17 1250
0.11 3.691366060678544e-18 2.133038827365949e-17 1458
0.12 4.8838380933961e-18 2.849765582487026e-17 1814
0.13 6.262314183820475e-18 3.617956106469746e-17 2178
0.14 8.228867689501799e-18 4.781336562872861e-17 2498
0.15 8.9777391783967e-18 5.289617335390699e-17 2622
0.16 1.123127040713855e-17 6.65627025430829e-17 3191
0.17 1.115560990220588e-17 6.565224219344131e-17 3044
0.18 1.122913331940091e-17 6.392378132452031e-17 2736
0.19 9.485240862355373e-18 5.564468465773552e-17 2276
0.2 9.251246283133139e-18 5.408967392993784e-17 2016
0.21 7.643076794715019e-18 4.450835924114572e-17 1640
0.22 4.831504721309501e-18 2.856370968833133e-17 1056
0.23 3.437042879645423e-18 1.970749067933022e-17 683
0.24 1.887230071432814e-18 1.032400770428568e-17 350
0.25 8.857540203807616e-19 4.854240038537356e-18 192
0.26 1.998443155924772e-19 8.629162073297024e-19 44
0.27 1.019561164793041e-19 4.464230329468527e-19 25


0.01 5.803227606542874e-21 1.044469433798929e-20 18
0.02 4.163020664661742e-20 5.787413209605028e-20 62
0.03 1.532310954999205e-19 2.117407550621861e-19 98
0.04 3.766797195295032e-19 4.984550567732069e-19 210
0.05 1.134996199199178e-18 1.384585268407859e-18 350
0.06 1.707671541794018e-18 2.165997217126491e-18 450
0.07 2.211135778326345e-18 2.624148196625187e-18 602
0.08 3.520247530308073e-18 4.354547748456449e-18 762
0.09 5.936073703189873e-18 7.334834474172136e-18 1142
0.1 7.319078837631252e-18 8.974818148999001e-18 1250
0.11 9.770233730555944e-18 1.18018027121411e-17 1458
0.12 1.303136847207317e-17 1.560814086820822e-17 1814
0.13 1.655189413697491e-17 1.998704096398191e-17 2178
0.14 2.189744301693202e-17 2.626890340740557e-17 2498
0.15 2.416175908273647e-17 2.865388180315429e-17 2622
0.16 3.036608134593786e-17 3.582147834866705e-17 3191
0.17 2.996603480410282e-17 3.553718988498993e-17 3044
0.18 2.931790640654163e-17 3.570198935852447e-17 2736
0.19 2.542155439542843e-17 3.016630151761476e-17 2276
0.2 2.471946394819964e-17 2.939503636684035e-17 2016
0.21 2.033109221042846e-17 2.425852932764089e-17 1640
0.22 1.3023579396975e-17 1.533204154142788e-17 1056
0.23 9.024742613912559e-18 1.088482971517116e-17 683
0.24 4.764304081435548e-18 5.964311598494298e-18 350
0.25 2.234912275701896e-18 2.796542639646144e-18 192
0.26 4.126809288194742e-19 6.266254576067819e-19 44
0.27 2.134666379973666e-19 3.199057990645557e-19 25


0.01 2.111194886525761e-20 3.883217538349126e-21 18
0.02 1.279454223837372e-19 1.90792229015933e-20 62
0.03 4.717944877071741e-19 6.775530960032454e-20 98
0.04 1.121870481897014e-18 1.591387065207057e-19 210
0.05 3.243391350451327e-18 4.018123377893074e-19 350
0.06 4.995133781765902e-18 6.409359735736715e-19 450
0.07 6.182272510838251e-18 7.547660625431765e-19 602
0.08 1.011113887181008e-17 1.264070563697435e-18 762
0.09 1.696991817211641e-17 2.147174865606679e-18 1142
0.1 2.085344234681136e-17 2.571136708089387e-18 1250
0.11 2.755884563885434e-17 3.328418296403732e-18 1458
0.12 3.651388177866864e-17 4.363083956640366e-18 1814
0.13 4.651432986359314e-17 5.619593236188202e-18 2178
0.14 6.138920954607971e-17 7.216171037097882e-18 2498
0.15 6.714472044913438e-17 7.820816209329895e-18 2622
0.16 8.397036665791631e-17 9.712296041636976e-18 3191
0.17 8.299153466740638e-17 9.62969497968199e-18 3044
0.18 8.247175473661616e-17 9.747678899360705e-18 2736
0.19 7.031519429691572e-17 8.022173917759848e-18 2276
0.2 6.837842690200619e-17 7.781074561659634e-18 2016
0.21 5.622642707632781e-17 6.448601305601646e-18 1640
0.22 3.569195153147676e-17 4.004110729692517e-18 1056
0.23 2.507521122519244e-17 2.858962147865117e-18 683
0.24 1.355071478113909e-17 1.579497659732769e-18 350
0.25 6.332619436978879e-18 7.483396839549786e-19 192
0.26 1.325252422682074e-18 1.85422055631864e-19 44
0.27 6.811404557756373e-19 9.271756485946156e-20 25


0.01 2.71611475766099e-20 7.506719572696754e-21 18
0.02 1.529603063116663e-19 4.8767175972139e-20 62
0.03 5.601554179645824e-19 1.804106721110748e-19 98
0.04 1.318302581893182e-18 4.350172876382458e-19 210
0.05 3.686120578577363e-18 1.28851547860784e-18 350
0.06 5.733598045947939e-18 1.971597682160407e-18 450
0.07 6.953810632741109e-18 2.492599831091929e-18 602
0.08 1.147512851447812e-17 4.049153871896268e-18 762
0.09 1.924064333981569e-17 6.832140217550771e-18 1142
0.1 2.348755912313879e-17 8.450678244913967e-18 1250
0.11 3.08109502852686e-17 1.126274698543864e-17 1458
0.12 4.061608847603002e-17 1.502642166151166e-17 1814
0.13 5.17835418417048e-17 1.918769390476099e-17 2178
0.14 6.789983950036748e-17 2.547771937564265e-17 2498
0.15 7.389992411285971e-17 2.804613456067436e-17 2622
0.16 9.202380679747442e-17 3.530465182145273e-17 3191
0.17 9.084357799705369e-17 3.503926514679868e-17 3044
0.18 9.07049696262525e-17 3.478019972197843e-17 2736
0.19 7.640904719816102e-17 3.0026897072992e-17 2276
0.2 7.413081252764685e-17 2.933547694543509e-17 2016
0.21 6.092293822879909e-17 2.420886581265709e-17 1640
0.22 3.837274196381233e-17 1.550098122841213e-17 1056
0.23 2.705250751982897e-17 1.089823548339661e-17 683
0.24 1.472477560482654e-17 5.869050398537823e-18 350
0.25 6.880177223187342e-18 2.752665831289368e-18 192
0.26 1.523404081263341e-18 5.504340969147454e-19 44
0.27 7.777715107563357e-19 2.842701977204301e-19 25


0.01 4.745388104019257e-21 7.428516394661576e-20 18
0.02 2.948627778517942e-20 4.141471105297496e-19 62
0.03 1.089847300517282e-19 1.514489282135068e-18 98
0.04 2.606329372523539e-19 3.560158448394969e-18 210
0.05 7.616561280273105e-19 9.898859254102583e-18 350
0.06 1.172250682474746e-18 1.541783857571385e-17 450
0.07 1.464065027421909e-18 1.864587030511326e-17 602
0.08 2.393522337100903e-18 3.080046529806235e-17 762
0.09 4.032879225534311e-18 5.163993250630795e-17 1142
0.1 4.978384815633957e-18 6.295592100053769e-17 1250
0.11 6.612500478542251e-18 8.248076623863204e-17 1458
0.12 8.80121220428198e-18 1.086323560704596e-16 1814
0.13 1.124267384675115e-17 1.385093902267225e-16 2178
0.14 1.490178102549873e-17 1.813732589506513e-16 2498
0.15 1.635986833164212e-17 1.972438820808264e-16 2622
0.16 2.055284817469823e-17 2.454231378482339e-16 3191
0.17 2.039279400794055e-17 2.421922326063365e-16 3044
0.18 2.030969791362716e-17 2.419375194039514e-16 2736
0.19 1.743747252248905e-17 2.033777373169495e-16 2276
0.2 1.7023599051243e-17 1.972041976046312e-16 2016
0.21 1.404214733965316e-17 1.620445805427455e-16 1640
0.22 8.961689992406763e-18 1.019165278054919e-16 1056
0.23 6.317019902511202e-18 7.186751960101548e-17 683
0.24 3.419363658372319e-18 3.914682142934703e-17 350
0.25 1.602171751005063e-18 1.829257486411561e-17 192
0.26 3.307923709513602e-19 4.08416634433516e-18 44
0.27 1.704268440797225e-19 2.082551622586692e-18 25


0.01 4.911826315853956e-20 4.819051277400574e-21 18
0.02 2.751142963324591e-19 2.388084187010473e-20 62
0.03 1.006516318678875e-18 8.473423333007531e-20 98
0.04 2.366528187667932e-18 1.974234444127573e-19 210
0.05 6.594749363741885e-18 4.992020317401452e-19 350
0.06 1.025954556033013e-17 7.855197145993981e-19 450
0.07 1.24173267643461e-17 9.153802002760146e-19 602
0.08 2.04895472984352e-17 1.512085630225449e-18 762
0.09 3.432874921391752e-17 2.52510866674356e-18 1142
0.1 4.184815419000363e-17 2.983078442593422e-18 1250
0.11 5.482134944402106e-17 3.806089349754094e-18 1458
0.12 7.218061717930976e-17 4.910047700259256e-18 1814
0.13 9.196748141065675e-17 6.228079933736979e-18 2178
0.14 1.204206257876542e-16 7.882626578277934e-18 2498
0.15 1.309348641225934e-16 8.440283652052429e-18 2622
0.16 1.628453193383584e-16 1.029560473988154e-17 3191
0.17 1.605870052889125e-16 1.000658898133511e-17 3044
0.18 1.602415988512396e-16 9.922129039402154e-18 2736
0.19 1.347020170417566e-16 7.986408274720217e-18 2276
0.2 1.305373549503396e-16 7.59790250544691e-18 2016
0.21 1.071943578747862e-16 6.196451664508628e-18 1640
0.22 6.740382578489567e-17 3.765232286740215e-18 1056
0.23 4.747337709424165e-17 2.622060587471921e-18 683
0.24 2.582594750927383e-17 1.415230216909833e-18 350
0.25 1.206067414030931e-17 6.625321424724111e-19 192
0.26 2.682120649637579e-18 1.640289532302697e-19 44
0.27 1.368052430975624e-18 8.132100846893742e-20 25


0.01 7.671761279962196e-20 3.640331153198464e-22 18
0.02 4.161822904015717e-19 1.571057064617716e-21 62
0.03 1.513388038427924e-18 4.824844785685908e-21 98
0.04 3.541860845750444e-18 1.20920445301145e-20 210
0.05 9.667368821774977e-18 2.168637345331495e-20 350
0.06 1.506833834701365e-17 3.338040870082674e-20 450
0.07 1.803549645643805e-17 4.063004729358658e-20 602
0.08 2.976919353821936e-17 5.965083496147635e-20 762
0.09 4.972301892241492e-17 1.063710273135953e-19 1142
0.1 6.01656790721786e-17 1.095815063456492e-19 1250
0.11 7.826203670437303e-17 1.335097865727077e-19 1458
0.12 1.024325358331584e-16 1.702257786860917e-19 1814
0.13 1.301794257462596e-16 2.234097378790721e-19 2178
0.14 1.691704532309268e-16 2.469730799677099e-19 2498
0.15 1.830716102616996e-16 2.816277775760651e-19 2622
0.16 2.263552881977693e-16 3.632812170787988e-19 3191
0.17 2.221541494763681e-16 3.662251642623794e-19 3044
0.18 2.211491101706736e-16 3.451420700667714e-19 2736
0.19 1.838907679006702e-16 3.064461773938257e-19 2276
0.2 1.772617356563828e-16 3.101804020559179e-19 2016
0.21 1.450843766423254e-16 2.81454790544042e-19 1640
0.22 9.045566458212222e-17 1.883733975039318e-19 1056
0.23 6.3463808232295e-17 1.366424895552546e-19 683
0.24 3.445657901678585e-17 6.847624060004871e-20 350
0.25 1.606100172534707e-17 3.704941198224293e-20 192
0.26 3.661764323831912e-18 4.679286995608464e-21 44
0.27 1.857638450418121e-18 2.168055007843409e-21 25


0.01 7.588821833901485e-21 1.824136612955274e-19 18
0.02 3.897774981385631e-20 9.880485050443883e-19 62
0.03 1.395627063150194e-19 3.592367663262028e-18 98
0.04 3.238988861902456e-19 8.408002671621025e-18 210
0.05 8.441665798659087e-19 2.293105885355108e-17 350
0.06 1.313922977098048e-18 3.576187060066267e-17 450
0.07 1.536237203915075e-18 4.279817087187865e-17 602
0.08 2.519282260260046e-18 7.067785348029075e-17 762
0.09 4.164222417527899e-18 1.181038125906963e-16 1142
0.1 4.930418584186682e-18 1.429260839669483e-16 1250
0.11 6.286905002612398e-18 1.85943204842915e-16 1458
0.12 8.082370698969193e-18 2.434289064271074e-16 1814
0.13 1.016660231034356e-17 3.094889369735205e-16 2178
0.14 1.291071110255605e-17 4.022184233138175e-16 2498
0.15 1.378270568475489e-17 4.353332949836567e-16 2622
0.16 1.672789934868048e-17 5.384041340098382e-16 3191
0.17 1.613220030593546e-17 5.286164766829994e-16 3044
0.18 1.58336290194049e-17 5.265089152055239e-16 2736
0.19 1.275472580687745e-17 4.378300807456232e-16 2276
0.2 1.20627030824008e-17 4.22171383847498e-16 2016
0.21 9.750386435635289e-18 3.456509845593642e-16 1640
0.22 5.915261153100815e-18 2.155291534297817e-16 1056
0.23 4.07087039355904e-18 1.51297918331455e-16 683
0.24 2.174333049980527e-18 8.219164373980477e-17 350
0.25 1.006206218596372e-18 3.832376507677738e-17 192
0.26 2.40384038929173e-19 8.753146817694901e-18 44
0.27 1.199533549251171e-19 4.439786965791958e-18 25


0.01 7.530426663600615e-20 3.154581225351916e-20 18
0.02 4.063785027537335e-19 1.633897515839395e-19 62
0.03 1.476027733985626e-18 5.863458391166032e-19 98
0.04 3.451907579137366e-18 1.361267990090681e-18 210
0.05 9.386396296066554e-18 3.573041347166887e-18 350
0.06 1.463358814498953e-17 5.555881814536197e-18 450
0.07 1.748123266506135e-17 6.511733198412793e-18 602
0.08 2.885072928435485e-17 1.067673737441465e-17 762
0.09 4.815925388554579e-17 1.764593692935028e-17 1142
0.1 5.818696098380227e-17 2.093787914846356e-17 1250
0.11 7.558309619598398e-17 2.674456284260276e-17 1458
0.12 9.880751437981802e-17 3.442595926552923e-17 1814
0.13 1.25499492173878e-16 4.330590333258165e-17 2178
0.14 1.628331636108866e-16 5.512859444883084e-17 2498
0.15 1.76045788992118e-16 5.890689938530399e-17 2622
0.16 2.173990794300707e-16 7.157750520944398e-17 3191
0.17 2.131354018134246e-16 6.908367253102692e-17 3044
0.18 2.120255530917778e-16 6.782135301405155e-17 2736
0.19 1.75908325683881e-16 5.479945905361787e-17 2276
0.2 1.69362466482769e-16 5.188608532001212e-17 2016
0.21 1.38511570549858e-16 4.194872571593625e-17 1640
0.22 8.61981931014905e-17 2.551103702848166e-17 1056
0.23 6.041256611179355e-17 1.756588981014059e-17 683
0.24 3.277597483163792e-17 9.386581352226367e-18 350
0.25 1.527068420167715e-17 4.341255470997922e-18 192
0.26 3.497084378735794e-18 1.028432885305672e-18 44
0.27 1.772047967537479e-18 5.143912467935829e-19 25


0.01 1.309748813149397e-19 3.766153618868163e-21 18
0.02 6.931015726253894e-19 1.825241937663451e-20 62
0.03 2.503045182515588e-18 6.35689940782187e-20 98
0.04 5.829322525723757e-18 1.454349941961958e-19 210
0.05 1.559054359708874e-17 3.521580043525331e-19 350
0.06 2.425672376909967e-17 5.379491432255699e-19 450
0.07 2.869488618470672e-17 6.036717941329195e-19 602
0.08 4.717820394263315e-17 9.595217151153994e-19 762
0.09 7.829521767751333e-17 1.535146239091547e-18 1142
0.1 9.373566027864495e-17 1.721053471557748e-18 1250
0.11 1.207104700250623e-16 2.086011224435649e-18 1458
0.12 1.56526529158484e-16 2.550776828434705e-18 1814
0.13 1.977313569257494e-16 3.094596006610604e-18 2178
0.14 2.541513249727407e-16 3.684299864732424e-18 2498
0.15 2.730956569278427e-16 3.786441936705116e-18 2622
0.16 3.344047804240345e-16 4.342016089745466e-18 3191
0.17 3.251369640189754e-16 3.933175383951152e-18 3044
0.18 3.211428889976224e-16 3.610763641242505e-18 2736
0.19 2.629822453944793e-16 2.639395036102579e-18 2276
0.2 2.510356465339193e-16 2.321458237053914e-18 2016
0.21 2.040349127752681e-16 1.787665505265026e-18 1640
0.22 1.255487039866356e-16 9.817981595137857e-19 1056
0.23 8.718019690024261e-17 6.138983683486177e-19 683
0.24 4.693136632917397e-17 2.931357971711892e-19 350
0.25 2.177207099617287e-17 1.31929170503966e-19 192
0.26 5.058348136692882e-18 3.28311281794502e-20 44
0.27 2.548398958399709e-18 1.522521770593644e-20 25


0.01 1.019484492784376e-19 7.875181736754516e-20 18
0.02 5.31150016477692e-19 4.20273433537174e-19 62
0.03 1.90724626402432e-18 1.52298484518051e-18 98
0.04 4.42269937931767e-18 3.558093423217337e-18 210
0.05 1.164761754548457e-17 9.599238581558125e-18 350
0.06 1.805441820413253e-17 1.498336113162183e-17 450
0.07 2.114942305915898e-17 1.783696091977376e-17 602
0.08 3.457620795371114e-17 2.945139485161446e-17 762
0.09 5.696065251370345e-17 4.914353637098053e-17 1142
0.1 6.748874823190406e-17 5.922833545272203e-17 1250
0.11 8.605531933059605e-17 7.676263477933519e-17 1458
0.12 1.105222306822211e-16 1.001690071213007e-16 1814
0.13 1.386306711580311e-16 1.271672301160916e-16 2178
0.14 1.762638908656487e-16 1.645350993140465e-16 2498
0.15 1.880410787071247e-16 1.776172437170335e-16 2622
0.16 2.279022878829723e-16 2.189248719388841e-16 3191
0.17 2.192448444506905e-16 2.143188607110313e-16 3044
0.18 2.143955147237103e-16 2.13073999927045e-16 2736
0.19 1.728985643001669e-16 1.760502734619965e-16 2276
0.2 1.632443376538351e-16 1.691760464108348e-16 2016
0.21 1.315936126848307e-16 1.382169778358838e-16 1640
0.22 7.985459019915908e-17 8.572430981069848e-17 1056
0.23 5.473865743825846e-17 5.999506993116283e-17 683
0.24 2.912514043813641e-17 3.252210506406121e-17 350
0.25 1.342977075296376e-17 1.514597038053118e-17 192
0.26 3.155455071699922e-18 3.50481506084629e-18 44
0.27 1.579009106731613e-18 1.771538659220139e-18 25


0.01 4.07082857776959e-20 2.555445125587296e-19 18
0.02 2.160099210643098e-19 1.327521055870503e-18 62
0.03 7.812873231208068e-19 4.761176515198062e-18 98
0.04 1.822555350198116e-18 1.103045541326816e-17 210
0.05 4.891291022103933e-18 2.895901331758835e-17 350
0.06 7.626308313005148e-18 4.484502130890693e-17 450
0.07 9.048569107277652e-18 5.242311048197841e-17 602
0.08 1.491502619260524e-17 8.558529660726366e-17 762
0.09 2.482889882349427e-17 1.407486287418772e-16 1142
0.1 2.982456233696211e-17 1.663716543081959e-16 1250
0.11 3.85315317203133e-17 2.116635587960479e-16 1458
0.12 5.012723444975177e-17 2.71235996678456e-16 1814
0.13 6.349673040095529e-17 3.39634385533801e-16 2178
0.14 8.187511575472253e-17 4.307484663244472e-16 2498
0.15 8.818251650831969e-17 4.587503699627005e-16 2622
0.16 1.083406722150422e-16 5.546337656505579e-16 3191
0.17 1.057158356484391e-16 5.321774838120118e-16 3044
0.18 1.047901718769033e-16 5.190832526561347e-16 2736
0.19 8.617222992101463e-17 4.170827479765499e-16 2276
0.2 8.253308734320644e-17 3.927187324630481e-16 2016
0.21 6.726117993521041e-17 3.159156946134488e-16 1640
0.22 4.154210612765617e-17 1.910465591846538e-16 1056
0.23 2.896362699456807e-17 1.30516394596161e-16 683
0.24 1.564901736512044e-17 6.922578762196803e-17 350
0.25 7.274754246967032e-18 3.186863841410764e-17 192
0.26 1.689881989050271e-18 7.503672281493504e-18 44
0.27 8.524699719040764e-19 3.748644502569431e-18 25


0.01 1.928648191732945e-19 5.159109078956637e-21 18
0.02 1.003539983240067e-18 2.507866479390406e-20 62
0.03 3.600823392567234e-18 8.688038017594282e-20 98
0.04 8.34341904004118e-18 1.962078333425304e-19 210
0.05 2.193497312155674e-17 4.713238165248528e-19 350
0.06 3.396506755444077e-17 7.044065595628801e-19 450
0.07 3.972827387609061e-17 7.741361299906729e-19 602
0.08 6.486547150031651e-17 1.199616671545772e-18 762
0.09 1.066903399708734e-16 1.858802103970984e-18 1142
0.1 1.261852927189143e-16 2.022281645290961e-18 1250
0.11 1.606190017200329e-16 2.372740053536462e-18 1458
0.12 2.05915714901466e-16 2.79664219872195e-18 1814
0.13 2.57893221164338e-16 3.275400991585671e-18 2178
0.14 3.272957829267278e-16 3.75494759457946e-18 2498
0.15 3.486953824189426e-16 3.743073290626901e-18 2622
0.16 4.217790474009006e-16 4.091661483949996e-18 3191
0.17 4.048820125884153e-16 3.49122654964721e-18 3044
0.18 3.950558843322586e-16 2.982828939508377e-18 2736
0.19 3.177342486765951e-16 2.011442658519281e-18 2276
0.2 2.993384272798077e-16 1.640589591001302e-18 2016
0.21 2.408764403273405e-16 1.190603450644338e-18 1640
0.22 1.45794997300678e-16 5.915878807338053e-19 1056
0.23 9.965855332515265e-17 3.278711618888041e-19 683
0.24 5.288611568709623e-17 1.329665798214992e-19 350
0.25 2.435046977959142e-17 5.676278233173928e-20 192
0.26 5.723382538404251e-18 1.286668095664046e-20 44
0.27 2.861040518426e-18 5.435705666466607e-21 25


0.01 2.358670208991447e-19 1.186907732413848e-21 18
0.02 1.214542497906912e-18 7.073919026786491e-21 62
0.03 4.33573637164671e-18 2.687217137481887e-20 98
0.04 1.00008991913882e-17 6.635162903351463e-20 210
0.05 2.596265856397971e-17 1.989594468387588e-19 350
0.06 3.997895672183068e-17 3.284304256570977e-19 450
0.07 4.632326997202809e-17 4.259755573716181e-19 602
0.08 7.507553400823094e-17 7.483596471405444e-19 762
0.09 1.223815270922891e-16 1.349282705094475e-18 1142
0.1 1.431499998190653e-16 1.760771458280634e-18 1250
0.11 1.80268629924297e-16 2.458962069035381e-18 1458
0.12 2.286174556669439e-16 3.448292220263925e-18 1814
0.13 2.838319801015123e-16 4.639186754182408e-18 2178
0.14 3.560322656633489e-16 6.410367774988671e-18 2498
0.15 3.762426682230189e-16 7.255808404268856e-18 2622
0.16 4.497289579266032e-16 9.54546514563813e-18 3191
0.17 4.261791234544494e-16 9.97758013585888e-18 3044
0.18 4.104494023657308e-16 1.054210597106729e-17 2736
0.19 3.245225816101764e-16 9.371052215689775e-18 2276
0.2 3.016833313700737e-16 9.514794727943026e-18 2016
0.21 2.402498633597849e-16 8.118734580280823e-18 1640
0.22 1.430581292888076e-16 5.336773586629819e-18 1056
0.23 9.614163908858387e-17 3.965112117919018e-18 683
0.24 5.020110425794523e-17 2.260710798531373e-18 350
0.25 2.291978966005702e-17 1.083776140778147e-18 192
0.26 5.418415608178027e-18 2.481404097680962e-19 44
0.27 2.688600553875339e-18 1.277888572849964e-19 25


0.01 8.112993819254459e-21 5.778181723337678e-19 18
0.02 4.030300568983705e-20 2.973343394478501e-18 62
0.03 1.408561429284362e-19 1.061197994862344e-17 98
0.04 3.187072766678183e-19 2.447469816515266e-17 210
0.05 7.860836489738073e-19 6.349316553668149e-17 350
0.06 1.177407885782001e-18 9.776191248981174e-17 450
0.07 1.308917748466195e-18 1.132319730932939e-16 602
0.08 2.043455512552928e-18 1.834768536977948e-16 762
0.09 3.187407717208544e-18 2.990072010604332e-16 1142
0.1 3.530670443137467e-18 3.495862681081219e-16 1250
0.11 4.212154738056131e-18 4.400352009253438e-16 1458
0.12 5.04860799811267e-18 5.578005294300127e-16 1814
0.13 5.977386564897913e-18 6.922866573076532e-16 2178
0.14 7.036973018047333e-18 8.678814140104012e-16 2498
0.15 7.113385744263382e-18 9.167970363224174e-16 2622
0.16 7.947605080492173e-18 1.095240316351204e-15 3191
0.17 6.962616317342246e-18 1.037252999502272e-15 3044
0.18 6.148263206581396e-18 9.983537631738143e-16 2736
0.19 4.356228069855514e-18 7.885779103679281e-16 2276
0.2 3.693081593293666e-18 7.325366455956843e-16 2016
0.21 2.736284562765929e-18 5.830362705981721e-16 1640
0.22 1.441968943602619e-18 3.468214241876864e-16 1056
0.23 8.443587864286706e-19 2.328464140741735e-16 683
0.24 3.777402397030735e-19 1.214615389759785e-16 350
0.25 1.602982623647965e-19 5.542689266286975e-17 192
0.26 3.816752268484185e-20 1.311263430038075e-17 44
0.27 1.757877730122657e-20 6.50274793879437e-18 25


0.01 2.327926656393867e-19 5.394244843412056e-20 18
0.02 1.19624979549641e-18 2.711280851925508e-19 62
0.03 4.265784947822135e-18 9.539602161984329e-19 98
0.04 9.829453789877861e-18 2.170174311470892e-18 210
0.05 2.544884429283075e-17 5.442698698489245e-18 350
0.06 3.913547047366893e-17 8.218301492672006e-18 450
0.07 4.524992859931424e-17 9.253824017223442e-18 602
0.08 7.320679469193057e-17 1.461562457098997e-17 762
0.09 1.190801028153085e-16 2.310639669969261e-17 1142
0.1 1.389288575644812e-16 2.605555811185806e-17 1250
0.11 1.745110767242326e-16 3.164418175202831e-17 1458
0.12 2.207406045829196e-16 3.864750202959768e-17 1814
0.13 2.734636776279132e-16 4.648097277736229e-17 2178
0.14 3.420636363562537e-16 5.595841619007765e-17 2498
0.15 3.60764312304955e-16 5.743904546051797e-17 2622
0.16 4.299604813796664e-16 6.571493761375659e-17 3191
0.17 4.061220164559963e-16 5.923199854246652e-17 3044
0.18 3.898157425416357e-16 5.404644448269999e-17 2736
0.19 3.068855163464608e-16 3.995449483231266e-17 2276
0.2 2.843013539666906e-16 3.512588524543323e-17 2016
0.21 2.257881362361346e-16 2.676352539869712e-17 1640
0.22 1.338738067740353e-16 1.484272449979589e-17 1056
0.23 8.955712455597012e-17 9.214599445534437e-18 683
0.24 4.655345041656756e-17 4.428199599743924e-18 350
0.25 2.120408562469971e-17 1.93834392890208e-18 192
0.26 5.01795095441258e-18 4.619086333355874e-19 44
0.27 2.485025769431993e-18 2.209638568033828e-19 25


0.01 3.358593426005544e-19 3.48571903127645e-21 18
0.02 1.71076889923814e-18 1.64545923824544e-20 62
0.03 6.067291325127712e-18 5.518602934081823e-20 98
0.04 1.39039169987669e-17 1.198121021779172e-19 210
0.05 3.554364463389255e-17 2.673500179867503e-19 350
0.06 5.423866105784233e-17 3.720953567381694e-19 450
0.07 6.203650966809933e-17 3.75173359957418e-19 602
0.08 9.938135780096677e-17 5.257810524546171e-19 762
0.09 1.597768509877627e-16 7.209683572621922e-19 1142
0.1 1.839137083268582e-16 6.745796469323074e-19 1250
0.11 2.279743061816028e-16 6.705972471433669e-19 1458
0.12 2.844430402698655e-16 6.514980169763263e-19 1814
0.13 3.483232885665365e-16 6.390837730899707e-19 2178
0.14 4.294602686784786e-16 5.72075971923099e-19 2498
0.15 4.482928555684089e-16 4.932313983112489e-19 2622
0.16 5.2613727942776e-16 4.401895467367025e-19 3191
0.17 4.884587783784666e-16 3.073656613513792e-19 3044
0.18 4.60376054343989e-16 2.254167120247015e-19 2736
0.19 3.544938409072286e-16 2.515364679105945e-19 2276
0.2 3.2248211231366e-16 3.546343633072177e-19 2016
0.21 2.524333870564923e-16 4.177730215552709e-19 1640
0.22 1.463793226272255e-16 3.745081608730713e-19 1056
0.23 9.554819045728332e-17 3.77464871988419e-19 683
0.24 4.846730639307199e-17 2.636286532485204e-19 350
0.25 2.179440515129161e-17 1.440730881265266e-19 192
0.26 5.169917269257533e-18 3.121028103666418e-20 44
0.27 2.534660268592788e-18 1.72145034005409e-20 25


0.01 2.095200173450255e-19 2.566651536166615e-19 18
0.02 1.057769625396738e-18 1.31218207435138e-18 62
0.03 3.727980432966124e-18 4.666967096297932e-18 98
0.04 8.487742375300096e-18 1.072751685289036e-17 210
0.05 2.139539758216309e-17 2.75862456699053e-17 350
0.06 3.233297903633298e-17 4.228972001607683e-17 450
0.07 3.651113187373348e-17 4.864314791954751e-17 602
0.08 5.777012546459746e-17 7.836401541049797e-17 762
0.09 9.153297818482843e-17 1.268049568493039e-16 1142
0.1 1.036261076216644e-16 1.469911329333459e-16 1250
0.11 1.263442878132318e-16 1.834754742824136e-16 1458
0.12 1.549365601208585e-16 2.305602655055199e-16 1814
0.13 1.869194448934631e-16 2.840858758612614e-16 2178
0.14 2.262749969052685e-16 3.527848525540569e-16 2498
0.15 2.330938257282959e-16 3.701800468122878e-16 2622
0.16 2.681553432615313e-16 4.378306677281076e-16 3191
0.17 2.432573164564048e-16 4.100628447005332e-16 3044
0.18 2.235560031590968e-16 3.901137069461248e-16 2736
0.19 1.670424771623991e-16 3.036076417659641e-16 2276
0.2 1.481410528584617e-16 2.786515064357078e-16 2016
0.21 1.136248479850036e-16 2.196752153825743e-16 1640
0.22 6.381995612218886e-17 1.287294165853939e-16 1056
0.23 4.016732448992452e-17 8.503026988236341e-17 683
0.24 1.961278981791991e-17 4.364363296973388e-17 350
0.25 8.646425590506269e-18 1.974650275700452e-17 192
0.26 2.050534930642031e-18 4.686782626825144e-18 44
0.27 9.897258848782381e-19 2.308007873668883e-18 25


0.01 1.253838265908428e-19 5.023238872194834e-19 18
0.02 6.393318481125792e-19 2.531309585493198e-18 62
0.03 2.269829138584111e-18 8.908929972800743e-18 98
0.04 5.207303718818422e-18 2.025181515131949e-17 210
0.05 1.333557631468057e-17 5.08860708308051e-17 350
0.06 2.038682857893214e-17 7.671881599349841e-17 450
0.07 2.336286895199466e-17 8.636897858997823e-17 602
0.08 3.750736898653716e-17 1.362496629659755e-16 762
0.09 6.044134218001702e-17 2.151026348374127e-16 1142
0.1 6.973888944079519e-17 2.425388124668912e-16 1250
0.11 8.66512692465468e-17 2.945119903213405e-16 1458
0.12 1.083691689039981e-16 3.596002416859125e-16 1814
0.13 1.329823856218302e-16 4.321899649536184e-16 2178
0.14 1.643230766138755e-16 5.207760047069316e-16 2498
0.15 1.718080891126227e-16 5.346674197430618e-16 2622
0.16 2.021170446754241e-16 6.119192842754682e-16 3191
0.17 1.881525919959624e-16 5.517382609087448e-16 3044
0.18 1.77844217012524e-16 5.036154937350028e-16 2736
0.19 1.373485269642981e-16 3.732890473908605e-16 2276
0.2 1.252522847585599e-16 3.287460164031495e-16 2016
0.21 9.823784332379656e-17 2.507375129279935e-16 1640
0.22 5.712032805897912e-17 1.395782295801683e-16 1056
0.23 3.740134513047396e-17 8.693176450343852e-17 683
0.24 1.902890262192734e-17 4.196457645357364e-17 350
0.25 8.569276760903506e-18 1.838941726528613e-17 192
0.26 2.034444734137246e-18 4.358030020030155e-18 44
0.27 9.984093502140505e-19 2.0936796925993e-18 25


0.01 4.311893269384932e-19 5.088769763261299e-21 18
0.02 2.175699311940632e-18 2.404276625423044e-20 62
0.03 7.663692814461916e-18 8.008923087201452e-20 98
0.04 1.743269287887423e-17 1.713229204653078e-19 210
0.05 4.388142930039943e-17 3.779150629601609e-19 350
0.06 6.622879391297345e-17 5.121539209133557e-19 450
0.07 7.467285556415525e-17 5.020723815919258e-19 602
0.08 1.179736112063433e-16 6.787362161941263e-19 762
0.09 1.865627021511708e-16 8.851841805691588e-19 1142
0.1 2.108034453635642e-16 7.842614220562931e-19 1250
0.11 2.565245957906547e-16 7.286226704381822e-19 1458
0.12 3.139132090407569e-16 6.486167134531053e-19 1814
0.13 3.780028837553875e-16 5.811154326530281e-19 2178
0.14 4.56635883172977e-16 4.681721935117609e-19 2498
0.15 4.696622123876226e-16 3.913288228963294e-19 2622
0.16 5.389984957810676e-16 3.63137217456145e-19 3191
0.17 4.875840219585902e-16 3.198382432758664e-19 3044
0.18 4.46690474321063e-16 3.649731361335253e-19 2736
0.19 3.326217485369361e-16 5.458160487821038e-19 2276
0.2 2.940812138570161e-16 8.065900769340529e-19 2016
0.21 2.250062134384914e-16 9.168130766358866e-19 1640
0.22 1.259133665127769e-16 7.952532465361823e-19 1056
0.23 7.889846938589637e-17 7.682139755175161e-19 683
0.24 3.834259646775407e-17 5.26379801627969e-19 350
0.25 1.685776900810725e-17 2.798862552638732e-19 192
0.26 3.994736592027774e-18 6.464145893260789e-20 44
0.27 1.925117622400193e-18 3.501038124508571e-20 25


0.01 4.753156306945082e-19 1.047432962339001e-20 18
0.02 2.381383459765221e-18 5.522984447012853e-20 62
0.03 8.339082765841186e-18 2.017087838640359e-19 98
0.04 1.884640750745809e-17 4.765957502081404e-19 210
0.05 4.684719134114227e-17 1.285363102758771e-18 350
0.06 6.998769924147441e-17 2.053733494028315e-18 450
0.07 7.792831874544423e-17 2.473482505052813e-18 602
0.08 1.215390266116198e-16 4.175887267055049e-18 762
0.09 1.893103180143171e-16 7.110897487690522e-18 1142
0.1 2.103362583749529e-16 8.684264212835241e-18 1250
0.11 2.51636501160824e-16 1.139509765940866e-17 1458
0.12 3.024329144180374e-16 1.503836982474177e-17 1814
0.13 3.584241985948969e-16 1.931895620851996e-17 2178
0.14 4.248119442891967e-16 2.510133544948254e-17 2498
0.15 4.308909935227465e-16 2.721138895583907e-17 2622
0.16 4.840253161364518e-16 3.370486156582973e-17 3191
0.17 4.267828800773476e-16 3.320835772344664e-17 3044
0.18 3.798003221556542e-16 3.325877743859384e-17 2736
0.19 2.734303989457676e-16 2.734206327726595e-17 2276
0.2 2.347093710614088e-16 2.622110993646705e-17 2016
0.21 1.753589603442356e-16 2.139913392594169e-17 1640
0.22 9.44535855245577e-17 1.315098383379138e-17 1056
0.23 5.655123899688638e-17 9.154166752754641e-18 683
0.24 2.611891103654679e-17 4.933197602348729e-18 350
0.25 1.118386203059669e-17 2.287006213739091e-18 192
0.26 2.634106555427662e-18 5.462023699503849e-19 44
0.27 1.242964927702116e-18 2.734728831780623e-19 25


0.01 4.394284354753081e-21 1.195295715805689e-18 18
0.02 2.085410182742543e-20 5.986088429961589e-18 62
0.03 6.938425712045275e-20 2.095632134782666e-17 98
0.04 1.489887360765512e-19 4.733457607658121e-17 210
0.05 3.339801134272893e-19 1.175343365437891e-16 350
0.06 4.536652685963414e-19 1.754680256209342e-16 450
0.07 4.49610792350793e-19 1.95175553659368e-16 602
0.08 6.106848664127819e-19 3.041376747717485e-16 762
0.09 8.0811613727181e-19 4.731276593857836e-16 1142
0.1 7.329698204340181e-19 5.249643297482571e-16 1250
0.11 6.979458056586284e-19 6.271909122997868e-16 1458
0.12 6.457239177930731e-19 7.525951135347767e-16 1814
0.13 5.950966717526114e-19 8.906776597513046e-16 2178
0.14 5.022683461369388e-19 1.053822977425323e-15 2498
0.15 4.10642854061925e-19 1.067533004324783e-15 2622
0.16 3.329526809892595e-19 1.196675052959043e-15 3191
0.17 2.060405235242333e-19 1.052568182308254e-15 3044
0.18 1.533199538288239e-19 9.339826378823885e-16 2736
0.19 2.154219788878681e-19 6.700704465843111e-16 2276
0.2 3.372118788079772e-19 5.73343291851818e-16 2016
0.21 4.073449183565909e-19 4.272712206430114e-16 1640
0.22 3.678599969221423e-19 2.291624004953848e-16 1056
0.23 3.720867179534739e-19 1.364888716475797e-16 683
0.24 2.622974460070999e-19 6.264532177306752e-17 350
0.25 1.40000284687563e-19 2.672861084222709e-17 192
0.26 3.310899664287539e-20 6.291290039706468e-18 44
0.27 1.799342005103825e-20 2.961428459672662e-18 25


0.01 4.819801397645987e-19 7.201831356293763e-20 18
0.02 2.411857157752315e-18 3.529049695981746e-19 62
0.03 8.437143846864239e-18 1.21072859234744e-18 98
0.04 1.903425873777175e-17 2.674168363410411e-18 210
0.05 4.71689840205981e-17 6.367439504884811e-18 350
0.06 7.029849518851883e-17 9.152982772610959e-18 450
0.07 7.802984843059051e-17 9.729153643408971e-18 602
0.08 1.213437104994353e-16 1.442210942700862e-17 762
0.09 1.882699186074374e-16 2.114986884114554e-17 1142
0.1 2.083295670315819e-16 2.194097136120844e-17 1250
0.11 2.482212510834604e-16 2.4427277943468e-17 1458
0.12 2.969524901170473e-16 2.713932499722521e-17 1814
0.13 3.504954098099709e-16 2.992675362711637e-17 2178
0.14 4.134171519481941e-16 3.24659466879308e-17 2498
0.15 4.178430665321317e-16 3.085528561765248e-17 2622
0.16 4.667015880453106e-16 3.118934413389641e-17 3191
0.17 4.087454364330616e-16 2.395056614085386e-17 3044
0.18 3.608897277254676e-16 1.786134256389589e-17 2736
0.19 2.574624006792042e-16 1.040319453191387e-17 2276
0.2 2.191770542713733e-16 7.286895744538648e-18 2016
0.21 1.626785294394023e-16 4.647994609472458e-18 1640
0.22 8.668265769733413e-17 1.847294987132554e-18 1056
0.23 5.121702428270616e-17 7.57922340060588e-19 683
0.24 2.328725378545037e-17 1.944473418121764e-19 350
0.25 9.883957853060538e-18 7.361152651614327e-20 192
0.26 2.322811937537568e-18 1.054217645723065e-20 44
0.27 1.08955433070016e-18 3.494422470368044e-21 25


0.01 6.331064415226977e-19 3.003054133562935e-21 18
0.02 3.14611856898741e-18 1.347513288878287e-20 62
0.03 1.093414123795946e-17 4.19725138508016e-20 98
0.04 2.448354009831686e-17 8.37424516583875e-20 210
0.05 5.985984314648332e-17 1.618205097374891e-19 350
0.06 8.813047760826677e-17 1.85963302868988e-19 450
0.07 9.64234220451232e-17 1.476921018134043e-19 602
0.08 1.4764419767193e-16 1.439841653990726e-19 762
0.09 2.249427479839447e-16 1.219750990499837e-19 1142
0.1 2.439697892273381e-16 5.686205464915264e-20 1250
0.11 2.847718244332976e-16 4.172595333777794e-20 1458
0.12 3.33258337751399e-16 1.123241556819607e-19 1814
0.13 3.856210470406849e-16 3.021567042131262e-19 2178
0.14 4.442848638773492e-16 7.040066769352538e-19 2498
0.15 4.413609082226238e-16 1.115714221947579e-18 2622
0.16 4.797630673189519e-16 2.059369647278898e-18 3191
0.17 4.062412961867999e-16 2.829458515525186e-18 3044
0.18 3.445718356560637e-16 3.721457796104471e-18 2736
0.19 2.346984063944874e-16 4.00157885835485e-18 2276
0.2 1.915598219075986e-16 4.623627655898597e-18 2016
0.21 1.374480040190697e-16 4.330817943338082e-18 1640
0.22 6.914835716881281e-17 3.125068677999892e-18 1056
0.23 3.801957651348137e-17 2.553776382089656e-18 683
0.24 1.579940140108631e-17 1.564890235943439e-18 350
0.25 6.401079669160652e-18 7.719148103750308e-19 192
0.26 1.473048931169578e-18 1.864991268636056e-19 44
0.27 6.633120881205499e-19 9.704683846393719e-20 25


0.01 3.34080748470072e-19 5.785020545369549e-19 18
0.02 1.643727136969944e-18 2.88797102949275e-18 62
0.03 5.655885036847923e-18 1.008332905225003e-17 98
0.04 1.256430543604417e-17 2.261717289086901e-17 210
0.05 3.025151165635647e-17 5.551918949800431e-17 350
0.06 4.383589744981484e-17 8.218110755290766e-17 450
0.07 4.713406706596095e-17 9.03552562448531e-17 602
0.08 7.062268659624694e-17 1.394235643154295e-16 762
0.09 1.05180635709642e-16 2.137284105988411e-16 1142
0.1 1.110529199933612e-16 2.336920447762477e-16 1250
0.11 1.259603536441193e-16 2.751862617220639e-16 1458
0.12 1.4313555587924e-16 3.24538669290543e-16 1814
0.13 1.611561968331471e-16 3.782858416648098e-16 2178
0.14 1.796181383707628e-16 4.396533644654439e-16 2498
0.15 1.741654790890874e-16 4.395097124944468e-16 2622
0.16 1.822411485934406e-16 4.820233219929544e-16 3191
0.17 1.465858719717412e-16 4.133179835195376e-16 3044
0.18 1.166236095887806e-16 3.556810263174168e-16 2736
0.19 7.366317919553232e-17 2.463317520070839e-16 2276
0.2 5.603855416941085e-17 2.039130391995714e-16 2016
0.21 3.797193845614655e-17 1.480868371673987e-16 1640
0.22 1.715699267725381e-17 7.607914249129495e-17 1056
0.23 8.20184618048891e-18 4.29324964666777e-17 683
0.24 2.778155213232139e-18 1.841282077762472e-17 350
0.25 1.027607507425364e-18 7.547276977085218e-18 192
0.26 2.149538832028295e-19 1.75820346196996e-18 44
0.27 8.377419433745682e-20 8.088621170963144e-19 25


0.01 2.721982684897357e-19 7.755354235888716e-19 18
0.02 1.356974504630295e-18 3.811472770037644e-18 62
0.03 4.731236130818616e-18 1.309968280142982e-17 98
0.04 1.058137779210295e-17 2.901975717931536e-17 210
0.05 2.585375147219623e-17 6.957254096355809e-17 350
0.06 3.812060390731663e-17 1.004385646654655e-16 450
0.07 4.170579568325312e-17 1.07477291208697e-16 602
0.08 6.406351630616793e-17 1.603189554115003e-16 762
0.09 9.758434993621971e-17 2.372350704592076e-16 1142
0.1 1.060220677708281e-16 2.48831254153514e-16 1250
0.11 1.240590748408959e-16 2.803309009180528e-16 1458
0.12 1.452298793804883e-16 3.159856197357412e-16 1814
0.13 1.6817376801998e-16 3.531516029985929e-16 2178
0.14 1.939803140791748e-16 3.901780891144555e-16 2498
0.15 1.928323640479236e-16 3.758829279940196e-16 2622
0.16 2.095401464738904e-16 3.889699018215524e-16 3191
0.17 1.777076721110968e-16 3.084276295115956e-16 3044
0.18 1.508766977274525e-16 2.407414459660659e-16 2736
0.19 1.029056536344282e-16 1.486684853542505e-16 2276
0.2 8.396234619593967e-17 1.105705760724e-16 2016
0.21 6.02960322658429e-17 7.364101843737975e-17 1640
0.22 3.03940895557098e-17 3.215744407153659e-17 1056
0.23 1.67375113918703e-17 1.468362580899749e-17 683
0.24 6.948146625468007e-18 4.587915414416065e-18 350
0.25 2.794918464856682e-18 1.638768255368541e-18 192
0.26 6.463010764899181e-19 3.235341940054623e-19 44
0.27 2.941337861007423e-19 1.184723307970159e-19 25


0.01 7.611391672804534e-19 4.804209903159972e-21 18
0.02 3.752901177040485e-18 2.170691602779617e-20 62
0.03 1.294005185521484e-17 6.779014589479084e-20 98
0.04 2.867596504359469e-17 1.337614330337563e-19 210
0.05 6.888466015381157e-17 2.581120878426169e-19 350
0.06 9.97475763915858e-17 2.924959534322278e-19 450
0.07 1.070093911645202e-16 2.28390619996594e-19 602
0.08 1.604464588056908e-16 2.199909121494249e-19 762
0.09 2.382384845971991e-16 1.759877307976909e-19 1142
0.1 2.512659239166765e-16 7.401397358409977e-20 1250
0.11 2.849163744264994e-16 4.596478824300584e-20 1458
0.12 3.22937903456401e-16 1.404707415700267e-19 1814
0.13 3.629296806338431e-16 4.019761716214167e-19 2178
0.14 4.039185666726141e-16 9.53470487050108e-19 2498
0.15 3.911689551024008e-16 1.505690099494008e-18 2622
0.16 4.07926086613193e-16 2.761071304304874e-18 3191
0.17 3.274508011007106e-16 3.760804274505379e-18 3044
0.18 2.596058460605925e-16 4.906574663768492e-18 2736
0.19 1.634552834285204e-16 5.163101851373681e-18 2276
0.2 1.237651310081158e-16 5.872157776318051e-18 2016
0.21 8.369346138193202e-17 5.414834607261261e-18 1640
0.22 3.774229684176461e-17 3.831745091213412e-18 1056
0.23 1.795917140356732e-17 3.059629483537172e-18 683
0.24 6.000873230322002e-18 1.838415543175739e-18 350
0.25 2.182005838100672e-18 8.968887593744815e-19 192
0.26 4.554126333891382e-19 2.175942002293204e-19 44
0.27 1.812219862850696e-19 1.121419532960499e-19 25


0.01 7.882141123073192e-19 3.504377895663673e-20 18
0.02 3.847816606563398e-18 1.871019866608364e-19 62
0.03 1.312603337614607e-17 6.82533044866314e-19 98
0.04 2.890452858814725e-17 1.534390906469177e-18 210
0.05 6.855136381806066e-17 3.787732956877256e-18 350
0.06 9.775283042140514e-17 5.829157380686939e-18 450
0.07 1.032512887786665e-16 6.598868530160096e-18 602
0.08 1.514206067887645e-16 1.078387802560545e-17 762
0.09 2.201626642431452e-16 1.699953952639725e-17 1142
0.1 2.261657371404692e-16 1.956071811065163e-17 1250
0.11 2.490790187626004e-16 2.437729190186112e-17 1458
0.12 2.74300735292666e-16 2.983503158874817e-17 1814
0.13 2.998744418614151e-16 3.607095749817767e-17 2178
0.14 3.225747791881839e-16 4.379361814674018e-17 2498
0.15 3.048218685705748e-16 4.520843705816801e-17 2622
0.16 3.057524986257415e-16 5.130543414560919e-17 3191
0.17 2.317868059879989e-16 4.673437274955983e-17 3044
0.18 1.703350450776454e-16 4.258368922835534e-17 2736
0.19 9.794044987802842e-17 3.169236029276598e-17 2276
0.2 6.794820310243058e-17 2.758879872611398e-17 2016
0.21 4.29292667800243e-17 2.1063823431657e-17 1640
0.22 1.672782257152436e-17 1.177917474637628e-17 1056
0.23 6.692852368076162e-18 7.305645403325889e-18 683
0.24 1.68088814412073e-18 3.450017141818952e-18 350
0.25 6.245651603146521e-19 1.441081242009871e-18 192
0.26 9.379218198180707e-20 3.55453951280808e-19 44
0.27 2.80663240591618e-20 1.839579244719569e-19 25


0.01 1.609017932038743e-21 2.014511193173778e-18 18
0.02 1.02891635764897e-20 9.861702151652607e-18 62
0.03 2.171303274599261e-20 3.374098951306479e-17 98
0.04 6.698956375197286e-20 7.405087590654346e-17 210
0.05 1.240912399389419e-19 1.750177816057674e-16 350
0.06 1.836024807804546e-19 2.493315669199534e-16 450
0.07 2.980427045382472e-19 2.624545881382709e-16 602
0.08 3.97160503394669e-19 3.852542960028467e-16 762
0.09 7.855843669997054e-19 5.575166840373505e-16 1142
0.1 1.071566874567148e-18 5.714687219521588e-16 1250
0.11 1.531943855166793e-18 6.287073123715197e-16 1458
0.12 2.287202102471008e-18 6.890327170288633e-16 1814
0.13 3.192269175138282e-18 7.504255296769335e-16 2178
0.14 4.44884762897653e-18 8.042231471077625e-16 2498
0.15 5.227087647426077e-18 7.57559428948787e-16 2622
0.16 6.836465297455649e-18 7.541529831232722e-16 3191
0.17 7.381538325215495e-18 5.680373681254079e-16 3044
0.18 7.668966618187252e-18 4.127328868545678e-16 2736
0.19 6.891891729172057e-18 2.341936909562136e-16 2276
0.2 6.868127946252094e-18 1.597481921114794e-16 2016
0.21 5.871852673358122e-18 1.000223733037762e-16 1640
0.22 3.845214070226963e-18 3.845976804992629e-17 1056
0.23 2.806641586050493e-18 1.510019963062553e-17 683
0.24 1.558815973779998e-18 3.581928197388267e-18 350
0.25 7.107315857296712e-19 1.366465871691691e-18 192
0.26 1.830945214876024e-19 1.812574983313094e-19 44
0.27 1.045472245230519e-19 6.62366516710236e-20 25


0.01 8.207483507650962e-19 8.598116580639583e-20 18
0.02 4.030169066650214e-18 4.027968383520077e-19 62
0.03 1.382724005080158e-17 1.299928487462818e-18 98
0.04 3.023245889140681e-17 2.814089069914743e-18 210
0.05 7.115680017710957e-17 6.352748642227121e-18 350
0.06 1.012181747941123e-16 8.475041536849122e-18 450
0.07 1.061276458812279e-16 8.448014873871229e-18 602
0.08 1.558505405658333e-16 1.105259677955994e-17 762
0.09 2.24306516032921e-16 1.470573084023125e-17 1142
0.1 2.293040078440706e-16 1.326994361566445e-17 1250
0.11 2.519166433857221e-16 1.242645638894938e-17 1458
0.12 2.74626747671844e-16 1.182597943204772e-17 1814
0.13 2.978591566621279e-16 1.115226845166553e-17 2178
0.14 3.179699612932831e-16 9.862954233252537e-18 2498
0.15 2.985743505686564e-16 8.426277549424726e-18 2622
0.16 2.949599404528692e-16 7.349905606766631e-18 3191
0.17 2.208482287268068e-16 4.571000369714285e-18 3044
0.18 1.586828152919745e-16 3.042789923960493e-18 2736
0.19 8.899618908779501e-17 3.019926127605283e-18 2276
0.2 5.981186725830623e-17 3.916510892446826e-18 2016
0.21 3.724427865377714e-17 4.306523734326381e-18 1640
0.22 1.430768551127e-17 3.56546815179014e-18 1056
0.23 5.623462714820009e-18 3.478797818985306e-18 683
0.24 1.326828389947203e-18 2.408506523315124e-18 350
0.25 5.47048842058005e-19 1.212034975037165e-18 192
0.26 6.953684603658955e-20 3.091450913931409e-19 44
0.27 3.576549490594803e-20 1.707505663810372e-19 25


0.01 1.02061765176062e-18 6.961236285507966e-21 18
0.02 4.950489146727779e-18 3.955877101774075e-20 62
0.03 1.676169224803681e-17 8.350029763574412e-20 98
0.04 3.642394515866272e-17 2.477841101727268e-19 210
0.05 8.463801528717353e-17 4.654567978677707e-19 350
0.06 1.182809725478033e-16 6.350182546890301e-19 450
0.07 1.21917801176152e-16 9.783398178164356e-19 602
0.08 1.742968398183073e-16 1.163265263380838e-18 762
0.09 2.449608186131367e-16 2.261795876244295e-18 1142
0.1 2.426463202918981e-16 2.951630922463367e-18 1250
0.11 2.570927732017093e-16 4.049400505767603e-18 1458
0.12 2.70578844184246e-16 6.084850876973768e-18 1814
0.13 2.834577042458008e-16 8.473609204893904e-18 2178
0.14 2.896245407541776e-16 1.173102926566962e-17 2498
0.15 2.636518296339626e-16 1.383315952510598e-17 2622
0.16 2.476394791806661e-16 1.815201686085976e-17 3191
0.17 1.708557201226786e-16 1.962159867343845e-17 3044
0.18 1.088629380218687e-16 2.0196195080652e-17 2736
0.19 5.276684157204362e-17 1.814753458505038e-17 2276
0.2 3.081965635198973e-17 1.807670277605997e-17 2016
0.21 1.810814076540408e-17 1.544402663966648e-17 1640
0.22 6.342171534777948e-18 1.014356922270348e-17 1056
0.23 3.660145375868708e-18 7.34875595512792e-18 683
0.24 2.188614617221081e-18 4.054205651843158e-18 350
0.25 1.420071649458348e-18 1.86540704668922e-18 192
0.26 2.988448467927121e-19 4.796574372479854e-19 44
0.27 1.775259752185614e-19 2.79477326080303e-19 25


0.01 5.105036023598714e-19 1.059552569040782e-18 18
0.02 2.383452846516077e-18 5.477536102244158e-18 62
0.03 7.335860636038317e-18 1.92389195932088e-17 98
0.04 1.678413371692058e-17 4.109337569091486e-17 210
0.05 3.902736906123931e-17 9.275511044160736e-17 350
0.06 5.310532996792444e-17 1.314080681474374e-16 450
0.07 5.687828810807823e-17 1.357778368847231e-16 602
0.08 7.397238872050544e-17 2.018988605188099e-16 762
0.09 1.076960691469878e-16 2.815422202111574e-16 1142
0.1 1.041019287941517e-16 2.871540185664927e-16 1250
0.11 1.039012810163382e-16 3.18906766775508e-16 1458
0.12 1.13525831918179e-16 3.418800922736333e-16 1814
0.13 1.212470244279426e-16 3.675600539996143e-16 2178
0.14 1.247894399053036e-16 3.924094969851415e-16 2498
0.15 1.19320685624679e-16 3.704436128926039e-16 2622
0.16 1.266684707385476e-16 3.628238307923707e-16 3191
0.17 9.953784236880197e-17 2.847604715031441e-16 3044
0.18 7.719274279250318e-17 2.074229385721441e-16 2736
0.19 5.751042625758133e-17 1.288317429541971e-16 2276
0.2 5.497509153604789e-17 9.905004306101591e-17 2016
0.21 4.662764648387612e-17 7.412181224710681e-17 1640
0.22 3.041636620395122e-17 4.44742553827889e-17 1056
0.23 2.378644252083861e-17 2.814181735117282e-17 683
0.24 1.4742086500947e-17 1.388062871014859e-17 350
0.25 7.517546058132783e-18 8.031139362787011e-18 192
0.26 1.932989759988328e-18 1.7092048855686e-18 44
0.27 1.138826731622998e-18 1.128961789961986e-18 25


0.01 4.841768707528898e-19 1.115085916333738e-18 18
0.02 2.556888628775908e-18 5.209833994869418e-18 62
0.03 8.99799819982221e-18 1.644336445485479e-17 98
0.04 1.914748138575335e-17 3.669519223159859e-17 210
0.05 4.249624359789936e-17 8.465300426930095e-17 350
0.06 6.007982869635596e-17 1.146020528412889e-16 450
0.07 6.214122065122679e-17 1.191988881977265e-16 602
0.08 9.236031326658697e-17 1.566080998990602e-16 762
0.09 1.279944206648639e-16 2.206440248457982e-16 1142
0.1 1.307616120570961e-16 2.089930961677886e-16 1250
0.11 1.459122152156621e-16 2.054394580445578e-16 1458
0.12 1.568627507766547e-16 2.146046285195448e-16 1814
0.13 1.693213351891089e-16 2.207709447039176e-16 2178
0.14 1.821858594264364e-16 2.177900887113164e-16 2498
0.15 1.738966185601599e-16 2.006478565073891e-16 2622
0.16 1.734343070537434e-16 1.997341354289824e-16 3191
0.17 1.415293252526206e-16 1.445935829384173e-16 3044
0.18 1.065602928617722e-16 1.032980456430553e-16 2736
0.19 7.104877552766958e-17 7.424519701161851e-17 2276
0.2 5.908929888260113e-17 7.16428318759187e-17 2016
0.21 4.674322128235929e-17 6.332676592384789e-17 1640
0.22 3.021145907856463e-17 4.319002985287342e-17 1056
0.23 2.010588927337602e-17 3.671682690737862e-17 683
0.24 1.04181862252388e-17 2.405639918416987e-17 350
0.25 6.021296291901195e-18 1.217716554588879e-17 192
0.26 1.31048087164429e-18 3.1646471731908e-18 44
0.27 8.432055591363413e-19 1.837828508475354e-18 25


0.01 1.173633779717846e-18 7.140854856353501e-21 18
0.02 5.682201282332381e-18 3.378536400468902e-20 62
0.03 1.91714090029682e-17 7.677376558506408e-20 98
0.04 4.094097225263668e-17 1.900619916575458e-19 210
0.05 9.280664711174551e-17 3.482156027082361e-19 350
0.06 1.268853183328983e-16 4.093587848423198e-19 450
0.07 1.270072440126358e-16 5.321430094577247e-19 602
0.08 1.770823877584604e-16 5.696648498661736e-19 762
0.09 2.385206939331461e-16 1.113173846874641e-18 1142
0.1 2.265368749522149e-16 1.545605997038927e-18 1250
0.11 2.298340596887532e-16 2.325945147087151e-18 1458
0.12 2.282586847224378e-16 3.750311201351766e-18 1814
0.13 2.263616190754938e-16 5.555503825785559e-18 2178
0.14 2.16573822883339e-16 8.147098537721831e-18 2498
0.15 1.880374607329809e-16 9.851061430019075e-18 2622
0.16 1.614751593755734e-16 1.326780971038201e-17 3191
0.17 9.810190817618849e-17 1.464060703034168e-17 3044
0.18 4.95407650347986e-17 1.556812607123783e-17 2736
0.19 1.936830831291931e-17 1.395981437544119e-17 2276
0.2 1.152013941410768e-17 1.38036912041739e-17 2016
0.21 1.104404341405552e-17 1.164275065421555e-17 1640
0.22 9.445929223537434e-18 7.474113375072469e-18 1056
0.23 1.093959432022288e-17 5.299772132250168e-18 683
0.24 8.495373059096406e-18 2.844528190118411e-18 350
0.25 5.012020118087241e-18 1.2672440574738e-18 192
0.26 1.159095230492704e-18 3.234748916729463e-19 44
0.27 6.526887023020939e-19 1.827178710081468e-19 25


0.01 1.405762108985813e-18 7.865508587836961e-19 18
0.02 6.571641974348206e-18 6.431268910356612e-18 62
0.03 1.896820550889255e-17 1.644910751937847e-17 98
0.04 4.50517991149193e-17 4.692851904560784e-17 210
0.05 1.031199213112771e-16 8.593963651832937e-17 350
0.06 1.381998199811229e-16 1.277341900912857e-16 450
0.07 1.538863030993769e-16 1.990839433596943e-16 602
0.08 1.887508438992204e-16 2.573071496601422e-16 762
0.09 2.842176546161504e-16 4.64514488552336e-16 1142
0.1 2.766216431889223e-16 5.604036096049998e-16 1250
0.11 2.742938295032227e-16 6.954821105741891e-16 1458
0.12 3.185301264104676e-16 9.700248128125371e-16 1814
0.13 3.572459164665973e-16 1.247635302535466e-15 2178
0.14 3.890833717116951e-16 1.577035767399866e-15 2498
0.15 3.987564178604174e-16 1.756846286513059e-15 2622
0.16 4.680518341198025e-16 2.233510069828503e-15 3191
0.17 4.210331898088573e-16 2.283322321071754e-15 3044
0.18 3.700687887468873e-16 2.116405045608046e-15 2736
0.19 3.128021426988819e-16 1.785168334433387e-15 2276
0.2 3.162282492778215e-16 1.768347563288428e-15 2016
0.21 2.736973672049953e-16 1.490827608943892e-15 1640
0.22 1.838445779267495e-16 9.969034693418345e-16 1056
0.23 1.390525924837203e-16 6.896611624796111e-16 683
0.24 8.23114569318433e-17 3.74438276425574e-16 350
0.25 4.151591754292335e-17 2.018379282573801e-16 192
0.26 1.058657620503921e-17 4.77934488908084e-17 44
0.27 6.337604541178736e-18 2.941456586634846e-17 25


0.01 1.132589980475323e-18 3.052953003113277e-18 18
0.02 8.876053611331311e-18 1.442109133205458e-17 62
0.03 2.060053014038242e-17 4.721393306462159e-17 98
0.04 6.342583176129528e-17 1.009556070796159e-16 210
0.05 1.176354035235596e-16 2.266910029636129e-16 350
0.06 1.734654450479677e-16 3.022924168291677e-16 450
0.07 2.823847382576008e-16 2.982089768324442e-16 602
0.08 3.484600470324315e-16 3.953438504511846e-16 762
0.09 6.539303756952717e-16 5.204589826002769e-16 1142
0.1 7.882566086978494e-16 4.71273293959328e-16 1250
0.11 9.661622488594841e-16 4.473616385439908e-16 1458
0.12 1.372565877510905e-15 4.239398904090117e-16 1814
0.13 1.777323732039289e-15 3.993685023869615e-16 2178
0.14 2.250239874319492e-15 3.550404916717292e-16 2498
0.15 2.51670520595612e-15 2.984847391357402e-16 2622
0.16 3.229919092062346e-15 2.478248549068204e-16 3191
0.17 3.300237836745504e-15 1.389911459858968e-16 3044
0.18 3.067015645881706e-15 7.118233374129523e-17 2736
0.19 2.593479453826638e-15 5.355162244209576e-17 2276
0.2 2.575811314676674e-15 6.765034696315476e-17 2016
0.21 2.170878233085876e-15 7.814567793317448e-17 1640
0.22 1.446912768241943e-15 6.746972481790365e-17 1056
0.23 1.002665583169049e-15 6.909840248305322e-17 683
0.24 5.464876974730278e-16 4.911500228531446e-17 350
0.25 2.934481394918118e-16 2.506263633182689e-17 192
0.26 6.981946334113467e-17 6.348009508357191e-18 44
0.27 4.282277459588183e-17 3.498546592057304e-18 25


0.01 1.250047933728933e-18 7.632313591707032e-19 18
0.02 6.833554481653886e-18 5.092160828740155e-18 62
0.03 2.363115478398455e-17 1.094492788247419e-17 98
0.04 4.937256058781233e-17 3.517063137029414e-17 210
0.05 1.025088639583396e-16 6.879871172967983e-17 350
0.06 1.396991632162398e-16 9.881748162855307e-17 450
0.07 1.418018187167891e-16 1.587363011612075e-16 602
0.08 2.010567506868657e-16 1.867500136427607e-16 762
0.09 2.655571447434239e-16 3.55962580070759e-16 1142
0.1 2.616090531371626e-16 4.226808508723203e-16 1250
0.11 2.834355464055118e-16 5.073600070890119e-16 1458
0.12 3.012324764181092e-16 7.258622288317115e-16 1814
0.13 3.238352183618261e-16 9.420622184453549e-16 2178
0.14 3.521208126293492e-16 1.192050223305945e-15 2498
0.15 3.488211356025265e-16 1.338997219296671e-15 2622
0.16 3.816128486888238e-16 1.724136531446e-15 3191
0.17 3.554895030519085e-16 1.761589462017127e-15 3044
0.18 3.018792773606065e-16 1.646628573941654e-15 2736
0.19 2.458051659743871e-16 1.404094946923312e-15 2276
0.2 2.493700989724561e-16 1.39747053955053e-15 2016
0.21 2.184567740076414e-16 1.181266846644545e-15 1640
0.22 1.561941909603607e-16 7.873029651569537e-16 1056
0.23 1.121993987538288e-16 5.509299323349453e-16 683
0.24 6.28949133998861e-17 3.024298571084316e-16 350
0.25 3.644702477971635e-17 1.596035707687825e-16 192
0.26 8.016057994302114e-18 3.858436765709861e-17 44
0.27 4.710470213587812e-18 2.371909686160633e-17 25


0.01 1.665032948053653e-18 3.891066674119465e-18 18
0.02 7.669409979692187e-18 2.985853686620427e-17 62
0.03 2.310927236547861e-17 6.786749794034012e-17 98
0.04 5.169601158986059e-17 2.123407975149613e-16 210
0.05 1.157348795188858e-16 3.971908307445736e-16 350
0.06 1.509088538280966e-16 5.842381971842087e-16 450
0.07 1.556557928173112e-16 9.562412623814136e-16 602
0.08 1.891092080411595e-16 1.168955804333833e-15 762
0.09 2.614760354545999e-16 2.210755598509139e-15 1142
0.1 2.372684232255124e-16 2.662451950119565e-15 1250
0.11 2.194197246716457e-16 3.252896554326975e-15 1458
0.12 2.314821048126658e-16 4.638461226975689e-15 1814
0.13 2.42262487776567e-16 6.015911345120238e-15 2178
0.14 2.474676577590789e-16 7.62107899262802e-15 2498
0.15 2.494371349083094e-16 8.533647369142133e-15 2622
0.16 2.865938871641141e-16 1.097836761429011e-14 3191
0.17 2.588196486669235e-16 1.122240955893875e-14 3044
0.18 2.389643472449876e-16 1.044537188887607e-14 2736
0.19 2.234617571867893e-16 8.84414479296432e-15 2276
0.2 2.406885725571584e-16 8.797645732290658e-15 2016
0.21 2.192652155539658e-16 7.418826977038879e-15 1640
0.22 1.545273511042359e-16 4.946528447149794e-15 1056
0.23 1.238001607609602e-16 3.433976302514492e-15 683
0.24 7.536496794201606e-17 1.875211908681063e-15 350
0.25 3.671637711125417e-17 1.007144724940389e-15 192
0.26 9.519691227145444e-18 2.39913265548974e-16 44
0.27 5.592767196266492e-18 1.47081069893216e-16 25


0.01 2.461746898903693e-17 2.333882369626185e-17 18
0.02 1.798465505692411e-16 1.89746064506606e-16 62
0.03 3.961002339699198e-16 4.718861515460898e-16 98
0.04 1.266464274286132e-15 1.37101768227224e-15 210
0.05 2.414067141426959e-15 2.50027605999833e-15 350
0.06 3.524744046386771e-15 3.684494149387989e-15 450
0.07 5.771838075828616e-15 5.847081128316723e-15 602
0.08 6.930190810087469e-15 7.366808373209099e-15 762
0.09 1.322507466394802e-14 1.35235244132057e-14 1142
0.1 1.583221805980654e-14 1.624917518128916e-14 1250
0.11 1.915667484506939e-14 1.994888402850257e-14 1458
0.12 2.741000244364401e-14 2.814410348978002e-14 1814
0.13 3.555928622737353e-14 3.63240485540132e-14 2178
0.14 4.497413366042518e-14 4.591636307927141e-14 2498
0.15 5.036983273699928e-14 5.121373940349578e-14 2622
0.16 6.493426555116664e-14 6.577191037717047e-14 3191
0.17 6.624019747211727e-14 6.719755153090276e-14 3044
0.18 6.166847723557094e-14 6.232307384291368e-14 2736
0.19 5.224542084382085e-14 5.251034842634325e-14 2276
0.2 5.200159709068628e-14 5.222820370010472e-14 2016
0.21 4.384532802543261e-14 4.397484068465124e-14 1640
0.22 2.91854899443451e-14 2.931631859897126e-14 1056
0.23 2.029151861239904e-14 2.022371828187713e-14 683
0.24 1.110644370480697e-14 1.099853066657425e-14 350
0.25 5.946269557464108e-15 5.975818151847088e-15 192
0.26 1.421447642098412e-15 1.406701516136754e-15 44
0.27 8.704589028637471e-16 8.58267828332692e-16 25


0.01 1.800346728971714e-17 2.967026878396905e-17 18
0.02 1.453120314143418e-16 2.116963984564927e-16 62
0.03 3.529065988542267e-16 4.620167507026378e-16 98
0.04 1.045649052368091e-15 1.485189757077035e-15 210
0.05 1.913565866857407e-15 2.855806081853194e-15 350
0.06 2.81870026754125e-15 4.158046616571672e-15 450
0.07 4.521019800405694e-15 6.793200916721819e-15 602
0.08 5.643093381072808e-15 8.118176439191479e-15 762
0.09 1.044961948497769e-14 1.552701144549134e-14 1142
0.1 1.255618631128337e-14 1.856972379786466e-14 1250
0.11 1.537702735883294e-14 2.24357369369896e-14 1458
0.12 2.175829516225279e-14 3.214774824330307e-14 1814
0.13 2.810288902850567e-14 4.175060136778638e-14 2178
0.14 3.551221537312178e-14 5.285107826305214e-14 2498
0.15 3.961295880633018e-14 5.927733128456616e-14 2622
0.16 5.089020694277377e-14 7.650047250563402e-14 3191
0.17 5.192625245992042e-14 7.814122302627824e-14 3044
0.18 4.813051623721877e-14 7.290533648850867e-14 2736
0.19 4.053526903409063e-14 6.191396444309116e-14 2276
0.2 4.027633592543986e-14 6.171672955089256e-14 2016
0.21 3.388761282003412e-14 5.210361890591926e-14 1640
0.22 2.255319809703589e-14 3.473456667748232e-14 1056
0.23 1.554930847392793e-14 2.422346308856968e-14 683
0.24 8.454742712009482e-15 1.328687594570419e-14 350
0.25 4.581182123968692e-15 7.103234364376966e-15 192
0.26 1.080336892044784e-15 1.702513281634009e-15 44
0.27 6.591624797550143e-16 1.04364527948637e-15 25


0.01 1.702447740501329e-18 1.794209569124742e-18 18
0.02 9.455173835666327e-18 1.363838962065904e-17 62
0.03 3.198194927449752e-17 3.080192874505405e-17 98
0.04 6.571701994869398e-17 9.68435649702497e-17 210
0.05 1.289899741251388e-16 1.81663120338989e-16 350
0.06 1.687201699343525e-16 2.672050186282348e-16 450
0.07 1.677255138949948e-16 4.37622213244028e-16 602
0.08 2.245554168542587e-16 5.349450002655633e-16 762
0.09 2.840912128110799e-16 1.012579910081362e-15 1142
0.1 2.68725468575957e-16 1.22125261425634e-15 1250
0.11 2.811736929767295e-16 1.49491045544191e-15 1458
0.12 3.015336443441972e-16 2.13226028882877e-15 1814
0.13 3.294188790273917e-16 2.767531522092273e-15 2178
0.14 3.705672129609973e-16 3.509569515713887e-15 2498
0.15 3.835766802392178e-16 3.933019338314551e-15 2622
0.16 4.659191852997596e-16 5.057892724209866e-15 3191
0.17 4.698607930968024e-16 5.176305625480385e-15 3044
0.18 4.336816684601584e-16 4.822500393870845e-15 2736
0.19 3.744368977191775e-16 4.086954305694112e-15 2276
0.2 3.911235188409055e-16 4.065807801318045e-15 2016
0.21 3.396340525584169e-16 3.430245046160877e-15 1640
0.22 2.336649712902139e-16 2.289557951870788e-15 1056
0.23 1.629206913025718e-16 1.590493504842037e-15 683
0.24 8.967080556486892e-17 8.682255409952097e-16 350
0.25 4.97553680366034e-17 4.662838353422854e-16 192
0.26 1.088214207852879e-17 1.110663031825511e-16 44
0.27 5.971262514082018e-18 6.816246716225264e-17 25


0.01 1.572709210429056e-16 8.255381747980632e-16 18
0.02 1.173494113233363e-15 6.397113142899696e-15 62
0.03 2.613566280530271e-15 1.464524646973395e-14 98
0.04 8.301500182626204e-15 4.557364397692917e-14 210
0.05 1.57161835213589e-14 8.502459019408848e-14 350
0.06 2.303064144864182e-14 1.250431415430421e-13 450
0.07 3.779510785535551e-14 2.046568084593206e-13 602
0.08 4.569697737388045e-14 2.501471710662102e-13 762
0.09 8.709101240531535e-14 4.731871066131091e-13 1142
0.1 1.045927451503481e-13 5.690096562802393e-13 1250
0.11 1.270778509454285e-13 6.935391654126822e-13 1458
0.12 1.818705880348893e-13 9.896585608905594e-13 1814
0.13 2.36155371740744e-13 1.283113008116387e-12 2178
0.14 2.991123238507675e-13 1.623989069976425e-12 2498
0.15 3.351996415346827e-13 1.816773838327738e-12 2622
0.16 4.324267921388617e-13 2.341177484768493e-12 3191
0.17 4.418679999769319e-13 2.390352177084066e-12 3044
0.18 4.117944224403993e-13 2.222741701870474e-12 2736
0.19 3.490248950863631e-13 1.878699453105249e-12 2276
0.2 3.477837542982972e-13 1.869866716779076e-12 2016
0.21 2.933920748456478e-13 1.575407372686511e-12 1640
0.22 1.955719102653099e-13 1.049007222289584e-12 1056
0.23 1.360343480973298e-13 7.269886775523613e-13 683
0.24 7.44743018958971e-14 3.969854334184981e-13 350
0.25 3.999271378116848e-14 2.139476481054401e-13 192
0.26 9.543960718201032e-15 5.082701172953926e-14 44
0.27 5.844647075912143e-15 3.107463397460359e-14 25


0.01 1.096691355924382e-15 3.868099992257822e-17 18
0.02 8.472539542712611e-15 2.605474641401406e-16 62
0.03 1.934109469367761e-14 5.625698997587938e-16 98
0.04 6.029723980211043e-14 1.81722290899554e-15 210
0.05 1.125843962443477e-13 3.576910015262054e-15 350
0.06 1.654622679065143e-13 5.18311950777143e-15 450
0.07 2.70827945804688e-13 8.4136931617418e-15 602
0.08 3.305124634848766e-13 1.000291800914996e-14 762
0.09 6.253793178011061e-13 1.927782820694431e-14 1142
0.1 7.515030454820582e-13 2.31238028663436e-14 1250
0.11 9.151368721448305e-13 2.801458808487151e-14 1458
0.12 1.305576392224104e-12 4.047150766930771e-14 1814
0.13 1.692066972413549e-12 5.296436747228994e-14 2178
0.14 2.140515370026639e-12 6.757002312429575e-14 2498
0.15 2.393756704511282e-12 7.641858284220957e-14 2622
0.16 3.083373766053283e-12 9.940757377030053e-14 3191
0.17 3.146057239685087e-12 1.025754603659853e-13 3044
0.18 2.923649405483809e-12 9.691726713317919e-14 2736
0.19 2.469964503609036e-12 8.327933634031309e-14 2276
0.2 2.45683359272871e-12 8.384906744095064e-14 2016
0.21 2.069205473081329e-12 7.128164831260787e-14 1640
0.22 1.376909521533044e-12 4.799028924937344e-14 1056
0.23 9.536431706555939e-13 3.395587991159817e-14 683
0.24 5.205111950189624e-13 1.881941610322115e-14 350
0.25 2.803013500071881e-13 1.008038765943183e-14 192
0.26 6.659855824774227e-14 2.433199149815487e-15 44
0.27 4.071356266520093e-14 1.497047519054325e-15 25


0.01 8.899749483512326e-17 5.045089540948521e-16 18
0.02 7.094876947514311e-16 3.878180571464862e-15 62
0.03 1.679713850765048e-15 8.817897060700329e-15 98
0.04 5.063862894466731e-15 2.75995234265536e-14 210
0.05 9.286571442288625e-15 5.168340313661689e-14 350
0.06 1.361386268203185e-14 7.600132652868593e-14 450
0.07 2.197626136713995e-14 1.245995752010819e-13 602
0.08 2.703170158359166e-14 1.520106528883153e-13 762
0.09 5.032411245158836e-14 2.882860166488662e-13 1142
0.1 6.015306514251113e-14 3.468571887604779e-13 1250
0.11 7.306677206202398e-14 4.228085603023179e-13 1458
0.12 1.033540319117765e-13 6.041227765989315e-13 1814
0.13 1.331092161758654e-13 7.839931992521145e-13 2178
0.14 1.674636133249185e-13 9.930608162532115e-13 2498
0.15 1.861533402548527e-13 1.111981504430574e-12 2622
0.16 2.384764515554132e-13 1.434066966863237e-12 3191
0.17 2.41750965186119e-13 1.465549066004853e-12 3044
0.18 2.227172394284525e-13 1.364555772394191e-12 2736
0.19 1.865659181834542e-13 1.154856236976803e-12 2276
0.2 1.843147174221457e-13 1.150501878445145e-12 2016
0.21 1.544577547139317e-13 9.700307217491276e-13 1640
0.22 1.020559282239291e-13 6.465327698870365e-13 1056
0.23 6.986104126886466e-14 4.488252498954267e-13 683
0.24 3.780653213703758e-14 2.453802384607204e-13 350
0.25 2.036595713275374e-14 1.321977348560512e-13 192
0.26 4.80167123868016e-15 3.144485283501613e-14 44
0.27 2.923123901610016e-15 1.923675300911876e-14 25


0.01 1.28725714009154e-16 5.110419127977826e-15 18
0.02 9.527955605199422e-16 3.944820834948219e-14 62
0.03 2.115385957320157e-15 8.996464807903542e-14 98
0.04 6.755013067577468e-15 2.808309905363634e-13 210
0.05 1.287463880333804e-14 5.250300297032537e-13 350
0.06 1.892123423014412e-14 7.72018057764984e-13 450
0.07 3.116972452500523e-14 1.26486579672049e-12 602
0.08 3.780280098734659e-14 1.54409150676367e-12 762
0.09 7.247124651277447e-14 2.925499161182556e-12 1142
0.1 8.750300127829347e-14 3.518402752497914e-12 1250
0.11 1.068794683697161e-13 4.287436985752107e-12 1458
0.12 1.537712761381382e-13 6.12293692110988e-12 1814
0.13 2.006658683378447e-13 7.942392010084002e-12 2178
0.14 2.555020539010777e-13 1.005627975724873e-11 2498
0.15 2.876982125692793e-13 1.125497644529572e-11 2622
0.16 3.729597034202755e-13 1.451098577758424e-11 3191
0.17 3.83559198483064e-13 1.482148518702311e-11 3044
0.18 3.600479972681777e-13 1.37909414668093e-11 2736
0.19 3.070965155227262e-13 1.166370768914843e-11 2276
0.2 3.078824572361829e-13 1.161472309577169e-11 2016
0.21 2.607643824227283e-13 9.78901519140306e-12 1640
0.22 1.749008761107945e-13 6.520638889388236e-12 1056
0.23 1.226347692376064e-13 4.523000713936044e-12 683
0.24 6.752616596450131e-14 2.471497043234796e-12 350
0.25 3.63869115990544e-14 1.331758519681173e-12 192
0.26 8.705240011052252e-15 3.165757367547614e-13 44
0.27 5.341492453548286e-15 1.935875806948565e-13 25


0.01 2.392903100985354e-14 2.010881225661752e-14 18
0.02 1.844355472658586e-13 1.557082956026612e-13 62
0.03 4.200483872896154e-13 3.559618456360966e-13 98
0.04 1.312385103900027e-12 1.107724648109417e-12 210
0.05 2.454706247599889e-12 2.065672425872957e-12 350
0.06 3.608435789902421e-12 3.034202239280234e-12 450
0.07 5.912319444953024e-12 4.962278939711626e-12 602
0.08 7.212649217262434e-12 6.054373335909672e-12 762
0.09 1.366776953541824e-11 1.144361799097533e-11 1142
0.1 1.643354756156778e-11 1.373926013341683e-11 1250
0.11 2.001842960074173e-11 1.671643332098319e-11 1458
0.12 2.85869957295244e-11 2.382907338889694e-11 1814
0.13 3.707737152309621e-11 3.08590863532105e-11 2178
0.14 4.693793781883272e-11 3.900723651406272e-11 2498
0.15 5.252741474127414e-11 4.358760028225252e-11 2622
0.16 6.771321057996615e-11 5.61053894171945e-11 3191
0.17 6.914711549266513e-11 5.718712333175004e-11 3044
0.18 6.432732241851799e-11 5.308160943992929e-11 2736
0.19 5.439850070465198e-11 4.479671877027219e-11 2276
0.2 5.415912039153666e-11 4.451551357952955e-11 2016
0.21 4.564133096474802e-11 3.746677153873536e-11 1640
0.22 3.039633287399086e-11 2.490456747170745e-11 1056
0.23 2.108106232484272e-11 1.722521788178465e-11 683
0.24 1.151787090552764e-11 9.392272222680388e-12 350
0.25 6.204347009567603e-12 5.05590004472038e-12 192
0.26 1.475016286568199e-12 1.200476217695543e-12 44
0.27 9.019876898581574e-13 7.335441678303914e-13 25


0.01 1.604879331233191e-14 2.628538240217452e-14 18
0.02 1.241401607678371e-13 2.025163720604727e-13 62
0.03 2.834911078551426e-13 4.611959100831405e-13 98
0.04 8.82495442256366e-13 1.442343586930611e-12 210
0.05 1.645427146381887e-12 2.700955060906056e-12 350
0.06 2.415472700823188e-12 3.974111578740398e-12 450
0.07 3.948653824197447e-12 6.518702810055587e-12 602
0.08 4.813373021592594e-12 7.959978783261294e-12 762
0.09 9.093409945858119e-12 1.510512372506967e-11 1142
0.1 1.090952373321667e-11 1.818551475896049e-11 1250
0.11 1.326329949356114e-11 2.21802206224233e-11 1458
0.12 1.889488745225899e-11 3.171446778708834e-11 1814
0.13 2.445423079144536e-11 4.11822064080201e-11 2178
0.14 3.089101532286987e-11 5.219737060057318e-11 2498
0.15 3.449871582201192e-11 5.84778674170172e-11 2622
0.16 4.437522337379053e-11 7.547789805884679e-11 3191
0.17 4.519312839734397e-11 7.719268003387849e-11 3044
0.18 4.190963373835899e-11 7.193691010110426e-11 2736
0.19 3.534162498597197e-11 6.092335116306822e-11 2276
0.2 3.508882536579889e-11 6.07495989183974e-11 2016
0.21 2.951748668449136e-11 5.124449940595469e-11 1640
0.22 1.960414882207745e-11 3.417934565196229e-11 1056
0.23 1.354501687982428e-11 2.375158691280599e-11 683
0.24 7.379385163876934e-12 1.29968684106072e-11 350
0.25 3.969524043189949e-12 7.007818397736996e-12 192
0.26 9.423082841155944e-13 1.667111625194862e-12 44
0.27 5.756944079542453e-13 1.019883097418234e-12 25


0.01 1.600954279682798e-16 1.392178023583194e-15 18
0.02 1.264246150758085e-15 1.074596940497926e-14 62
0.03 2.944983479744381e-15 2.451051000439814e-14 98
0.04 8.837859151705993e-15 7.656546588536381e-14 210
0.05 1.59590285131731e-14 1.432749680670855e-13 350
0.06 2.294729242408517e-14 2.108521575183277e-13 450
0.07 3.640120379866707e-14 3.457556201496933e-13 602
0.08 4.364812971621031e-14 4.224851391102472e-13 762
0.09 7.943013478759091e-14 8.012581410335127e-13 1142
0.1 9.239922341351392e-14 9.646532235880295e-13 1250
0.11 1.091519082439937e-13 1.176706422595807e-12 1458
0.12 1.5059125657281e-13 1.681922953354783e-12 1814
0.13 1.892498068739101e-13 2.183461753368086e-12 2178
0.14 2.319265186564024e-13 2.766903791989762e-12 2498
0.15 2.51743166421716e-13 3.098884468874772e-12 2622
0.16 3.137120238261301e-13 3.99837228462241e-12 3191
0.17 3.070012241609491e-13 4.087750387599245e-12 3044
0.18 2.714756189773706e-13 3.807277147718235e-12 2736
0.19 2.194976091818134e-13 3.222550860860893e-12 2276
0.2 2.085857695032082e-13 3.211513369965058e-12 2016
0.21 1.7061594962892e-13 2.707927169362005e-12 1640
0.22 1.083107826646401e-13 1.805105997665388e-12 1056
0.23 7.032104772781597e-14 1.253133251013262e-12 683
0.24 3.648730193189575e-14 6.851139782526065e-13 350
0.25 1.907999327170897e-14 3.693362597033934e-13 192
0.26 4.423836283097671e-15 8.780505295701515e-14 44
0.27 2.660327188714848e-15 5.370062893557374e-14 25


0.01 1.754552130286709e-13 8.12744186939649e-13 18
0.02 1.354916111730709e-12 6.281716873547282e-12 62
0.03 3.088422374324556e-12 1.432641534661389e-11 98
0.04 9.648463794349782e-12 4.469817519274051e-11 210
0.05 1.805403619177004e-11 8.352610213241619e-11 350
0.06 2.655881197162369e-11 1.22767147012161e-10 450
0.07 4.354012297744057e-11 2.010357234807327e-10 602
0.08 5.317692930248659e-11 2.453394584416399e-10 762
0.09 1.00847818766262e-10 4.645987625156546e-10 1142
0.1 1.21355352973917e-10 5.583799298636325e-10 1250
0.11 1.479675893772397e-10 6.800292198121721e-10 1458
0.12 2.114877416688924e-10 9.707382864072259e-10 1814
0.13 2.745010664480277e-10 1.258537573414631e-09 2178
0.14 3.478366356032149e-10 1.592901847404341e-09 2498
0.15 3.895325857091579e-10 1.781927593984446e-09 2622
0.16 5.026152032402232e-10 2.296504964210658e-09 3191
0.17 5.137784859332737e-10 2.344121876701164e-09 3044
0.18 4.784749511225666e-10 2.179420260231312e-09 2736
0.19 4.050399626865154e-10 1.842278694340677e-09 2276
0.2 4.03677722106495e-10 1.833392594655966e-09 2016
0.21 3.404065743976313e-10 1.544610832045909e-09 1640
0.22 2.269370232422731e-10 1.028260040194377e-09 1056
0.23 1.576120194882204e-10 7.127876163550368e-10 683
0.24 8.617775654995817e-11 3.891729651485124e-10 350
0.25 4.646524320161809e-11 2.096549292456613e-10 192
0.26 1.104571970191762e-11 4.980746787053228e-11 44
0.27 6.755635180734342e-12 3.044965200878768e-11 25


0.01 1.045181879315718e-12 6.91339310997185e-14 18
0.02 8.076811258873892e-12 5.335663372045265e-13 62
0.03 1.841539162641035e-11 1.2173507789133e-12 98
0.04 5.744768997332959e-11 3.816879194601477e-12 210
0.05 1.073164709764942e-10 7.178064073511804e-12 350
0.06 1.57674465440542e-10 1.060677061618102e-11 450
0.07 2.580953442497249e-10 1.747813255047248e-11 602
0.08 3.148317669813336e-10 2.144871320218841e-11 762
0.09 5.959094492330349e-10 4.093543997252956e-11 1142
0.1 7.158300113026847e-10 4.956217120234049e-11 1250
0.11 8.713505954372377e-10 6.078272875521897e-11 1458
0.12 1.24325394863934e-09 8.738462556243386e-11 1814
0.13 1.611117925703499e-09 1.140386687670108e-10 2178
0.14 2.038215414763778e-09 1.453017654492626e-10 2498
0.15 2.27912594000034e-09 1.63541753368922e-10 2622
0.16 2.935833705653513e-09 2.122302450795113e-10 3191
0.17 2.994942196731296e-09 2.184382291566409e-10 3044
0.18 2.782623646702662e-09 2.05037331278739e-10 2736
0.19 2.350851020215074e-09 1.747136914064274e-10 2276
0.2 2.338055230719878e-09 1.753568318428214e-10 2016
0.21 1.969044005601739e-09 1.485088090480618e-10 1640
0.22 1.310032327108576e-09 9.96713732360865e-11 1056
0.23 9.074141382688126e-10 6.982968180787949e-11 683
0.24 4.951265723640104e-10 3.844564748522158e-11 350
0.25 2.666209075587015e-10 2.08202949351265e-11 192
0.26 6.3325232065029e-11 4.96367280967637e-12 44
0.27 3.87079187799557e-11 3.041206561751373e-12 25


0.01 7.276122087516844e-14 4.496834022748937e-13 18
0.02 5.625000508613645e-13 3.473614674810969e-12 62
0.03 1.281132756392592e-12 7.922892682839448e-12 98
0.04 3.980978782090873e-12 2.473470496079303e-11 210
0.05 7.396333689947012e-12 4.626226167438827e-11 350
0.06 1.08134416328661e-11 6.804567067447332e-11 450
0.07 1.760014793244812e-11 1.115323660042619e-10 602
0.08 2.135428079026571e-11 1.362033395472985e-10 762
0.09 4.013337554636011e-11 2.582054265857555e-10 1142
0.1 4.787783040314169e-11 3.106528367421389e-10 1250
0.11 5.789510907111431e-11 3.786769710911136e-10 1458
0.12 8.205524245795987e-11 5.41065517774407e-10 1814
0.13 1.056723034408521e-10 7.021237646222996e-10 2178
0.14 1.328343775109405e-10 8.893971176530892e-10 2498
0.15 1.476667687844948e-10 9.957523439652847e-10 2622
0.16 1.889394130727359e-10 1.28443801474878e-09 3191
0.17 1.911797387484374e-10 1.312533286329444e-09 3044
0.18 1.759581169471342e-10 1.221930125884565e-09 2736
0.19 1.47478167850259e-10 1.033945218286576e-09 2276
0.2 1.454225089836265e-10 1.030128436131655e-09 2016
0.21 1.218291593831404e-10 8.684594774884821e-10 1640
0.22 8.03845904196112e-11 5.787405859434889e-10 1056
0.23 5.50755422363057e-11 4.017077034090671e-10 683
0.24 2.979138318178972e-11 2.196004771691924e-10 350
0.25 1.595248389761421e-11 1.18372708932636e-10 192
0.26 3.775194813056803e-12 2.814061065819516e-11 44
0.27 2.302375094691936e-12 1.720892516941113e-11 25


0.01 2.001413194930934e-13 7.318461533600261e-12 18
0.02 1.553889712407747e-12 5.679167980481358e-11 62
0.03 3.547875207203153e-12 1.295378893686859e-10 98
0.04 1.110338852349385e-11 4.042337493171272e-10 210
0.05 2.083395660815254e-11 7.554325533398713e-10 350
0.06 3.075400464224073e-11 1.110905978289477e-09 450
0.07 5.0549903207751e-11 1.818470221617854e-09 602
0.08 6.202128706634519e-11 2.221802049989435e-09 762
0.09 1.180934487479325e-10 4.208606140931937e-09 1142
0.1 1.426494079591348e-10 5.058293860666519e-09 1250
0.11 1.746922411098945e-10 6.164379657001512e-09 1458
0.12 2.50731375979093e-10 8.804885659688389e-09 1814
0.13 3.265347171193979e-10 1.141628882481718e-08 2178
0.14 4.1560527512246e-10 1.446349563386362e-08 2498
0.15 4.669840276772594e-10 1.618468509808314e-08 2622
0.16 6.051405653246689e-10 2.087361604932002e-08 3191
0.17 6.214390992041236e-10 2.131577325936441e-08 3044
0.18 5.815373238507334e-10 1.982045949647196e-08 2736
0.19 4.946737040450174e-10 1.676893260621231e-08 2276
0.2 4.952931615086844e-10 1.669431606230704e-08 2016
0.21 4.18884368830851e-10 1.406978884427201e-08 1640
0.22 2.805798893606006e-10 9.372879472035547e-09 1056
0.23 1.961355223302763e-10 6.505493765760617e-09 683
0.24 1.075878541175473e-10 3.549274790653478e-09 350
0.25 5.822846650969375e-11 1.913924565494361e-09 192
0.26 1.384143412965811e-11 4.540159723976623e-10 44
0.27 8.471604108957811e-12 2.774940039458138e-10 25


0.01 2.518111481112095e-11 1.704143068237633e-11 18
0.02 1.95416142980971e-10 1.322052941538468e-10 62
0.03 4.456825092488098e-10 3.013643616274249e-10 98
0.04 1.390721908655118e-09 9.39532041756981e-10 210
0.05 2.598641080157409e-09 1.753154208568861e-09 350
0.06 3.820901317403565e-09 2.574216999974776e-09 450
0.07 6.253432056899362e-09 4.206859505035746e-09 602
0.08 7.639306697996681e-09 5.131184354256383e-09 762
0.09 1.446785288987854e-08 9.699767141865079e-09 1142
0.1 1.738517317259067e-08 1.163429083827495e-08 1250
0.11 2.118296080050976e-08 1.415037521478535e-08 1458
0.12 3.025126507510752e-08 2.017218204783951e-08 1814
0.13 3.921622714879058e-08 2.610745505302557e-08 2178
0.14 4.967589074282477e-08 3.30142073564385e-08 2498
0.15 5.557852457052744e-08 3.688032081375142e-08 2622
0.16 7.166759693340468e-08 4.747158111819878e-08 3191
0.17 7.316928104370063e-08 4.836353691310324e-08 3044
0.18 6.80180411784059e-08 4.484984771803575e-08 2736
0.19 5.753466866976989e-08 3.785908298054593e-08 2276
0.2 5.726501480779873e-08 3.759859086135027e-08 2016
0.21 4.825558614947607e-08 3.164066759869102e-08 1640
0.22 3.213954032966092e-08 2.102873119842259e-08 1056
0.23 2.230128672378625e-08 1.455102113989746e-08 683
0.24 1.216384101406872e-08 7.91965263539446e-09 350
0.25 6.558391020344834e-09 4.263747232837404e-09 192
0.26 1.555535566915856e-09 1.010471700207271e-09 44
0.27 9.506844329748132e-10 6.172242371057703e-10 25


0.01 1.423666978412524e-11 2.580754318141035e-11 18
0.02 1.105194230015212e-10 2.002033166973602e-10 62
0.03 2.518682926107751e-10 4.568035297377106e-10 98
0.04 7.850593097880496e-10 1.426274142704439e-09 210
0.05 1.464129415503625e-09 2.667733581527532e-09 350
0.06 2.148856846760286e-09 3.926091333337361e-09 450
0.07 3.509278632729411e-09 6.433208268685674e-09 602
0.08 4.278794369760408e-09 7.866703279065324e-09 762
0.09 8.082810714905184e-09 1.491848385926461e-08 1142
0.1 9.687484411620637e-09 1.795106279310176e-08 1250
0.11 1.177598236935641e-08 2.189936155662262e-08 1458
0.12 1.677726085301702e-08 3.131249252196224e-08 1814
0.13 2.169921666718873e-08 4.06410497725186e-08 2178
0.14 2.742653369195607e-08 5.153747107232002e-08 2498
0.15 3.062126961784149e-08 5.772459959405804e-08 2622
0.16 3.939217876261879e-08 7.452455144519551e-08 3191
0.17 4.010068155541609e-08 7.620017231888179e-08 3044
0.18 3.715000133175325e-08 7.096131406614461e-08 2736
0.19 3.13389881617375e-08 6.010707443651466e-08 2276
0.2 3.109680932341904e-08 5.991942334295458e-08 2016
0.21 2.615622470195394e-08 5.05391890298272e-08 1640
0.22 1.737098544051046e-08 3.37091821271231e-08 1056
0.23 1.200921795615808e-08 2.343317512983402e-08 683
0.24 6.528776574718285e-09 1.280281655560595e-08 350
0.25 3.513635168309402e-09 6.909521578916505e-09 192
0.26 8.320617763382249e-10 1.640117795308178e-09 44
0.27 5.081263860935978e-10 1.002859220217081e-09 25


0.01 1.358933759126905e-13 9.37210060969162e-13 18
0.02 1.064550371839594e-12 7.3870094418672e-12 62
0.03 2.401504929603256e-12 1.685701516861991e-11 98
0.04 7.385882928201005e-12 5.252232981144345e-11 210
0.05 1.343570261815485e-11 9.815841827512586e-11 350
0.06 1.925731564593458e-11 1.448505986009978e-10 450
0.07 3.052418853752953e-11 2.365842899371421e-10 602
0.08 3.633162740169667e-11 2.89930003221465e-10 762
0.09 6.627475422874812e-11 5.493984843196416e-10 1142
0.1 7.657129885768433e-11 6.606560961621833e-10 1250
0.11 9.012894814580575e-11 8.059732250808166e-10 1458
0.12 1.24154564013196e-10 1.153398818972066e-09 1814
0.13 1.552440427710803e-10 1.495172507675031e-09 2178
0.14 1.901983296312885e-10 1.89993616048857e-09 2498
0.15 2.059085514155813e-10 2.125727169279298e-09 2622
0.16 2.557029599703534e-10 2.747421730639735e-09 3191
0.17 2.487715454752662e-10 2.807792151684676e-09 3044
0.18 2.179883199987424e-10 2.61014259451772e-09 2736
0.19 1.761220026735292e-10 2.211700332828629e-09 2276
0.2 1.660380681525498e-10 2.202370677682598e-09 2016
0.21 1.354079032349669e-10 1.857867018773882e-09 1640
0.22 8.560788217653024e-11 1.239192404777116e-09 1056
0.23 5.547981580711031e-11 8.629438968821689e-10 683
0.24 2.828741401076328e-11 4.697617741518261e-10 350
0.25 1.473299326357068e-11 2.532376255993037e-10 192
0.26 3.367454954911054e-12 5.998499181334871e-11 44
0.27 2.026331119070479e-12 3.648747898412384e-11 25


0.01 2.171742796652083e-10 9.203712050168323e-10 18
0.02 1.699753947485204e-09 7.207488156011893e-09 62
0.03 3.877605751282597e-09 1.643527566943178e-08 98
0.04 1.206006146556294e-08 5.10952293052984e-08 210
0.05 2.255032780206511e-08 9.544444167460116e-08 350
0.06 3.326997603598151e-08 1.406859525020527e-07 450
0.07 5.439777044657391e-08 2.297606228058886e-07 602
0.08 6.646972400398676e-08 2.805275710786292e-07 762
0.09 1.259476821901792e-07 5.30875391573582e-07 1142
0.1 1.515670932376604e-07 6.38007238358676e-07 1250
0.11 1.845875763087155e-07 7.76178489044167e-07 1458
0.12 2.640012432098678e-07 1.108855377381341e-06 1814
0.13 3.423520602051934e-07 1.436290421029921e-06 2178
0.14 4.343827641006829e-07 1.820633274253488e-06 2498
0.15 4.85723747672469e-07 2.033832512754087e-06 2622
0.16 6.272168230137336e-07 2.623450948860206e-06 3191
0.17 6.409270677481767e-07 2.677075455209283e-06 3044
0.18 5.963683709190638e-07 2.486757915199415e-06 2736
0.19 5.046191188820533e-07 2.101673236697759e-06 2276
0.2 5.025747607153269e-07 2.090139405070868e-06 2016
0.21 4.240150929561036e-07 1.761900792617631e-06 1640
0.22 2.826063712302848e-07 1.172809718920151e-06 1056
0.23 1.965825756943389e-07 8.145052545095551e-07 683
0.24 1.074300355983803e-07 4.443423885096248e-07 350
0.25 5.774478078830011e-08 2.386744405079051e-07 192
0.26 1.376163417201729e-08 5.682070455237357e-08 44
0.27 8.361053788286473e-09 3.451007377920769e-08 25


0.01 1.070618666488316e-09 1.196950499127924e-10 18
0.02 8.390194305425551e-09 9.234221422275114e-10 62
0.03 1.912773205245365e-08 2.113374901952261e-09 98
0.04 5.945493069927482e-08 6.577712219440934e-09 210
0.05 1.110063651090144e-07 1.236984695703594e-08 350
0.06 1.635674155528047e-07 1.829715044837431e-08 450
0.07 2.669608563902771e-07 3.014599935566471e-08 602
0.08 3.258609120978431e-07 3.685465008810261e-08 762
0.09 6.162982741508154e-07 7.023130507558081e-08 1142
0.1 7.401908134452445e-07 8.507862682474273e-08 1250
0.11 9.000751477136396e-07 1.039840558205837e-07 1458
0.12 1.285225623223437e-06 1.492769012586357e-07 1814
0.13 1.663790512618143e-06 1.947165188097483e-07 2178
0.14 2.108226933946729e-06 2.474993356375482e-07 2498
0.15 2.354007583064138e-06 2.778634239059247e-07 2622
0.16 3.035033797945631e-06 3.599730715328513e-07 3191
0.17 3.095020452137512e-06 3.700232190208629e-07 3044
0.18 2.872549550699371e-06 3.471871107330922e-07 2736
0.19 2.426450442972054e-06 2.947800883402407e-07 2276
0.2 2.41142594592369e-06 2.953964463819501e-07 2016
0.21 2.031895917761385e-06 2.501079620925546e-07 1640
0.22 1.351736879643522e-06 1.673872887905505e-07 1056
0.23 9.381084171897331e-07 1.169236252068463e-07 683
0.24 5.112646301209668e-07 6.462764431803777e-08 350
0.25 2.745369356096682e-07 3.478699164191346e-08 192
0.26 6.531549303530809e-08 8.363029649103193e-09 44
0.27 3.965893205673358e-08 5.100536625240365e-09 25


