0.2 8.477416433902391e-18 1.809471862004988e-17 18
0.4 8.867982698214229e-17 2.573311175601334e-16 62
0.6 2.67313068033091e-16 5.4873744665703e-16 98
0.8 4.94338121690541e-16 1.606749430171194e-15 210
1 1.332577673625332e-15 4.216658141240933e-15 350
1.2 1.819569890281997e-15 7.622627412919156e-15 450
1.4 3.095182147585773e-15 1.434041896898374e-14 602
1.6 3.510836528988317e-15 1.970635174662365e-14 762
1.8 5.913951727829915e-15 3.353852699157797e-14 1142
2 6.683524058988677e-15 4.554594578800804e-14 1250
2.2 8.509155122687763e-15 5.946291977219951e-14 1458
2.4 1.039699284687315e-14 9.142712772314737e-14 1814
2.6 1.306179562619147e-14 1.242026625516596e-13 2178
2.8 1.489371339055158e-14 1.634748302579775e-13 2498
3 1.627180842676881e-14 1.851410479520537e-13 2622
3.2 2.154188818740075e-14 2.679164015461339e-13 3338
3.4 2.430643796958017e-14 3.394188286417875e-13 3722
3.6 2.694467508298986e-14 4.114846303649402e-13 4170
3.8 2.869031840726617e-14 4.730606044623904e-13 4358
4 3.40291471289685e-14 6.11131836019768e-13 5034
4.2 3.931830799739739e-14 7.953770681961739e-13 5714
4.4 4.062369428448974e-14 8.734044917236406e-13 5982
4.6 4.490565937127094e-14 1.085739599506973e-12 6602
4.8 4.772971511387954e-14 1.216415117835015e-12 7130
5 5.632365478613518e-14 1.511815725554751e-12 8034
5.2 5.895230195682051e-14 1.744543024867336e-12 8606
5.4 6.262367033362585e-14 1.925644879215618e-12 9066
5.6 6.761026866515741e-14 2.350193491562307e-12 9962
5.8 7.401164247796953e-14 2.709689137429013e-12 10550
6 7.863263552815553e-14 3.023304323464876e-12 11226
6.2 8.321115253858287e-14 3.492479407176959e-12 12146
6.4 8.782891915734769e-14 3.708650178323099e-12 12303
6.6 8.811391419362305e-14 3.909820139215202e-12 12584
6.8 8.351127258846372e-14 4.128656459430536e-12 12120
7 7.947357442014856e-14 3.974136789095625e-12 11180
7.2 7.887568213432328e-14 4.183356344051577e-12 11096
7.4 6.914499885637861e-14 3.934262875628029e-12 10056
7.6 6.869797949714884e-14 4.049976496111856e-12 9716
7.8 6.00842115067469e-14 3.773848472166698e-12 8604
8 6.039088674822554e-14 3.757462154719458e-12 8060
8.2 5.39007229918469e-14 3.598780213958484e-12 7320
8.4 4.517385722374398e-14 3.15328464127576e-12 6356
8.6 3.80268675682845e-14 2.838918449207827e-12 5348
8.8 3.011692084639216e-14 2.396419329812641e-12 4308
9 2.491225151626502e-14 1.997867320245323e-12 3563
9.2 1.798849529840802e-14 1.418734240644997e-12 2448
9.4 1.373847934681857e-14 1.169392863454292e-12 1868
9.6 9.752226589678264e-15 8.698760191956848e-13 1358
9.8 7.879527225158322e-15 7.232923070897435e-13 1062
10 5.357291477078841e-15 5.185400784325582e-13 776
10.2 2.978601461130492e-15 2.930789679312166e-13 432
10.4 1.130564286738387e-15 1.385448682071093e-13 200
10.6 1.241824873172643e-15 1.113520722823701e-13 168
10.8 3.451969062733084e-16 4.243343399650267e-14 56
11 2.758527543291426e-17 5.176109028478199e-16 7


0.2 1.008371960907989e-17 1.946411859857957e-17 18
0.4 1.380588470691162e-16 1.987774582316466e-16 62
0.6 2.689335788570242e-16 5.599783367901541e-16 98
0.8 7.468484708334929e-16 1.345966855406805e-15 210
1 1.765589350315658e-15 3.850755805008372e-15 350
1.2 2.738545784944401e-15 5.69934966905369e-15 450
1.4 4.493738140615356e-15 1.059796287617833e-14 602
1.6 5.187064162473426e-15 1.374989057932326e-14 762
1.8 7.562045367068837e-15 2.673178460522313e-14 1142
2 9.600777992810265e-15 3.177025625504533e-14 1250
2.2 1.094972254396341e-14 4.66060027402153e-14 1458
2.4 1.330316046381606e-14 7.153483853712643e-14 1814
2.6 1.600791628806284e-14 1.015489630957751e-13 2178
2.8 1.769143246325393e-14 1.374801153148958e-13 2498
3 1.893327157646421e-14 1.592510612396125e-13 2622
3.2 2.438636818225866e-14 2.36617623226615e-13 3338
3.4 2.76127203531825e-14 2.989942332387134e-13 3722
3.6 2.999486508997406e-14 3.697947810058991e-13 4170
3.8 3.188351256156632e-14 4.262403318261294e-13 4358
4 3.918344820346521e-14 5.317675181960458e-13 5034
4.2 4.599979133231903e-14 6.853948540771393e-13 5714
4.4 4.770709038228298e-14 7.501229616829275e-13 5982
4.6 5.729018885511194e-14 8.595830488392731e-13 6602
4.8 6.1218702192635e-14 9.584794949987504e-13 7130
5 7.416547812751415e-14 1.154771448966442e-12 8034
5.2 8.143554369779218e-14 1.274316360780486e-12 8606
5.4 8.593646880363156e-14 1.416096347748939e-12 9066
5.6 1.009205124465684e-13 1.599474961961816e-12 9962
5.8 1.116445393464594e-13 1.832040340106332e-12 10550
6 1.181419890322751e-13 2.070485761901492e-12 11226
6.2 1.312828922373456e-13 2.325623629216241e-12 12146
6.4 1.300002753364984e-13 2.639998917252574e-12 12303
6.6 1.275964653643349e-13 2.853478441870872e-12 12584
6.8 1.185413216960547e-13 3.121442753538353e-12 12120
7 1.058966796988166e-13 3.160936243489267e-12 11180
7.2 1.010165823612609e-13 3.456700587935492e-12 11096
7.4 8.45890293262159e-14 3.390193265680326e-12 10056
7.6 7.957096477184846e-14 3.634916056426383e-12 9716
7.8 6.680975910521691e-14 3.488115414999596e-12 8604
8 6.572933806166167e-14 3.519188237211458e-12 8060
8.2 5.841485399397739e-14 3.384622558061688e-12 7320
8.4 4.920456635221856e-14 2.955378517677352e-12 6356
8.6 4.139733496461854e-14 2.664040246826949e-12 5348
8.8 3.381400319127706e-14 2.208526591120982e-12 4308
9 2.866208904023448e-14 1.806722978073635e-12 3563
9.2 2.129412715768985e-14 1.253280143559711e-12 2448
9.4 1.718741077249205e-14 9.969183990509563e-13 1868
9.6 1.312145450050058e-14 7.013469203751513e-13 1358
9.8 1.07766911440272e-14 5.765406688842484e-13 1062
10 7.588690704818824e-15 4.039668092293051e-13 776
10.2 4.6260221351106e-15 2.084989106332534e-13 432
10.4 1.807499828597501e-15 1.030251334394194e-13 200
10.6 1.705078255732291e-15 8.717019534375849e-14 168
10.8 6.897902670092834e-16 2.461473061144951e-14 56
11 7.75842370657906e-18 1.533153513187025e-15 7


0.2 3.815189666615503e-17 1.173673598329806e-17 18
0.4 3.859469351026769e-16 1.013536722309586e-16 62
0.6 7.520207954760533e-16 2.860184316541328e-16 98
0.8 1.851891741243484e-15 4.430078984947426e-16 210
1 3.907059079260199e-15 1.457352038561933e-15 350
1.2 4.14998431097903e-15 3.576734767324374e-15 450
1.4 5.464340097134145e-15 8.883137787786204e-15 602
1.6 5.189596772700207e-15 1.393458178982653e-14 762
1.8 7.670354082649354e-15 2.680298222470872e-14 1142
2 7.732394273019599e-15 3.937991885236392e-14 1250
2.2 9.291456738944451e-15 5.437301639058149e-14 1458
2.4 1.289186948008065e-14 7.389177873539974e-14 1814
2.6 1.54919280695835e-14 1.048698360700635e-13 2178
2.8 1.780820746155024e-14 1.371393078811232e-13 2498
3 1.835203571760289e-14 1.640878883272006e-13 2622
3.2 2.424195181407109e-14 2.391695513916175e-13 3338
3.4 2.720962784938937e-14 3.031857275136166e-13 3722
3.6 2.980152626765751e-14 3.720096213877484e-13 4170
3.8 3.217969188546369e-14 4.22229260983019e-13 4358
4 4.002852249834155e-14 5.193260315488316e-13 5034
4.2 4.895462193979457e-14 6.413436856249622e-13 5714
4.4 5.069758858353568e-14 7.042343592084249e-13 5982
4.6 5.744075301756173e-14 8.605204944845845e-13 6602
4.8 5.958030994836149e-14 9.938361709331138e-13 7130
5 6.653980999678186e-14 1.307181776204343e-12 8034
5.2 6.966635087484909e-14 1.520185127957718e-12 8606
5.4 7.200010428939991e-14 1.713833542492227e-12 9066
5.6 7.88690568037805e-14 2.077696235647698e-12 9962
5.8 8.722273800505628e-14 2.369116543203035e-12 10550
6 9.71689664574396e-14 2.52692519007326e-12 11226
6.2 1.069242286536167e-13 2.850077820755802e-12 12146
6.4 1.148770882865483e-13 2.928796990889022e-12 12303
6.6 1.184163873901184e-13 3.003931371729896e-12 12584
6.8 1.230465823951715e-13 2.9115294565245e-12 12120
7 1.187594288051103e-13 2.752358242216413e-12 11180
7.2 1.197242826829187e-13 2.872972213501763e-12 11096
7.4 1.044018193374639e-13 2.766345454285742e-12 10056
7.6 9.775503798915831e-14 3.052971409436963e-12 9716
7.8 8.030262252637831e-14 3.04890461778988e-12 8604
8 7.642033527382464e-14 3.169187391687757e-12 8060
8.2 6.539315411913852e-14 3.152206104894148e-12 7320
8.4 5.446627547415239e-14 2.771212505522652e-12 6356
8.6 4.68080445764528e-14 2.464487265321336e-12 5348
8.8 3.853774195400781e-14 2.019138174140623e-12 4308
9 3.345597873606914e-14 1.598002585532067e-12 3563
9.2 2.550243096979461e-14 1.061551649663851e-12 2448
9.4 2.182488742740113e-14 7.819663857721123e-13 1868
9.6 1.677569620653866e-14 5.292816360568725e-13 1358
9.8 1.426199644139725e-14 4.089616539003147e-13 1062
10 1.018141489555256e-14 2.774917279669171e-13 776
10.2 5.761556643363801e-15 1.523628030703716e-13 432
10.4 2.707908593642004e-15 5.824523458911328e-14 200
10.6 2.181653889892526e-15 6.331455383014254e-14 168
10.8 8.148966741628455e-16 1.82751289071057e-14 56
11 1.21130896216107e-17 1.316975550008349e-15 7


0.2 1.510154088291088e-17 9.367646295417546e-17 18
0.4 1.067921528448905e-16 1.00924765836598e-15 62
0.6 2.002452405444277e-16 2.17250475843244e-15 98
0.8 1.986437068712288e-16 5.643102935320422e-15 210
1 4.629004387741121e-16 1.250571302587472e-14 350
1.2 1.13827857529865e-15 1.324058196832891e-14 450
1.4 2.666704115172681e-15 1.790099831734443e-14 602
1.6 3.505724254964413e-15 1.993222465577616e-14 762
1.8 5.889105393022159e-15 3.372078721825705e-14 1142
2 6.025170021920347e-15 5.064807680809121e-14 1250
2.2 7.504901282382894e-15 6.754511603980116e-14 1458
2.4 1.031538168683177e-14 9.223028045635244e-14 1814
2.6 1.281883539135038e-14 1.264915621983301e-13 2178
2.8 1.531841642912275e-14 1.59087706843849e-13 2498
3 1.586942000746554e-14 1.896276747904384e-13 2622
3.2 2.08077205438839e-14 2.778556071837771e-13 3338
3.4 2.455181926259178e-14 3.358645974918801e-13 3722
3.6 2.768925374418447e-14 4.00548126453165e-13 4170
3.8 3.047047225236396e-14 4.459166155725222e-13 4358
4 3.595875247351707e-14 5.801409053672605e-13 5034
4.2 4.325701765487506e-14 7.301755076387024e-13 5714
4.4 4.346840262338662e-14 8.265964595168241e-13 5982
4.6 4.664467383499567e-14 1.055499474010011e-12 6602
4.8 5.02889275452954e-14 1.164724370951025e-12 7130
5 6.240503247264347e-14 1.374719327987502e-12 8034
5.2 6.907391343669502e-14 1.507345769140522e-12 8606
5.4 7.310214463182523e-14 1.673780020877284e-12 9066
5.6 8.365168378860792e-14 1.960053818367744e-12 9962
5.8 9.117334154200543e-14 2.291881633838583e-12 10550
6 9.368406341548685e-14 2.656237141903841e-12 11226
6.2 1.026490990866441e-13 3.016368165862846e-12 12146
6.4 1.083745290281831e-13 3.169236654155694e-12 12303
6.6 1.079605487477099e-13 3.364712628279896e-12 12584
6.8 1.077656027573708e-13 3.369007415246586e-12 12120
7 9.889191892536406e-14 3.318627603701687e-12 11180
7.2 1.045270375708401e-13 3.300533605783806e-12 11096
7.4 9.782849541399366e-14 2.936660207962049e-12 10056
7.6 9.779068246492575e-14 3.024804755940209e-12 9716
7.8 8.357574826839357e-14 2.929280831711247e-12 8604
8 7.93048548743808e-14 3.073892614513487e-12 8060
8.2 6.792672838346483e-14 3.07522437077812e-12 7320
8.4 5.78623311223787e-14 2.649622311755756e-12 6356
8.6 5.168246491270301e-14 2.273346537350717e-12 5348
8.8 4.350389740597285e-14 1.809124055545085e-12 4308
9 3.763979349651141e-14 1.409273906143471e-12 3563
9.2 2.819183501663343e-14 9.317363691433916e-13 2448
9.4 2.345590758825084e-14 6.981152150078811e-13 1868
9.6 1.645086683505417e-14 5.403208189327302e-13 1358
9.8 1.301247729305358e-14 4.649247193272357e-13 1062
10 8.566360259589118e-15 3.549723563749721e-13 776
10.2 4.156892470594e-15 2.324847814638149e-13 432
10.4 1.964552157367964e-15 9.526316068233895e-14 200
10.6 1.636933459234636e-15 9.075273601746554e-14 168
10.8 4.303424672162192e-16 3.80027748117138e-14 56
11 3.11814389354832e-17 3.251204197257519e-16 7


0.2 4.233291898473187e-17 4.66516338978662e-17 18
0.4 4.19909768186035e-16 3.037744819442885e-16 62
0.6 8.495419693281824e-16 5.080559499947924e-16 98
0.8 1.723095870443943e-15 4.928469792774893e-16 210
1 2.899969717856957e-15 2.39879793922991e-15 350
1.2 2.164206148853051e-15 7.307759232628785e-15 450
1.4 2.778355490120596e-15 1.61265683487296e-14 602
1.6 3.62747098726635e-15 1.937170915487811e-14 762
1.8 6.23743792511134e-15 3.273549161526008e-14 1142
2 7.628907058805337e-15 3.978063189332377e-14 1250
2.2 9.114535503754308e-15 5.552233095119192e-14 1458
2.4 1.158930075741046e-14 8.248960057126693e-14 1814
2.6 1.43356256321553e-14 1.133571725285136e-13 2178
2.8 1.702699024971957e-14 1.426449126065428e-13 2498
3 1.760154847207872e-14 1.714586550776381e-13 2622
3.2 2.217524546620219e-14 2.597812119689187e-13 3338
3.4 2.715692446777365e-14 3.039474997409404e-13 3722
3.6 3.071533614646598e-14 3.612970707985063e-13 4170
3.8 3.248749325021318e-14 4.187366319731688e-13 4358
4 3.680764544029678e-14 5.669233639801332e-13 5034
4.2 4.224834285913822e-14 7.428186560632333e-13 5714
4.4 4.479335370451949e-14 7.961294717638396e-13 5982
4.6 5.464589940185814e-14 8.991049975694603e-13 6602
4.8 5.782339109697924e-14 1.016690448743501e-12 7130
5 6.583039470352922e-14 1.316885493763257e-12 8034
5.2 6.993771302071709e-14 1.513340358188807e-12 8606
5.4 7.602269530136432e-14 1.623107857797365e-12 9066
5.6 8.673282490857038e-14 1.899738734651529e-12 9962
5.8 9.648993014716107e-14 2.155296418841596e-12 10550
6 1.043253101105111e-13 2.372083631472307e-12 11226
6.2 1.130085614051742e-13 2.730634099806746e-12 12146
6.4 1.117192223042183e-13 3.06711379956022e-12 12303
6.6 1.103150665856533e-13 3.277380030577875e-12 12584
6.8 1.106872249814923e-13 3.305303598732309e-12 12120
7 1.026814182310451e-13 3.228170816957356e-12 11180
7.2 1.004483583417125e-13 3.434854289295069e-12 11096
7.4 9.162395752087191e-14 3.136084702241651e-12 10056
7.6 9.525706458451983e-14 3.10718349184927e-12 9716
7.8 8.617990697952274e-14 2.830692030125647e-12 8604
8 8.276977565754167e-14 2.939623016911951e-12 8060
8.2 7.268787036098889e-14 2.879496972449266e-12 7320
8.4 6.372884546681571e-14 2.405940215328828e-12 6356
8.6 5.798948330984038e-14 2.012234394717004e-12 5348
8.8 4.806131548624156e-14 1.619794422358091e-12 4308
9 3.863539587718657e-14 1.379437194482767e-12 3563
9.2 2.649356601108166e-14 1.022128418625866e-12 2448
9.4 1.970820068092211e-14 8.849326108901373e-13 1868
9.6 1.249514660221213e-14 7.354583746118508e-13 1358
9.8 8.67335112879682e-15 6.791383050294175e-13 1062
10 5.659938146592402e-15 4.999419989293778e-13 776
10.2 3.208987523239439e-15 2.79477920881989e-13 432
10.4 1.174702661580839e-15 1.351434656133394e-13 200
10.6 1.292064741331706e-15 1.081355742583726e-13 168
10.8 4.515789148954957e-16 3.667331144067568e-14 56
11 1.797824717480923e-17 1.021396470620583e-15 7


0.2 1.071055269591993e-16 9.184711711019571e-18 18
0.4 7.277901290045247e-16 3.992838679336838e-17 62
0.6 1.076386964637613e-15 1.563428221067449e-16 98
0.8 7.415094132831604e-16 1.428565087579607e-15 210
1 1.287786528426338e-15 5.112964314064438e-15 350
1.2 3.60743667487722e-15 5.694886621071803e-15 450
1.4 6.919418041050125e-15 7.061250366894267e-15 602
1.6 6.5356691108252e-15 1.062179378932361e-14 762
1.8 8.45515281755213e-15 2.375568984293852e-14 1142
2 9.847814958079623e-15 3.078259543200235e-14 1250
2.2 1.141140163487404e-14 4.438797957974852e-14 1458
2.4 1.317456855662851e-14 7.220059083033057e-14 1814
2.6 1.603908814018014e-14 1.009116901423509e-13 2178
2.8 1.952795739315003e-14 1.245478987083244e-13 2498
3 1.898983923265892e-14 1.58508880850143e-13 2622
3.2 2.414672401061753e-14 2.390190954319605e-13 3338
3.4 2.912615591336749e-14 2.830731357539192e-13 3722
3.6 3.261014973821572e-14 3.404091956727192e-13 4170
3.8 3.354456873170635e-14 4.063986327454109e-13 4358
4 3.943536477270494e-14 5.284164770712085e-13 5034
4.2 4.630965136535773e-14 6.782313752490554e-13 5714
4.4 4.8921063069337e-14 7.292000142997742e-13 5982
4.6 5.48839546123456e-14 9.042903160797843e-13 6602
4.8 5.753408987644154e-14 1.028513279730868e-12 7130
5 6.880967346643363e-14 1.255497988377011e-12 8034
5.2 7.579553631870802e-14 1.382108186620656e-12 8606
5.4 7.696788602125337e-14 1.602250323109468e-12 9066
5.6 8.565012780983953e-14 1.920904632021253e-12 9962
5.8 9.479280295581447e-14 2.196237588749005e-12 10550
6 1.019002847637691e-13 2.417526738911136e-12 11226
6.2 1.139713521612752e-13 2.690109333473438e-12 12146
6.4 1.178365570298068e-13 2.901867430755973e-12 12303
6.6 1.220594530491354e-13 2.971972232661537e-12 12584
6.8 1.139471727521191e-13 3.209030657346778e-12 12120
7 1.083084775558014e-13 3.066913960537135e-12 11180
7.2 1.071314194870259e-13 3.249283492505747e-12 11096
7.4 9.110912499545707e-14 3.150966442526041e-12 10056
7.6 8.940299547810801e-14 3.278941195747608e-12 9716
7.8 8.367533096504444e-14 2.899050597800048e-12 8604
8 8.169323682099569e-14 2.958537968177798e-12 8060
8.2 7.397740039135308e-14 2.818244813337906e-12 7320
8.4 6.617598524524821e-14 2.309582123125732e-12 6356
8.6 6.042438080638513e-14 1.925397944809884e-12 5348
8.8 4.821912394809213e-14 1.624939787990314e-12 4308
9 3.654472264978112e-14 1.483844475024936e-12 3563
9.2 2.348503054939081e-14 1.162346579165106e-12 2448
9.4 1.676526002258426e-14 1.020077848356725e-12 1868
9.6 1.152866505485085e-14 7.774292343681827e-13 1358
9.8 8.932896045602336e-15 6.626563192951985e-13 1062
10 7.103104413679488e-15 4.268339417295337e-13 776
10.2 4.785306910559389e-15 2.005902605457628e-13 432
10.4 2.050046436431754e-15 9.095765366117324e-14 200
10.6 1.906167884391856e-15 7.717893272175914e-14 168
10.8 8.036923350446792e-16 1.896321209153115e-14 56
11 5.867182594430624e-18 1.624561107401996e-15 7


0.2 1.009117393584038e-16 5.57644053632972e-17 18
0.4 4.351053789977902e-16 5.709502415760104e-16 62
0.6 3.74433224121034e-16 1.210837258222182e-15 98
0.8 7.001310106300519e-16 1.23110028476594e-15 210
1 3.154409207557427e-15 2.445585639671593e-15 350
1.2 3.295024489026087e-15 9.475588325860265e-15 450
1.4 2.676441582058271e-15 2.150022664514411e-14 602
1.6 3.171583628331673e-15 2.195711767651911e-14 762
1.8 6.123416618297359e-15 3.237728090292442e-14 1142
2 6.385188939895933e-15 4.759309984817342e-14 1250
2.2 8.299765930053776e-15 6.091706275867103e-14 1458
2.4 1.12310764976209e-14 8.506733044758562e-14 1814
2.6 1.38494155130331e-14 1.172918117523198e-13 2178
2.8 1.707882105662822e-14 1.423647153196057e-13 2498
3 1.655741322991205e-14 1.815972135111067e-13 2622
3.2 2.159219299648331e-14 2.678764873138162e-13 3338
3.4 2.620263610061829e-14 3.148933919562019e-13 3722
3.6 2.930890233267477e-14 3.795024494465811e-13 4170
3.8 3.006450123523841e-14 4.530976621482603e-13 4358
4 3.725881960689364e-14 5.584565841736844e-13 5034
4.2 4.502601029321231e-14 6.98731987789403e-13 5714
4.4 4.532742068524124e-14 7.916809631936692e-13 5982
4.6 5.146227727858121e-14 9.604913649584132e-13 6602
4.8 5.553057197949048e-14 1.059046166054457e-12 7130
5 6.504405010360433e-14 1.328023404254845e-12 8034
5.2 6.717789217709966e-14 1.562140408611098e-12 8606
5.4 7.385447697284326e-14 1.658298479976038e-12 9066
5.6 8.41348392770481e-14 1.950118959778679e-12 9962
5.8 9.261356850832784e-14 2.251823733826941e-12 10550
6 9.902828013415929e-14 2.509378160159025e-12 11226
6.2 1.06649699029157e-13 2.89764759312392e-12 12146
6.4 1.123203776485705e-13 3.047167553750905e-12 12303
6.6 1.112217608072953e-13 3.238378683874958e-12 12584
6.8 1.119293768090209e-13 3.275878308448377e-12 12120
7 1.032127181175327e-13 3.209310491644275e-12 11180
7.2 1.051529170381482e-13 3.299820374186949e-12 11096
7.4 9.37901661050395e-14 3.081855362464197e-12 10056
7.6 8.814198844317439e-14 3.340979682702548e-12 9716
7.8 7.785092366129889e-14 3.099384604333732e-12 8604
8 7.598841602387267e-14 3.153446621963888e-12 8060
8.2 6.98283578679663e-14 2.962001872591664e-12 7320
8.4 6.343392955678251e-14 2.401479249075436e-12 6356
8.6 5.716020796428349e-14 2.04214570619271e-12 5348
8.8 4.422339548985137e-14 1.788990448828089e-12 4308
9 3.307842785726515e-14 1.640776037958007e-12 3563
9.2 2.143578955795964e-14 1.25934447062609e-12 2448
9.4 1.668195570554834e-14 1.025724463937236e-12 1868
9.6 1.35925832529554e-14 6.794224974088222e-13 1358
9.8 1.238651794816142e-14 4.962828446241539e-13 1062
10 9.69364733988731e-15 2.981418363221779e-13 776
10.2 5.539589988085941e-15 1.616039025444162e-13 432
10.4 2.64154244159994e-15 6.052103019364075e-14 200
10.6 2.109597436546366e-15 6.636215300448918e-14 168
10.8 6.937002000131033e-16 2.423025817166357e-14 56
11 2.154652768550093e-17 8.369812750928166e-16 7


0.2 3.067246736358803e-17 2.598925235926168e-16 18
0.4 2.632049995244554e-16 9.891599057147333e-16 62
0.6 4.562695516655862e-16 7.32479234169178e-16 98
0.8 3.106820818589866e-16 2.796280168861516e-15 210
1 1.36471660911312e-15 9.436437422948962e-15 350
1.2 3.729440463771225e-15 5.84327036801865e-15 450
1.4 4.675573144333996e-15 1.020719045342754e-14 602
1.6 3.474002827844869e-15 2.029396488633808e-14 762
1.8 5.440378122266551e-15 3.662466731696659e-14 1142
2 6.040560038700622e-15 5.030327923119026e-14 1250
2.2 7.649535635551385e-15 6.629292246064248e-14 1458
2.4 1.080747753354249e-14 8.796390706144836e-14 1814
2.6 1.331283145149155e-14 1.216015234896807e-13 2178
2.8 1.644869287795999e-14 1.476879058132376e-13 2498
3 1.607784818113947e-14 1.873638521486561e-13 2622
3.2 2.058334315991753e-14 2.799127865699241e-13 3338
3.4 2.524624145624185e-14 3.27244529472522e-13 3722
3.6 2.772760947808071e-14 4.008073747252023e-13 4170
3.8 2.951246158510178e-14 4.609538930738792e-13 4358
4 3.583069273281889e-14 5.819604627524861e-13 5034
4.2 4.293984919425218e-14 7.353354232879712e-13 5714
4.4 4.483752063629859e-14 7.99893970047248e-13 5982
4.6 5.074843079731208e-14 9.717945052091612e-13 6602
4.8 5.294474409139993e-14 1.112015751558902e-12 7130
5 6.332173854142713e-14 1.360932163776672e-12 8034
5.2 7.106598133667968e-14 1.477401382876171e-12 8606
5.4 7.254221351523014e-14 1.702837870265596e-12 9066
5.6 8.296834699102805e-14 1.987572080460235e-12 9962
5.8 9.148936750499435e-14 2.278544531972212e-12 10550
6 9.830683126140182e-14 2.518382067674333e-12 11226
6.2 1.083163205777728e-13 2.848277634369801e-12 12146
6.4 1.110023695802555e-13 3.070947827357938e-12 12303
6.6 1.113568823635985e-13 3.25852461161954e-12 12584
6.8 1.059306762794927e-13 3.447659029431385e-12 12120
7 1.034585866073796e-13 3.216658162169505e-12 11180
7.2 1.034864162444949e-13 3.348919855651299e-12 11096
7.4 9.386492028610691e-14 3.075602527572905e-12 10056
7.6 9.157861858336742e-14 3.230688970958505e-12 9716
7.8 7.780130123152596e-14 3.106167539393601e-12 8604
8 7.565277256069127e-14 3.166159312747121e-12 8060
8.2 6.868510494853191e-14 3.003050776435427e-12 7320
8.4 6.184438592974861e-14 2.464225870899976e-12 6356
8.6 5.383183692698938e-14 2.181843068553677e-12 5348
8.8 4.039076668938397e-14 1.958448509083495e-12 4308
9 3.306421980569313e-14 1.638407916248092e-12 3563
9.2 2.344900040121041e-14 1.161630755406998e-12 2448
9.4 2.015410036709268e-14 8.563945380765403e-13 1868
9.6 1.599998201300572e-14 5.60418569634373e-13 1358
9.8 1.376412673141995e-14 4.278035955670879e-13 1062
10 8.489528810965862e-15 3.586897117747429e-13 776
10.2 3.757626327623867e-15 2.52744234175037e-13 432
10.4 1.58671265814348e-15 1.14768757718059e-13 200
10.6 1.377793618719576e-15 1.041748179810309e-13 168
10.8 3.346367253609579e-16 4.294986409906074e-14 56
11 2.94827106788801e-17 4.189027488023492e-16 7


0.2 1.688601660572662e-16 3.921546673197085e-18 18
0.4 6.111261953843995e-16 7.722926852570294e-17 62
0.6 3.911864150799985e-16 5.108360570443334e-16 98
0.8 1.289579360995477e-15 8.310486060823974e-16 210
1 3.264287112719433e-15 2.63012577412759e-15 350
1.2 1.386402133913487e-15 1.090432861802528e-14 450
1.4 4.183655855864702e-15 1.492310235236417e-14 602
1.6 5.904801247309621e-15 1.241964750275826e-14 762
1.8 7.688619114646229e-15 2.592470944219445e-14 1142
2 9.26105320054166e-15 3.275506545246707e-14 1250
2.2 1.010245443595065e-14 5.016370169654535e-14 1458
2.4 1.358252928861552e-14 7.014773742426503e-14 1814
2.6 1.640477095401039e-14 9.877708521863015e-14 2178
2.8 1.943626427961223e-14 1.252492208799644e-13 2498
3 1.862183319051998e-14 1.61753827601637e-13 2622
3.2 2.362317181259158e-14 2.439331796690211e-13 3338
3.4 2.842945517635263e-14 2.909190105451151e-13 3722
3.6 3.091535919504261e-14 3.594622426031253e-13 4170
3.8 3.353185790737532e-14 4.056666983144562e-13 4358
4 3.900676643192009e-14 5.352764636891065e-13 5034
4.2 4.598500273485537e-14 6.852362482972939e-13 5714
4.4 4.841426470121026e-14 7.378021242361795e-13 5982
4.6 5.361832627416278e-14 9.231112155607746e-13 6602
4.8 5.810318883837722e-14 1.013380122704889e-12 7130
5 6.84454209393878e-14 1.264828666218562e-12 8034
5.2 7.163827155998617e-14 1.46831822856885e-12 8606
5.4 7.730591327527648e-14 1.590297875482852e-12 9066
5.6 8.595152187343419e-14 1.91053400276113e-12 9962
5.8 9.63205107556273e-14 2.159076948673462e-12 10550
6 1.021991170630831e-13 2.421069364294043e-12 11226
6.2 1.133157427209889e-13 2.710079500502779e-12 12146
6.4 1.18539107775106e-13 2.885387976776822e-12 12303
6.6 1.161221554676317e-13 3.106820684924016e-12 12584
6.8 1.137098056163643e-13 3.218925625962232e-12 12120
7 1.033082790889447e-13 3.213848322457363e-12 11180
7.2 1.082118908032534e-13 3.213511580080777e-12 11096
7.4 9.554378390135232e-14 3.016885742837457e-12 10056
7.6 9.800735004835303e-14 3.021991033890706e-12 9716
7.8 8.308080245417969e-14 2.919562243417782e-12 8604
8 8.137827102063059e-14 2.956991263405876e-12 8060
8.2 7.132447868353186e-14 2.893079322047983e-12 7320
8.4 6.252792177745316e-14 2.438646996448337e-12 6356
8.6 5.322434287886354e-14 2.204516631885259e-12 5348
8.8 4.058756192436965e-14 1.939380940299284e-12 4308
9 3.665294907266935e-14 1.471304456469988e-12 3563
9.2 2.659322235234624e-14 1.01709204192275e-12 2448
9.4 2.173543313988134e-14 7.876976203131312e-13 1868
9.6 1.463991455271499e-14 6.311223751785664e-13 1358
9.8 1.067894736335411e-14 5.815889312856766e-13 1062
10 6.048531501607244e-15 4.786460983494554e-13 776
10.2 3.446752687041132e-15 2.663745460210564e-13 432
10.4 1.333068133513465e-15 1.264134994465116e-13 200
10.6 1.445097502596091e-15 1.00028188871629e-13 168
10.8 6.097128895560494e-16 2.861097625679577e-14 56
11 9.665704348166684e-18 1.437053741812185e-15 7


0.2 1.811173800800551e-16 5.032703654375441e-18 18
0.4 3.208925794121354e-16 1.949837061056947e-16 62
0.6 3.475277967842502e-16 4.959007284560642e-16 98
0.8 1.68744413352188e-15 6.024323440981799e-16 210
1 1.68072779797667e-15 4.327512829463181e-15 350
1.2 5.962057101056193e-15 3.125244008181234e-15 450
1.4 7.93033552682313e-15 8.212461624679539e-15 602
1.6 4.695149104214891e-15 1.608173566924693e-14 762
1.8 7.657791418199427e-15 2.617696119767495e-14 1142
2 8.521579700447925e-15 3.560606746472403e-14 1250
2.2 1.036173928348563e-14 4.915768305333455e-14 1458
2.4 1.239294069989782e-14 7.675400317093234e-14 1814
2.6 1.560792828103507e-14 1.039043938853575e-13 2178
2.8 1.795486140139619e-14 1.354454849174136e-13 2498
3 1.779566382678769e-14 1.688783063071796e-13 2622
3.2 2.302473359494636e-14 2.505379727594537e-13 3338
3.4 2.766894303186169e-14 2.988772596515241e-13 3722
3.6 3.036814235397247e-14 3.657606420173454e-13 4170
3.8 3.307161119405383e-14 4.113064938972192e-13 4358
4 3.880433982631016e-14 5.371078215136117e-13 5034
4.2 4.55807935267324e-14 6.905217958149497e-13 5714
4.4 4.581013045163947e-14 7.796499533203911e-13 5982
4.6 5.51909205037694e-14 8.930487901464556e-13 6602
4.8 5.750778981665321e-14 1.026501293952669e-12 7130
5 6.751555139084041e-14 1.280816533869077e-12 8034
5.2 7.280621417278894e-14 1.440137946483843e-12 8606
5.4 7.578980073278595e-14 1.621438630357897e-12 9066
5.6 8.680115307600427e-14 1.896583021578445e-12 9962
5.8 9.427702595342728e-14 2.214056913657507e-12 10550
6 1.033297850799143e-13 2.400840726830517e-12 11226
6.2 1.11894970836791e-13 2.765181464414033e-12 12146
6.4 1.138668392806578e-13 3.010250468967126e-12 12303
6.6 1.186121331844363e-13 3.061031457656642e-12 12584
6.8 1.149224342929699e-13 3.180631638021783e-12 12120
7 1.036130470447037e-13 3.205426804142029e-12 11180
7.2 1.034928448187727e-13 3.356159976219849e-12 11096
7.4 9.294879621227221e-14 3.098758436668099e-12 10056
7.6 9.296271238459954e-14 3.177107990804143e-12 9716
7.8 8.374633232007913e-14 2.897069367725886e-12 8604
8 8.412878896173989e-14 2.869267996410359e-12 8060
8.2 7.321480430984822e-14 2.836716881233376e-12 7320
8.4 6.206162495989896e-14 2.464240648574921e-12 6356
8.6 5.239056190424114e-14 2.239244432739896e-12 5348
8.8 4.115103753891229e-14 1.914974150751665e-12 4308
9 3.801236088080695e-14 1.407830830119054e-12 3563
9.2 2.654405212242004e-14 1.020664766073853e-12 2448
9.4 1.996612836972855e-14 8.715646308693767e-13 1868
9.6 1.22452970263124e-14 7.454657453828024e-13 1358
9.8 8.776306283365589e-15 6.727973789448658e-13 1062
10 6.811685248754036e-15 4.416224615112112e-13 776
10.2 4.921305463325633e-15 1.934968506551799e-13 432
10.4 2.25560168571249e-15 8.055173163420595e-14 200
10.6 2.056321435289332e-15 6.949191639346268e-14 168
10.8 8.380275928176465e-16 1.707876219070081e-14 56
11 9.691486914905951e-18 1.440050717576213e-15 7


0.2 4.896592545648214e-18 4.324951714575167e-16 18
0.4 4.940688097550933e-17 7.429484927029914e-16 62
0.6 2.218370135030857e-16 1.101348247451581e-15 98
0.8 2.010558847296545e-16 4.770383459702832e-15 210
1 1.21655023665826e-15 6.388844337154756e-15 350
1.2 6.598983485268676e-16 2.478647794812637e-14 450
1.4 3.264402406931477e-15 2.204525534330542e-14 602
1.6 3.868431662134631e-15 1.814687316414417e-14 762
1.8 5.464672341522546e-15 3.638556898914479e-14 1142
2 6.007028330806646e-15 5.072059543375091e-14 1250
2.2 8.162546541952484e-15 6.209027560026181e-14 1458
2.4 1.001005620552514e-14 9.49675950385414e-14 1814
2.6 1.294294447749154e-14 1.252783048690865e-13 2178
2.8 1.520462565719121e-14 1.602768701987244e-13 2498
3 1.547741612877084e-14 1.940961364420257e-13 2622
3.2 2.02993408683617e-14 2.839117618187361e-13 3338
3.4 2.476078922852398e-14 3.33617061510388e-13 3722
3.6 2.761556552860053e-14 4.01853818301603e-13 4170
3.8 2.975885656921602e-14 4.574700156493701e-13 4358
4 3.569659315573218e-14 5.831283204688169e-13 5034
4.2 4.228667580790153e-14 7.451675064966552e-13 5714
4.4 4.349458998720347e-14 8.233288044986655e-13 5982
4.6 4.900556555906321e-14 1.008877335027881e-12 6602
4.8 5.302628990240563e-14 1.109781624961124e-12 7130
5 6.23145548139331e-14 1.382937238824902e-12 8034
5.2 6.73706883564085e-14 1.561837928651564e-12 8606
5.4 7.173343461056008e-14 1.718316496771887e-12 9066
5.6 8.172044378623682e-14 2.014499324192444e-12 9962
5.8 9.144990762474565e-14 2.279396553471345e-12 10550
6 9.670682268801988e-14 2.559301818020769e-12 11226
6.2 1.055770637513926e-13 2.919159053861601e-12 12146
6.4 1.089708066032592e-13 3.141452624685753e-12 12303
6.6 1.072763922457866e-13 3.361043860199808e-12 12584
6.8 1.072918280615723e-13 3.395880145240064e-12 12120
7 1.040228231926235e-13 3.194524140215663e-12 11180
7.2 9.859581835000442e-14 3.517854492678979e-12 11096
7.4 8.977596570558245e-14 3.211289923069312e-12 10056
7.6 8.603531496296206e-14 3.420291907697212e-12 9716
7.8 8.011262726257292e-14 3.020854265842513e-12 8604
8 8.135480117999692e-14 2.962184032163508e-12 8060
8.2 7.215219899070663e-14 2.886683312462516e-12 7320
8.4 6.031606733358566e-14 2.54214825716809e-12 6356
8.6 5.168767846394522e-14 2.274379455813623e-12 5348
8.8 4.184772909734577e-14 1.887166950985573e-12 4308
9 3.627692139816384e-14 1.481848545261484e-12 3563
9.2 2.415955823672161e-14 1.132700280525071e-12 2448
9.4 1.740115921023279e-14 9.951526179469522e-13 1868
9.6 1.231162145104273e-14 7.45450218136085e-13 1358
9.8 1.084717158258718e-14 5.727485447432952e-13 1062
10 9.411793708669117e-15 3.104870713606437e-13 776
10.2 5.23487463157823e-15 1.760210345508187e-13 432
10.4 2.424662211415278e-15 7.102683739065971e-14 200
10.6 1.893111545696598e-15 7.724630921501184e-14 168
10.8 4.968977745999758e-16 3.44797195114752e-14 56
11 3.012113375475321e-17 3.808756862479222e-16 7


0.2 1.627364265501456e-16 2.243327464947392e-17 18
0.4 2.355749316977762e-16 1.494168234007284e-16 62
0.6 4.617225484196887e-16 6.542700285532394e-16 98
0.8 1.290678249687207e-15 8.171822271581633e-16 210
1 2.082581559233176e-15 3.803741304196593e-15 350
1.2 4.91873003025179e-15 4.921039675912716e-15 450
1.4 2.387075583058125e-15 2.290712749526464e-14 602
1.6 3.963083230901295e-15 1.857595572164374e-14 762
1.8 6.16599939112738e-15 3.258296251008377e-14 1142
2 6.987670410390526e-15 4.358695167480497e-14 1250
2.2 9.184295740991969e-15 5.582694863717267e-14 1458
2.4 1.152233874512546e-14 8.26791131885904e-14 1814
2.6 1.460736455212041e-14 1.11573491975435e-13 2178
2.8 1.712088640800923e-14 1.432908190075093e-13 2498
3 1.734827972770742e-14 1.737152972304079e-13 2622
3.2 2.267532574852938e-14 2.55009937632445e-13 3338
3.4 2.728217939506799e-14 3.026799751478614e-13 3722
3.6 3.012693669559812e-14 3.685880173447582e-13 4170
3.8 3.14700817822291e-14 4.324751172795139e-13 4358
4 3.734298528455449e-14 5.586273185557088e-13 5034
4.2 4.512790669499677e-14 6.988749878742099e-13 5714
4.4 4.824385623493711e-14 7.42062706705427e-13 5982
4.6 5.339427272730858e-14 9.253914932057412e-13 6602
4.8 5.569581117553098e-14 1.057399363779096e-12 7130
5 6.616122983274595e-14 1.305888968238131e-12 8034
5.2 7.217834551582258e-14 1.455066906240173e-12 8606
5.4 7.584219289954896e-14 1.621364262642103e-12 9066
5.6 8.492224038059015e-14 1.937623286253866e-12 9962
5.8 9.359578062572031e-14 2.221918803461222e-12 10550
6 1.000600163898031e-13 2.475036829106492e-12 11226
6.2 1.117872362592587e-13 2.754991425275557e-12 12146
6.4 1.148193980257557e-13 2.976109433542895e-12 12303
6.6 1.157628586785436e-13 3.132742720371258e-12 12584
6.8 1.137222567482685e-13 3.22243714268688e-12 12120
7 1.054562507761715e-13 3.143846071254348e-12 11180
7.2 1.054172398208826e-13 3.298411015345564e-12 11096
7.4 9.327037872179512e-14 3.090965760135747e-12 10056
7.6 8.849781431580913e-14 3.327921289135567e-12 9716
7.8 8.173140259561447e-14 2.955740173712931e-12 8604
8 8.205864320907515e-14 2.932729779505925e-12 8060
8.2 7.454482007615444e-14 2.798133952438828e-12 7320
8.4 6.246305203286213e-14 2.458034992203073e-12 6356
8.6 5.482631802009844e-14 2.146991067268933e-12 5348
8.8 4.454136162940482e-14 1.773271385456273e-12 4308
9 3.435706522526574e-14 1.575887929326412e-12 3563
9.2 2.377593099888186e-14 1.150393566702154e-12 2448
9.4 1.847780278855505e-14 9.391318029830583e-13 1868
9.6 1.558208843575817e-14 5.855428977403944e-13 1358
9.8 1.359067514732129e-14 4.395190011205596e-13 1062
10 8.618804764641029e-15 3.533148420405628e-13 776
10.2 3.570578690841013e-15 2.611251208239384e-13 432
10.4 1.383765346871227e-15 1.244989472470003e-13 200
10.6 1.278067585974678e-15 1.087423792310136e-13 168
10.8 3.87684161979631e-16 3.989599138087084e-14 56
11 2.098661033277781e-17 8.678843065861971e-16 7


0.2 1.663747332276024e-16 4.18004914161144e-18 18
0.4 1.903892524778699e-16 1.818084271734808e-16 62
0.6 1.008625932923112e-15 1.938107516363456e-16 98
0.8 6.865846194708165e-16 1.503574187633472e-15 210
1 2.891311211157497e-15 2.611635034552682e-15 350
1.2 2.275370739971414e-15 1.083964830623993e-14 450
1.4 9.949531617673998e-15 6.762267968046433e-15 602
1.6 6.275138873657681e-15 1.141680049155904e-14 762
1.8 8.843977873545962e-15 2.252857101293298e-14 1142
2 9.921401188449264e-15 3.070103309665877e-14 1250
2.2 1.026414550866576e-14 4.951917694146621e-14 1458
2.4 1.350650332893776e-14 7.055962089642418e-14 1814
2.6 1.567863412110981e-14 1.033510350026718e-13 2178
2.8 1.770212776504574e-14 1.373119867256743e-13 2498
3 1.858534927364607e-14 1.616630317973448e-13 2622
3.2 2.419949389827045e-14 2.382822529225491e-13 3338
3.4 2.917315818389882e-14 2.828654303370019e-13 3722
3.6 3.182567938845526e-14 3.489994366891646e-13 4170
3.8 3.306604072740287e-14 4.115036972295381e-13 4358
4 3.929294595188283e-14 5.314626378291281e-13 5034
4.2 4.704071901670305e-14 6.702395263883145e-13 5714
4.4 4.791030918754182e-14 7.479973357473694e-13 5982
4.6 5.59243009200557e-14 8.828248756463564e-13 6602
4.8 5.870459080047048e-14 1.004028771451494e-12 7130
5 7.013357615062118e-14 1.235243120144685e-12 8034
5.2 7.253457111711622e-14 1.448601333824278e-12 8606
5.4 7.703192658011806e-14 1.597021360247596e-12 9066
5.6 8.779401526221706e-14 1.875221019695039e-12 9962
5.8 9.659875674605322e-14 2.165068977986026e-12 10550
6 1.046359222272231e-13 2.374023005092775e-12 11226
6.2 1.136365890579395e-13 2.719384822714326e-12 12146
6.4 1.184803766526159e-13 2.885439092886119e-12 12303
6.6 1.188983727721855e-13 3.037674296834748e-12 12584
6.8 1.132255264876635e-13 3.215419516520823e-12 12120
7 1.057680589054589e-13 3.138513518295252e-12 11180
7.2 1.092707443510849e-13 3.181137236114512e-12 11096
7.4 9.675398854542049e-14 2.975893528027136e-12 10056
7.6 9.340313121305342e-14 3.168392271071802e-12 9716
7.8 8.437537744339964e-14 2.863215205056691e-12 8604
8 8.081182937134816e-14 2.966437483687517e-12 8060
8.2 7.498519047131696e-14 2.778231133897299e-12 7320
8.4 6.363076773616955e-14 2.411092883056977e-12 6356
8.6 5.695368002132298e-14 2.068813111603183e-12 5348
8.8 4.58485350392897e-14 1.727051329316642e-12 4308
9 3.393644590905866e-14 1.598026318213389e-12 3563
9.2 2.493969646629955e-14 1.094293708094396e-12 2448
9.4 2.018415622910608e-14 8.591539469743288e-13 1868
9.6 1.620355843179147e-14 5.587399149988059e-13 1358
9.8 1.223014432197236e-14 5.082223058147381e-13 1062
10 6.424777906704055e-15 4.603115020046865e-13 776
10.2 3.618188992230843e-15 2.576994879921373e-13 432
10.4 1.524492416770846e-15 1.168155580284685e-13 200
10.6 1.626607075310242e-15 9.095417492237251e-14 168
10.8 7.500636908297964e-16 2.161647181065131e-14 56
11 5.864648796329822e-18 1.625146003480717e-15 7


0.2 6.508167626175473e-17 1.427873529762466e-16 18
0.4 2.338296161502487e-16 1.824897041003542e-16 62
0.6 6.256260863608809e-16 1.107055458318661e-15 98
0.8 1.043873810793606e-15 1.055920662586266e-15 210
1 1.766507361685678e-15 5.559208982584524e-15 350
1.2 5.084050784657639e-15 7.409734227902225e-15 450
1.4 2.616704174813109e-15 3.230638165982706e-14 602
1.6 3.361219689464204e-15 2.082368512168726e-14 762
1.8 5.723836556613289e-15 3.467442258908203e-14 1142
2 7.006509930196247e-15 4.332687022917683e-14 1250
2.2 8.607502556358298e-15 5.937980053462217e-14 1458
2.4 1.135069469779341e-14 8.394878270839607e-14 1814
2.6 1.322914500528887e-14 1.227996555774684e-13 2178
2.8 1.487968247827352e-14 1.630534425906757e-13 2498
3 1.622304326973903e-14 1.852432571723232e-13 2622
3.2 2.147052201914337e-14 2.685696294381343e-13 3338
3.4 2.619422924470297e-14 3.151257628777065e-13 3722
3.6 2.871685862675934e-14 3.86969393374277e-13 4170
3.8 3.035899120063848e-14 4.481232573387669e-13 4358
4 3.72243444530916e-14 5.598773923758528e-13 5034
4.2 4.343266593539656e-14 7.259435603834023e-13 5714
4.4 4.362130448464081e-14 8.193198472293325e-13 5982
4.6 5.008918703381151e-14 9.866692188530876e-13 6602
4.8 5.468733237648531e-14 1.077825509215452e-12 7130
5 6.372683879988195e-14 1.352578797901749e-12 8034
5.2 7.037932022301461e-14 1.49273519651974e-12 8606
5.4 7.342293912722818e-14 1.676473520677433e-12 9066
5.6 8.416757919075446e-14 1.956780256410448e-12 9962
5.8 9.412122248383586e-14 2.212260804180616e-12 10550
6 9.874477772369966e-14 2.504445796175594e-12 11226
6.2 1.088518021189122e-13 2.828897932663283e-12 12146
6.4 1.10995155763754e-13 3.079440989228254e-12 12303
6.6 1.114022144863973e-13 3.250065874257908e-12 12584
6.8 1.131342640115414e-13 3.233497910401158e-12 12120
7 1.02546863154209e-13 3.240541441373803e-12 11180
7.2 1.022289504183279e-13 3.394390088319022e-12 11096
7.4 9.426515593253148e-14 3.053306706521698e-12 10056
7.6 9.205438995878337e-14 3.214193926153291e-12 9716
7.8 8.386229929870322e-14 2.882933507459498e-12 8604
8 7.848258604863019e-14 3.056331496476102e-12 8060
8.2 7.1147755207886e-14 2.917257064628876e-12 7320
8.4 6.108295330480903e-14 2.503193978000527e-12 6356
8.6 5.520002281627264e-14 2.130695457503031e-12 5348
8.8 4.413602222531437e-14 1.797324070776122e-12 4308
9 3.367768444313702e-14 1.610757638831967e-12 3563
9.2 2.512033252438241e-14 1.08130530365414e-12 2448
9.4 2.019638302986245e-14 8.585257596174424e-13 1868
9.6 1.37367207984942e-14 6.74966273506672e-13 1358
9.8 9.603808027778652e-15 6.368500281946654e-13 1062
10 6.710196321643073e-15 4.48372896868786e-13 776
10.2 5.067800868486499e-15 1.852265914533071e-13 432
10.4 2.422367582895519e-15 7.149310233922251e-14 200
10.6 2.124804824773897e-15 6.545507317760191e-14 168
10.8 7.609143520254177e-16 2.071765876844072e-14 56
11 1.86388158278073e-17 9.879118127206696e-16 7


0.2 6.032317576494737e-17 1.36139337020978e-16 18
0.4 8.259023611219556e-17 6.831047906416594e-16 62
0.6 5.009518997781406e-16 1.377601102693286e-15 98
0.8 4.574308476127036e-16 3.28489482943511e-15 210
1 1.787872959786107e-15 5.12106202542719e-15 350
1.2 4.026776437630654e-15 1.101806484304163e-14 450
1.4 6.475743378290608e-15 1.122378574450149e-14 602
1.6 3.324352784780639e-15 2.111474151340145e-14 762
1.8 5.32378252299892e-15 3.74241787458129e-14 1142
2 6.244317143897339e-15 4.907525889928179e-14 1250
2.2 8.456042592122977e-15 5.995238397613245e-14 1458
2.4 1.097868962081927e-14 8.670213698717725e-14 1814
2.6 1.286253619079066e-14 1.259840472378956e-13 2178
2.8 1.455035569047912e-14 1.670912418282254e-13 2498
3 1.591482754913477e-14 1.889989077930137e-13 2622
3.2 2.146798846088846e-14 2.696690234480151e-13 3338
3.4 2.526840877927559e-14 3.264427137865319e-13 3722
3.6 2.803549716701938e-14 3.962380934934637e-13 4170
3.8 3.033854301938646e-14 4.488074970469579e-13 4358
4 3.650526472153825e-14 5.699686827213221e-13 5034
4.2 4.304717765957054e-14 7.321572035846929e-13 5714
4.4 4.564807692021168e-14 7.831008315813153e-13 5982
4.6 5.173199653886194e-14 9.534427644144742e-13 6602
4.8 5.377909812947147e-14 1.09490926023685e-12 7130
5 6.336837093391741e-14 1.362528727821969e-12 8034
5.2 6.814141222741152e-14 1.542909340202989e-12 8606
5.4 7.345841594843636e-14 1.674197469365196e-12 9066
5.6 8.090044488127088e-14 2.032081115557978e-12 9962
5.8 8.904430484288369e-14 2.339729308254944e-12 10550
6 9.857183264381105e-14 2.514097055915445e-12 11226
6.2 1.082303167454974e-13 2.854389225485657e-12 12146
6.4 1.11262789748464e-13 3.079066464550655e-12 12303
6.6 1.10307116459954e-13 3.276633230565852e-12 12584
6.8 1.092293400269653e-13 3.34253662358099e-12 12120
7 1.018138110140917e-13 3.262335828278052e-12 11180
7.2 1.012060024739431e-13 3.433866944550412e-12 11096
7.4 9.302611391852834e-14 3.096090029233202e-12 10056
7.6 9.08024305204287e-14 3.254025835346815e-12 9716
7.8 8.406043382180543e-14 2.87633192796815e-12 8604
8 7.91666876058036e-14 3.035393118254196e-12 8060
8.2 7.047941555445591e-14 2.940946863691979e-12 7320
8.4 6.025049253574021e-14 2.53339898088339e-12 6356
8.6 5.472205545783225e-14 2.146891419634129e-12 5348
8.8 4.295759839042543e-14 1.84838122530662e-12 4308
9 3.587110216869065e-14 1.506202945288585e-12 3563
9.2 2.403138986435269e-14 1.132457173389806e-12 2448
9.4 1.939453521556317e-14 8.989741796109618e-13 1868
9.6 1.178883061009124e-14 7.696988185564202e-13 1358
9.8 1.047101246967007e-14 5.927032988003278e-13 1062
10 9.322328617324468e-15 3.162220709060398e-13 776
10.2 4.923743875816095e-15 1.924386497108644e-13 432
10.4 2.108471526426444e-15 8.763101345631477e-14 200
10.6 1.618936930209618e-15 9.155943529096733e-14 168
10.8 3.502322354833007e-16 4.20892120798451e-14 56
11 3.08943286779455e-17 3.463620899250089e-16 7


0.2 1.079438038147816e-16 9.976751777449689e-18 18
0.4 4.202150492473131e-16 1.097270553139704e-16 62
0.6 8.142666197909706e-16 3.136728444710984e-16 98
0.8 1.538738327814327e-15 6.612222119618793e-16 210
1 2.042405221252177e-15 3.748778144627635e-15 350
1.2 2.658832633350103e-15 1.105870001709102e-14 450
1.4 5.510656560890717e-15 1.959354819859545e-14 602
1.6 5.922285504033836e-15 1.220564078384783e-14 762
1.8 8.152437213370516e-15 2.448407916900806e-14 1142
2 8.437900531303245e-15 3.603006668736392e-14 1250
2.2 1.079703833521938e-14 4.712127786501104e-14 1458
2.4 1.33725782149372e-14 7.134753029134082e-14 1814
2.6 1.590321903400357e-14 1.02007938587017e-13 2178
2.8 1.716152655294309e-14 1.414614753575238e-13 2498
3 1.84564863023116e-14 1.629257529575191e-13 2622
3.2 2.466894903484534e-14 2.34626852258516e-13 3338
3.4 2.824128987263537e-14 2.92277780254719e-13 3722
3.6 3.136045212650413e-14 3.542523402034644e-13 4170
3.8 3.37336375034248e-14 4.035561395567039e-13 4358
4 3.850420523540302e-14 5.408887246174249e-13 5034
4.2 4.686383210430196e-14 6.723198869025788e-13 5714
4.4 4.807947937309912e-14 7.455492956990227e-13 5982
4.6 5.443791199748047e-14 9.095718025740958e-13 6602
4.8 5.82010844443058e-14 1.011766169919939e-12 7130
5 6.984732685017842e-14 1.239260946833959e-12 8034
5.2 7.351123959140155e-14 1.427600649456465e-12 8606
5.4 7.621364055921639e-14 1.614376876986952e-12 9066
5.6 8.883367678793623e-14 1.853350015241353e-12 9962
5.8 9.870852833103336e-14 2.115585859505722e-12 10550
6 1.029196620982786e-13 2.411036466268969e-12 11226
6.2 1.108396278340457e-13 2.780712340671572e-12 12146
6.4 1.160164274720218e-13 2.947899156764487e-12 12303
6.6 1.194123700212953e-13 3.037299389143094e-12 12584
6.8 1.123370929135239e-13 3.262685999940704e-12 12120
7 1.061011638015675e-13 3.133114416923144e-12 11180
7.2 1.06033019195963e-13 3.283688211953162e-12 11096
7.4 9.511269586915699e-14 3.026637289426344e-12 10056
7.6 9.335368391070225e-14 3.16140317563022e-12 9716
7.8 8.689240043242335e-14 2.785045579837016e-12 8604
8 8.413167009970364e-14 2.862819704802062e-12 8060
8.2 7.328012229866552e-14 2.827967391598861e-12 7320
8.4 6.166766297998358e-14 2.472214583561215e-12 6356
8.6 5.522914708911221e-14 2.121335568375097e-12 5348
8.8 4.378125318714327e-14 1.81100006674945e-12 4308
9 3.804641942552652e-14 1.412482679072755e-12 3563
9.2 2.32549715942616e-14 1.169621685355009e-12 2448
9.4 1.956647775275479e-14 8.904715246347173e-13 1868
9.6 1.354997382104975e-14 6.810958569524665e-13 1358
9.8 1.295866837206263e-14 4.715745219490013e-13 1062
10 8.848863006262037e-15 3.432345069936009e-13 776
10.2 3.516773881283212e-15 2.628443611938558e-13 432
10.4 1.328746714479305e-15 1.266354420262811e-13 200
10.6 1.307022275773054e-15 1.068266642052148e-13 168
10.8 5.233050907963033e-16 3.290879381975403e-14 56
11 1.209312992158648e-17 1.315422505127771e-15 7


0.2 5.913067403108284e-17 2.50699773595957e-17 18
0.4 5.717896786376958e-16 6.755108218541215e-17 62
0.6 3.658901745158594e-16 5.566948994164238e-16 98
0.8 1.191084004400005e-15 1.080989071086089e-15 210
1 2.787141335533899e-15 2.755357092789734e-15 350
1.2 5.164128963751365e-15 5.724768371668163e-15 450
1.4 1.074207243549099e-14 1.117285511892158e-14 602
1.6 4.546721882118134e-15 1.619640798495055e-14 762
1.8 7.316821767657258e-15 2.740092295053752e-14 1142
2 8.846568636934557e-15 3.457887963960687e-14 1250
2.2 9.365003893032592e-15 5.433705526579799e-14 1458
2.4 1.2037438454782e-14 7.909738124251535e-14 1814
2.6 1.554519922713871e-14 1.045106695986646e-13 2178
2.8 1.694062551170865e-14 1.445180527726519e-13 2498
3 1.767654835468409e-14 1.701789456220557e-13 2622
3.2 2.350919266874993e-14 2.455006419293507e-13 3338
3.4 2.722307282877693e-14 3.036014728388004e-13 3722
3.6 3.047461585365877e-14 3.645123122860836e-13 4170
3.8 3.269914846147005e-14 4.163998916669282e-13 4358
4 3.725745257620249e-14 5.591128336916641e-13 5034
4.2 4.538543378746803e-14 6.945786207994252e-13 5714
4.4 4.612201389337596e-14 7.775574601081337e-13 5982
4.6 5.347107740682001e-14 9.243399511513157e-13 6602
4.8 5.633703996796974e-14 1.045261480560729e-12 7130
5 6.639477285631175e-14 1.300873319596658e-12 8034
5.2 7.21595052083706e-14 1.459433839229458e-12 8606
5.4 7.67422497375129e-14 1.602571106162979e-12 9066
5.6 8.606100101971355e-14 1.915846907795045e-12 9962
5.8 9.371904026066121e-14 2.218987269398177e-12 10550
6 1.015700575674119e-13 2.436493681595283e-12 11226
6.2 1.158285748427905e-13 2.656462541545417e-12 12146
6.4 1.158148402512928e-13 2.954590420059853e-12 12303
6.6 1.136633198318273e-13 3.176570873213032e-12 12584
6.8 1.121050090629532e-13 3.259555297740394e-12 12120
7 1.045906942330079e-13 3.17619406481121e-12 11180
7.2 1.043758441949715e-13 3.332550644608271e-12 11096
7.4 9.387976886892845e-14 3.06464928024074e-12 10056
7.6 9.259457433818228e-14 3.188254172801006e-12 9716
7.8 8.356194343235762e-14 2.896071766694045e-12 8604
8 8.393817440906986e-14 2.868259123724117e-12 8060
8.2 7.38801875294087e-14 2.810096848720243e-12 7320
8.4 6.147399260825228e-14 2.485234365837111e-12 6356
8.6 5.359764050514262e-14 2.178503235488037e-12 5348
8.8 4.326286730672321e-14 1.828814849442785e-12 4308
9 3.708569272912788e-14 1.452450123129274e-12 3563
9.2 2.290535418147401e-14 1.187644297579402e-12 2448
9.4 1.95422245892984e-14 8.893222236718715e-13 1868
9.6 1.516944225769371e-14 6.047601108309889e-13 1358
9.8 1.254725797023828e-14 4.912493276924335e-13 1062
10 6.724491791367173e-15 4.471161755963992e-13 776
10.2 3.752040269637076e-15 2.515685206032569e-13 432
10.4 1.741643580474094e-15 1.062249649013459e-13 200
10.6 1.81450382138717e-15 8.155283188471286e-14 168
10.8 8.326495490151796e-16 1.731141967753246e-14 56
11 7.763829785086845e-18 1.538930457767669e-15 7


0.2 5.098682217118742e-18 1.365144822761736e-16 18
0.4 3.498316164418037e-17 1.520697392356688e-15 62
0.6 1.852287034180908e-16 9.66444736999585e-16 98
0.8 3.471988417520889e-16 3.299616238477868e-15 210
1 8.177221841115927e-16 9.958902298258723e-15 350
1.2 1.045463371327443e-15 2.488003607909861e-14 450
1.4 4.847850549282561e-15 2.707605780435583e-14 602
1.6 3.738666994935808e-15 1.873209315237781e-14 762
1.8 5.369501954728872e-15 3.71844545257887e-14 1142
2 6.601939712137925e-15 4.626366055872938e-14 1250
2.2 7.63330942013857e-15 6.656587152424073e-14 1458
2.4 1.001796354105356e-14 9.491701294380339e-14 1814
2.6 1.318215773422468e-14 1.228148620086378e-13 2178
2.8 1.471607542640102e-14 1.657911429056862e-13 2498
3 1.545808275989937e-14 1.943613587869011e-13 2622
3.2 2.116867628311608e-14 2.731067981692003e-13 3338
3.4 2.413360603122995e-14 3.420418968828261e-13 3722
3.6 2.760649241510353e-14 4.02299301539081e-13 4170
3.8 2.923357507543752e-14 4.654204178803651e-13 4358
4 3.587026391268021e-14 5.808788882178827e-13 5034
4.2 4.206442303106049e-14 7.494080749577548e-13 5714
4.4 4.481974099911265e-14 7.975954439371778e-13 5982
4.6 5.011065137086539e-14 9.84115220610375e-13 6602
4.8 5.35617432507278e-14 1.100947277627237e-12 7130
5 6.226938317642676e-14 1.383191227315395e-12 8034
5.2 6.807976886169224e-14 1.542162814804985e-12 8606
5.4 7.217407076194845e-14 1.706977766695749e-12 9066
5.6 8.055493602029012e-14 2.041061525659743e-12 9962
5.8 8.997213760873209e-14 2.321051456042765e-12 10550
6 9.751908902881668e-14 2.538031899025386e-12 11226
6.2 1.034899552174825e-13 2.974392801473985e-12 12146
6.4 1.10504679762867e-13 3.087010281495179e-12 12303
6.6 1.125618755370277e-13 3.218286086969411e-12 12584
6.8 1.107914766757829e-13 3.298599058772092e-12 12120
7 1.008839523612429e-13 3.294729366197438e-12 11180
7.2 1.005745991494781e-13 3.459020855393107e-12 11096
7.4 9.201819105844124e-14 3.12878316280939e-12 10056
7.6 8.987013051588363e-14 3.285648672170606e-12 9716
7.8 7.882917028646667e-14 3.069342201929354e-12 8604
8 7.95750280249196e-14 3.02326810199898e-12 8060
8.2 7.255688395878717e-14 2.861155154660359e-12 7320
8.4 5.993193706477688e-14 2.555080807220639e-12 6356
8.6 5.171992961902409e-14 2.258115111691254e-12 5348
8.8 4.252710009296159e-14 1.85936587933925e-12 4308
9 3.410853699362849e-14 1.586238153757306e-12 3563
9.2 2.438589769014447e-14 1.119826961933118e-12 2448
9.4 1.87089944415587e-14 9.277325799170724e-13 1868
9.6 1.483152140702427e-14 6.205411807261362e-13 1358
9.8 1.000002700500206e-14 6.177411288335737e-13 1062
10 6.824900991645848e-15 4.438373090588264e-13 776
10.2 5.216367038031182e-15 1.768787213285396e-13 432
10.4 2.49129902664694e-15 6.740296310372328e-14 200
10.6 2.057489540394366e-15 6.855271625124319e-14 168
10.8 5.751001109069696e-16 3.033131414012161e-14 56
11 2.854388061050673e-17 4.645437267755188e-16 7


0.2 4.767508660716369e-17 1.32665579481524e-17 18
0.4 5.574848904618142e-16 1.279246209202308e-16 62
0.6 3.202347271078846e-16 5.714785078056905e-16 98
0.8 9.331672526821812e-16 1.248390106095935e-15 210
1 2.672436443123512e-15 3.124592269120488e-15 350
1.2 5.59159002345033e-15 4.985956088599569e-15 450
1.4 2.793491707382521e-15 3.182480758691086e-14 602
1.6 4.123710094631602e-15 1.773062185806189e-14 762
1.8 6.347986679190667e-15 3.162929519390235e-14 1142
2 7.255661092235763e-15 4.257708870463023e-14 1250
2.2 9.277196545274195e-15 5.478287905328805e-14 1458
2.4 1.187351362268145e-14 8.011709787500097e-14 1814
2.6 1.515436551400074e-14 1.069090656831744e-13 2178
2.8 1.676064447118848e-14 1.452610051141685e-13 2498
3 1.742878945874472e-14 1.726984982091618e-13 2622
3.2 2.406532385404552e-14 2.409929343290369e-13 3338
3.4 2.67631770619884e-14 3.088410532527312e-13 3722
3.6 3.022016927678604e-14 3.677636324492714e-13 4170
3.8 3.149615907043752e-14 4.322289592641257e-13 4358
4 3.925495231865792e-14 5.302480098346627e-13 5034
4.2 4.565290844878948e-14 6.904845045564864e-13 5714
4.4 4.60339492740476e-14 7.76674105357403e-13 5982
4.6 5.239927358648019e-14 9.447832389188294e-13 6602
4.8 5.635434338229941e-14 1.043216021054339e-12 7130
5 6.741962407120579e-14 1.284113952046947e-12 8034
5.2 7.112626913923332e-14 1.477693111866853e-12 8606
5.4 7.405467515668935e-14 1.659200785477536e-12 9066
5.6 8.715745978690591e-14 1.886949156047305e-12 9962
5.8 9.487639648167793e-14 2.194031335684229e-12 10550
6 1.007623957508018e-13 2.460108555674441e-12 11226
6.2 1.106482289367918e-13 2.796525876350259e-12 12146
6.4 1.149100081938632e-13 2.982784230951177e-12 12303
6.6 1.141095654026721e-13 3.164513524076652e-12 12584
6.8 1.127122305872269e-13 3.238335146603755e-12 12120
7 1.038256882773289e-13 3.197492003655612e-12 11180
7.2 1.041644680067965e-13 3.340442954830193e-12 11096
7.4 9.618267561706704e-14 2.994014665497145e-12 10056
7.6 9.305017762828307e-14 3.173310584109128e-12 9716
7.8 8.026578103248935e-14 3.015270428731683e-12 8604
8 8.018202706302874e-14 2.998091135345972e-12 8060
8.2 7.51834006104942e-14 2.760252715167425e-12 7320
8.4 6.21966238865779e-14 2.466842413328502e-12 6356
8.6 5.285050437499502e-14 2.213083351283502e-12 5348
8.8 4.430402579517107e-14 1.7847206595644e-12 4308
9 3.376772522544099e-14 1.601137604128567e-12 3563
9.2 2.71367196059829e-14 9.941127878032644e-13 2448
9.4 1.865407029570634e-14 9.310372632495689e-13 1868
9.6 1.355905730857518e-14 6.842373441655028e-13 1358
9.8 1.034416190182469e-14 5.981181543672142e-13 1062
10 9.229419505625567e-15 3.231599434741326e-13 776
10.2 4.718184701275418e-15 2.036305817511753e-13 432
10.4 1.830820063097839e-15 1.019082824622845e-13 200
10.6 1.424050237862468e-15 1.012840123063833e-13 168
10.8 3.435076856975123e-16 4.209725191958055e-14 56
11 2.392024951653046e-17 7.191797668360797e-16 7


0.2 3.639154989588772e-17 1.769991146236741e-17 18
0.4 5.535529785672017e-16 9.342277051267575e-17 62
0.6 6.263798909148827e-16 3.803577114639705e-16 98
0.8 1.076509517465009e-15 1.125914718189253e-15 210
1 2.373628176404019e-15 3.590181239201019e-15 350
1.2 2.685188226496053e-15 1.099172810952234e-14 450
1.4 1.396706180898497e-14 8.237750156412249e-15 602
1.6 6.129748708452264e-15 1.157936341578749e-14 762
1.8 8.913687661516869e-15 2.224740954211805e-14 1142
2 9.224499843641601e-15 3.346638322660618e-14 1250
2.2 1.106093458220254e-14 4.579363975982693e-14 1458
2.4 1.380737161888262e-14 6.899147898186097e-14 1814
2.6 1.648862802183421e-14 9.808818505465213e-14 2178
2.8 1.901192295040979e-14 1.286172022954803e-13 2498
3 1.870437102032713e-14 1.607876809878588e-13 2622
3.2 2.538729882177018e-14 2.277143268928604e-13 3338
3.4 2.84512602169584e-14 2.901880069553864e-13 3722
3.6 3.182676159864454e-14 3.491282575619638e-13 4170
3.8 3.326585637410923e-14 4.091653265050256e-13 4358
4 3.956251770535066e-14 5.274783826714956e-13 5034
4.2 4.704303719356754e-14 6.70162255139893e-13 5714
4.4 4.6783019794123e-14 7.647152950917292e-13 5982
4.6 5.629137895034606e-14 8.772303971045438e-13 6602
4.8 5.653838752597209e-14 1.040405076546259e-12 7130
5 6.827451495543578e-14 1.264432131825448e-12 8034
5.2 7.38592923885839e-14 1.423778215170303e-12 8606
5.4 7.876742370805769e-14 1.562883841150645e-12 9066
5.6 8.522610479847177e-14 1.93022243441879e-12 9962
5.8 9.677482256228666e-14 2.155422053481106e-12 10550
6 1.043047252714096e-13 2.379356784048921e-12 11226
6.2 1.145738375558684e-13 2.683091257026131e-12 12146
6.4 1.160737893885962e-13 2.953467688393675e-12 12303
6.6 1.185688718078495e-13 3.062003628908347e-12 12584
6.8 1.138366486315565e-13 3.213712771461638e-12 12120
7 1.071038237828324e-13 3.099870318426605e-12 11180
7.2 1.061686851826966e-13 3.274349640589234e-12 11096
7.4 9.644056891477655e-14 2.985363659642688e-12 10056
7.6 9.451273627086334e-14 3.122938366407345e-12 9716
7.8 8.171974506369248e-14 2.965678509910117e-12 8604
8 8.115422620947364e-14 2.960873421563317e-12 8060
8.2 7.643681374876182e-14 2.713504463827547e-12 7320
8.4 6.362426236978457e-14 2.412809021699663e-12 6356
8.6 5.461288698560862e-14 2.153010096679943e-12 5348
8.8 4.537540865628987e-14 1.744916849427113e-12 4308
9 3.481780932894773e-14 1.55397948962634e-12 3563
9.2 2.708127524004528e-14 9.995735665949568e-13 2448
9.4 1.91571301613096e-14 9.081566590176796e-13 1868
9.6 1.341601053112404e-14 6.892460783466991e-13 1358
9.8 1.230937087819976e-14 5.030702161342836e-13 1062
10 8.944061634461559e-15 3.389211331756893e-13 776
10.2 3.505090995887358e-15 2.63316268727789e-13 432
10.4 1.351515749666687e-15 1.254244058846377e-13 200
10.6 1.406726936269236e-15 1.018124012593238e-13 168
10.8 6.746478869936733e-16 2.5350396114345e-14 56
11 6.583797631720886e-18 1.59031247216326e-15 7


0.2 2.803869577637479e-17 3.413790188704768e-17 18
0.4 2.157016303879635e-16 6.318513754608687e-16 62
0.6 6.242178985192506e-16 7.466031242268917e-16 98
0.8 1.003244882953106e-15 1.784647944615199e-15 210
1 2.024013779924502e-15 5.071144982692421e-15 350
1.2 4.528139982530458e-15 8.639777365042267e-15 450
1.4 3.145196768619324e-15 4.618442207241997e-14 602
1.6 3.343662206224953e-15 2.095177855247811e-14 762
1.8 5.509610941388524e-15 3.601187335081282e-14 1142
2 7.28442470154464e-15 4.178859794210121e-14 1250
2.2 8.38854560606205e-15 6.043793682642744e-14 1458
2.4 1.110808208913067e-14 8.561498331396083e-14 1814
2.6 1.358017857314368e-14 1.192746645428361e-13 2178
2.8 1.652662553602252e-14 1.477394913769305e-13 2498
3 1.634295968969814e-14 1.841573378928965e-13 2622
3.2 2.24451536009144e-14 2.573333099204425e-13 3338
3.4 2.566781342413842e-14 3.214392672326283e-13 3722
3.6 2.873067835009623e-14 3.867016833336002e-13 4170
3.8 3.074261959081163e-14 4.425460551415153e-13 4358
4 3.520299486963483e-14 5.920586940004228e-13 5034
4.2 4.289028302648445e-14 7.347118520644151e-13 5714
4.4 4.586494801759369e-14 7.798296922816737e-13 5982
4.6 5.093657583150851e-14 9.708627408745032e-13 6602
4.8 5.58385567634505e-14 1.055240779606829e-12 7130
5 6.366852784250389e-14 1.354795501818634e-12 8034
5.2 6.989529503112812e-14 1.505523731435319e-12 8606
5.4 7.28266767938817e-14 1.692921977742396e-12 9066
5.6 8.572334796161146e-14 1.920215577909141e-12 9962
5.8 9.154054418095873e-14 2.27866855954522e-12 10550
6 9.785423303067396e-14 2.52671584800044e-12 11226
6.2 1.088131352893112e-13 2.834898946336705e-12 12146
6.4 1.11947483807975e-13 3.048772532128884e-12 12303
6.6 1.110635825522132e-13 3.252460786638011e-12 12584
6.8 1.100189573006341e-13 3.322585973292618e-12 12120
7 1.035321208883383e-13 3.202694543772472e-12 11180
7.2 1.030671940337159e-13 3.371902775863573e-12 11096
7.4 9.138176753147073e-14 3.150594772600751e-12 10056
7.6 9.118231550126004e-14 3.236430514467876e-12 9716
7.8 7.984771674311491e-14 3.039994852724368e-12 8604
8 7.959766877919434e-14 3.024814882978921e-12 8060
8.2 7.396633902707773e-14 2.803165793973932e-12 7320
8.4 6.149964379566501e-14 2.490078865820352e-12 6356
8.6 5.349066932777408e-14 2.205219993171684e-12 5348
8.8 4.388702089771314e-14 1.805759776361696e-12 4308
9 3.526514051227625e-14 1.532765202399671e-12 3563
9.2 2.441522232236724e-14 1.119970533396031e-12 2448
9.4 1.960942493595882e-14 8.861916683360631e-13 1868
9.6 1.385191187778e-14 6.672589917719095e-13 1358
9.8 1.258162863847211e-14 4.876423254856976e-13 1062
10 6.866653943842088e-15 4.417919648928873e-13 776
10.2 3.921343251371788e-15 2.437750844949163e-13 432
10.4 1.998156763443182e-15 9.32598266714333e-14 200
10.6 1.986315050712875e-15 7.250425365643323e-14 168
10.8 8.106359053984014e-16 1.809277281545958e-14 56
11 1.575473564239134e-17 1.13891595030175e-15 7


0.2 1.440841627953347e-17 7.674585782256629e-17 18
0.4 2.513784264997041e-16 4.836970017422461e-16 62
0.6 3.76719513727173e-16 1.581779679199024e-15 98
0.8 7.836432820939601e-16 2.54799862979722e-15 210
1 1.875980012806447e-15 5.503847861920407e-15 350
1.2 3.985209895231047e-15 1.069911351855681e-14 450
1.4 8.768462658077271e-15 1.596922542568235e-14 602
1.6 3.359501199868155e-15 2.085031534132346e-14 762
1.8 5.194398013847442e-15 3.815755634201993e-14 1142
2 6.771397619879789e-15 4.54354921697376e-14 1250
2.2 8.0833813223586e-15 6.307232091250296e-14 1458
2.4 1.079669309300842e-14 8.83876273275103e-14 1814
2.6 1.34002539005705e-14 1.212189451210873e-13 2178
2.8 1.620708544127516e-14 1.503752245540922e-13 2498
3 1.616827146744254e-14 1.86042881484691e-13 2622
3.2 2.272127507513118e-14 2.547394560761119e-13 3338
3.4 2.581746442241407e-14 3.195629389665806e-13 3722
3.6 2.824454813222643e-14 3.930153792730349e-13 4170
3.8 3.05661862070691e-14 4.451245742545756e-13 4358
4 3.639198196166801e-14 5.728677448828922e-13 5034
4.2 4.316262573905415e-14 7.304472468319203e-13 5714
4.4 4.501336602112535e-14 7.960011268769723e-13 5982
4.6 5.053691919402048e-14 9.766930209809975e-13 6602
4.8 5.342640825915023e-14 1.101348418133846e-12 7130
5 6.435672574388769e-14 1.34137698391515e-12 8034
5.2 6.763739139018073e-14 1.550175785118066e-12 8606
5.4 7.358082152386273e-14 1.669461072997626e-12 9066
5.6 8.079869197447308e-14 2.030590211621671e-12 9962
5.8 9.176992700800492e-14 2.269541289073385e-12 10550
6 9.877721031477962e-14 2.509468321939819e-12 11226
6.2 1.057385566073433e-13 2.916606207628324e-12 12146
6.4 1.126970363539657e-13 3.031130108219587e-12 12303
6.6 1.123756467766261e-13 3.222765317593172e-12 12584
6.8 1.098901436830454e-13 3.324217761808269e-12 12120
7 1.027963645315419e-13 3.22288213778872e-12 11180
7.2 1.029461780101285e-13 3.373233017741093e-12 11096
7.4 9.119911458455974e-14 3.159002919546646e-12 10056
7.6 9.100406468587839e-14 3.243005398892022e-12 9716
7.8 7.969987712323818e-14 3.046984938596623e-12 8604
8 7.951135228075528e-14 3.031964134197757e-12 8060
8.2 7.350524194645733e-14 2.822029493879768e-12 7320
8.4 6.140226369247139e-14 2.488872235509293e-12 6356
8.6 5.309454253781969e-14 2.222317631220387e-12 5348
8.8 4.276205640937259e-14 1.855512561667761e-12 4308
9 3.627001605114509e-14 1.485475029846151e-12 3563
9.2 2.255016370838419e-14 1.207966553002749e-12 2448
9.4 1.996699926163916e-14 8.685582012530885e-13 1868
9.6 1.424269366794543e-14 6.480154250077528e-13 1358
9.8 1.056845316578065e-14 5.878794292965029e-13 1062
10 7.105122791061526e-15 4.291065823473516e-13 776
10.2 5.311763514452553e-15 1.727406550968607e-13 432
10.4 2.411444015582678e-15 7.194692624159394e-14 200
10.6 1.867106912941872e-15 7.865055106356002e-14 168
10.8 3.920682865917891e-16 3.985718896259104e-14 56
11 3.175575705633063e-17 3.035684336144679e-16 7


0.2 5.702017482109911e-17 1.508322737763004e-17 18
0.4 3.774595370161719e-16 1.472373526722497e-16 62
0.6 9.928943702373304e-16 2.121974665026566e-16 98
0.8 1.280523101304124e-15 9.643599410213289e-16 210
1 2.166999714268037e-15 3.808381564444764e-15 350
1.2 2.919957909356648e-15 1.083167319673488e-14 450
1.4 7.793033106735136e-15 2.594138496344722e-14 602
1.6 5.935290378421176e-15 1.210513768105755e-14 762
1.8 8.551639619474641e-15 2.302434245718234e-14 1142
2 8.411496552518616e-15 3.617429393462684e-14 1250
2.2 1.021065181477804e-14 4.979703533305569e-14 1458
2.4 1.299675771692519e-14 7.322687199927141e-14 1814
2.6 1.592831442539536e-14 1.02048249268467e-13 2178
2.8 1.915804692131282e-14 1.272929730048536e-13 2498
3 1.877759518795351e-14 1.601790318916646e-13 2622
3.2 2.594365742765003e-14 2.229306403583745e-13 3338
3.4 2.912355956589163e-14 2.83160549130556e-13 3722
3.6 3.132043166849536e-14 3.544437587210351e-13 4170
3.8 3.32952515919144e-14 4.088894185672087e-13 4358
4 4.081354582811141e-14 5.097297143929996e-13 5034
4.2 4.74059620812729e-14 6.651657707707083e-13 5714
4.4 4.69964811601286e-14 7.609811011502885e-13 5982
4.6 5.55143953327458e-14 8.900151357582006e-13 6602
4.8 5.698409956450812e-14 1.032318777041895e-12 7130
5 6.799987197341458e-14 1.271782103560294e-12 8034
5.2 7.484979820724063e-14 1.407965974729311e-12 8606
5.4 7.67991164279603e-14 1.604383212125022e-12 9066
5.6 8.875008317508578e-14 1.861917260946846e-12 9962
5.8 9.703542837004944e-14 2.148130691525222e-12 10550
6 1.029865877396321e-13 2.402309583032837e-12 11226
6.2 1.153115357625743e-13 2.675911833234603e-12 12146
6.4 1.159013498594925e-13 2.950587446065412e-12 12303
6.6 1.176529736532469e-13 3.073435851671882e-12 12584
6.8 1.14978658157144e-13 3.181522397063242e-12 12120
7 1.076802248902508e-13 3.084956646125752e-12 11180
7.2 1.076691249065718e-13 3.226134035662145e-12 11096
7.4 9.551307395115538e-14 3.018002343171408e-12 10056
7.6 9.436168674952143e-14 3.128346077785873e-12 9716
7.8 8.228252731182927e-14 2.950532063644498e-12 8604
8 8.295001395528089e-14 2.909442836106146e-12 8060
8.2 7.612871014263816e-14 2.727360261161814e-12 7320
8.4 6.331497576837338e-14 2.409557438476488e-12 6356
8.6 5.512458847469974e-14 2.139451411494481e-12 5348
8.8 4.310341822716693e-14 1.839732682558642e-12 4308
9 3.708856592042421e-14 1.455385204608051e-12 3563
9.2 2.396868512416729e-14 1.138551173357582e-12 2448
9.4 1.963365855693661e-14 8.866368707547559e-13 1868
9.6 1.398611303860101e-14 6.621458784971148e-13 1358
9.8 1.011322982397999e-14 6.074144514650604e-13 1062
10 8.996617138715086e-15 3.35531595150087e-13 776
10.2 4.617467139003513e-15 2.090628081919433e-13 432
10.4 1.639799517599826e-15 1.112733653267466e-13 200
10.6 1.335861253461061e-15 1.053676600881607e-13 168
10.8 4.409177667158501e-16 3.699367138817825e-14 56
11 1.491605572797629e-17 1.174827702113025e-15 7


0.2 9.027498940189063e-17 6.258960439475465e-18 18
0.4 3.250154720227541e-16 1.848310338856133e-16 62
0.6 6.930623661030838e-16 4.558518397611266e-16 98
0.8 9.842306243676622e-16 1.278935359560828e-15 210
1 2.726825520853727e-15 3.038025548138936e-15 350
1.2 5.530573517549778e-15 5.591663794438521e-15 450
1.4 1.444981319575554e-14 1.638984177671251e-14 602
1.6 4.464925879283131e-15 1.65616431439838e-14 762
1.8 6.931386289654772e-15 2.874368582835716e-14 1142
2 8.433124608361874e-15 3.693546251502936e-14 1250
2.2 9.782630133391542e-15 5.228162972762605e-14 1458
2.4 1.214815576932086e-14 7.881079262192618e-14 1814
2.6 1.463809284946274e-14 1.110361673753648e-13 2178
2.8 1.774345604378101e-14 1.372902794123915e-13 2498
3 1.794871789427408e-14 1.679031345858076e-13 2622
3.2 2.460596347618708e-14 2.348269529008116e-13 3338
3.4 2.793393663778515e-14 2.956023711678854e-13 3722
3.6 3.009813059958853e-14 3.690643732228966e-13 4170
3.8 3.190116247106336e-14 4.268429186218163e-13 4358
4 3.869966454893274e-14 5.390837188584294e-13 5034
4.2 4.563773025690192e-14 6.910460805399248e-13 5714
4.4 4.667423784100847e-14 7.649950732298214e-13 5982
4.6 5.319064113248399e-14 9.316084174767164e-13 6602
4.8 5.808918702180617e-14 1.013376330580294e-12 7130
5 6.747969764268667e-14 1.278642193363153e-12 8034
5.2 7.246813900553155e-14 1.451179293151582e-12 8606
5.4 7.654502355970965e-14 1.609102730166969e-12 9066
5.6 8.629187640595015e-14 1.905491615661736e-12 9962
5.8 9.40311856460155e-14 2.220211024609796e-12 10550
6 1.020000508795695e-13 2.433143131396568e-12 11226
6.2 1.102329182095299e-13 2.791231816983212e-12 12146
6.4 1.152094027327267e-13 2.976184655853681e-12 12303
6.6 1.155979346918793e-13 3.131186664768974e-12 12584
6.8 1.118407326847641e-13 3.264566677554119e-12 12120
7 1.03687184693895e-13 3.200747013134458e-12 11180
7.2 1.05473807236555e-13 3.296387451039039e-12 11096
7.4 9.480413308159071e-14 3.041765102417232e-12 10056
7.6 9.282410320738787e-14 3.179656778532461e-12 9716
7.8 8.075313274072488e-14 3.002034786538353e-12 8604
8 8.16391623493727e-14 2.953014577450456e-12 8060
8.2 7.525010715163679e-14 2.759952668170295e-12 7320
8.4 6.318238310537581e-14 2.416088082731905e-12 6356
8.6 5.442155766493594e-14 2.160644727322891e-12 5348
8.8 4.191086207479746e-14 1.886941887830779e-12 4308
9 3.592603102904804e-14 1.506878092050042e-12 3563
9.2 2.52315384872166e-14 1.079714039470118e-12 2448
9.4 1.87710557593914e-14 9.275594512210382e-13 1868
9.6 1.352725084942504e-14 6.844767774951864e-13 1358
9.8 1.124997961784945e-14 5.53022042820254e-13 1062
10 8.763220185912298e-15 3.468799967766014e-13 776
10.2 3.503520223485661e-15 2.642163242350269e-13 432
10.4 1.43381802322803e-15 1.21762945442687e-13 200
10.6 1.559011820748413e-15 9.437815074497543e-14 168
10.8 7.978263250543316e-16 1.90286751971344e-14 56
11 6.425164584857727e-18 1.609351405787378e-15 7


0.2 6.110374191830073e-18 2.401750724922768e-16 18
0.4 7.812455043727658e-17 8.950037003557752e-16 62
0.6 1.495346967297457e-16 1.800880283901308e-15 98
0.8 4.143876171504564e-16 3.146844494506604e-15 210
1 8.061782296515764e-16 1.04750609263975e-14 350
1.2 1.156254099214401e-15 2.49821455476962e-14 450
1.4 7.115398436368816e-15 3.56553265741164e-14 602
1.6 3.802895041799933e-15 1.864053410573391e-14 762
1.8 5.10199244878518e-15 3.908147346865983e-14 1142
2 6.819239641531566e-15 4.510731351741711e-14 1250
2.2 8.186484965162278e-15 6.189466323585391e-14 1458
2.4 1.03658738972613e-14 9.183804991142584e-14 1814
2.6 1.245888876299574e-14 1.30206118292719e-13 2178
2.8 1.52709539599451e-14 1.594582916461352e-13 2498
3 1.578990698215693e-14 1.905152363677231e-13 2622
3.2 2.200797855926473e-14 2.626158636959194e-13 3338
3.4 2.474019542527038e-14 3.335878075162884e-13 3722
3.6 2.72445925776306e-14 4.075322493006042e-13 4170
3.8 2.919413738692782e-14 4.660505356967795e-13 4358
4 3.421208900616139e-14 6.092092862422517e-13 5034
4.2 4.165383553458271e-14 7.56440625881202e-13 5714
4.4 4.399098843800203e-14 8.147172475403368e-13 5982
4.6 5.040087825179281e-14 9.782985876194377e-13 6602
4.8 5.244017951384032e-14 1.124879696306371e-12 7130
5 6.202140229214095e-14 1.391406759821793e-12 8034
5.2 6.667147064714949e-14 1.5732109678359e-12 8606
5.4 7.134516561166314e-14 1.7231759790548e-12 9066
5.6 8.083951792459677e-14 2.035324755964335e-12 9962
5.8 9.053549411720767e-14 2.298061172737847e-12 10550
6 9.60178934922876e-14 2.57881200742022e-12 11226
6.2 1.070512070348413e-13 2.88333663652102e-12 12146
6.4 1.102810479688144e-13 3.096944152341835e-12 12303
6.6 1.103507554793052e-13 3.282284136107832e-12 12584
6.8 1.093296081791838e-13 3.343215974157591e-12 12120
7 9.992285819833739e-14 3.320882956752579e-12 11180
7.2 1.000967383042874e-13 3.47015184809105e-12 11096
7.4 9.118735217715247e-14 3.163431504594989e-12 10056
7.6 8.959725419282961e-14 3.293456992783038e-12 9716
7.8 7.817196069526069e-14 3.100446828096143e-12 8604
8 7.809404797666678e-14 3.08435789879267e-12 8060
8.2 7.22974466893592e-14 2.87232380510853e-12 7320
8.4 6.176290464862532e-14 2.474673091749183e-12 6356
8.6 5.311513447967679e-14 2.208512734360608e-12 5348
8.8 4.125146101127734e-14 1.917440062987398e-12 4308
9 3.362631998444037e-14 1.609732880199961e-12 3563
9.2 2.562195134058969e-14 1.059163953655258e-12 2448
9.4 1.873883597590035e-14 9.288843893542735e-13 1868
9.6 1.379240803149825e-14 6.713980163759715e-13 1358
9.8 1.231773337646463e-14 4.996021145060285e-13 1062
10 6.945002489822195e-15 4.385226350503198e-13 776
10.2 4.183410997378805e-15 2.306046629338573e-13 432
10.4 2.260070036986449e-15 7.951370926540486e-14 200
10.6 2.077165274512724e-15 6.747851976298661e-14 168
10.8 6.569092627537083e-16 2.598610357227364e-14 56
11 2.652832725710025e-17 5.724269292193993e-16 7


0.2 9.698591070779441e-17 2.916486980103265e-17 18
0.4 3.400813060960833e-16 1.997368419268502e-16 62
0.6 5.615429300034768e-16 4.049222839009424e-16 98
0.8 1.049778556914747e-15 1.232107866308514e-15 210
1 3.007370684188663e-15 2.656024158360235e-15 350
1.2 5.18085839044367e-15 6.068549287367923e-15 450
1.4 3.959145703160012e-15 4.290478975373865e-14 602
1.6 4.1893225178573e-15 1.749255805816967e-14 762
1.8 6.659061400424146e-15 2.962743774087335e-14 1142
2 7.744360705242304e-15 4.008490286379717e-14 1250
2.2 9.793485637350837e-15 5.213901545924157e-14 1458
2.4 1.247229315992646e-14 7.647662328350035e-14 1814
2.6 1.447571172882116e-14 1.121195082354071e-13 2178
2.8 1.743474019174252e-14 1.403240011235967e-13 2498
3 1.791188676323576e-14 1.680958654867662e-13 2622
3.2 2.457554125575279e-14 2.355664594431815e-13 3338
3.4 2.691892411332353e-14 3.069339428530067e-13 3722
3.6 3.022363631401238e-14 3.680152411150086e-13 4170
3.8 3.231001669769095e-14 4.211519130245331e-13 4358
4 3.838557252106939e-14 5.43806764972098e-13 5034
4.2 4.555357533129427e-14 6.920658100729159e-13 5714
4.4 4.7126397489807e-14 7.60981051047367e-13 5982
4.6 5.222073898175321e-14 9.460691081862058e-13 6602
4.8 5.674630254323935e-14 1.035001591332378e-12 7130
5 6.717535485877347e-14 1.285623508094748e-12 8034
5.2 7.316883251849364e-14 1.439115693987242e-12 8606
5.4 7.559879191160153e-14 1.628225439439951e-12 9066
5.6 8.556432824273893e-14 1.926379103334241e-12 9962
5.8 9.552038739010529e-14 2.183250495568784e-12 10550
6 1.024088176108387e-13 2.415242983785603e-12 11226
6.2 1.10844257460165e-13 2.77934598901024e-12 12146
6.4 1.144614352195065e-13 2.990122781851531e-12 12303
6.6 1.138207872520717e-13 3.17549949663928e-12 12584
6.8 1.13051607016761e-13 3.236193095640208e-12 12120
7 1.060551487600217e-13 3.133924722303344e-12 11180
7.2 1.040251150934098e-13 3.340612907145655e-12 11096
7.4 9.323477243144076e-14 3.093925467312962e-12 10056
7.6 9.279537002205788e-14 3.180582690537023e-12 9716
7.8 8.147610673046621e-14 2.977791371927333e-12 8604
8 8.022648751335754e-14 3.002009711481802e-12 8060
8.2 7.387144907782441e-14 2.811158429151478e-12 7320
8.4 6.392939089090301e-14 2.395093551786831e-12 6356
8.6 5.488389002358411e-14 2.135508624117545e-12 5348
8.8 4.407851935005165e-14 1.79452524313475e-12 4308
9 3.424311722504857e-14 1.57952104653875e-12 3563
9.2 2.542426872301439e-14 1.07342085037538e-12 2448
9.4 2.018106143329721e-14 8.591548544483993e-13 1868
9.6 1.464642279089368e-14 6.303476086319061e-13 1358
9.8 1.157017422779765e-14 5.387481893011231e-13 1062
10 7.424431036653924e-15 4.122058773515409e-13 776
10.2 5.311646507158348e-15 1.743010657222698e-13 432
10.4 2.242556377878502e-15 8.120379260345509e-14 200
10.6 1.661602296902407e-15 8.926424929344054e-14 168
10.8 3.258433774106725e-16 4.294101166405462e-14 56
11 2.663786032714309e-17 5.829664665682504e-16 7


0.2 1.450999905415983e-16 6.587665258337408e-18 18
0.4 4.455093304865709e-16 1.587871865271793e-16 62
0.6 4.509394361833175e-16 5.039231364753262e-16 98
0.8 1.379847268528026e-15 8.570574846925642e-16 210
1 2.108282712023767e-15 3.920646560912979e-15 350
1.2 3.005819310620892e-15 1.117928806943911e-14 450
1.4 1.918802841790222e-14 1.173744228638023e-14 602
1.6 6.172392550174033e-15 1.17383443052895e-14 762
1.8 8.879092984073274e-15 2.256389132546957e-14 1142
2 8.964375999254859e-15 3.457716778583212e-14 1250
2.2 1.028822082899246e-14 5.001628271371403e-14 1458
2.4 1.360744099152292e-14 7.098088987389862e-14 1814
2.6 1.61274297854245e-14 1.013481228518115e-13 2178
2.8 1.817784095233526e-14 1.344262881743623e-13 2498
3 1.915126959223547e-14 1.576920293228866e-13 2622
3.2 2.584766551686908e-14 2.24165741744156e-13 3338
3.4 2.816086933821694e-14 2.935872578293918e-13 3722
3.6 3.175114182834406e-14 3.499791495085276e-13 4170
3.8 3.374416411378329e-14 4.034147255944345e-13 4358
4 4.089642942167588e-14 5.089654938564056e-13 5034
4.2 4.737228858735726e-14 6.653105466309263e-13 5714
4.4 4.846160413188311e-14 7.383133263853414e-13 5982
4.6 5.517877232509473e-14 8.960402991292238e-13 6602
4.8 5.733316407026711e-14 1.029076518290205e-12 7130
5 6.827751501550547e-14 1.267213044732368e-12 8034
5.2 7.207995233251326e-14 1.457063102634313e-12 8606
5.4 7.854206120933376e-14 1.571331464998347e-12 9066
5.6 8.840071389092449e-14 1.86073938687325e-12 9962
5.8 9.562596832738423e-14 2.183754831660591e-12 10550
6 1.027202896499995e-13 2.413116134742938e-12 11226
6.2 1.131795906626731e-13 2.729367924038315e-12 12146
6.4 1.172766461814382e-13 2.918399417890031e-12 12303
6.6 1.198019869471584e-13 3.0229391051829e-12 12584
6.8 1.132086942979615e-13 3.227160965011791e-12 12120
7 1.064075730717015e-13 3.121419711630354e-12 11180
7.2 1.073271363963138e-13 3.242577676669228e-12 11096
7.4 9.353600732242619e-14 3.079892874752617e-12 10056
7.6 9.423336774880729e-14 3.132264948713295e-12 9716
7.8 8.333077410182864e-14 2.914214253490592e-12 8604
8 8.17906966559694e-14 2.94645451240974e-12 8060
8.2 7.457229877071922e-14 2.784219813881668e-12 7320
8.4 6.530716326271935e-14 2.347628939172417e-12 6356
8.6 5.56072237325575e-14 2.10883988696994e-12 5348
8.8 4.600946025429364e-14 1.718094739841223e-12 4308
9 3.519444521394719e-14 1.537236100823634e-12 3563
9.2 2.473081607709862e-14 1.106032473332855e-12 2448
9.4 2.020671719360337e-14 8.58681480281406e-13 1868
9.6 1.43779073935259e-14 6.438358394917936e-13 1358
9.8 1.055111519536624e-14 5.870618323927403e-13 1062
10 8.714581199240024e-15 3.489297681460416e-13 776
10.2 4.542357019761977e-15 2.129531946901388e-13 432
10.4 1.508644926294542e-15 1.177459002320484e-13 200
10.6 1.325950418672512e-15 1.058151249597751e-13 168
10.8 5.856462446728607e-16 2.975819581997206e-14 56
11 7.977472343905737e-18 1.523450452670725e-15 7


0.2 9.393755261938535e-17 1.537344595076725e-16 18
0.4 4.701562182520664e-16 6.418694708754245e-16 62
0.6 6.567846417156118e-16 8.058251362208388e-16 98
0.8 1.125220495939609e-15 2.921885180417737e-15 210
1 2.768696843549007e-15 5.681452007551458e-15 350
1.2 5.3857495326791e-15 1.123997928604518e-14 450
1.4 5.278689609589754e-15 6.631597392092467e-14 602
1.6 4.368553953216642e-15 2.225597466077327e-14 762
1.8 6.305166390777537e-15 3.995279160473231e-14 1142
2 8.103561617618307e-15 4.388337427483333e-14 1250
2.2 9.038781673750977e-15 6.36910174218072e-14 1458
2.4 1.146273038394661e-14 9.015164348401561e-14 1814
2.6 1.4329280099531e-14 1.184615133864544e-13 2178
2.8 1.548828368026902e-14 1.592711821652223e-13 2498
3 1.679535907224964e-14 1.811554355331776e-13 2622
3.2 2.267291556262974e-14 2.561336038984471e-13 3338
3.4 2.496136137622374e-14 3.308706527411649e-13 3722
3.6 2.881882875265295e-14 3.856510132478918e-13 4170
3.8 3.04869623492978e-14 4.470437116951278e-13 4358
4 3.692750343145786e-14 5.647930293817056e-13 5034
4.2 4.302832972174345e-14 7.328685150133719e-13 5714
4.4 4.398976089986873e-14 8.132580312604638e-13 5982
4.6 5.204939752615549e-14 9.495437786868385e-13 6602
4.8 5.542775476168952e-14 1.062266715929575e-12 7130
5 6.433732301362469e-14 1.340079700271859e-12 8034
5.2 6.988159467147016e-14 1.501369642211362e-12 8606
5.4 7.240250602240582e-14 1.696753173331756e-12 9066
5.6 8.151152836588199e-14 2.017928654636765e-12 9962
5.8 9.227590302590717e-14 2.253428768539484e-12 10550
6 9.932953462419491e-14 2.499547587745072e-12 11226
6.2 1.095407779907843e-13 2.810459142577496e-12 12146
6.4 1.116486573039068e-13 3.061406182466135e-12 12303
6.6 1.115774451517778e-13 3.238195139988937e-12 12584
6.8 1.110812815399483e-13 3.291571896663584e-12 12120
7 1.010412414695988e-13 3.282571393911902e-12 11180
7.2 1.026139181555051e-13 3.389240889607459e-12 11096
7.4 9.18135544396137e-14 3.140571736112823e-12 10056
7.6 9.098069680431777e-14 3.243346273085984e-12 9716
7.8 8.002429084582119e-14 3.030145369848451e-12 8604
8 7.954484882166119e-14 3.030562124044814e-12 8060
8.2 7.2182948252364e-14 2.87761615795608e-12 7320
8.4 6.289317224728039e-14 2.435872351819648e-12 6356
8.6 5.389950050989373e-14 2.178437124860509e-12 5348
8.8 4.572643102117942e-14 1.72640007530653e-12 4308
9 3.49789167014145e-14 1.545669317959266e-12 3563
9.2 2.365861614268787e-14 1.153997155170782e-12 2448
9.4 1.861819321596652e-14 9.340015006043244e-13 1868
9.6 1.333563382834066e-14 6.939249523615883e-13 1358
9.8 1.055418236278641e-14 5.878286299491644e-13 1062
10 8.340675200197809e-15 3.666083621924151e-13 776
10.2 3.535088553188961e-15 2.639176758399025e-13 432
10.4 1.605667770950439e-15 1.135822654376484e-13 200
10.6 1.759735176281112e-15 8.417679941028714e-14 168
10.8 8.360383471222502e-16 1.671547770219777e-14 56
11 1.304683022019284e-17 1.283577380326323e-15 7


0.2 7.638411841408292e-17 1.961374136583151e-16 18
0.4 3.086862396781641e-16 9.532384179946939e-16 62
0.6 3.877622041545569e-16 1.572108338692262e-15 98
0.8 1.169907725107119e-15 2.363635579806711e-15 210
1 1.912217402496969e-15 8.034293269701836e-15 350
1.2 5.101433765233524e-15 1.086548661960196e-14 450
1.4 1.246793277890318e-14 2.4931693459088e-14 602
1.6 3.402336896256262e-15 2.39383072520511e-14 762
1.8 5.397898890709338e-15 4.002863009426832e-14 1142
2 6.898861853266939e-15 4.688548277355227e-14 1250
2.2 8.260803770337367e-15 6.262475467901287e-14 1458
2.4 1.055045278974674e-14 9.125529015083671e-14 1814
2.6 1.378706362869521e-14 1.180977672516748e-13 2178
2.8 1.536640921658829e-14 1.591557975645306e-13 2498
3 1.670829561403536e-14 1.807659464776064e-13 2622
3.2 2.244555245410151e-14 2.586697718855611e-13 3338
3.4 2.527621845691506e-14 3.272774545484822e-13 3722
3.6 2.887389159745295e-14 3.84714017897091e-13 4170
3.8 3.016191730562691e-14 4.518482882123081e-13 4358
4 3.518779931245378e-14 5.915640221929289e-13 5034
4.2 4.310019850132561e-14 7.318016143554912e-13 5714
4.4 4.50356226517232e-14 7.955336304785654e-13 5982
4.6 4.999656190266473e-14 9.877926875290795e-13 6602
4.8 5.304827786104718e-14 1.109251212627677e-12 7130
5 6.358597121842604e-14 1.358131198019177e-12 8034
5.2 6.886785813649546e-14 1.529370039037168e-12 8606
5.4 7.346573980113291e-14 1.676122920008515e-12 9066
5.6 8.464890299968088e-14 1.94626254513927e-12 9962
5.8 9.276845054313172e-14 2.246683519749833e-12 10550
6 9.681634679418739e-14 2.554453242597207e-12 11226
6.2 1.081219767593141e-13 2.849601470657167e-12 12146
6.4 1.112566443450039e-13 3.072499385826611e-12 12303
6.6 1.112359517083673e-13 3.260294815350638e-12 12584
6.8 1.102637888721887e-13 3.313078858916844e-12 12120
7 1.03418558060085e-13 3.214891124762575e-12 11180
7.2 1.016637955078385e-13 3.421512466806378e-12 11096
7.4 9.341447875768292e-14 3.085920508032214e-12 10056
7.6 9.116189826802564e-14 3.236743129639525e-12 9716
7.8 7.942083375760406e-14 3.049019032625241e-12 8604
8 7.971262484640244e-14 3.023696794712941e-12 8060
8.2 7.212775262060984e-14 2.881380599368601e-12 7320
8.4 6.23706549203883e-14 2.453991503028774e-12 6356
8.6 5.342822387121056e-14 2.200400357559204e-12 5348
8.8 4.567778222500588e-14 1.731863795897244e-12 4308
9 3.56406311194544e-14 1.515700421343813e-12 3563
9.2 2.400503111829568e-14 1.135311888344859e-12 2448
9.4 1.821904620402194e-14 9.536391590619796e-13 1868
9.6 1.345551171140217e-14 6.874141533745095e-13 1358
9.8 1.186955160385186e-14 5.22606439282461e-13 1062
10 7.091759791244564e-15 4.303399863971824e-13 776
10.2 4.462739821993472e-15 2.162140402953156e-13 432
10.4 2.422266077210598e-15 7.148123837444986e-14 200
10.6 2.030637527017472e-15 7.019570604225005e-14 168
10.8 4.570884324864702e-16 3.642199183514784e-14 56
11 3.205300478935547e-17 2.926497763122882e-16 7


0.2 1.606819587444283e-16 3.760210752479975e-18 18
0.4 4.828935567704149e-16 1.241581517716031e-16 62
0.6 7.947453826760564e-16 2.944355736893297e-16 98
0.8 9.374446422696168e-16 1.286528944203242e-15 210
1 2.706441171273264e-15 3.01834923634853e-15 350
1.2 2.446385114623033e-15 1.230663619338597e-14 450
1.4 1.073309351369813e-14 3.657741393941381e-14 602
1.6 6.172309990622826e-15 1.311032806899028e-14 762
1.8 9.280089921492118e-15 2.460745444891916e-14 1142
2 8.8064998039774e-15 3.885121246987659e-14 1250
2.2 1.175042210774276e-14 4.891631598919278e-14 1458
2.4 1.409805875916848e-14 7.441174756548993e-14 1814
2.6 1.746711885439138e-14 9.790905689960972e-14 2178
2.8 1.8295845457988e-14 1.352463840333417e-13 2498
3 1.952694019014408e-14 1.557761027756872e-13 2622
3.2 2.542534380874923e-14 2.28451051836582e-13 3338
3.4 2.871504833408322e-14 2.875543440787924e-13 3722
3.6 3.191350766646012e-14 3.481634753277898e-13 4170
3.8 3.324934442793882e-14 4.093601429384023e-13 4358
4 3.903476861358332e-14 5.336770809145069e-13 5034
4.2 4.742406265626351e-14 6.641904247665705e-13 5714
4.4 4.904488865105811e-14 7.306038543308274e-13 5982
4.6 5.534161032377844e-14 8.911262365537761e-13 6602
4.8 5.837130760167805e-14 1.009522683219115e-12 7130
5 6.941257354067148e-14 1.245955784650179e-12 8034
5.2 7.437463651215184e-14 1.410617242073839e-12 8606
5.4 7.814251834698231e-14 1.578804315219305e-12 9066
5.6 8.654857650185696e-14 1.899839729900963e-12 9962
5.8 9.394565292621494e-14 2.218467125018275e-12 10550
6 1.06056652551586e-13 2.335977782563627e-12 11226
6.2 1.122307817175973e-13 2.759557973143126e-12 12146
6.4 1.176171161433862e-13 2.906540133181578e-12 12303
6.6 1.163153860521705e-13 3.111373388013622e-12 12584
6.8 1.135093182033253e-13 3.22607435913503e-12 12120
7 1.063755452094656e-13 3.128916801535502e-12 11180
7.2 1.050075097587732e-13 3.313711429649533e-12 11096
7.4 9.706671513365427e-14 2.968689404837462e-12 10056
7.6 9.457036410758061e-14 3.120946039787376e-12 9716
7.8 8.223396888183396e-14 2.942561975754467e-12 8604
8 8.218688736582445e-14 2.931823443037552e-12 8060
8.2 7.46872764957971e-14 2.784540036689514e-12 7320
8.4 6.39471873060629e-14 2.390049032707506e-12 6356
8.6 5.475757643648969e-14 2.148886906462522e-12 5348
8.8 4.60899481113184e-14 1.723350218041361e-12 4308
9 3.655005979979318e-14 1.478632170645988e-12 3563
9.2 2.489960119854415e-14 1.094215788243953e-12 2448
9.4 1.97035096438184e-14 8.824798060486227e-13 1868
9.6 1.43952413083804e-14 6.420991107075582e-13 1358
9.8 1.208344019966865e-14 5.144481198062663e-13 1062
10 7.709281092985321e-15 3.981962764283678e-13 776
10.2 5.200320830613759e-15 1.805736927969233e-13 432
10.4 2.058268870770913e-15 9.062811302354471e-14 200
10.6 1.504691005897965e-15 9.698663917410761e-14 168
10.8 3.733224768387476e-16 4.033108220590171e-14 56
11 1.79864793905552e-17 1.023990642451282e-15 7


