0    0.999999999999987    -0.380546675183249    1.00000000000032    0.144815772030517    5.87793675759912e-07    6.12304470260337e-06
0.1    0.957141679121853    -0.474523621552215    0.916120193912341    0.225172667438175    3.74461170230182e-07    5.21016176518096e-06
0.2    0.905524016162148    -0.555543112385264    0.819973743846801    0.308628149747642    6.1194626088086e-07    5.37924179519442e-06
0.3    0.846482569307788    -0.622972115580656    0.71653274014232    0.388094256825516    6.36665081727155e-07    5.87177605032151e-06
0.4    0.78137034867106    -0.677069617199471    0.610539621782908    0.458423266563158    7.57837958034957e-07    5.34037743059196e-06
0.5    0.711477090634123    -0.718807095033845    0.506199650497578    0.516683639901833    6.18173733731852e-07    5.55321716357312e-06
0.6    0.637968709118427    -0.749651683716657    0.407004073814677    0.561977646929952    6.67814786443012e-07    5.54371262589104e-06
0.7    0.561848683378642    -0.771349811437033    0.315673943014581    0.594980531634067    5.16997285465317e-07    5.48828195672382e-06
0.8    0.483939920242986    -0.785737387193265    0.234197846405168    0.61738324166431    6.16825283641195e-07    5.56880936127729e-06
0.900000000000001    0.404883670789251    -0.794589762063907    0.163930786872173    0.631372890006874    6.28283213531505e-07    5.48619797694113e-06
1    0.325151321788182    -0.799513973532366    0.105723382060942    0.639222593903713    5.83183458103973e-07    5.49537773886645e-06
1.1    0.245065020859991    -0.80187863003532    0.0600568644494457    0.643009337338131    5.81330327612446e-07    5.55062754014943e-06
1.2    0.16482376647779    -0.802773184105299    0.0271668739962775    0.644444785148707    5.93739871779768e-07    5.49063812620846e-06
1.3    0.0845324807510561    -0.802987495966328    0.00714574030227559    0.644788918708228    5.89844901396669e-07    5.47302834352168e-06
1.4    0.00423245677482818    -0.803003536178221    1.79136906939686e-05    0.6448146791453    5.85815392766695e-07    5.52915412113717e-06
1.5    -0.0760677030518679    -0.802992996667513    0.00578629544793714    0.644797752726831    5.91598062483273e-07    5.45508697115297e-06
1.6    -0.156361033655693    -0.802816928599415    0.0244487728462241    0.644515020875988    5.89296888850472e-07    5.49444832908658e-06
1.7    -0.236611150603703    -0.802026015626238    0.0559848365903348    0.643245729771805    5.71446660688273e-07    5.52321746036971e-06
1.8    -0.316721288570202    -0.799862608883966    0.100312374633922    0.639780193120822    5.94064090778698e-07    5.49161872277317e-06
1.9    -0.396503771316234    -0.795268146393716    0.157215240668336    0.632451424699229    5.83219151922785e-07    5.54369259914895e-06
2    -0.475650732320414    -0.786901953200069    0.226243619157292    0.61921468398039    5.87557528678846e-07    5.50511698465212e-06
2.1    -0.553707609213164    -0.77317940524264    0.306592116500973    0.597806392721443    6.44378313733329e-07    5.4844978343855e-06
2.2    -0.630051798286702    -0.752338523658649    0.396965268524761    0.566013254211619    6.74226087772322e-07    5.54463377783333e-06
2.29999999999999    -0.703879749822302    -0.722543453751159    0.495446702210102    0.522069042589341    4.41725816064526e-07    5.53968579550084e-06
2.39999999999999    -0.774206493413924    -0.682030009304499    0.599395694444737    0.465164933622369    6.72123313626284e-07    5.52036237765543e-06
2.49999999999999    -0.839881794395172    -0.629291704340961    0.705401428556628    0.39600804918307    4.16833184084277e-07    5.54242576067531e-06
2.59999999999999    -0.89962649401649    -0.563294318751541    0.809327828736613    0.317300489568391    4.58800921390672e-07    5.53431213058623e-06
2.69999999999999    -0.952090763147633    -0.483694292462957    0.906476821271061    0.233960168592118    1.32444417734676e-07    5.5567621892251e-06
2.79999999999998    -0.99593290282332    -0.391024210816176    0.991882346926242    0.152899933475175    3.96073873639167e-07    5.54633300173487e-06
2.89999999999998    -1.02991325294298    -0.28680204912052    1.06072130858829    0.0822554154105022    8.3379953107463e-07    5.54731876341407e-06
2.99999999999998    -1.05299352132563    -0.173524637543118    1.10879535595389    0.0301107998655063    3.85130881766083e-07    5.5709714236379e-06
3.09999999999998    -1.06442862574496    -0.0545227387995233    1.13300829930528    0.00297272907699483    0    5.54921551778807e-06
3.19999999999998    -1.0638372169253    0.0663167062821625    1.13174962411546    0.00439790556297268    2.93896837879956e-07    5.55500323115998e-06
3.29999999999997    -1.05123921802792    0.184923577384303    1.10510389352028    0.0341967295035219    5.74033268817014e-07    5.55999233844386e-06
3.39999999999997    -1.0270538396119    0.297450020000983    1.05483958946163    0.0884765144294612    2.95027939576258e-07    5.5566273247824e-06
3.49999999999997    -0.992058421438758    0.400636588168593    0.984179911547801    0.160509675810175    4.89361938049585e-07    5.55015997939025e-06
3.59999999999997    -0.947315248025649    0.492078156063497    0.897406179142072    0.242140911705572    4.19091019345082e-07    5.54264860502875e-06
3.69999999999997    -0.894078355699157    0.57035502468554    0.799376106130226    0.32530485421468    7.1958878443537e-07    5.53504931305809e-06
3.79999999999996    -0.833694202352756    0.635026752122759    0.695046023036819    0.403258975942414    4.7039074056341e-07    5.55287728187103e-06
3.89999999999996    -0.767508874811244    0.686513542150945    0.589069872914455    0.471300843587157    6.57342225316548e-07    5.52450879992052e-06
3.99999999999996    -0.696791129714868    0.725905666067274    0.485517878449523    0.526939036058996    4.49326225617963e-07    5.51577506890107e-06
4.09999999999996    -0.622676283510899    0.754743990948508    0.387725754047308    0.569638491903444    6.02944880908286e-07    5.52838100875822e-06
4.19999999999995    -0.546131963550269    0.774807329594565    0.298260121611675    0.60032639802404    6.34219048769188e-07    5.52985685677853e-06
4.29999999999995    -0.467943754965521    0.787930036367499    0.218971357811559    0.620833742240501    5.72702049105717e-07    5.51479876762259e-06
4.39999999999995    -0.388717079401958    0.795860648592681    0.151100967819081    0.633394172008623    5.40693515736428e-07    5.50091053504584e-06
4.49999999999995    -0.308891093188913    0.800162324033837    0.0954137074518351    0.640259744833553    6.27188883361704e-07    5.50655874425737e-06
4.59999999999995    -0.228760668834874    0.802149429612277    0.0523314436061061    0.643443707457368    5.72168693993601e-07    5.48332361878209e-06
4.69999999999994    -0.148503262703704    0.802851665603436    0.02205321903399    0.644570796992701    5.87200175771437e-07    5.5216996248312e-06
4.79999999999994    -0.0682083711561674    0.802996704557966    0.00465238189612422    0.644803707561132    5.88846327852349e-07    5.49348844745016e-06
4.89999999999994    0.0120918706502851    0.803003527046783    0.000146213336169976    0.644814664479772    5.8885456730388e-07    5.49525652041825e-06
4.99999999999994    0.0923917088266553    0.802980679136013    0.008536227860263    0.644777971096103    5.94596769265906e-07    5.51096234337828e-06
5.09999999999994    0.172680711765927    0.802726070379191    0.0298186282163224    0.644369144096517    5.78917184156566e-07    5.48620809525991e-06
5.19999999999993    0.252912720751105    0.801727432263258    0.0639648443180653    0.642766875673724    5.82278484861595e-07    5.50340251328999e-06
5.29999999999993    0.332974936720505    0.799165074480912    0.11087230848439    0.638664816300168    6.04553901407146e-07    5.48510508864935e-06
5.39999999999993    0.412657558268598    0.793921059691405    0.170286260396587    0.630310649052121    6.21152361850824e-07    5.53149288092843e-06
5.49999999999993    0.491624916518868    0.784601240971699    0.241695058542572    0.615599107364501    6.22714338140653e-07    5.49274063395371e-06
5.59999999999993    0.569389795608163    0.769578460281977    0.324204739342926    0.592251006560428    4.69741233174447e-07    5.51809937954903e-06
5.69999999999992    0.645293509995491    0.74706601762388    0.416403714042813    0.558107634719071    7.15566110822139e-07    5.53776149999266e-06
5.79999999999992    0.71849518724109    0.715229446814535    0.516235334088955    0.511553161621111    5.8807692708585e-07    5.52139801841772e-06
5.89999999999992    0.787974340215721    0.67234070548924    0.620903560838754    0.452042024288396    5.93994004368626e-07    5.53414662714707e-06
5.99999999999992    0.852550879533222    0.616971369113219    0.726843002193311    0.380653670336189    6.63310926081389e-07    5.54523945196141e-06
6.09999999999991    0.910925850958924    0.548210403461299    0.829785905945645    0.300534646493962    6.36403456451375e-07    5.54639555527044e-06
6.19999999999991    0.961744098405251    0.465879171273975    0.924951710817899    0.217043402257706    7.55049351463213e-07    5.54804421213948e-06
6.29999999999991    1.00367671854179    0.370704984127888    1.00736695534316    0.137422185288129    5.96604979609478e-07    5.55623520030846e-06
6.39999999999991    1.03551698415429    0.26440965811383    1.07229542447241    0.0699124673347126    6.36228979832208e-07    5.55339084508811e-06
6.49999999999991    1.05627926723708    0.149675893967631    1.1157258903953    0.0224028732659343    6.3413151594857e-07    5.56099782692644e-06
6.5999999999999    1.06528764430322    0.0299738533903958    1.1348377651054    0.000898431917911699    5.48718948350011e-07    5.55362583167053e-06
6.6999999999999    1.06224053077793    -0.0907399917390433    1.12835494522783    0.00823374613167237    6.63227232821819e-07    5.55614262867014e-06
6.7999999999999    1.04724050633819    -0.208408112968372    1.09671267811568    0.0434339415819405    4.72157583169784e-07    5.5590412778864e-06
6.8999999999999    1.02078410276815    -0.319275123636921    1.04200018446436    0.101936604604178    4.22520842515165e-07    5.55032875586476e-06
6.9999999999999    0.983713360061748    -0.420237798230837    0.967691974764267    0.176599807092668    5.4097577514265e-07    5.54669830441256e-06
7.09999999999989    0.937137493515976    -0.509085347585849    0.878226681753723    0.259167891157435    5.63196873335965e-07    5.55253737936411e-06
7.19999999999989    0.882337327593901    -0.58460180198806    0.778519159665877    0.341759266918395    5.74419953447472e-07    5.54149422434674e-06
7.29999999999989    0.82066635396421    -0.646534268196509    0.673493264529077    0.418006559982802    4.09849659784885e-07    5.51422498417786e-06
7.39999999999989    0.753460539256608    -0.695456144966207    0.567702784217241    0.483659249601796    6.19160730669401e-07    5.52617152027123e-06
7.49999999999988    0.681965338643636    -0.732567306932684    0.465076723111571    0.536654859217258    4.91738319396973e-07    5.53652839671198e-06
7.59999999999988    0.607284062762281    -0.759473488040803    0.368793932885466    0.576799979067383    6.35486919776797e-07    5.5244836794621e-06
7.69999999999988    0.530347906496297    -0.77797831305523    0.281268901925381    0.605250255614822    6.12716831641662e-07    5.52825047262391e-06
7.79999999999988    0.451905225193915    -0.789908738956465    0.204218332557854    0.62395581591015    5.40102860314829e-07    5.50976354267045e-06
7.89999999999988    0.372526198632232    -0.796982394850416    0.138775768667665    0.635180937731855    5.32573213010298e-07    5.50908847286694e-06
7.99999999999987    0.292618671751089    -0.80071596773946    0.0856256870576947    0.641146061023269    5.68555460274037e-07    5.50723412415183e-06
8.09999999999987    0.21245135987062    -0.802368130851068    0.0451355803112025    0.643794617435949    5.7170766869935e-07    5.52378026024485e-06
8.19999999999987    0.132181399281116    -0.802908140877602    0.0174719223162609    0.644661482717728    5.89117294725572e-07    5.49552925816666e-06
8.29999999999987    0.0518841275702199    -0.803001226481434    0.00269196269407003    0.644810969761006    5.89215563047003e-07    5.50628655282222e-06
8.39999999999987    -0.0284161968400087    -0.803003317431846    0.000807480243197085    0.644814327836765    5.89035391934496e-07    5.49681195419477e-06
8.49999999999986    -0.10871538480764    -0.802959808495992    0.0118190348942195    0.644744454090147    5.88429325477151e-07    5.49787222491912e-06
8.59999999999986    -0.188998254699983    -0.802605481145751    0.0357203402800011    0.644175558395463    6.01146899281273e-07    5.50106190195268e-06
8.69999999999986    -0.269207594696284    -0.801365214950853    0.0724727290424813    0.642186207763333    5.68030427469943e-07    5.48687586304428e-06
8.79999999999986    -0.349213314196246    -0.798357635865955    0.121949938812303    0.637374914775792    6.13870874153021e-07    5.50595385612789e-06
8.89999999999985    -0.428782288204296    -0.792406314102705    0.183854250678037    0.627907766660304    5.70711555734949e-07    5.51996013468711e-06
8.99999999999985    -0.507549975742137    -0.782065385154319    0.257606977876183    0.61162626668702    5.8195664242442e-07    5.51790823943572e-06
9.09999999999985    -0.584995672619994    -0.765668165486051    0.34221993698431    0.586247739669317    4.37305289233601e-07    5.52650299985787e-06
9.19999999999985    -0.66042415482393    -0.741407838159279    0.436160064275314    0.549685582514478    6.41442634166207e-07    5.5192460812198e-06
9.29999999999985    -0.732957319379186    -0.707457707368751    0.537226432031923    0.500496407745956    6.33868844960725e-07    5.52322751087037e-06
9.39999999999984    -0.801539978097857    -0.66213390541967    0.642466336489619    0.43842130873693    7.11676713005278e-07    5.53408644285111e-06
9.49999999999984    -0.864963865895823    -0.604095159989714    0.748162489305908    0.364930962353543    6.78943738335044e-07    5.52672899726805e-06
9.59999999999984    -0.921912829373611    -0.53256263891764    0.84992326496387    0.283622964401606    4.62176275827611e-07    5.53949038973585e-06
9.69999999999984    -0.971029813967761    -0.447529949002045    0.942898899614291    0.200283055284595    1.64588704961348e-07    5.55173002750601e-06
9.79999999999984    -1.01100271135339    -0.349922916683466    1.02212648236413    0.122446047651133    4.67905952576029e-07    5.55600415860197e-06
9.89999999999983    -1.0406618605204    -0.241665872455078    1.08297710794251    0.058402393940332    8.58337928290049e-07    5.55498621180458e-06
9.99999999999983    -1.05907800597045    -0.12562018165031    1.12164622273118    0.0157804300687404    9.09703381633591e-07    5.5572853823331e-06
10.0999999999998    -1.06564709119026    -0.00538281112178787    1.13560372296235    2.89746864527373e-05    3.15398134120058e-07    5.55696806514529e-06
10.1999999999998    -1.06014854682768    0.115036384229969    1.12391494134131    0.0132333697275885    6.86747945654566e-07    5.55728210472531e-06
10.2999999999998    -1.04276718084303    0.231609374781608    1.08736339344328    0.0536429025175976    0    5.55611468515755e-06
10.3999999999998    -1.01407481561931    0.340687900176204    1.02834773167326    0.116068245357319    0    5.55406677683231e-06
10.4999999999998    -0.974974910883587    0.439334979667207    0.950576076852919    0.193015224389934    6.78125634967253e-07    5.54515185855561e-06
10.5999999999998    -0.926619616145355    0.525538376306502    0.858623913025873    0.276190585001798    7.12923628920656e-07    5.56089893959572e-06
10.6999999999998    -0.870312414113995    0.598284435974279    0.757443698161287    0.357944266359759    5.9762759894596e-07    5.54054750280923e-06
10.7999999999998    -0.807410074662441    0.657502016657531    0.651911028666972    0.432308901939645    7.50329324888357e-07    5.56102371827145e-06
10.8999999999998    -0.739235414450141    0.703909310813601    0.546468997977458    0.495488317880636    4.31619535623796e-07    5.52788395084653e-06
10.9999999999998    -0.66700845283591    0.738806566892673    0.444900276154948    0.545835143314284    6.27399054335316e-07    5.52684450348676e-06
11.0999999999998    -0.591799264573377    0.763855722730886    0.350226369550004    0.583475565179298    6.44162910647339e-07    5.52928463593801e-06
11.1999999999998    -0.514502182126351    0.780877974425327    0.264712495413114    0.609770410973043    5.80715286289152e-07    5.51731465687678e-06
11.2999999999998    -0.435828538036341    0.79168740361326    0.189946514567199    0.626768945070208    5.52574960840187e-07    5.5047741330977e-06
11.3999999999998    -0.356313937617942    0.797966967956549    0.126959622141165    0.636751281980252    6.01700696634351e-07    5.52128742527139e-06
11.4999999999998    -0.276335883436344    0.801184555412561    0.0763615204748786    0.641896691862041    5.77876464323855e-07    5.51526177740322e-06
11.5999999999998    -0.196138079156392    0.802541877643927    0.0384701460954821    0.644073465402516    5.68305214437948e-07    5.50246437054867e-06
11.6999999999998    -0.115858575908017    0.802947168797863    0.0134232096117772    0.644724155910739    5.86018773051428e-07    5.49861934051807e-06
11.7999999999998    -0.0355598240969127    0.803003013445471    0.001264501090151    0.644813839632812    5.8959927822476e-07    5.50494556154403e-06
11.8999999999998    0.0447405123608481    0.803002248992828    0.00200171344665957    0.644812611917844    5.90230779116178e-07    5.50498589687323e-06
11.9999999999998    0.125038525234367    0.80292711688938    0.0156346327931302    0.644691955066297    5.87093813913701e-07    5.477712255379e-06
12.0999999999998    0.205312999729573    0.802449292821225    0.0421534278583182    0.64392486757964    6.02236702188871e-07    5.5095922641334e-06
12.1999999999998    0.285494394478506    0.800930939910234    0.081507049279005    0.641490370536112    5.970235355963e-07    5.53365008712977e-06
12.2999999999998    0.365434077618728    0.79742944023146    0.13354206508538    0.635893712178556    5.73622130782348e-07    5.54040723400826e-06
12.3999999999998    0.444874421547425    0.790710901592278    0.197913250947513    0.625223729927399    5.97534705870254e-07    5.52503630316386e-06
12.4999999999998    0.523420981339416    0.779279720189896    0.273969523706624    0.607276882329764    5.53804216806535e-07    5.52465449632689e-06
12.5999999999998    0.600518793817208    0.761432995401074    0.360622821727908    0.57978020651582    4.84287738800049e-07    5.5107810289186e-06
12.6999999999998    0.675435737037681    0.735348751944067    0.456213434867991    0.540737787016185    5.9632577907335e-07    5.52152871655297e-06
12.7999999999998    0.747256703076915    0.699214804852502    0.558392580293754    0.488901343355591    6.11129303407963e-07    5.53795696676121e-06
12.8999999999998    0.814892784526569    0.651399772256261    0.664050250273773    0.424321663326341    5.55355702447421e-07    5.55276731568975e-06
12.9999999999998    0.877109405519414    0.590658719389325    0.769320909250947    0.348877722821371    5.72774740868287e-07    5.54380274533518e-06
13.0999999999998    0.932575991234246    0.516353831424205    0.869697979426659    0.266621279257143    3.49622017343344e-07    5.5396106402531e-06
13.1999999999998    0.979937160352204    0.428657710819575    0.960276838239395    0.18374743307586    5.04113132477917e-07    5.54813175988106e-06
13.2999999999998    1.01790166665534    0.328697557405233    1.03612380298028    0.10804208427503    7.45356023335445e-07    5.55552456028089e-06
13.3999999999998    1.0453410098751    0.218597720285387    1.09273782692741    0.0477849633448414    8.42146346029329e-07    5.55637506953781e-06
13.4999999999998    1.06138585679796    0.101389843046431    1.1265399370108    0.0102799003038409    2.25987298609363e-07    5.55527740735075e-06
13.5999999999998    1.06550646063201    -0.0192158069328134    1.13530401764902    0.000369247266988469    6.82531743681358e-07    5.5596142290585e-06
13.6999999999998    1.05756418512739    -0.139172539812921    1.11844200566421    0.0193689958688375    2.33715581020089e-07    5.55504492055338e-06
13.7999999999998    1.03782529653228    -0.254498509520287    1.07708134612296    0.0647694913788905    8.08928581961391e-07    5.55365448074832e-06
13.8999999999997    1.00693458691794    -0.361666458291651    1.01391726233165    0.130802627084055    1.8848643661549e-07    5.55231493190056e-06
13.9999999999997    0.965853462846557    -0.457914543703794    0.932872911693239    0.209685729366215    7.44088853820944e-07    5.54623291461048e-06
14.0999999999997    0.915772938005143    -0.54143209655497    0.838640073983107    0.293148715210678    7.31827566493075e-07    5.5468559275897e-06
14.1999999999997    0.858015062688415    -0.611405346753318    0.736189847800203    0.373816498069132    0    5.53055950312741e-06
14.2999999999997    0.793936254367896    -0.667938425559513    0.630334776000281    0.446141740369572    7.45430495636509e-07    5.53629277255911e-06
14.3999999999997    0.724843324021282    -0.711885613957063    0.525397844378256    0.506781127389383    1.86711014600719e-07    5.50982399264761e-06
14.4999999999997    0.651928908426159    -0.744638323479705    0.425011301642089    0.554486232825208    6.055630974834e-07    5.52647286617158e-06
14.5999999999997    0.576228790154799    -0.767906270728861    0.332039618603649    0.589680040655318    6.20861847877492e-07    5.53274717293044e-06
14.6999999999997    0.498600153009494    -0.783521328124861    0.248602112581411    0.613905671657106    5.664646588202e-07    5.52817014116306e-06
14.7999999999997    0.419717621373669    -0.793279586265104    0.176162881691882    0.629292502015563    5.58346330976343e-07    5.53440240310334e-06
14.8999999999997    0.340082966730886    -0.798825887363121    0.115656424260863    0.638122798351867    6.18128832788722e-07    5.51268453331538e-06
14.9999999999997    0.260044363068191    -0.801577239002781    0.0676230707638925    0.642526070117701    5.92941714102804e-07    5.511788255996e-06
15.0999999999997    0.179821671948577    -0.802677292176681    0.0323358337027452    0.644290835406359    6.02858562189299e-07    5.50178840513633e-06
15.1999999999997    0.0995351049825876    -0.802972778987153    0.00990723712424335    0.644765283824473    5.90429132314241e-07    5.48839321494254e-06
15.2999999999997    0.0192355005564094    -0.803003486587441    0.000370004482003314    0.64481459950163    5.89649247664434e-07    5.4812276263337e-06
15.3999999999997    -0.0610647890025109    -0.802999132784245    0.00372890845626818    0.644807607282497    5.89074228160682e-07    5.49972973019495e-06
15.4999999999997    -0.141360852525927    -0.80287880648052    0.019982890627206    0.644614377925863    5.90737549352758e-07    5.50255516554625e-06
15.5999999999997    -0.221624159492198    -0.802251112315228    0.0491172680709657    0.643606847241089    5.85309379579473e-07    5.48348559450401e-06
15.6999999999997    -0.301771565714435    -0.800415675576869    0.0910660778741019    0.640665253739623    6.00373036313561e-07    5.51797866024778e-06
15.7999999999997    -0.381634658210504    -0.796369168349858    0.145645012347857    0.634203852328468    6.39774549043395e-07    5.49758950605337e-06
15.8999999999997    -0.460930150304045    -0.788821428163561    0.21245660345959    0.622239245560209    5.29279722536716e-07    5.49627669224795e-06
15.9999999999997    -0.539232703891384    -0.776229330173978    0.290771908946447    0.602531973052804    6.59323763633604e-07    5.51911532902947e-06
16.0999999999997    -0.615952396559434    -0.756857378645629    0.379397354827748    0.572833091640757    6.61299364433272e-07    5.51583545299579e-06
16.1999999999997    -0.690319953433244    -0.72887375892531    0.476541638108389    0.531256956480307    5.59686900327306e-07    5.51325847708004e-06
16.2999999999997    -0.761383627838885    -0.690487887715284    0.579705028741549    0.476773523112171    6.68894520028336e-07    5.53681915312118e-06
16.3999999999998    -0.828021946581868    -0.640129431921597    0.685620344021597    0.409765689642892    6.08489423665268e-07    5.53405133504288e-06
16.4999999999998    -0.888976075227595    -0.576659022532474    0.790278462327684    0.332535628298879    7.90253409579263e-07    5.54710111029602e-06
16.5999999999998    -0.942903971900459    -0.49958840537899    0.889067900225919    0.249588574819911    5.07843291400432e-07    5.54876706496203e-06
16.6999999999998    -0.988455631118433    -0.40927528321238    0.977044534689913    0.167506257479391    4.16300149103969e-07    5.55137005570906e-06
16.7999999999998    -1.02436478404365    -0.307050095339489    1.04932321078867    0.094279761078808    0    5.55144130197989e-06
16.8999999999998    -1.0495481228702    -0.195233520740328    1.10155126222068    0.0381161276515366    5.72095925225391e-07    5.55630513536325e-06
16.9999999999999    -1.06319960419147    -0.0770179464317324    1.13039339835346    0.00593176410343774    7.47289891130914e-07    5.55666619230128e-06
17.0999999999999    -1.06486595054894    0.0437873877316015    1.13393949263907    0.00191733535525183    7.5379847705017e-07    5.55825800508364e-06
17.1999999999999    -1.05449103713157    0.16311578220997    1.11195134739138    0.0266067584368441    7.48180759586882e-07    5.55640972409279e-06
17.2999999999999    -1.03242148251617    0.277047912424693    1.06589411756119    0.0767555458097164    5.46488786366351e-07    5.55301723567953e-06
17.3999999999999    -0.999372454118171    0.382190525717089    0.998745302050394    0.146069597978748    4.68024574951512e-07    5.55365697960465e-06
17.4999999999999    -0.956359663433443    0.475964643656556    0.914623805842963    0.226542342041863    6.59281665254502e-07    5.54530702307193e-06
17.6    -0.904608869054033    0.556762999378784    0.818317205971348    0.309985037507941    3.62866987642226e-07    5.53905947061141e-06
17.7    -0.845456657524707    0.623968317194825    0.714796959753234    0.389336460893601    6.20056637274122e-07    5.53704472947212e-06
17.8    -0.780255601332482    0.677852920124042    0.608798803411039    0.459484581351293    5.7170766869935e-07    5.53196954539058e-06
17.9    -0.71029382956128    0.719398240866681    0.504517324313313    0.517533828992805    6.96061296112934e-07    5.54352236892005e-06
18    -0.636734836278774    0.750077715817124    0.405431251731263    0.562616579796071    5.53152298726755e-07    5.53497409485504e-06
18.1    -0.560579224195139    0.771640683627024    0.31424906659956    0.595429344658592    5.78944151999426e-07    5.49653928009362e-06
18.2    -0.482646878786393    0.785923153464531    0.232948009602546    0.617675203182429    5.47123279539957e-07    5.54941730192165e-06
18.3000000000001    -0.40357613127613    0.794698466477711    0.162873693736222    0.631545652652516    6.43688770128941e-07    5.52174989096512e-06
18.4000000000001    -0.323835726817961    0.79957021143847    0.10486957796408    0.639312523050122    6.02115710384096e-07    5.51020682710266e-06
18.5000000000001    -0.243745564540356    0.801902665172036    0.0594119002334283    0.643047884440338    5.75843608873033e-07    5.50664947174591e-06
18.6000000000001    -0.163502854202913    0.802780472510831    0.0267331833328498    0.644456487075142    5.92297727493312e-07    5.51622793349961e-06
18.7000000000001    -0.0832112223685813    0.80298847126967    0.00692410752842368    0.6447904850225    5.91769575240779e-07    5.52261439685816e-06
18.8000000000001    -0.00291117327173983    0.803003536444835    8.47493016571149e-06    0.64481467957306    5.89592314863218e-07    5.49084032539858e-06
18.9000000000002    0.0773889689912018    0.802992249272901    0.00598905252186611    0.644796552422888    5.87293226595533e-07    5.5257998376946e-06
19.0000000000002    0.157682006511279    0.80281054991962    0.0248636151777571    0.644504779092665    5.78023538378918e-07    5.51571468414527e-06
19.1000000000002    0.237930811339028    0.802004023701888    0.0566110709847999    0.643210454064471    5.92947565318448e-07    5.51840116624854e-06
19.2000000000002    0.318037367333064    0.799809988603019    0.101147767020487    0.639696017899568    5.84205816093593e-07    5.51421491726872e-06
19.3000000000002    0.39781225243908    0.795165047239432    0.158254588191    0.632287452381575    5.88006127046215e-07    5.50332181912587e-06
19.4000000000002    0.476945390438692    0.786724136453617    0.227476905461118    0.618934866909256    6.33518447562495e-07    5.52872239638438e-06
19.5000000000002    0.554979608477057    0.772899084493833    0.308002365825673    0.597372994841955    5.70978976128874e-07    5.52728641803825e-06
19.6000000000003    0.631289401571681    0.751925748631002    0.398526308537109    0.565392331484538    6.14571292021909e-07    5.49963888855151e-06
19.7000000000003    0.70506819873777    0.721968157812277    0.497121164871722    0.521238020925381    6.30928256998646e-07    5.52528747748387e-06
19.8000000000003    0.775328128376641    0.68126475969314    0.601133706652479    0.46412167283046    6.73278590892694e-07    5.54145916347036e-06
19.9000000000003    0.840916481329102    0.62831505151428    0.707140528571649    0.394779803989967    8.55163087557333e-07    5.52941012803364e-06
20.0000000000003    0.900552404421278    0.562094444836674    0.810994633109167    0.315950164946985    4.71216091538724e-07    5.54409812657645e-06
20.1000000000003    0.9528855134425    0.482272443850216    0.907990801729073    0.232586710128025    7.04385313379675e-07    5.54666577843754e-06
20.2000000000004    0.996574998280927    0.389397233055735    0.993161727198716    0.151630205142257    2.92191975580567e-07    5.54926975483316e-06
20.3000000000004    1.0303837101603    0.285003308593163    1.061690590164    0.0812268859398802    5.54154931956144e-07    5.55254237808113e-06
20.4000000000004    1.05327747823172    0.171602784451641    1.1093934461504    0.0294475156624369    4.73331814237493e-07    5.55701817291453e-06
20.5000000000004    1.06451671122846    0.0525381516045177    1.13319582848514    0.0027602574049013    6.99720196835631e-07    5.55715954421777e-06
20.6000000000004    1.0637264617197    -0.0682974322876104    1.13151398536318    0.00466453928797035    6.78289334579768e-07    5.55784403014113e-06
20.7000000000004    1.05093335077706    -0.186834234161037    1.10446090777611    0.0349070310854092    7.78006165159143e-07    5.55591548599041e-06
20.8000000000005    1.02656291565783    -0.299231321711396    1.05383141980459    0.0895393839239394    8.20917398979623e-07    5.54889336694948e-06
20.9000000000005    0.991397849973728    -0.402241494442338    0.982869696933217    0.16179821988206    8.28188254331961e-07    5.55467142239858e-06
21.0000000000005    0.946504383273389    -0.493475170515764    0.895870547555866    0.243517743946283    3.56383941862029e-07    5.54259602458443e-06
21.1000000000005    0.893138874278843    -0.571529168095923    0.797697048748441    0.326645590015112    6.01885182518384e-07    5.54024692245857e-06
21.2000000000005    0.832648492604484    -0.635978423495573    0.693303512236636    0.404468555182709    3.42726707458496e-07    5.54925224898605e-06
21.3000000000005    0.766378622668381    -0.687255843980896    0.587336193283653    0.472320595116345    7.53724831553726e-07    5.51834081022897e-06
21.4000000000005    0.695596218949795    -0.726460914830388    0.483854099817433    0.527745460806375    4.26834392172173e-07    5.49287201396666e-06
21.5000000000006    0.62143405732732    -0.755140080691256    0.386180287606719    0.570236541496752    6.50849902086286e-07    5.50953181161374e-06
21.6000000000006    0.544856835856907    -0.775074439944424    0.296868971580373    0.600740387485558    6.10947608947754e-07    5.51320813352649e-06
21.7000000000006    0.466647121301059    -0.788097960631647    0.217759535818885    0.621098395582334    5.65312035639037e-07    5.52924447786588e-06
21.8000000000006    0.387407459877163    -0.79595682616065    0.150084539968871    0.633547269142132    6.28813112315773e-07    5.51337929973301e-06
21.9000000000006    0.307574438698122    -0.800210525723031    0.094602035340798    0.640336885508209    5.77287793407115e-07    5.50265604711982e-06
22.0000000000006    0.227440771146558    -0.802168969859467    0.0517293043800915    0.643475056235894    5.92086816111625e-07    5.52221231792898e-06
22.1000000000007    0.147182223249538    -0.802856990692323    0.0216626068410188    0.644579347533855    5.84787523088655e-07    5.50662931021097e-06
22.2000000000007    0.0668870981696556    -0.802997215309345    0.00447388390190548    0.644804527824685    5.90197713768768e-07    5.48837298634325e-06
22.3000000000007    -0.0134131541444318    -0.803003522947818    0.000179912704450339    0.644814657896925    5.89959519644873e-07    5.50609500263518e-06
22.4000000000007    -0.0937129542035997    -0.802979348386732    0.00878211778591723    0.644775833965641    5.92672495737394e-07    5.48265541834712e-06
22.5000000000007    -0.174001533670568    -0.80271749102055    0.0302765337200683    0.644355370420642    5.98631084782012e-07    5.50598410211263e-06
22.6000000000007    -0.25423188673279    -0.801700590979084    0.0646338522320613    0.642723837606464    5.89079013490041e-07    5.50005271055369e-06
22.7000000000007    -0.334289861444482    -0.799103950969211    0.111749711464921    0.638567124485109    5.91559208669639e-07    5.523187308758e-06
22.8000000000008    -0.413963812932947    -0.793804864582511    0.171366038418268    0.630126163065283    5.3338039902137e-07    5.51583545299579e-06
22.9000000000008    -0.492915774736562    -0.784404930748106    0.242965960984429    0.615291095412208    5.33224264832821e-07    5.50147561691554e-06
23.0000000000008    -0.570655850692273    -0.769273676425073    0.325648099929703    0.591781989270961    6.17769507757463e-07    5.51476856998227e-06
23.1000000000008    -0.646522413580921    -0.746622597407245    0.417991231262778    0.557445302989734    5.27730466931009e-07    5.53115166429905e-06
23.2000000000008    -0.719671572370063    -0.714617614228717    0.517927172077818    0.51067833459656    4.67668617560721e-07    5.53327890690504e-06
23.3000000000008    -0.789079998715477    -0.671533957379564    0.622647244373058    0.450957855944432    4.91399539942776e-07    5.52934487249936e-06
23.4000000000009    -0.853565257774584    -0.61594991667823    0.728573649280319    0.37939429988644    7.25733975284453e-07    5.5246042566208e-06
23.5000000000009    -0.911826904195871    -0.546964825170764    0.831428303215852    0.299170520004915    6.53276151918857e-07    5.55248739194637e-06
23.6000000000009    -0.962509498717094    -0.464413721779824    0.926424535121134    0.215680105008205    7.08941438517885e-07    5.55125505979908e-06
23.7000000000009    -1.00428534760568    -0.369039856912041    1.00858905941602    0.13619041602051    7.49070568535138e-07    5.55432413402394e-06
23.8000000000009    -1.03595057040097    -0.262581502897608    1.07319358431485    0.0689490456947693    8.71940781970489e-07    5.55004870912953e-06
23.9000000000009    -1.05652396590387    -0.147736105501026    1.11624289052979    0.0218259568995049    7.45356023335445e-07    5.5582788766255e-06
24.000000000001    -1.06533533021434    -0.0279845711208854    1.13493936580298    0.000783136251716726    2.79173165488171e-07    5.55849182039199e-06
24.100000000001    -1.06208959398386    0.0927117008194288    1.12803430564927    0.00859545949969595    6.88040040768099e-07    5.55559747063693e-06
24.200000000001    -1.04689601294487    0.210296942814552    1.0959912619197    0.0442248041880223    0    5.55657862292922e-06
24.300000000001    -1.02025729238574    0.321023903606115    1.04092494266664    0.103056346717282    5.90244004736494e-07    5.54740507176866e-06
24.400000000001    -0.983020568327608    0.421802455478465    0.96632943775568    0.177917311478455    7.3982427044549e-07    5.54909969569517e-06
24.500000000001    -0.936298680932955    0.510437739364201    0.876655219916635    0.260546685797883    0    5.53589670085551e-06
24.600000000001    -0.881374441828174    0.585730227463098    0.776820906708278    0.343079899394751    5.92871495010786e-07    5.54779156662516e-06
24.7000000000011    -0.819601746119255    0.647441962636326    0.671747022241932    0.419181095012998    4.47903226768647e-07    5.53357986575364e-06
24.8000000000011    -0.752315606480878    0.696158380199818    0.565978771754795    0.484636490353016    3.22016817107414e-07    5.53001245045151e-06
24.9000000000011    -0.68075949619189    0.73308782239365    0.463433491655769    0.537417755372164    5.77071396134236e-07    5.50451193808838e-06
25.0000000000011    -0.606034079184449    0.759840891517472    0.36727730513346    0.577358180452841    7.19704489453044e-07    5.54745635580711e-06
25.1000000000011    -0.529067580735892    0.778222899306847    0.279912504986048    0.605630881035892    5.64132457857905e-07    5.50794973485572e-06
25.2000000000011    -0.450605350396626    0.790059959487402    0.203045181806362    0.624194739615388    5.43968925250533e-07    5.49116382861612e-06
25.3000000000012    -0.371214743655981    0.797067030485486    0.137800385907954    0.635315851117404    6.15067878889007e-07    5.51835086961141e-06
25.4000000000012    -0.291301112881992    0.80075693271895    0.0848563383666197    0.641211665327467    5.76578188051018e-07    5.47783386206253e-06
25.5000000000012    -0.211131106011483    0.802383773768253    0.0445763439259839    0.643819720437082    5.93316075572727e-07    5.52260434524171e-06
25.6000000000012    -0.130860268502356    0.802911891309866    0.017124409872859    0.644667505236721    5.91899276235641e-07    5.47129367108644e-06
25.7000000000012    -0.0505628475098173    0.803001450383468    0.00255660154865007    0.644811329348371    5.90788936539067e-07    5.51523158229802e-06
25.8000000000012    0.0297374800028902    0.80300327541688    0.000884317717271206    0.644814260360286    5.90686800119288e-07    5.48161245795226e-06
25.9000000000012    0.110036595382407    0.802957649612049    0.0121080523237023    0.644740987100925    5.92322621797305e-07    5.51541275044959e-06
26.0000000000013    0.190318876393862    0.802594245718366    0.0362212747121548    0.644157523290624    5.76872960657272e-07    5.51285571577893e-06
26.1000000000013    0.270526160707742    0.801332861501078    0.0731844036276223    0.642134354951904    5.92731031870806e-07    5.51345984669737e-06
26.2000000000013    0.350526903365148    0.798287148322345    0.122869109983075    0.637262371206946    5.61419911199346e-07    5.50668979459433e-06
26.3000000000013    0.430086039711963    0.792275985026182    0.18497400155543    0.627701236479915    5.56578816921767e-07    5.54151926769405e-06
26.4000000000013    0.508836646197133    0.781849404537075    0.258914732513483    0.611288491405714    5.80667488825283e-07    5.54388285027792e-06
26.5000000000013    0.586255273485157    0.765337664756434    0.343695245689733    0.585741741125202    7.58899330625808e-07    5.51093212471593e-06
26.6000000000014    0.661643723078626    0.740932532607312    0.43777241628989    0.54898101790628    7.38434857346703e-07    5.51304703106578e-06
26.7000000000014    0.734120886609699    0.706808231322265    0.5389334761572    0.49957787589553    7.6780754494597e-07    5.5337604332062e-06
26.8000000000014    0.80262880788774    0.661284828687795    0.644213003251681    0.437297624683345    6.21130019446204e-07    5.54063266427729e-06
26.9000000000014    0.865957020377976    0.603028507338149    0.749881561142521    0.363643380693152    7.86733332348722e-07    5.53860346154225e-06
27.0000000000014    0.922788097700199    0.531271524292629    0.851537873257381    0.282249432554932    4.78116011832191e-07    5.542430768512e-06
27.1000000000014    0.971764986037784    0.446021731230593    0.944327188089731    0.198935384760729    8.46551216640516e-07    5.5491972302499e-06
27.2000000000015    1.01157711358869    0.34822116025556    1.02328825673658    0.121257976480585    3.87716645933917e-07    5.55487004160069e-06
27.3000000000015    1.04105799926636    0.239810439966803    1.08380175783689    0.0575090471479375    6.43171127286769e-07    5.55570566347033e-06
27.4000000000015    1.05928310791573    0.123665045492059    1.12208070271589    0.0152930435074333    5.23028635227211e-07    5.55699038988944e-06
27.5000000000015    1.06565431044748    0.00339162809203051    1.13561910937581    1.15031720032127e-05    7.27414801565345e-07    5.55774793668478e-06
27.6000000000015    1.05995763951043    -0.116996355923182    1.12351019755656    0.0136881473301987    2.11260421257583e-07    5.55830353225248e-06
27.7000000000015    1.04238452944587    -0.233473998286882    1.0865655072286    0.0545101079069111    7.10896279923711e-07    5.5541179993598e-06
27.8000000000015    1.01351279887238    -0.342402327564792    1.02720819347853    0.11723935395267    6.31148176924806e-07    5.55720796784222e-06
27.9000000000016    0.974250729296142    -0.440858223281262    0.949164483534364    0.19435597306552    5.48010335815945e-07    5.55061003858459e-06
28.0000000000016    0.925753768070472    -0.526845667105206    0.857020039096925    0.27756635697826    4.97462272126186e-07    5.54356242356184e-06
28.1000000000016    0.869327052236508    -0.599367287117633    0.755729523750279    0.359241144897586    2.50454788118178e-07    5.55287228345549e-06
28.2000000000016    0.806327456411223    -0.658366377372538    0.650163966963011    0.433446286885248    6.46184864850239e-07    5.53249132045021e-06
28.3000000000016    0.738076605602746    -0.704572472611807    0.544757075738295    0.496422369192931    4.72862471718265e-07    5.53312842134206e-06
28.4000000000016    0.665792372734952    -0.739293541930787    0.44327948359227    0.54655494117094    4.83312450058069e-07    5.51108321637072e-06
28.5000000000017    0.590542093961284    -0.764195700308563    0.348739964740505    0.583995068400509    5.71124789021516e-07    5.51480883346596e-06
28.6000000000017    0.51321710371991    -0.781101259722284    0.263391795551141    0.610119177970409    6.98966123632827e-07    5.53807223880091e-06
28.7000000000017    0.434525750316726    -0.791823031071002    0.188812627688796    0.626983712565039    6.94324558738821e-07    5.52894328302764e-06
28.8000000000017    0.355000872088279    -0.798041010878023    0.126025619183739    0.636869455073898    5.48187574823084e-07    5.5390444379438e-06
28.9000000000017    0.275017559484991    -0.801219043081907    0.0756346580254169    0.641951955027363    5.79794492961678e-07    5.50244419367908e-06
29.0000000000017    0.194817542604502    -0.802554178666791    0.0379538749068089    0.644093209725643    5.93409629038394e-07    5.48784701658987e-06
29.1000000000017    0.114537382193925    -0.802949690421515    0.0131188119201863    0.644728205378025    5.9085646718713e-07    5.47894846422466e-06
29.2000000000018    0.0342385413173866    -0.803003085257895    0.00117227771189099    0.644813954964021    5.90421787087813e-07    5.5066595524857e-06
29.3000000000018    -0.0460617937508455    -0.803002092562736    0.00212168884389342    0.644812360690536    5.89912540113822e-07    5.5139833732858e-06
29.4000000000018    -0.126359681353957    -0.802923842181661    0.0159667690722253    0.644686696373541    5.92982671399847e-07    5.45705059232715e-06
29.5000000000018    -0.206633362260913    -0.802434903371007    0.0426973463995808    0.643901774178366    5.75270950908394e-07    5.50706276694578e-06
29.6000000000018    -0.286812241407162    -0.800892370189243    0.0822612618213608    0.641428588657719    6.0068501146872e-07    5.51133502659062e-06
29.7000000000018    -0.366746131825249    -0.797348689668736    0.134502725209106    0.635764932946795    5.68054858360794e-07    5.50866525259722e-06
29.8000000000019    -0.446175371767381    -0.790565368508208    0.199072462372189    0.624993601914854    6.54273828545697e-07    5.50780863587895e-06
29.9000000000019    -0.524703052016837    -0.779042870740912    0.275313292796138    0.606907794482653    5.95347546070009e-07    5.51461757930025e-06
