0    1.00000000000003    -0.380546675183177    1.00000000000116    0.14481577258385    1.05156175877913e-06    2.43080127577348e-05
0.1    0.960733871673602    -0.405078290907862    0.923009572182158    0.164088422140713    1.09900483551698e-06    1.93875775157436e-05
0.2    0.918960044760262    -0.430650924810938    0.844487563866687    0.185460219336871    9.50642699464356e-07    1.72149497965708e-05
0.3    0.874594727965526    -0.456823503997228    0.764915938185912    0.208687714065587    9.04869869462484e-07    1.61641887157478e-05
0.4    0.827608814179422    -0.482934991347418    0.684936349308027    0.233226206078489    7.46844058402876e-07    1.45175112594357e-05
0.5    0.778051810187062    -0.508068384389868    0.605364619335878    0.258133483382926    7.17115963430164e-07    1.28994296943066e-05
0.6    0.726078216545325    -0.531041406199239    0.527189576541948    0.282004975231796    5.55555578538991e-07    1.15641963696032e-05
0.7    0.671972587551109    -0.550446621982293    0.451547158420418    0.302991483761307    5.33276314641607e-07    1.04685138245045e-05
0.8    0.616167190695091    -0.564762777864388    0.379662006889325    0.318956995348566    4.95337550002177e-07    9.35227730158051e-06
0.900000000000001    0.559244548903525    -0.572545529590258    0.312754465478519    0.327808383524323    4.61154226226919e-07    8.39846352615312e-06
1    0.501917653712337    -0.572676698229975    0.251921331108292    0.327958600753421    4.41159944030269e-07    7.60494086614449e-06
1.1    0.444984551239013    -0.564614611660621    0.198011250841522    0.318789659748967    3.68521412522084e-07    6.94935107228489e-06
1.2    0.389261146528038    -0.548564510252191    0.151524240196443    0.30092302194859    3.47352108387352e-07    6.35323113376401e-06
1.3    0.335503964061209    -0.525499711219997    0.112562909900868    0.276149946526841    2.87740998228304e-07    5.87709146009014e-06
1.4    0.2843392898561    -0.497014767177952    0.0808488317559658    0.247023678822842    3.07827118934894e-07    5.46704088978112e-06
1.5    0.236213750845566    -0.46505601663996    0.0557969360886065    0.216277098639384    2.74561729620222e-07    5.13388526082616e-06
1.6    0.191374486717987    -0.431615354586627    0.0366241941666365    0.186291814338244    2.51726000108214e-07    4.82746167240869e-06
1.7    0.149878254416485    -0.398470025587005    0.0224634911469939    0.158778361312236    2.47402471948778e-07    4.57468378904595e-06
1.8    0.111622138450648    -0.367015248678595    0.0124595017923501    0.134700192781625    2.33243784333278e-07    4.3604932707591e-06
1.9    0.0763860352606952    -0.338193969095085    0.00583482638289796    0.114375160749738    2.23156238597235e-07    4.17746087838637e-06
2    0.0438782420128897    -0.312499568262368    0.00192530012218818    0.0976559801801705    2.1555842749885e-07    4.00053338391496e-06
2.1    0.013778506229681    -0.290018317263042    0.000189847233964175    0.0841106243629109    2.06921938855087e-07    3.85022584513163e-06
2.2    -0.0142239475529726    -0.270483353787655    0.000202320684029591    0.0731612446900707    1.99690863356301e-07    3.72196026322177e-06
2.29999999999999    -0.040397610752511    -0.253323188490089    0.00163196695454883    0.0641726378397936    1.93492211056157e-07    3.60674287991748e-06
2.39999999999999    -0.0649402128218959    -0.237699888988723    0.0042172312413878    0.0565012372374409    1.86203969115453e-07    3.4913751786031e-06
2.49999999999999    -0.0879537570405895    -0.222543023545174    0.00773586337758767    0.0495253973401749    1.80635769495927e-07    3.39809170318869e-06
2.59999999999999    -0.109423342054263    -0.206594707633095    0.0119734677863576    0.0426813732329569    1.82771906968454e-07    3.30954882367017e-06
2.69999999999999    -0.129201943100619    -0.188487851084841    0.0166931421010081    0.0355276700169842    1.80474840310057e-07    3.22534743377681e-06
2.79999999999998    -0.147005670868843    -0.166881078699592    0.0216106672676289    0.0278492944378322    1.73795872113546e-07    3.14530839815255e-06
2.89999999999998    -0.162426022175188    -0.140664406210703    0.0263822126796804    0.0197864751840441    1.60046639596942e-07    3.07154816271034e-06
2.99999999999998    -0.174965906424942    -0.109223909256553    0.0306130684111282    0.0119298623622994    1.63149002495842e-07    3.00261315646695e-06
3.09999999999998    -0.184103058300434    -0.0727116517405597    0.0338939360756    0.00528698430743415    1.64018571099276e-07    2.93150434952842e-06
3.19999999999998    -0.189376810353753    -0.0322239207659733    0.0358635762997837    0.00103838107770782    1.48895151106353e-07    2.85938770306732e-06
3.29999999999997    -0.190483439352716    0.0102222818665774    0.0362839406676571    0.000104495054341907    1.31101640721915e-07    2.78965033946087e-06
3.39999999999997    -0.187356117878615    0.0519763830666108    0.0351023149065626    0.00270154440410303    1.30385160446167e-07    2.7232253494538e-06
3.49999999999997    -0.180204323670835    0.0902598476924578    0.0324735982696843    0.00814684011248926    1.45071241845345e-07    2.65020336952355e-06
3.59999999999997    -0.169497940913784    0.122733748280943    0.0287295519740338    0.0150635729737567    1.45346009544279e-07    2.5820346900578e-06
3.69999999999997    -0.155899775279515    0.14793210316875    0.0243047399322214    0.0218839071542415    1.34729901850411e-07    2.51233271153927e-06
3.79999999999996    -0.140167427563622    0.165428682628054    0.0196469077498192    0.0273666490420506    1.26577667951822e-07    2.44890026926362e-06
3.89999999999996    -0.123052688644683    0.17572868733672    0.015141964182702    0.0308805715587611    1.2908816254883e-07    2.38209157825639e-06
3.99999999999996    -0.105221830184523    0.179980459109039    0.0110716335473968    0.0323929656665113    1.27444952452307e-07    2.3261209005476e-06
4.09999999999996    -0.0872083006035593    0.179636566842112    0.00760528769417481    0.0322692961519572    1.18552644856047e-07    2.26644653374742e-06
4.19999999999995    -0.0693974616892266    0.17616449632265    0.00481600768892165    0.031033929769522    1.18215617929566e-07    2.21561464336531e-06
4.29999999999995    -0.0520356573747825    0.170852621161536    0.00270770963843951    0.0291906181624575    1.17261611929609e-07    2.16567725762882e-06
4.39999999999995    -0.0352538081245322    0.164710916465064    0.00124283098729414    0.0271296860072636    1.13176770170288e-07    2.12189458220274e-06
4.49999999999995    -0.0190971842459336    0.158441582580712    0.000364702446135593    0.0251037350949962    1.11617708961985e-07    2.07741474011065e-06
4.59999999999995    -0.00355587411693529    0.152449761995468    1.2644240747438e-05    0.0232409299366419    1.09305424630998e-07    2.04136390968864e-06
4.69999999999994    0.0114067914526739    0.146870406745916    0.000130114891256317    0.0215709163817219    1.07346037373156e-07    2.00276107094237e-06
4.79999999999994    0.0258286697667877    0.14159688673975    0.000667120181932883    0.0200496783382497    1.0539335689374e-07    1.96470129220509e-06
4.89999999999994    0.0397259398698019    0.136306313313716    0.00157815029855003    0.0185794110529116    1.04448356138254e-07    1.932571315166e-06
4.99999999999994    0.0530727002515809    0.130484620530077    0.00281671151200485    0.0170262361984961    1.03387293117192e-07    1.90206624878588e-06
5.09999999999994    0.0657834402458954    0.123461074069541    0.00432746101059517    0.0152426368139044    9.93856904801287e-08    1.87077786413931e-06
5.19999999999993    0.0777000152974559    0.114466484738682    0.00603729237723535    0.0131025761318248    1.0229721095333e-07    1.84225257237014e-06
5.29999999999993    0.0885862579652408    0.102729910694929    0.00784752510029352    0.0105534345546851    9.65615797477202e-08    1.81574036958934e-06
5.39999999999993    0.0981345554594172    0.0876213740818963    0.00963039097522645    0.00767750519920313    9.50040327854946e-08    1.78984110756266e-06
5.49999999999993    0.105988657820573    0.0688297262755639    0.0112335955866146    0.00473753122227652    9.02470316393349e-08    1.76280199620914e-06
5.59999999999993    0.111784542898362    0.0465367395429855    0.012495784031004    0.00216566813031772    9.08027570138581e-08    1.73955650545315e-06
5.69999999999992    0.11520586670115    0.0215223198003596    0.0132723917223692    0.000463210252525766    7.84967374269123e-08    1.71371431433547e-06
5.79999999999992    0.116043565834754    -0.00486746627207958    0.013466109171654    2.36922307521249e-05    9.56772479889007e-08    1.68591002655219e-06
5.89999999999992    0.114243849946459    -0.0309204741410354    0.0130516572505971    0.000956075723869505    8.99485980544212e-08    1.66224800192318e-06
5.99999999999992    0.109929118133974    -0.0548865934917562    0.0120844110137198    0.0030125381478015    8.07301436840346e-08    1.63469026969739e-06
6.09999999999991    0.103383892315445    -0.0753279743972947    0.0106882291903005    0.0056743037293879    9.47846658594305e-08    1.60885321085567e-06
6.19999999999991    0.09500975857337    -0.0913705378138687    0.00902685422417778    0.00834857518289614    8.78706674128106e-08    1.58130894234127e-06
6.29999999999991    0.085263421566284    -0.102784411484096    0.00726985105719639    0.0105646352465515    8.08053164313877e-08    1.55549216491098e-06
6.39999999999991    0.0745953313538236    -0.109899248049733    0.00556446345979315    0.012077844724238    8.00558297814489e-08    1.53008221287476e-06
6.49999999999991    0.0634024719752252    -0.11341929273141    0.0040198734525758    0.0128639359659677    8.10946157116986e-08    1.50810200690289e-06
6.5999999999999    0.0520013244402806    -0.114217110843594    0.00270413774354972    0.0130455484116611    7.99555482117628e-08    1.48437392927316e-06
6.6999999999999    0.0406200235697047    -0.11316276127037    0.00164998631480939    0.0128058105404709    7.7597951168507e-08    1.46151843629588e-06
6.7999999999999    0.0294047393889034    -0.111011415528092    0.00086463869853539    0.0123235343796286    7.78462563190452e-08    1.44146111503627e-06
6.8999999999999    0.0184344389282257    -0.108346088812621    0.00033982853860432    0.0117388749630141    7.64057091298783e-08    1.42187552395778e-06
6.9999999999999    0.00773926218802458    -0.10555952733954    5.98961792206419e-05    0.0111428138141119    7.51989364771619e-08    1.40169523920673e-06
7.09999999999989    -0.00268050753454647    -0.102857710722477    7.18512064828245e-06    0.0105797086569835    7.43103720879452e-08    1.38377674491372e-06
7.19999999999989    -0.0128363271333627    -0.100271666573526    0.000164771294280063    0.0100544071193002    7.32025616177534e-08    1.36670564476764e-06
7.29999999999989    -0.0227345482888103    -0.0976703760412895    0.000516859685901539    0.00953950235786983    7.27542674094893e-08    1.35016336182853e-06
7.39999999999989    -0.0323608425163919    -0.0947735452163063    0.00104722412837582    0.0089820248746474    7.14558724745786e-08    1.33421832418007e-06
7.49999999999988    -0.0416660468604928    -0.0911683561317236    0.00173605946098588    0.00831166916150285    7.14103388737816e-08    1.31987171963043e-06
7.59999999999988    -0.0505542217290943    -0.0863386985057997    0.00255572933463912    0.0074543708613792    6.85139527833071e-08    1.30530764606267e-06
7.69999999999988    -0.0588747091397229    -0.0797178410590712    0.00346623137629154    0.00635493418478697    6.76123512390146e-08    1.29137001474804e-06
7.79999999999988    -0.0664210395059703    -0.0707738298983665    0.00441175448905776    0.00500893500011669    6.39229313131318e-08    1.27819129163667e-06
7.89999999999988    -0.0729400978786979    -0.0591281582104047    0.00532025787855878    0.00349613909495428    6.89367460969726e-08    1.26476417400168e-06
7.99999999999987    -0.0781542205569164    -0.0446910342905595    0.00610808219086468    0.00199728854752481    7.44999849757555e-08    1.25093662495558e-06
8.09999999999987    -0.0817961433279443    -0.0277749717801732    0.00669060906332962    0.000771449058924408    6.34052178891947e-08    1.23894762183897e-06
8.19999999999987    -0.083652069989103    -0.00913466418468955    0.00699766881346597    8.34420912687923e-05    6.47118418143697e-08    1.22545598089347e-06
8.29999999999987    -0.0836031754537459    0.010108735341702    0.00698949094595384    0.000102186531676961    6.34120573496416e-08    1.21176970756574e-06
8.39999999999987    -0.081653466856516    0.0286603055692445    0.0066672886496917    0.000821413116757647    5.9473533336407e-08    1.19798884837751e-06
8.49999999999986    -0.0779345278576167    0.0453078821523083    0.00607379063239362    0.00205280418652764    6.31310318785992e-08    1.18329361882762e-06
8.59999999999986    -0.0726850246951069    0.0591547987515004    0.00528311281493209    0.00349929021669876    6.15589427562831e-08    1.16972168920989e-06
8.69999999999986    -0.0662114848422179    0.0697520428519497    0.00438396072501544    0.00486534748335702    6.46514981679939e-08    1.15619937404669e-06
8.79999999999986    -0.0588422911627097    0.0771020795958444    0.00346241522928069    0.00594473067930734    5.99166941138611e-08    1.14167536874177e-06
8.89999999999985    -0.0508867932715025    0.081560630318889    0.00258946572946036    0.00665213641929039    6.10922053830446e-08    1.12956567178718e-06
8.99999999999985    -0.0426070907895901    0.0836913738055684    0.00181536418555603    0.00700424605070869    6.04355878491239e-08    1.11593587655984e-06
9.09999999999985    -0.0342044751001546    0.0841253081804218    0.00116994611688067    0.00707706747766802    5.97608731208577e-08    1.10321281777288e-06
9.19999999999985    -0.0258183470256429    0.0834548766781133    0.000666587043139896    0.0069647164425502    5.80603254786944e-08    1.09137774123092e-06
9.29999999999985    -0.0175336065132202    0.0821700836968874    0.000307427357363793    0.00675192265591931    5.79247828065923e-08    1.07973749360414e-06
9.39999999999984    -0.00939260068973225    0.0806292809457679    8.82209477200528e-05    0.00650108094697222    5.73938162653414e-08    1.06801423735945e-06
9.49999999999984    -0.00140877544643475    0.0790521534699061    1.98464826170091e-06    0.00624924296934832    5.67757961674169e-08    1.0577016170152e-06
9.59999999999984    0.00641959516823259    0.0775235315195446    4.12112021271616e-05    0.00600989794035916    5.62703426182186e-08    1.04753671145068e-06
9.69999999999984    0.0140962717779876    0.0760005329594888    0.000198704878041982    0.00577608101120438    5.5604618022117e-08    1.03828767789114e-06
9.79999999999984    0.0216146509405631    0.0743200616360258    0.000467193135285479    0.00552347156263964    5.56031556214183e-08    1.02808521420018e-06
9.89999999999983    0.0289461721662224    0.0722079938946319    0.000837880883079485    0.00521399438332643    5.38055447047123e-08    1.01942349502078e-06
9.99999999999983    0.0360299273455392    0.069295200395403    0.00129815566452767    0.00480182479886148    5.32851635007817e-08    1.01114400044353e-06
10.0999999999998    0.0427645378144133    0.0651483798288383    0.00182880569448332    0.00424431139532764    5.42110543038891e-08    1.0025275484625e-06
10.1999999999998    0.0490042161540357    0.0593242056953394    0.00240141320087435    0.00351936138237053    5.38277055590359e-08    9.93775520053226e-07
10.2999999999998    0.0545616289803612    0.0514512893335042    0.0029769713569935    0.00264723517505187    5.39041911381773e-08    9.85852785982717e-07
10.3999999999998    0.0592201590752871    0.0413339108750775    0.00350702724090504    0.00170849218918567    5.22869409904562e-08    9.78173380525152e-07
10.4999999999998    0.0627567765629582    0.0290551684804326    0.00393841300457564    0.000844202816367678    5.08403184412278e-08    9.70233648195171e-07
10.5999999999998    0.0649736709301214    0.0150418284870228    0.00422157791413846    0.000226256605158906    5.24938876593186e-08    9.62234108395257e-07
10.6999999999998    0.0657327465291222    5.09674010356001e-05    0.00432079396626453    2.59858696982608e-09    5.19374143093775e-08    9.54463986954191e-07
10.7999999999998    0.0649839404295286    -0.0149403182107753    0.00422291251375105    0.000223213109133    5.0274169356621e-08    9.45397209889116e-07
10.8999999999998    0.0627783857451565    -0.0289202351247257    0.00394112571677027    0.000836380000548011    5.09510910756511e-08    9.37332160352112e-07
10.9999999999998    0.0592616755949627    -0.0410428321477784    0.00351194619432521    0.00168451407157218    5.11719169758862e-08    9.28149975557547e-07
11.0999999999998    0.0546492398361502    -0.0507748017909342    0.00298653941467149    0.00257808049775446    4.93073519019375e-08    9.19675737415477e-07
11.1999999999998    0.0491916580721314    -0.0579464584166245    0.00241981922388759    0.00335779204385959    4.58292095561217e-08    9.11037003497163e-07
11.2999999999998    0.0431397596565018    -0.0627088845234426    0.00186103886322296    0.00393240419898773    4.7052532729019e-08    9.01814609861969e-07
11.3999999999998    0.0367173015995201    -0.0654327949402907    0.00134816023675236    0.00428145065449775    4.72525761627517e-08    8.94215178942691e-07
11.4999999999998    0.0301048156615376    -0.0665932074916218    0.000906299926017308    0.00443465528480801    4.63736456311664e-08    8.8646304163875e-07
11.5999999999998    0.0234342812656817    -0.0666721512727014    0.000549165538441258    0.00444517575610051    4.66893658984501e-08    8.77797094342367e-07
11.6999999999998    0.0167919895805677    -0.0660929655472419    0.00028197091407608    0.00436828009558615    4.67578194617437e-08    8.70197234227317e-07
11.7999999999998    0.01022640699116    -0.0651849582575071    0.000104579399951004    0.00424907878377883    4.64632786273077e-08    8.63646913883012e-07
11.8999999999998    0.00375839532080444    -0.0641699302871706    1.41255353895552e-05    0.00411777995379248    4.59399700033203e-08    8.5565182348664e-07
11.9999999999998    -0.00260790924825721    -0.0631609777963826    6.80119064922367e-06    0.00398930911691613    4.55872649346308e-08    8.49118003340386e-07
12.0999999999998    -0.00887439341879103    -0.0621662472409127    7.87548585535333e-05    0.00386464229672852    4.52967813571803e-08    8.42749418514545e-07
12.1999999999998    -0.0150387106492918    -0.0610937590019574    0.000226162817995155    0.00373244738968879    4.50838531267967e-08    8.36388599853569e-07
12.2999999999998    -0.0210845323355762    -0.0597569634975178    0.000444557503811951    0.00357089468713394    4.46233762728335e-08    8.30822476062291e-07
12.3999999999998    -0.026972501106305    -0.0578839894856257    0.000727515815931565    0.00335055623945152    4.40277760531557e-08    8.24315183864039e-07
12.4999999999998    -0.0326325219619438    -0.0551363102280219    0.00106488148959875    0.00304001270623092    4.48463491263292e-08    8.18689755443905e-07
12.5999999999998    -0.0379586889961072    -0.051144010075625    0.00144086207030487    0.00261570976727621    4.10416434268108e-08    8.12760787419493e-07
12.6999999999998    -0.0428088252484138    -0.0455634027456274    0.00183259551915115    0.00207602367041374    4.37696840151021e-08    8.08391481853608e-07
12.7999999999998    -0.0470109224694019    -0.0381564744598137    0.00221002683142568    0.00145591654384736    3.94907128943395e-08    8.03085509718848e-07
12.8999999999998    -0.0503781659112598    -0.0288798168959193    0.002537959600584    0.000834043824578957    3.98079124710756e-08    7.98205998551709e-07
12.9999999999998    -0.0527322813301883    -0.0179566090883582    0.00278069349428757    0.000322439810579758    3.80191837939437e-08    7.92243515348771e-07
13.0999999999998    -0.0539318046272929    -0.0058973567108469    0.002908639550358    3.47788167946428e-05    3.88150401118672e-08    7.8719231888549e-07
13.1999999999998    -0.0538987088194241    0.00655617585613631    0.00290507081240298    4.29834424665292e-05    4.37077135974814e-08    7.80989424725085e-07
13.2999999999998    -0.0526355349656588    0.0185612931924828    0.00277049954112302    0.000344521605578806    4.39205248748943e-08    7.75563592119909e-07
13.3999999999998    -0.0502272155099843    0.0293413044760063    0.00252277317788781    0.000860912148946286    3.74618645033217e-08    7.69791700766587e-07
13.4999999999998    -0.0468267480025799    0.0383317336992627    0.00219274432849839    0.00146932180897376    3.56040612861799e-08    7.63258056491124e-07
13.5999999999998    -0.0426293609497024    0.0452586453289136    0.00181726241498156    0.00204834497758193    3.93311538058867e-08    7.57324179911581e-07
13.6999999999998    -0.0378429898854146    0.0501349009695858    0.00143209188346942    0.00251350829579485    4.27901931392407e-08    7.51450072353435e-07
13.7999999999998    -0.0326625269096489    0.053193794868127    0.00106684066412511    0.00282957981302858    3.96660332363972e-08    7.45792860107723e-07
13.8999999999997    -0.0272523689094916    0.054795698012488    0.000742691611180475    0.00300256852122327    3.81003712415095e-08    7.39922451498341e-07
13.9999999999997    -0.0217382721788252    0.0553396463436503    0.000472552477322178    0.00306247645798024    3.86267371087169e-08    7.34817937796373e-07
14.0999999999997    -0.0162069994483077    0.0551975886948217    0.000262666831118961    0.00304677379825376    3.89293950209895e-08    7.28732093447181e-07
14.1999999999997    -0.0107112145229362    0.054674861451713    0.000114730116557867    0.00298934047528781    3.88211498713822e-08    7.23740713883733e-07
14.2999999999997    -0.00527720855374694    0.0539918293092612    2.784893012123e-05    0.00291511763267765    3.860221307122e-08    7.19204775608501e-07
14.3999999999997    8.62690230186418e-05    0.0532788118587207    7.44234580187043e-09    0.00283863179358691    3.83311817397291e-08    7.14114016552852e-07
14.4999999999997    0.00537903803652323    0.0525773361172905    2.89340501998142e-05    0.00276437627369367    3.80855621050169e-08    7.09316635695276e-07
14.5999999999997    0.0106007615806067    0.051843315116916    0.000112376146090312    0.00268772932280927    3.80182926197626e-08    7.05280261564781e-07
14.6999999999997    0.0157425617795325    0.0509507089264237    0.000247828251383842    0.00259597474059597    3.80127668735131e-08    7.00586749040502e-07
14.7999999999997    0.0207790732778275    0.0496970918989516    0.000431769886286745    0.00246980094369768    3.76739839146429e-08    6.96310471443316e-07
14.8999999999997    0.0256613050751216    0.0478151223302189    0.000658502578159792    0.0022862859239339    3.64675524921912e-08    6.92895858911392e-07
14.9999999999997    0.0303111820368911    0.0449957368947838    0.000918767756474865    0.00202461633917856    3.62932117530626e-08    6.88436708720729e-07
15.0999999999997    0.0346192417444527    0.0409288938062599    0.00119849189896224    0.00167517434867291    3.72732700983282e-08    6.84697088926851e-07
15.1999999999997    0.0384474077618153    0.0353642115405035    0.0014782031636047    0.00125062745834414    3.74763324544668e-08    6.80192798834303e-07
15.2999999999997    0.0416386246054894    0.0281856134890554    0.00173377505903827    0.000794428808213966    3.74705459443645e-08    6.7789576534682e-07
15.3999999999997    0.0440339721464228    0.0194822147040487    0.0019389907029931    0.000379556690228261    3.40697350424535e-08    6.73504844804422e-07
15.4999999999997    0.0454955489573073    0.00958768224085251    0.00206984497492762    9.1923651199956e-05    2.95978944414681e-08    6.69624837284061e-07
15.5999999999997    0.0459305476820906    -0.000938909606994885    0.00210961521037811    8.81551693653845e-07    3.62019831791088e-08    6.65992910087322e-07
15.6999999999997    0.0453099873531831    -0.0114000287867171    0.00205299495394682    0.000129960656775519    3.46472025620533e-08    6.61469379514636e-07
15.7999999999997    0.0436760729380718    -0.0210942014902802    0.00190759934729317    0.000444965336944283    3.73923404140114e-08    6.57072332573267e-07
15.8999999999997    0.0411355243286372    -0.0294534961241769    0.00169213136179313    0.000867508434362824    3.50299874224798e-08    6.52627326020075e-07
15.9999999999997    0.0378410112107811    -0.0361372518868716    0.00143194212945575    0.00130590097435582    3.58831227744156e-08    6.48544815817704e-07
16.0999999999997    0.0339665642613185    -0.0410572707320451    0.0011537274877195    0.00168569948037941    3.5036177013026e-08    6.44181592985923e-07
16.1999999999997    0.029683762463418    -0.0443403993690695    0.000881125753985678    0.00196607101661804    3.24963523491619e-08    6.39897908607298e-07
16.2999999999997    0.0251437223290211    -0.0462552608917876    0.000632206772560139    0.00213954916057082    3.50083152376348e-08    6.35207741023804e-07
16.3999999999998    0.0204669348884743    -0.0471330941501383    0.000418895423730199    0.00222152856456442    3.39493905609617e-08    6.31361151302709e-07
16.4999999999998    0.0157404111951082    -0.0473030848705579    0.000247760544592205    0.00223758183866474    3.34539637793216e-08    6.27322668097369e-07
16.5999999999998    0.0110202087491304    -0.0470497371265188    0.000121445000875528    0.00221367776406287    3.34266076858256e-08    6.23178688022296e-07
16.6999999999998    0.00633717181186738    -0.0465903883895163    4.01597465742306e-05    0.00217066429067004    3.32273475433888e-08    6.19725022864081e-07
16.7999999999998    0.0017041625896803    -0.046066715360574    2.90417013315798e-06    0.0021221422644918    3.30470694847766e-08    6.16165436574308e-07
16.8999999999998    -0.00287628470152956    -0.0455437884814153    8.27301368533558e-06    0.00207423666961418    3.29031642988047e-08    6.11792455583527e-07
16.9999999999999    -0.00740438850522438    -0.0450119982204867    5.48249691373643e-05    0.00202607998417268    3.26408508790866e-08    6.09574992664605e-07
17.0999999999999    -0.011875777758376    -0.0443896306769413    0.000141034097367401    0.00197043931200178    3.2598784630131e-08    6.05424146245027e-07
17.1999999999999    -0.0162744414424131    -0.04352638293678    0.000264857444263595    0.00189454601192254    3.26037730947419e-08    6.0276683500617e-07
17.2999999999999    -0.0205661770733313    -0.042210459708249    0.00042296763941261    0.00178172290914149    3.14984667569945e-08    5.99815482587359e-07
17.3999999999999    -0.0246931114656292    -0.0401838181373339    0.000609749753855043    0.00161473924045054    3.2499688559052e-08    5.96841180097077e-07
17.4999999999999    -0.028570377742463    -0.0371709203133463    0.000816266484347978    0.00138167731729407    3.08849651343942e-08    5.94078691073398e-07
17.6    -0.0320865139326657    -0.0329247158844143    0.00102954437635217    0.00108403691641919    3.19953698409756e-08    5.91430533010287e-07
17.7    -0.035109283294338    -0.027288093316851    0.00123266177344321    0.000744640037215403    3.36373808018085e-08    5.88414861392357e-07
17.8    -0.0374979950342052    -0.0202596003885299    0.00140609963158627    0.000410451408246033    3.13933078026086e-08    5.85756506803731e-07
17.9    -0.0391217550875875    -0.0120420192377787    0.00153051172113406    0.000145010227662688    2.97294737762071e-08    5.82800681178227e-07
18    -0.0398806468447597    -0.0030483786285275    0.0015904659927574    9.29261259852635e-06    3.08674078791897e-08    5.7936440681744e-07
18.1    -0.0397246390946351    0.00615060399328283    0.00157804695119987    3.78299298152968e-05    2.94473241153404e-08    5.77156939811791e-07
18.2    -0.0386644805272146    0.0149307270733014    0.0014949420544403    0.000222926611266057    3.07124712464235e-08    5.73272521454536e-07
18.3000000000001    -0.0367708416784531    0.0227381306241279    0.00135209479774274    0.000517022584605487    2.96308440527563e-08    5.70599080188693e-07
18.4000000000001    -0.0341618815176863    0.0291900455221979    0.0011670341488294    0.00085205875790948    3.11088228507695e-08    5.67004431180409e-07
18.5000000000001    -0.0309832803489812    0.0341214493162814    0.000959963661184592    0.00116427330376062    3.20698328779517e-08    5.63078275577878e-07
18.6000000000001    -0.0273866440511831    0.0375723775278192    0.000750028272387128    0.0014116835534072    3.04198381688065e-08    5.60558330625898e-07
18.7000000000001    -0.0235114709860911    0.0397336297044811    0.000552789267930703    0.00157876132980259    3.00107771422819e-08    5.56564401712759e-07
18.8000000000001    -0.0194735201927647    0.0408774750871076    0.000379217988698859    0.00167096796980316    2.90935841047375e-08    5.53221091950769e-07
18.9000000000002    -0.0153599118192198    0.0412951314794795    0.00023592689109507    0.00170528788421082    2.93657505087246e-08    5.50740894080698e-07
19.0000000000002    -0.0112296430451188    0.0412518823944505    0.000126104882921645    0.00170171780138426    2.93177143940689e-08    5.4652191719704e-07
19.1000000000002    -0.00711763402159976    0.040960941359863    5.06607140662951e-05    0.00167779871738297    2.93386243883353e-08    5.44821716140919e-07
19.2000000000002    -0.00304061906223873    0.0405717219623973    9.24536428249579e-06    0.00164606462328686    2.90908181356155e-08    5.41104627304713e-07
19.3000000000002    0.000996268291776072    0.0401667455876779    9.92550510035723e-07    0.0016133674513957    2.89363324967147e-08    5.38941535650483e-07
19.4000000000002    0.00499282702898366    0.0397624133073933    2.49283217421802e-05    0.00158104951231618    2.88167899767756e-08    5.36850111763944e-07
19.5000000000002    0.00894726593200584    0.03931085836895    8.00535676588492e-05    0.00154534358598778    2.85789538224835e-08    5.33037779081435e-07
19.6000000000003    0.0128498869232757    0.0387023034626547    0.000165119593941796    0.00149786829359823    2.87109545599015e-08    5.31805985430585e-07
19.7000000000003    0.0166770855710989    0.0377694849807038    0.000278125183146538    0.00142653399598736    2.79755489348942e-08    5.28916202963896e-07
19.8000000000003    0.0203860340552966    0.0362976010455777    0.0004155903845045    0.00131751584194056    2.80519863252137e-08    5.2596128043027e-07
19.9000000000003    0.0239108269390764    0.0340444460618753    0.000571727644911268    0.00115902430793546    2.83805178589025e-08    5.24901078641874e-07
20.0000000000003    0.0271613336475861    0.030774949975887    0.000737738045516348    0.000947097546290828    2.92589479543362e-08    5.21995087202369e-07
20.1000000000003    0.0300262830725387    0.0263109245103432    0.000901577675152984    0.000692264748859681    2.76216051086473e-08    5.20290485174731e-07
20.2000000000004    0.0323818591161214    0.0205896766395317    0.00104858479981714    0.00042393478438926    2.83288977560683e-08    5.18441804145421e-07
20.3000000000004    0.0341059868151664    0.0137157820918516    0.00116321833663705    0.000188122678656984    2.74463780751291e-08    5.15583785833017e-07
20.4000000000004    0.0350965358001398    0.00598373942231485    0.00123176682517114    3.58051377379902e-05    2.55138194780848e-08    5.13639274829575e-07
20.5000000000004    0.0352894911420674    -0.00214758116676217    0.00124534818506679    4.61210512934508e-06    2.72441701522285e-08    5.11383928363481e-07
20.6000000000004    0.0346719451268883    -0.0101314948620997    0.00120214377888272    0.000102647188399691    2.76823787907173e-08    5.08860493620505e-07
20.7000000000004    0.0332856391851692    -0.0174406529460593    0.00110793377596597    0.000304176375440996    2.64977230512664e-08    5.06072655310593e-07
20.8000000000005    0.0312197489440961    -0.0236684268763315    0.00097467272413303    0.000560194431053547    2.52983110586101e-08    5.03283242361093e-07
20.9000000000005    0.0285952806033589    -0.0285908814919089    0.000817690072785519    0.00081743850473556    2.6218012460059e-08    5.01177141101369e-07
21.0000000000005    0.0255459297580697    -0.0321752506716085    0.000652594527205051    0.00103524675602889    2.86201806652718e-08    4.98045591158611e-07
21.1000000000005    0.0222004766239342    -0.0345437960160015    0.000492861162330457    0.0011932738434409    2.46470784727851e-08    4.957587178039e-07
21.2000000000005    0.0186701271901124    -0.0359151444940651    0.000348573649295634    0.00128989760427202    2.5683235811326e-08    4.92395142236999e-07
21.3000000000005    0.0150419070003296    -0.0365450498132488    0.000226258966207227    0.00133554066609333    2.57111876353218e-08    4.90403906160278e-07
21.4000000000005    0.0113774031346805    -0.0366800970616508    0.000129445302089726    0.00134542952069064    2.62242147262326e-08    4.88384572459878e-07
21.5000000000006    0.00771529017277197    -0.0365283235857825    5.95257024507495e-05    0.00133431842422312    2.6035421990779e-08    4.85262631371958e-07
21.6000000000006    0.00407603252207508    -0.0362443394084647    1.66140411216893e-05    0.00131365213938941    2.59925721605378e-08    4.83134076872774e-07
21.7000000000006    0.000467551928145197    -0.0359240244982545    2.18604806179078e-07    0.00129053553638291    2.58222198115519e-08    4.81366981024416e-07
21.8000000000006    -0.00310885282521546    -0.0356040946095534    9.66496588951128e-06    0.00126765155319536    2.57121429976123e-08    4.78883903470173e-07
21.9000000000006    -0.00665264617255566    -0.0352633537656379    4.42577010978797e-05    0.00124350411902712    2.56941828361432e-08    4.76014037179216e-07
22.0000000000006    -0.0101583451962381    -0.0348243794864869    0.00010319197712659    0.00121273740684511    2.55999913219911e-08    4.75673403862443e-07
22.1000000000007    -0.013610019803187    -0.0341563297579588    0.00018523263904377    0.00116665486275839    2.50409330188991e-08    4.73252553695192e-07
22.2000000000007    -0.0169762262599305    -0.0330813660339859    0.000288192258029011    0.0010943767788961    2.56357006311918e-08    4.70683601796408e-07
22.3000000000007    -0.0202059214831965    -0.0313885820332045    0.000408279262985772    0.000985243082275444    2.58704078258404e-08    4.69290709961902e-07
22.4000000000007    -0.0232263232986604    -0.0288596347901087    0.000539462093974498    0.000832878520437702    2.45589427409587e-08    4.68239038313646e-07
22.5000000000007    -0.025944030472278    -0.0253083719568547    0.000673092717147145    0.000640513691323832    2.5566882676453e-08    4.66179977932981e-07
22.6000000000007    -0.0282507181878594    -0.02063161023383    0.000798103078130421    0.000425663341056004    2.38671284704274e-08    4.64030830268581e-07
22.7000000000007    -0.030034055749789    -0.0148602170937165    0.000902044504781989    0.000220826052286398    2.35952922332254e-08    4.62617820215664e-07
22.8000000000008    -0.0311930024736317    -0.00819205435544164    0.000973003403320589    6.71097547752761e-05    2.43883847727878e-08    4.61265344600947e-07
22.9000000000008    -0.0316546525851414    -0.000987159917561247    0.00100201703028665    9.74484913631571e-07    2.55053191215343e-08    4.5912094692638e-07
23.0000000000008    -0.0313882449941664    0.00628423792369994    0.000985221923814358    3.94916464903997e-05    2.33202875136378e-08    4.56871051720858e-07
23.1000000000008    -0.0304119519139984    0.0131305828609156    0.000924886819220017    0.00017241220647458    2.57717335634338e-08    4.55203528814845e-07
23.2000000000008    -0.0287900812430331    0.019136011432177    0.000828868777980991    0.000366186933737851    2.33411994480568e-08    4.53256623268163e-07
23.3000000000008    -0.0266215810374084    0.0240322516733075    0.000708708576931927    0.00057754912069227    2.49791583177938e-08    4.50641410147566e-07
23.4000000000009    -0.0240235492700614    0.0277248801796046    0.000577130919531579    0.000768668981174442    2.2616953485796e-08    4.48340297982107e-07
23.5000000000009    -0.021114461776636    0.0302744888244352    0.000445820496117555    0.000916544673780109    2.30866582249115e-08    4.46380369417055e-07
23.6000000000009    -0.0180008832120003    0.0318494370556066    0.000324031796412623    0.00101438664095668    2.34396981829338e-08    4.44559980397568e-07
23.7000000000009    -0.0147694423114192    0.0326711127118641    0.000218136426190879    0.00106740160602676    2.32136939063909e-08    4.42074213220877e-07
23.8000000000009    -0.0114839774712503    0.0329671468305217    0.000131881738560751    0.00108683277033843    2.3798891043627e-08    4.3960891878971e-07
23.9000000000009    -0.00818665215905639    0.0329392332236042    6.70212735739351e-05    0.00108499308555136    2.35037893101448e-08    4.38599788672622e-07
24.000000000001    -0.00490155352921993    0.0327451729137876    2.40252270003575e-05    0.00107224634934435    2.34324697317233e-08    4.36469717447535e-07
24.100000000001    -0.00163953086181015    0.0324912512096624    2.68806144737245e-06    0.00105568140535793    2.33351655922773e-08    4.34213607286347e-07
24.200000000001    0.00159653153147484    0.0322304666009015    2.54891293153384e-06    0.00103880297749883    2.32471844382006e-08    4.32437903275137e-07
24.300000000001    0.00480640739037543    0.0319631685991038    2.31015520027927e-05    0.00102164414708067    2.31757878912694e-08    4.31199837669834e-07
24.400000000001    0.00798732398737572    0.0316383138088699    6.37973444798428e-05    0.00100098290085287    2.31335728398975e-08    4.2935561585521e-07
24.500000000001    0.0111289056032208    0.0311553129572066    0.000123852539925927    0.000970653525644572    2.29819296040675e-08    4.27882294276917e-07
24.600000000001    0.0142083936547219    0.0303681359364285    0.000201878450248065    0.000922223680435116    2.28861982322916e-08    4.26279400454988e-07
24.7000000000011    0.0171865149115474    0.0290947965964892    0.000295376294805422    0.000846507189171706    2.4080812526862e-08    4.25001584953055e-07
24.8000000000011    0.0200047283721193    0.0271360974360377    0.00040018915724277    0.0007363677842373    2.2269128265266e-08    4.23280731202797e-07
24.9000000000011    0.0225849462553991    0.0243066874267643    0.000510079797359842    0.000590815053840857    2.39781653190786e-08    4.22415878752227e-07
25.0000000000011    0.0248329819544026    0.0204780041572533    0.000616676992748199    0.000419348654441777    2.26696235027874e-08    4.21062358486708e-07
25.1000000000011    0.0266466338262963    0.0156262115624731    0.00071004309427325    0.000244178487970972    2.3013751568555e-08    4.1928868670376e-07
25.2000000000011    0.0279282392837996    0.00987066354581119    0.00077998654949369    9.74299990093439e-05    2.2834027781981e-08    4.18016719104876e-07
25.3000000000012    0.0285998312380435    0.00348443357958394    0.00081795034684506    1.21412775437897e-05    2.21201365376145e-08    4.16242154967427e-07
25.4000000000012    0.0286173439378786    -0.00313646217456303    0.000818952374059288    9.83739514488774e-06    2.12246555370806e-08    4.15238600925618e-07
25.5000000000012    0.0279796750612713    -0.00954316455967095    0.000782862216534881    9.1071989984104e-05    2.35446930494292e-08    4.13696043558016e-07
25.6000000000012    0.0267295626038937    -0.0153227812804612    0.000714469516995948    0.000234787626338346    2.17544075600767e-08    4.11696494096096e-07
25.7000000000012    0.0249459127678622    -0.0201753699955339    0.000622298563822254    0.000407045554624155    2.15012512740031e-08    4.09226400703659e-07
25.8000000000012    0.0227301041550767    -0.0239545638906809    0.000516657634901068    0.000573821131359075    2.08041704294166e-08    4.0787503151125e-07
25.9000000000012    0.0201904161552559    -0.0266649781409746    0.000407652904522894    0.000711021059423911    2.17892664248111e-08    4.06517503159483e-07
26.0000000000013    0.017428488268905    -0.0284270445025864    0.000303752203339846    0.000808096859315727    2.20784351064445e-08    4.04597896231695e-07
26.1000000000013    0.0145301498211735    -0.0294280319600315    0.000211125253826208    0.000866009065202504    2.14709749136092e-08    4.02329600610648e-07
26.2000000000013    0.0115611229193149    -0.0298758045078192    0.000133659563155992    0.00089256369515013    2.19904814404516e-08    4.00872843359309e-07
26.3000000000013    0.00856680246755103    -0.0299643714441097    7.33901045184837e-05    0.000897863556200095    2.10994541291879e-08    3.99396521561743e-07
26.4000000000013    0.00557479544670609    -0.0298529688158079    3.10783442730675e-05    0.000891199747275308    2.12747209013709e-08    3.97127456132268e-07
26.5000000000013    0.00259897638244743    -0.0296560016078959    6.7546782369713e-06    0.00087947843152477    2.12549241043495e-08    3.96540047763045e-07
26.6000000000014    -0.00035582489028921    -0.0294397644376156    1.2661135299849e-07    0.000866699730298014    2.119342764838e-08    3.94608721847647e-07
26.7000000000014    -0.00328899303093754    -0.0292223666850717    1.08174751580014e-05    0.000853946714831112    2.11108521681088e-08    3.928382208806e-07
26.8000000000014    -0.00619935120614009    -0.028974648959422    3.84319553775103e-05    0.00083953028247532    2.0968981640783e-08    3.91902736011941e-07
26.9000000000014    -0.00908049370763016    -0.028621469463485    8.24553659747468e-05    0.000819188514401922    2.08799244750449e-08    3.90791791560815e-07
27.0000000000014    -0.0119162989733852    -0.0280443179777273    0.000141998181223548    0.000786483770987493    2.11543009029699e-08    3.89373872871209e-07
27.1000000000014    -0.0146768646039106    -0.0270876566362745    0.000215410354601952    0.000733741142195079    2.0676095294108e-08    3.87777881769192e-07
27.2000000000015    -0.0173154022241336    -0.025572396689108    0.000299823154183977    0.00065394747257475    2.10785685065319e-08    3.86844173175887e-07
27.3000000000015    -0.0197669798000254    -0.0233198318434335    0.00039073349041504    0.000543814557355054    2.07271587741152e-08    3.86057781403562e-07
27.4000000000015    -0.0219502445128253    -0.0201871799948381    0.000481813234173175    0.000407522236292159    1.89138178803644e-08    3.84924546192553e-07
27.5000000000015    -0.0237731508109732    -0.0161109385643951    0.000565162699481675    0.000259562341572862    2.0009894110137e-08    3.83601398647045e-07
27.6000000000015    -0.0251429992267261    -0.0111473309136412    0.000632170410115457    0.000124262986644577    1.75721591935616e-08    3.82564447899992e-07
27.7000000000015    -0.0259797096294154    -0.00549359045143341    0.000674945312429098    3.01795361933216e-05    1.88923094189733e-08    3.81105244030939e-07
27.8000000000015    -0.0262296032766737    0.000525115059331357    0.000687992088052071    2.75745969925438e-07    1.9435432511111e-08    3.79985346430208e-07
27.9000000000016    -0.0258759084796456    0.00650749215921137    0.000669562639647382    4.23474543455904e-05    1.97178827223742e-08    3.78672540654252e-07
28.0000000000016    -0.0249426057810642    0.0120539255796248    0.000622133583149959    0.000145297122021506    1.94911375050026e-08    3.77323483455435e-07
28.1000000000016    -0.0234902489688602    0.0168442286413157    0.000551791796619474    0.000283728038662099    2.08484208262746e-08    3.75737444166374e-07
28.2000000000016    -0.0216051416129714    0.0206891360389687    0.000466782144116903    0.000428040350178736    1.88549699643886e-08    3.73876863785383e-07
28.3000000000016    -0.0193852932421287    0.0235425403268982    0.000375789594083682    0.000554251205182467    1.89824811872831e-08    3.72608183855814e-07
28.4000000000016    -0.0169269961168015    0.0254788417186846    0.000286523197538607    0.00064917137546341    1.98330166181986e-08    3.70981420441086e-07
28.5000000000017    -0.0143147855271069    0.0266509675257086    0.000204913084687468    0.000710274070193012    1.99814276271188e-08    3.6964898687145e-07
28.6000000000017    -0.0116158517328966    0.027245812349285    0.000134928011481028    0.000742334290707973    1.97734773990966e-08    3.68131239493942e-07
28.7000000000017    -0.00887854544956037    0.0274481712387461    7.88285693002979e-05    0.000753402104485883    1.97144458147253e-08    3.66540217614916e-07
28.8000000000017    -0.00613387788133394    0.0274170464237995    3.76244578635026e-05    0.000751694434738119    1.96172771077877e-08    3.65157288358878e-07
28.9000000000017    -0.00339881012732353    0.0272730642612121    1.15519102819786e-05    0.000743820034328784    1.95353703416502e-08    3.64114374088157e-07
29.0000000000017    -0.000680387898302506    0.0270935012217608    4.62927692535684e-07    0.000734057808585188    1.94725941295687e-08    3.62812604193219e-07
29.1000000000017    0.00201985515986246    0.026911346664194    4.0798148672004e-06    0.000724220579410952    1.94264743675384e-08    3.61285043566843e-07
29.2000000000018    0.00470149129642096    0.0267158682895111    2.21040204106948e-05    0.000713737618592342    1.93088068524042e-08    3.60331731084918e-07
29.3000000000018    0.00736087151660376    0.0264535628190828    5.41824294843288e-05    0.000699790985952163    1.94994795287122e-08    3.59167361278797e-07
29.4000000000018    0.00998692112271002    0.0260298403840695    9.97385935116053e-05    0.000677552590548333    1.93319551224327e-08    3.58044780543839e-07
29.5000000000018    0.0125572071077836    0.0253131821969763    0.000157683450348135    0.000640757193064876    1.90843028374681e-08    3.57155528979051e-07
29.6000000000018    0.0150346607509155    0.0241446427044119    0.000226041023895513    0.000582963771450878    1.98459956719151e-08    3.56607779748154e-07
29.7000000000018    0.0173656550358645    0.0223559642982237    0.000301565974825035    0.000499789139829439    1.97508466061656e-08    3.54947089900898e-07
29.8000000000019    0.0194804223289723    0.0197984046713864    0.0003794868541155    0.000391976827657614    1.94605194907327e-08    3.5445496685697e-07
29.9000000000019    0.021296851355419    0.0163807960383669    0.00045355587765518    0.000268330478975596    1.91855841078355e-08    3.535812180673e-07
