0 0 0
1 1.49418362785051e-21 5.29404035953187e-23
2 2.45471303646658e-21 3.98923205182033e-24
2.99999999999998 3.54237171700381e-21 1.22245482926977e-24
3.99999999999996 2.08378892558371e-21 4.41014218845303e-25
4.99999999999994 3.01645695488954e-21 1.98498945647893e-25
5.99999999999992 2.37878606394074e-21 1.06556870954344e-25
6.9999999999999 2.5802879234648e-21 5.87374062782228e-26
7.99999999999987 2.92802225362193e-21 3.67512946028688e-26
8.99999999999985 2.36919716730776e-21 2.3349418120047e-26
9.99999999999983 2.86191711970266e-21 1.57502383008398e-26
10.9999999999998 2.4187228819171e-21 1.10755506858862e-26
11.9999999999998 2.62889573893066e-21 7.85746114066943e-27
12.9999999999998 2.73936333824423e-21 5.86633078446363e-27
13.9999999999997 2.4882745348352e-21 4.40094848194493e-27
14.9999999999997 2.80140975315905e-21 3.37343641894982e-27
15.9999999999997 2.44957435527093e-21 2.64338049976569e-27
16.9999999999999 2.66682611422207e-21 2.08369455330648e-27
18 2.65087288286329e-21 1.68492152185302e-27
19.0000000000002 2.53779221945958e-21 1.35291647604371e-27
20.0000000000003 2.74608408409785e-21 1.10667606405435e-27
21.0000000000005 2.47870120578504e-21 9.21846261260532e-28
22.0000000000006 2.70050083871364e-21 7.73792352593856e-28
23.0000000000008 2.58270252368156e-21 6.48662844095078e-28
24.000000000001 2.6031815532077e-21 5.52025357437754e-28
25.0000000000011 2.73579302704692e-21 4.6970563621133e-28
26.0000000000013 2.52490341551855e-21 4.03420620126894e-28
27.0000000000014 2.70511930694628e-21 3.47930572435872e-28
28.0000000000016 2.55346769486634e-21 3.01420449351508e-28
29.0000000000017 2.61134031134745e-21 2.61895161847014e-28
