0
1
2
2.99999999999998
3.99999999999996
4.99999999999994
5.99999999999992
6.9999999999999
7.99999999999987
8.99999999999985
9.99999999999983
10.9999999999998
11.9999999999998
12.9999999999998
13.9999999999997
14.9999999999997
15.9999999999997
16.9999999999999
18
19.0000000000002
20.0000000000003
21.0000000000005
22.0000000000006
23.0000000000008
24.000000000001
25.0000000000011
26.0000000000013
27.0000000000014
28.0000000000016
29.0000000000017
30.0000000000019
31.000000000002
32.0000000000022
33.000000000002
34.0000000000018
35.0000000000016
36.0000000000014
37.0000000000012
38.000000000001
39.0000000000008
40.0000000000006
41.0000000000004
42.0000000000002
43
43.9999999999998
44.9999999999996
45.9999999999994
46.9999999999992
47.999999999999
48.9999999999988
49.9999999999986
50.9999999999984
51.9999999999982
52.999999999998
53.9999999999978
54.9999999999976
55.9999999999974
56.9999999999972
57.999999999997
58.9999999999968
59.9999999999966
60.9999999999964
61.9999999999962
62.999999999996
63.9999999999958
64.9999999999963
65.9999999999969
66.9999999999974
67.9999999999979
68.9999999999984
69.9999999999989
70.9999999999994
71.9999999999999
73.0000000000004
74.000000000001
75.0000000000015
76.000000000002
77.0000000000025
78.000000000003
79.0000000000035
80.000000000004
81.0000000000045
82.000000000005
83.0000000000056
84.0000000000061
85.0000000000066
86.0000000000071
87.0000000000076
88.0000000000081
89.0000000000086
90.0000000000091
91.0000000000096
92.0000000000102
93.0000000000107
94.0000000000112
95.0000000000117
96.0000000000122
97.0000000000127
98.0000000000132
99.0000000000137
100.000000000014
101.000000000015
102.000000000015
103.000000000016
104.000000000016
105.000000000017
106.000000000017
107.000000000018
108.000000000018
109.000000000019
110.000000000019
111.00000000002
112.00000000002
113.000000000021
114.000000000021
115.000000000022
116.000000000022
117.000000000023
118.000000000023
119.000000000024
120.000000000024
121.000000000025
122.000000000026
123.000000000026
124.000000000027
125.000000000027
126.000000000028
127.000000000028
128.000000000029
129.000000000028
130.000000000027
131.000000000026
132.000000000025
133.000000000024
134.000000000023
135.000000000022
136.000000000021
137.00000000002
138.000000000019
139.000000000019
140.000000000018
141.000000000017
142.000000000016
143.000000000015
144.000000000014
145.000000000013
146.000000000012
147.000000000011
148.00000000001
149.000000000009
150.000000000009
151.000000000008
152.000000000007
153.000000000006
154.000000000005
155.000000000004
156.000000000003
157.000000000002
158.000000000001
159
159.999999999999
160.999999999999
161.999999999998
162.999999999997
163.999999999996
164.999999999995
165.999999999994
166.999999999993
167.999999999992
168.999999999991
169.99999999999
170.999999999989
171.999999999989
172.999999999988
173.999999999987
174.999999999986
175.999999999985
176.999999999984
177.999999999983
178.999999999982
179.999999999981
180.99999999998
181.999999999979
182.999999999979
183.999999999978
184.999999999977
185.999999999976
186.999999999975
187.999999999974
188.999999999973
189.999999999972
190.999999999971
191.99999999997
192.999999999969
193.999999999969
194.999999999968
195.999999999967
196.999999999966
197.999999999965
198.999999999964
199.999999999963
200.999999999962
201.999999999961
202.99999999996
203.999999999959
204.999999999959
205.999999999958
206.999999999957
207.999999999956
208.999999999955
209.999999999954
210.999999999953
211.999999999952
212.999999999951
213.99999999995
214.999999999949
215.999999999949
216.999999999948
217.999999999947
218.999999999946
219.999999999945
220.999999999944
221.999999999943
222.999999999942
223.999999999941
224.99999999994
225.999999999939
226.999999999939
227.999999999938
228.999999999937
229.999999999936
230.999999999935
231.999999999934
232.999999999933
233.999999999932
234.999999999931
235.99999999993
236.999999999929
237.999999999929
238.999999999928
239.999999999927
240.999999999926
241.999999999925
242.999999999924
243.999999999923
244.999999999922
245.999999999921
246.99999999992
247.999999999919
248.999999999919
249.999999999918
250.999999999917
251.999999999916
252.999999999915
253.999999999914
254.999999999913
255.999999999912
256.999999999911
257.99999999991
258.999999999909
259.999999999909
260.999999999908
261.999999999907
262.999999999906
263.999999999905
264.999999999904
265.999999999903
266.999999999902
267.999999999901
268.9999999999
269.999999999899
270.999999999899
271.999999999898
272.999999999897
273.999999999896
274.999999999895
275.999999999894
276.999999999893
277.999999999892
278.999999999891
279.99999999989
280.999999999889
281.999999999889
282.999999999888
283.999999999887
284.999999999886
285.999999999885
286.999999999884
287.999999999883
288.999999999882
289.999999999881
290.99999999988
291.999999999879
292.999999999879
293.999999999878
294.999999999877
295.999999999876
296.999999999875
297.999999999874
298.999999999873
299.999999999872
300.999999999871
301.99999999987
302.999999999869
303.999999999869
304.999999999868
305.999999999867
306.999999999866
307.999999999865
308.999999999864
309.999999999863
310.999999999862
311.999999999861
312.99999999986
313.999999999859
314.999999999859
315.999999999858
316.999999999857
317.999999999856
318.999999999855
319.999999999854
320.999999999853
321.999999999852
322.999999999851
323.99999999985
324.999999999849
325.999999999849
326.999999999848
327.999999999847
328.999999999846
329.999999999845
330.999999999844
331.999999999843
332.999999999842
333.999999999841
334.99999999984
335.999999999839
336.999999999839
337.999999999838
338.999999999837
339.999999999836
340.999999999835
341.999999999834
342.999999999833
343.999999999832
344.999999999831
345.99999999983
346.999999999829
347.999999999829
348.999999999828
349.999999999827
350.999999999826
351.999999999825
352.999999999824
353.999999999823
354.999999999822
355.999999999821
356.99999999982
357.999999999819
358.999999999818
359.999999999818
360.999999999817
361.999999999816
362.999999999815
363.999999999814
364.999999999813
365.999999999812
366.999999999811
367.99999999981
368.999999999809
369.999999999808
370.999999999808
371.999999999807
372.999999999806
373.999999999805
374.999999999804
375.999999999803
376.999999999802
377.999999999801
378.9999999998
379.999999999799
380.999999999798
381.999999999798
382.999999999797
383.999999999796
384.999999999795
385.999999999794
386.999999999793
387.999999999792
388.999999999791
389.99999999979
390.999999999789
391.999999999788
392.999999999788
393.999999999787
394.999999999786
395.999999999785
396.999999999784
397.999999999783
398.999999999782
399.999999999781
400.99999999978
401.999999999779
402.999999999778
403.999999999778
404.999999999777
405.999999999776
406.999999999775
407.999999999774
408.999999999773
409.999999999772
410.999999999771
411.99999999977
412.999999999769
413.999999999768
414.999999999768
415.999999999767
416.999999999766
417.999999999765
418.999999999764
419.999999999763
420.999999999762
421.999999999761
422.99999999976
423.999999999759
424.999999999758
425.999999999758
426.999999999757
427.999999999756
428.999999999755
429.999999999754
430.999999999753
431.999999999752
432.999999999751
433.99999999975
434.999999999749
435.999999999748
436.999999999748
437.999999999747
438.999999999746
439.999999999745
440.999999999744
441.999999999743
442.999999999742
443.999999999741
444.99999999974
445.999999999739
446.999999999738
447.999999999738
448.999999999737
449.999999999736
450.999999999735
451.999999999734
452.999999999733
453.999999999732
454.999999999731
455.99999999973
456.999999999729
457.999999999728
458.999999999728
459.999999999727
460.999999999726
461.999999999725
462.999999999724
463.999999999723
464.999999999722
465.999999999721
466.99999999972
467.999999999719
468.999999999718
469.999999999718
470.999999999717
471.999999999716
472.999999999715
473.999999999714
474.999999999713
475.999999999712
476.999999999711
477.99999999971
478.999999999709
479.999999999708
480.999999999708
481.999999999707
482.999999999706
483.999999999705
484.999999999704
485.999999999703
486.999999999702
487.999999999701
488.9999999997
489.999999999699
490.999999999698
491.999999999698
492.999999999697
493.999999999696
494.999999999695
495.999999999694
496.999999999693
497.999999999692
498.999999999691
499.99999999969
500.999999999689
501.999999999688
502.999999999688
503.999999999687
504.999999999686
505.999999999685
506.999999999684
507.999999999683
508.999999999682
509.999999999681
510.99999999968
511.999999999679
512.999999999678
513.999999999678
514.999999999677
515.999999999676
516.999999999675
517.999999999674
518.999999999673
519.999999999672
520.999999999671
521.99999999967
522.999999999669
523.999999999668
524.999999999668
525.999999999667
526.999999999666
527.999999999665
528.999999999664
529.999999999663
530.999999999662
531.999999999661
532.99999999966
533.999999999659
534.999999999658
535.999999999658
536.999999999657
537.999999999656
538.999999999655
539.999999999654
540.999999999653
541.999999999652
542.999999999651
543.99999999965
544.999999999649
545.999999999648
546.999999999648
547.999999999647
548.999999999646
549.999999999645
550.999999999644
551.999999999643
552.999999999642
553.999999999641
554.99999999964
555.999999999639
556.999999999638
557.999999999638
558.999999999637
559.999999999636
560.999999999635
561.999999999634
562.999999999633
563.999999999632
564.999999999631
565.99999999963
566.999999999629
567.999999999628
568.999999999628
569.999999999627
570.999999999626
571.999999999625
572.999999999624
573.999999999623
574.999999999622
575.999999999621
576.99999999962
577.999999999619
578.999999999618
579.999999999618
580.999999999617
581.999999999616
582.999999999615
583.999999999614
584.999999999613
585.999999999612
586.999999999611
587.99999999961
588.999999999609
589.999999999608
590.999999999608
591.999999999607
592.999999999606
593.999999999605
594.999999999604
595.999999999603
596.999999999602
597.999999999601
598.9999999996
599.999999999599
600.999999999598
601.999999999598
602.999999999597
603.999999999596
604.999999999595
605.999999999594
606.999999999593
607.999999999592
608.999999999591
609.99999999959
610.999999999589
611.999999999588
612.999999999588
613.999999999587
614.999999999586
615.999999999585
616.999999999584
617.999999999583
618.999999999582
619.999999999581
620.99999999958
621.999999999579
622.999999999578
623.999999999578
624.999999999577
625.999999999576
626.999999999575
627.999999999574
628.999999999573
629.999999999572
630.999999999571
631.99999999957
632.999999999569
633.999999999568
634.999999999568
635.999999999567
636.999999999566
637.999999999565
638.999999999564
639.999999999563
640.999999999562
641.999999999561
642.99999999956
643.999999999559
644.999999999558
645.999999999558
646.999999999557
647.999999999556
648.999999999555
649.999999999554
650.999999999553
651.999999999552
652.999999999551
653.99999999955
654.999999999549
655.999999999548
656.999999999548
657.999999999547
658.999999999546
659.999999999545
660.999999999544
661.999999999543
662.999999999542
663.999999999541
664.99999999954
665.999999999539
666.999999999538
667.999999999538
668.999999999537
669.999999999536
670.999999999535
671.999999999534
672.999999999533
673.999999999532
674.999999999531
675.99999999953
676.999999999529
677.999999999528
678.999999999528
679.999999999527
680.999999999526
681.999999999525
682.999999999524
683.999999999523
684.999999999522
685.999999999521
686.99999999952
687.999999999519
688.999999999518
