0 0 0
1 2.25090354461159e-19 1.08051747089114e-20
2 3.91244320965545e-19 3.91883467271406e-22
2.99999999999998 3.03966613427141e-19 9.51670372138661e-23
3.99999999999996 4.00264774277165e-19 2.92407716278882e-23
4.99999999999994 3.07778029565113e-19 1.26758635801117e-23
5.99999999999992 4.0476173130789e-19 6.11813463053911e-24
6.9999999999999 3.22678079899872e-19 3.37135900273997e-24
7.99999999999987 4.0046726801557e-19 1.99060691839987e-24
8.99999999999985 3.39304281467567e-19 1.25131076053477e-24
9.99999999999983 3.8608893531224e-19 8.30688422666016e-25
10.9999999999998 3.53155226787032e-19 5.66999975226003e-25
11.9999999999998 3.657534465055e-19 4.05997421813435e-25
12.9999999999998 3.66736026241752e-19 2.95802105313681e-25
13.9999999999997 3.47861270871393e-19 2.19752979740518e-25
14.9999999999997 3.73481147797054e-19 1.67538979291801e-25
15.9999999999997 3.44264669804047e-19 1.30061771698003e-25
16.9999999999999 3.80735073308814e-19 1.0266778330203e-25
18 3.48886708705292e-19 8.1816697888108e-26
19.0000000000002 4.07826668658922e-19 7.06978759404345e-26
20.0000000000003 3.82779626205023e-19 5.80098516211117e-26
21.0000000000005 7.06454147974123e-19 8.37487317759504e-26
22.0000000000006 7.43418979310388e-19 7.58122156337824e-26
23.0000000000008 4.4158254026455e-18 3.7563948110752e-25
24.000000000001 4.19686878250727e-17 2.98440170045241e-24
25.0000000000011 5.0927445768803e-17 3.18466212427778e-24
26.0000000000013 6.64261994401982e-16 3.39467723246285e-23
27.0000000000014 6.40277160321156e-16 2.96744130930436e-23
28.0000000000016 6.13000863293136e-15 2.31461290450693e-22
29.0000000000017 7.91354477011315e-15 2.74043893373206e-22
30.0000000000019 7.68459904844685e-14 2.20694653045121e-21
31.000000000002 8.25554550055342e-14 2.16756958376966e-21
32.0000000000022 3.468640476736e-13 7.83499172936163e-21
33.000000000002 5.24334821282999e-13 1.06130204423508e-20
34.0000000000018 6.00489251517562e-13 1.0850811763075e-20
35.0000000000016 8.40674042629288e-13 1.3328054357854e-20
36.0000000000014 8.53434100543389e-13 1.24145970009223e-20
37.0000000000012 1.26185482480479e-12 1.59014606788706e-20
38.000000000001 1.47380258296063e-12 1.73344841917061e-20
39.0000000000008 2.83242384337741e-12 2.87539710444725e-20
40.0000000000006 3.25453886530605e-12 3.10339161652585e-20
41.0000000000004 8.09328633201301e-12 6.74782122516672e-20
42.0000000000002 3.02067681631639e-10 2.35205622996827e-18
43 3.25135249198212e-10 2.25803854406577e-18
43.9999999999998 8.44282431787311e-10 5.41625910005861e-18
44.9999999999996 2.15681807806442e-09 1.27200920761655e-17
45.9999999999994 3.72565443517462e-09 1.98709816558781e-17
46.9999999999992 6.28347054335012e-09 3.14126672029956e-17
47.999999999999 7.94404053783751e-09 3.5528179628142e-17
48.9999999999988 1.5577176151894e-08 6.5950247622747e-17
49.9999999999986 1.81282125135852e-08 6.84591409386389e-17
50.9999999999984 2.52582584125885e-08 9.07641029912258e-17
51.9999999999982 2.8507677705608e-08 9.21526860533681e-17
52.999999999998 3.26039273405219e-08 9.98828415740184e-17
53.9999999999978 3.62004063545125e-08 1.01520240646354e-16
54.9999999999976 4.5670819762352e-08 1.19887656117532e-16
55.9999999999974 5.28872701130984e-08 1.29326122349581e-16
56.9999999999972 6.75403980412072e-08 1.52713672832828e-16
57.999999999997 8.4365013337868e-08 1.80346484783685e-16
58.9999999999968 1.09221724724934e-07 2.13761047148002e-16
59.9999999999966 1.37368208148447e-07 2.56903647505095e-16
60.9999999999964 1.78162107284723e-07 3.03941384099731e-16
61.9999999999962 2.25038184717946e-07 3.68318901145784e-16
62.999999999996 2.67476420738446e-07 4.01523510143201e-16
63.9999999999958 3.49925533049081e-07 5.02220918843987e-16
64.9999999999963 4.06691324429939e-07 5.41926723614383e-16
65.9999999999969 4.92977298481583e-07 6.22487291218243e-16
66.9999999999974 5.59311209782871e-07 6.64337207525772e-16
67.9999999999979 6.35940605720612e-07 7.08974096263127e-16
68.9999999999984 6.94894759089273e-07 7.37031519265705e-16
69.9999999999989 7.65360010477813e-07 7.55997913068563e-16
70.9999999999994 8.20387595953487e-07 7.7757016778662e-16
71.9999999999999 8.86530829912118e-07 7.79069116835887e-16
73.0000000000004 9.45600901004449e-07 8.01442541263341e-16
74.000000000001 9.89755845296124e-07 7.78255120660228e-16
75.0000000000015 1.04897282598197e-06 7.95929228349012e-16
76.000000000002 1.06138620877108e-06 7.5163091751758e-16
77.0000000000025 1.09915045501279e-06 7.47921186769412e-16
78.000000000003 1.1112436464866e-06 7.12321070705045e-16
79.0000000000035 1.16281664630159e-06 7.11097486410807e-16
80.000000000004 1.2204159142477e-06 7.09887272761754e-16
81.0000000000045 1.32887712009068e-06 7.31956985086194e-16
82.000000000005 1.42704518371057e-06 7.54211447019578e-16
83.0000000000056 1.55032893095974e-06 7.70870265641628e-16
84.0000000000061 1.63027751736414e-06 7.83344909074281e-16
85.0000000000066 1.69544814159914e-06 7.63412034506247e-16
86.0000000000071 1.70989449765569e-06 7.47166608328023e-16
87.0000000000076 1.70981513926929e-06 7.00485478847589e-16
88.0000000000081 1.67025985996603e-06 6.64183575356813e-16
89.0000000000086 1.59807542062272e-06 5.98846567144528e-16
90.0000000000091 1.57665922733147e-06 5.71212544311724e-16
91.0000000000096 1.56394991609349e-06 5.379468880032e-16
92.0000000000102 1.62936942272162e-06 5.3853812273244e-16
93.0000000000107 1.66871325296371e-06 5.27858677973506e-16
94.0000000000112 1.73763062243746e-06 5.2464844417786e-16
95.0000000000117 1.80240225946774e-06 5.24954702205301e-16
96.0000000000122 1.91239975930737e-06 5.28350546677909e-16
97.0000000000127 1.97720191093121e-06 5.30383841677229e-16
98.0000000000132 2.04028621912301e-06 5.17088586765022e-16
99.0000000000137 2.01648224789718e-06 4.98224379090549e-16
100.000000000014 2.01368817400984e-06 4.69902421617534e-16
101.000000000015 2.00509693670439e-06 4.56441166169555e-16
102.000000000015 1.97024872319842e-06 4.25166224282675e-16
103.000000000016 1.93481057143068e-06 4.06050551589202e-16
104.000000000016 1.92845288877622e-06 3.86010737616285e-16
105.000000000017 1.98407441381198e-06 3.8419302002683e-16
106.000000000017 2.06144636869302e-06 3.83404427586856e-16
107.000000000018 2.15799895846111e-06 3.85898136083261e-16
108.000000000018 2.17109119237074e-06 3.75634867666502e-16
109.000000000019 2.18097737855129e-06 3.60590670140028e-16
110.000000000019 2.12378083966146e-06 3.41886782044326e-16
111.00000000002 2.10209798966007e-06 3.21896171314574e-16
112.00000000002 2.05900381397229e-06 3.08365002349499e-16
113.000000000021 2.0478768932929e-06 2.91269614112217e-16
114.000000000021 2.05162754237281e-06 2.85860788030761e-16
115.000000000022 2.12448849563581e-06 2.81697260022624e-16
116.000000000022 2.2351275804396e-06 2.8980112239316e-16
117.000000000023 2.36157131405497e-06 2.92792391901029e-16
118.000000000023 2.42592711660886e-06 2.92826497707554e-16
119.000000000024 2.40483807626101e-06 2.79245904066315e-16
120.000000000024 2.34256380872905e-06 2.63395241196088e-16
121.000000000025 2.24487703848008e-06 2.44462955718186e-16
122.000000000026 2.24094882230941e-06 2.3488619195237e-16
123.000000000026 2.2408343593152e-06 2.28932552903743e-16
124.000000000027 2.32330807885578e-06 2.27240150908509e-16
125.000000000027 2.36943127676886e-06 2.27054134885578e-16
126.000000000028 2.47103399455521e-06 2.25949146760893e-16
127.000000000028 2.53936684195923e-06 2.28193664727046e-16
128.000000000029 2.62844217716894e-06 2.25458740884051e-16
129.000000000028 2.60380933801209e-06 2.19389381544533e-16
130.000000000027 2.53396071714691e-06 2.04514921914013e-16
131.000000000026 2.3977343493842e-06 1.89453480754322e-16
132.000000000025 2.26816708138034e-06 1.7252503843087e-16
133.000000000024 2.18427984742077e-06 1.61896689214352e-16
134.000000000023 2.16096220395014e-06 1.55126619912913e-16
135.000000000022 2.25570360776585e-06 1.56877357244051e-16
136.000000000021 2.38508115577926e-06 1.61716653495302e-16
137.00000000002 2.55763288030213e-06 1.66996224873783e-16
138.000000000019 2.61948966688884e-06 1.67730319221106e-16
139.000000000019 2.62518063051911e-06 1.61137410767839e-16
140.000000000018 2.52462775050492e-06 1.52592993388462e-16
141.000000000017 2.45256185678924e-06 1.41891350996349e-16
142.000000000016 2.35518360536805e-06 1.34316219104908e-16
143.000000000015 2.33082592128208e-06 1.27517104252957e-16
144.000000000014 2.32810768648068e-06 1.25256188254968e-16
145.000000000013 2.41624456166275e-06 1.25223326765858e-16
146.000000000012 2.52758872557944e-06 1.28300141589943e-16
147.000000000011 2.62295834658461e-06 1.28960548377624e-16
148.00000000001 2.69215983839202e-06 1.28939506081188e-16
149.000000000009 2.65751157771274e-06 1.2407652593154e-16
150.000000000009 2.58574517779568e-06 1.16871897040599e-16
151.000000000008 2.4845114973614e-06 1.1015750211884e-16
152.000000000007 2.46587683529185e-06 1.05253204550805e-16
153.000000000006 2.47968098684451e-06 1.04353267467641e-16
154.000000000005 2.57931230655049e-06 1.04196473262532e-16
155.000000000004 2.63302537764047e-06 1.05103757783263e-16
156.000000000003 2.69681258473285e-06 1.03433662335956e-16
157.000000000002 2.65468448644122e-06 1.00475803714891e-16
158.000000000001 2.66032558581949e-06 9.70631251765858e-17
159 2.68500369881855e-06 9.63419883038914e-17
159.999999999999 2.72933661144824e-06 9.48780995359058e-17
160.999999999999 2.72144512512452e-06 9.25575163999173e-17
161.999999999998 2.66548132318752e-06 8.83818647825342e-17
162.999999999997 2.62047570748936e-06 8.44669651824192e-17
163.999999999996 2.57288532373675e-06 8.13959259699826e-17
164.999999999995 2.57542519254663e-06 7.87091622105748e-17
165.999999999994 2.60400197049863e-06 7.85511650059181e-17
166.999999999993 2.76116716054686e-06 8.01582477565573e-17
167.999999999992 2.85233306471912e-06 8.19780937395281e-17
168.999999999991 2.91993561804369e-06 8.07575762066811e-17
169.99999999999 2.81642452882667e-06 7.70757485489099e-17
170.999999999989 2.7206728722309e-06 7.18418402749134e-17
171.999999999989 2.60087839998999e-06 6.77497896976128e-17
172.999999999988 2.53602194137089e-06 6.40333675327034e-17
173.999999999987 2.4601190103667e-06 6.09779802902773e-17
174.999999999986 2.42565795692636e-06 5.86433437771081e-17
175.999999999985 2.44970454309939e-06 5.77588406903222e-17
176.999999999984 2.53901559660736e-06 5.87943971996578e-17
177.999999999983 2.74782805068617e-06 6.16463516013643e-17
178.999999999982 2.89262615357449e-06 6.41178722160362e-17
179.999999999981 2.99387979102063e-06 6.40096466956165e-17
180.99999999998 2.86616296999936e-06 6.0757196734061e-17
181.999999999979 2.69850373476031e-06 5.51279163658603e-17
182.999999999979 2.45249302028113e-06 4.96826775660096e-17
183.999999999978 2.37171094521175e-06 4.64049705939753e-17
184.999999999977 2.39863787508436e-06 4.64144507311552e-17
185.999999999976 2.55135462033074e-06 4.78795447631299e-17
186.999999999975 2.69690093607419e-06 4.98238535853604e-17
187.999999999974 2.83040346288165e-06 5.10195052194565e-17
188.999999999973 2.93777319663415e-06 5.17934637902298e-17
189.999999999972 2.99263334689154e-06 5.18431986090889e-17
190.999999999971 3.02969952403119e-06 5.09771208819968e-17
191.99999999997 2.96348894210014e-06 4.93072999834134e-17
192.999999999969 2.90933426531438e-06 4.67784018631092e-17
193.999999999969 2.73927393444056e-06 4.37293073041034e-17
194.999999999968 2.64131408530366e-06 4.06894565895636e-17
195.999999999967 2.56052339656332e-06 3.91855733954148e-17
196.999999999966 2.65947996550045e-06 3.93431991640187e-17
197.999999999965 2.78706363554537e-06 4.08644305168757e-17
198.999999999964 2.9444165972561e-06 4.18954145028121e-17
199.999999999963 2.98800551425146e-06 4.19502191036018e-17
200.999999999962 2.96259762667274e-06 4.06012448304211e-17
201.999999999961 2.86734906782539e-06 3.85233769344004e-17
202.99999999996 2.73195948461497e-06 3.60856223977867e-17
203.999999999959 2.65530541422074e-06 3.41373056512971e-17
204.999999999959 2.62610211393997e-06 3.34123365219216e-17
205.999999999958 2.72045694177041e-06 3.35053592624143e-17
206.999999999957 2.77139369166087e-06 3.39273987041262e-17
207.999999999956 2.87550248316378e-06 3.40075679399777e-17
208.999999999955 2.84082808484188e-06 3.34306832147901e-17
209.999999999954 2.83176281092388e-06 3.2240753316332e-17
210.999999999953 2.7858367186418e-06 3.1492012255165e-17
211.999999999952 2.79430957369426e-06 3.06697586664281e-17
212.999999999951 2.72035130496167e-06 2.95194328980354e-17
213.99999999995 2.68212676464018e-06 2.84251057403081e-17
214.999999999949 2.6571400026282e-06 2.76612130139277e-17
215.999999999949 2.6813035703926e-06 2.74565446075576e-17
216.999999999948 2.76853642965786e-06 2.76449576235715e-17
217.999999999947 2.80396248799716e-06 2.77274161142399e-17
218.999999999946 2.8695265709145e-06 2.75129285176723e-17
219.999999999945 2.8400316986179e-06 2.70894076942316e-17
220.999999999944 2.863083665244e-06 2.64155141767137e-17
221.999999999943 2.80553563397381e-06 2.57870894775193e-17
222.999999999942 2.8273816418446e-06 2.51615723683919e-17
223.999999999941 2.74760992076324e-06 2.4317310380191e-17
224.99999999994 2.73277449325914e-06 2.34942077583455e-17
225.999999999939 2.69711761009901e-06 2.29683146480939e-17
226.999999999939 2.72378579030472e-06 2.26530942352434e-17
227.999999999938 2.75205768041881e-06 2.25350039371997e-17
228.999999999937 2.83952345974155e-06 2.2866967453769e-17
229.999999999936 2.99357256293175e-06 2.35654010196257e-17
230.999999999935 3.11171688497708e-06 2.4253012470307e-17
231.999999999934 3.21087101266246e-06 2.43172349491662e-17
232.999999999933 3.09801680277889e-06 2.33478150728261e-17
233.999999999932 2.96464919387672e-06 2.16400692883857e-17
234.999999999931 2.73751130619242e-06 1.99277773811529e-17
235.99999999993 2.68115945446593e-06 1.89057984273859e-17
236.999999999929 2.6436733949426e-06 1.8573483949806e-17
237.999999999929 2.75086250757556e-06 1.87689930558319e-17
238.999999999928 2.81881334732949e-06 1.90985069228106e-17
239.999999999927 2.98062620673183e-06 1.97020529865535e-17
240.999999999926 3.09357085793686e-06 2.01989571635403e-17
241.999999999925 3.15713335206231e-06 2.02411609193055e-17
242.999999999924 3.09515343882107e-06 1.94682967070635e-17
243.999999999923 2.9071161953714e-06 1.80797872063048e-17
244.999999999922 2.71768992951949e-06 1.64760158727725e-17
245.999999999921 2.53280915398759e-06 1.52663928393023e-17
246.99999999992 2.51376891184397e-06 1.47057867667454e-17
247.999999999919 2.54158810283296e-06 1.48326793860745e-17
248.999999999919 2.71361275284906e-06 1.53474715506614e-17
249.999999999918 2.81993382071231e-06 1.5921237441454e-17
250.999999999917 2.98056377164044e-06 1.63296318708371e-17
251.999999999916 2.98425404703595e-06 1.62880492361376e-17
252.999999999915 3.01020945902922e-06 1.59937502792488e-17
253.999999999914 2.91059204506513e-06 1.53453529906202e-17
254.999999999913 2.84732833280225e-06 1.46884766948906e-17
255.999999999912 2.7875240297473e-06 1.41879128567062e-17
256.999999999911 2.74158367854698e-06 1.37431577725618e-17
257.99999999991 2.75958420444304e-06 1.35585239680483e-17
258.999999999909 2.78753595783023e-06 1.35757520222217e-17
259.999999999909 2.87390993235236e-06 1.36394324489297e-17
260.999999999908 2.90727964801704e-06 1.37447962619e-17
261.999999999907 3.03270985195639e-06 1.3919422819476e-17
262.999999999906 3.02244711061713e-06 1.38595042284922e-17
263.999999999905 3.00897557618357e-06 1.33794883914576e-17
264.999999999904 2.80464528945733e-06 1.2464155430311e-17
265.999999999903 2.73152714205667e-06 1.17860393290612e-17
266.999999999902 2.70459088424231e-06 1.16404890764955e-17
267.999999999901 2.86233338102355e-06 1.19966238013767e-17
268.9999999999 2.96797760022216e-06 1.23621333426415e-17
269.999999999899 3.0682487687157e-06 1.25080512979521e-17
270.999999999899 3.05157387826043e-06 1.22929234614112e-17
271.999999999898 2.98595842423618e-06 1.18487238697939e-17
272.999999999897 2.92753566494124e-06 1.14046946325285e-17
273.999999999896 2.87982762149945e-06 1.11211811870297e-17
274.999999999895 2.9134436205534e-06 1.09806454469347e-17
275.999999999894 2.87543530529845e-06 1.07997340317702e-17
276.999999999893 2.89790816144241e-06 1.0577191138926e-17
277.999999999892 2.79965308252179e-06 1.02190953664805e-17
278.999999999891 2.83405071056918e-06 1.00334913591298e-17
279.99999999989 2.82708847520614e-06 1.00211585520951e-17
280.999999999889 2.96214574068885e-06 1.01872922068984e-17
281.999999999889 2.96530932803769e-06 1.01999335079337e-17
282.999999999888 2.99536018443276e-06 1.0019646984196e-17
283.999999999887 2.91666354654021e-06 9.72827187629539e-18
284.999999999886 2.85848617424735e-06 9.31155676893497e-18
285.999999999885 2.76882020750949e-06 8.94928871107334e-18
286.999999999884 2.71507649745638e-06 8.62203456153413e-18
287.999999999883 2.69223346632945e-06 8.42884521223651e-18
288.999999999882 2.67261470357427e-06 8.27463159017985e-18
289.999999999881 2.7247301249347e-06 8.26321546997223e-18
290.99999999988 2.75578009543504e-06 8.31526725635371e-18
291.999999999879 2.92269300411988e-06 8.59033816574777e-18
292.999999999879 3.00855377201727e-06 8.8413649106005e-18
293.999999999878 3.15457794666894e-06 8.99845296796143e-18
294.999999999877 3.08858885141261e-06 8.83303549203558e-18
295.999999999876 3.00103339504981e-06 8.32102306838564e-18
296.999999999875 2.77837110252439e-06 7.72638863028844e-18
297.999999999874 2.69864089129809e-06 7.28251889539881e-18
298.999999999873 2.64920668670546e-06 7.15858792968485e-18
299.999999999872 2.77498398343131e-06 7.29935510544811e-18
300.999999999871 2.92570050253446e-06 7.67622377795211e-18
301.99999999987 3.10702863568049e-06 7.97616669833182e-18
302.999999999869 3.22672866913098e-06 8.21464123756974e-18
303.999999999869 3.25754580231809e-06 8.16740829345743e-18
304.999999999868 3.21160956954208e-06 7.92956468648838e-18
305.999999999867 3.06380355855255e-06 7.50123682231811e-18
306.999999999866 2.94394205894858e-06 7.04966474991605e-18
307.999999999865 2.75451019793948e-06 6.58228348458412e-18
308.999999999864 2.72143277968253e-06 6.32595455575434e-18
309.999999999863 2.70153055627612e-06 6.29589531849463e-18
310.999999999862 2.85305829326449e-06 6.44848196284231e-18
311.999999999861 2.94251910830613e-06 6.68177426709426e-18
312.99999999986 3.09344349121618e-06 6.80849220105472e-18
313.999999999859 3.11918267618632e-06 6.89562961023609e-18
314.999999999859 3.14508256567653e-06 6.75062220500706e-18
315.999999999858 3.00923959932354e-06 6.47169645741443e-18
316.999999999857 2.90862113414555e-06 6.09754376667241e-18
317.999999999856 2.7709042882187e-06 5.79212163965759e-18
318.999999999855 2.75849191130209e-06 5.65502932425381e-18
319.999999999854 2.79385284405645e-06 5.67181823636964e-18
320.999999999853 2.87302891880319e-06 5.76178556519037e-18
321.999999999852 2.9558383099238e-06 5.8252460512257e-18
322.999999999851 2.94989219920546e-06 5.78541410258614e-18
323.99999999985 3.00923923219231e-06 5.75884055592395e-18
324.999999999849 2.97664085415318e-06 5.7046548524474e-18
325.999999999849 3.01508232061962e-06 5.61087458100894e-18
326.999999999848 2.90204709177934e-06 5.42934135629065e-18
327.999999999847 2.83878651171894e-06 5.14627003705628e-18
328.999999999846 2.74673227990055e-06 5.01156315046159e-18
329.999999999845 2.82801086456785e-06 5.00229017355927e-18
330.999999999844 2.90848924108644e-06 5.1707645047664e-18
331.999999999843 3.08574748203775e-06 5.33443601194672e-18
332.999999999842 3.07763104011909e-06 5.32633625828574e-18
333.999999999841 3.07817838869644e-06 5.20902481180241e-18
334.99999999984 2.94785507023793e-06 4.9618862652999e-18
335.999999999839 2.89003179639898e-06 4.79126445296017e-18
336.999999999839 2.90262123117912e-06 4.74784775108306e-18
337.999999999838 2.94135106874462e-06 4.77687176586925e-18
338.999999999837 3.01135300166139e-06 4.7862853922189e-18
339.999999999836 2.98799349066639e-06 4.7501060900901e-18
340.999999999835 2.99506411373968e-06 4.63058378201076e-18
341.999999999834 2.97456403074739e-06 4.62372274908919e-18
342.999999999833 3.08587083484487e-06 4.64908078754571e-18
343.999999999832 3.11239942276599e-06 4.72513454346415e-18
344.999999999831 3.23577631404331e-06 4.75967461046196e-18
345.99999999983 3.15623632836054e-06 4.67524081225264e-18
346.999999999829 3.12937980897955e-06 4.50198772732378e-18
347.999999999829 2.97187386563355e-06 4.29086916736491e-18
348.999999999828 2.8742824267998e-06 4.05149747595771e-18
349.999999999827 2.76206342674139e-06 3.882895023855e-18
350.999999999826 2.7740162554542e-06 3.83530285250931e-18
351.999999999825 2.83161866666205e-06 3.87241802668745e-18
352.999999999824 2.93442196379498e-06 3.97994942629873e-18
353.999999999823 3.04616561609968e-06 4.05104563864285e-18
354.999999999822 3.07806896636231e-06 4.09240253206607e-18
355.999999999821 3.12539114349673e-06 4.04559036555508e-18
356.99999999982 3.03961965365377e-06 3.95684421023057e-18
357.999999999819 3.015389259518e-06 3.80599127285018e-18
358.999999999818 2.79943981629732e-06 3.56354936306612e-18
359.999999999818 2.68519278852261e-06 3.31152542509665e-18
360.999999999817 2.55416370557996e-06 3.17570165982243e-18
361.999999999816 2.68379987126242e-06 3.23994888822076e-18
362.999999999815 2.82327583136554e-06 3.42484122766315e-18
363.999999999814 3.08418415933655e-06 3.6515915282941e-18
364.999999999813 3.19723965459044e-06 3.77970923443566e-18
365.999999999812 3.27468957966803e-06 3.8070668990467e-18
366.999999999811 3.19098031080191e-06 3.67273791796599e-18
367.99999999981 3.05095902982885e-06 3.48341074725364e-18
368.999999999809 2.93661341055442e-06 3.28980752840126e-18
369.999999999808 2.81311351544758e-06 3.15178421850034e-18
370.999999999808 2.84393373279875e-06 3.1032656002724e-18
371.999999999807 2.81366345676291e-06 3.08967077411486e-18
372.999999999806 2.93675622677516e-06 3.12738888342822e-18
373.999999999805 2.95175732043723e-06 3.1726221388083e-18
374.999999999804 3.11386265983384e-06 3.24304186221131e-18
375.999999999803 3.12323601149049e-06 3.28180914837059e-18
376.999999999802 3.22521153068121e-06 3.29174796624086e-18
377.999999999801 3.11871817632326e-06 3.19992079942279e-18
378.9999999998 3.03692887478543e-06 3.04308112907205e-18
379.999999999799 2.84277510319394e-06 2.84451912007452e-18
380.999999999798 2.80082444387347e-06 2.7587901080385e-18
381.999999999798 2.83738522702462e-06 2.76620062569818e-18
382.999999999797 2.94572297132636e-06 2.85196703885204e-18
383.999999999796 3.10030553028536e-06 2.94433792093462e-18
384.999999999795 3.10726981818911e-06 2.95443968959333e-18
385.999999999794 3.11494928218309e-06 2.88443201229682e-18
386.999999999793 2.99839453086717e-06 2.79618150538891e-18
387.999999999792 3.0058232056234e-06 2.71863009225237e-18
388.999999999791 2.90483639413634e-06 2.65343386542707e-18
389.99999999979 2.93402388336017e-06 2.5980570121e-18
390.999999999789 2.82680731360904e-06 2.52612702329164e-18
391.999999999788 2.87767668909217e-06 2.49955630162649e-18
392.999999999788 2.88210647675273e-06 2.51665248056441e-18
393.999999999787 2.99660382705493e-06 2.55802185682803e-18
394.999999999786 3.01340887072003e-06 2.56784902137896e-18
395.999999999785 2.99319376198768e-06 2.51409858187122e-18
396.999999999784 2.93883320994512e-06 2.44176033967385e-18
397.999999999783 2.857128441217e-06 2.36090972342477e-18
398.999999999782 2.84011484922928e-06 2.30070103445956e-18
399.999999999781 2.76492264008059e-06 2.24519376270448e-18
400.99999999978 2.85346660468075e-06 2.25583803211543e-18
401.999999999779 2.84038787412425e-06 2.26347337514097e-18
402.999999999778 2.96006838605863e-06 2.2884698059844e-18
403.999999999778 2.89905952089531e-06 2.26419971425361e-18
404.999999999777 3.0042776766241e-06 2.2758900374519e-18
405.999999999776 3.0030509367148e-06 2.29588690685566e-18
406.999999999775 3.12020403230215e-06 2.3210218610957e-18
407.999999999774 3.13541471578198e-06 2.34343620962825e-18
408.999999999773 3.16748748048936e-06 2.31791254008749e-18
409.999999999772 3.05464961267963e-06 2.22932640810343e-18
410.999999999771 2.9198170889229e-06 2.10394959199997e-18
411.99999999977 2.81334728244456e-06 2.00320559142074e-18
412.999999999769 2.77211302393892e-06 1.96637702838422e-18
413.999999999768 2.88808543911693e-06 2.00671682567432e-18
414.999999999768 2.98630806537634e-06 2.08277930673977e-18
415.999999999767 3.19526986479557e-06 2.16907241641675e-18
416.999999999766 3.20228083985379e-06 2.19291147840405e-18
417.999999999765 3.24941845330044e-06 2.15919332297239e-18
418.999999999764 3.10837314433893e-06 2.08727599754419e-18
419.999999999763 3.07237081684122e-06 2.00267539307114e-18
420.999999999762 2.89441336952156e-06 1.90351889515753e-18
421.999999999761 2.78998267406413e-06 1.78773205235023e-18
422.99999999976 2.65704919057476e-06 1.70918731106155e-18
423.999999999759 2.67159382454631e-06 1.68544658810068e-18
424.999999999758 2.78479142778024e-06 1.74994772739568e-18
425.999999999758 2.99392525330006e-06 1.86117770339661e-18
426.999999999757 3.20596372375618e-06 1.96657891534478e-18
427.999999999756 3.23873412800361e-06 1.98309281658562e-18
428.999999999755 3.20845236385782e-06 1.92207950640751e-18
429.999999999754 2.9742192278936e-06 1.79128516020192e-18
430.999999999753 2.86217189515363e-06 1.67683915792648e-18
431.999999999752 2.72362111400761e-06 1.61125825318245e-18
432.999999999751 2.79335558085161e-06 1.60356708535368e-18
433.99999999975 2.81396944889537e-06 1.63304746012992e-18
434.999999999749 2.93625847631858e-06 1.65541702631929e-18
435.999999999748 2.93417585637447e-06 1.66822645697921e-18
436.999999999748 3.03974532847768e-06 1.6865448990013e-18
437.999999999747 3.07468558052658e-06 1.71036545491004e-18
438.999999999746 3.10991742707707e-06 1.70038095785198e-18
439.999999999745 3.07529709266487e-06 1.6716635296826e-18
440.999999999744 2.99721899966719e-06 1.61600529637181e-18
441.999999999743 2.94088006793828e-06 1.56125231813295e-18
442.999999999742 2.82693168643402e-06 1.50201049340271e-18
443.999999999741 2.82769595283612e-06 1.46711332227336e-18
444.99999999974 2.85053283250849e-06 1.49021958318051e-18
445.999999999739 3.07121853959447e-06 1.56010422791603e-18
446.999999999738 3.14355992524795e-06 1.61451626980059e-18
447.999999999738 3.22107932871178e-06 1.60563727405201e-18
448.999999999737 3.07480617608048e-06 1.5492484671193e-18
449.999999999736 3.02696012064392e-06 1.48397240380654e-18
450.999999999735 2.93403208898126e-06 1.44828393187065e-18
451.999999999734 2.96264810878747e-06 1.43146554445285e-18
452.999999999733 2.98752633156609e-06 1.44268197143798e-18
453.999999999732 3.02788468804351e-06 1.44339957204818e-18
454.999999999731 3.07189289805396e-06 1.44953211458931e-18
455.99999999973 3.07327898914027e-06 1.44536561915839e-18
456.999999999729 3.13482832741751e-06 1.44540961428479e-18
457.999999999728 3.08118151392949e-06 1.42788025216476e-18
458.999999999728 3.0901907061965e-06 1.3941418814862e-18
459.999999999727 2.97239547933807e-06 1.35516336767075e-18
460.999999999726 2.9597065952474e-06 1.30956840754896e-18
461.999999999725 2.85714031366488e-06 1.27941524922767e-18
462.999999999724 2.85521080988344e-06 1.24229330384445e-18
463.999999999723 2.80226483326839e-06 1.23049786448058e-18
464.999999999722 2.87905943184404e-06 1.2347352321688e-18
465.999999999721 2.90151604057292e-06 1.24745098650278e-18
466.99999999972 2.95786526456309e-06 1.25224493904033e-18
467.999999999719 2.99968647012061e-06 1.26108499468128e-18
468.999999999718 3.02080377920047e-06 1.262751126587e-18
469.999999999718 3.08057654532892e-06 1.26586210351822e-18
470.999999999717 3.05574403038422e-06 1.25994027280044e-18
471.999999999716 3.0305655978936e-06 1.21846246710128e-18
472.999999999715 2.89164956568816e-06 1.17403759282058e-18
473.999999999714 2.82953500600039e-06 1.11557601836366e-18
474.999999999713 2.72078778668298e-06 1.08589705010399e-18
475.999999999712 2.82287962196455e-06 1.09440330608725e-18
476.999999999711 2.92530562061462e-06 1.14579848817554e-18
477.99999999971 3.15162696167572e-06 1.20446513170286e-18
478.999999999709 3.26087530782644e-06 1.25137719139095e-18
479.999999999708 3.31471526126785e-06 1.25114082031438e-18
480.999999999708 3.21930803766132e-06 1.20873778899606e-18
481.999999999707 3.05287344181396e-06 1.13853346798717e-18
482.999999999706 2.95487317565294e-06 1.0848884439745e-18
483.999999999705 2.80618782700472e-06 1.03297825260457e-18
484.999999999704 2.78529327402889e-06 1.00085989661819e-18
485.999999999703 2.75597679917427e-06 9.99612797191005e-19
486.999999999702 2.90297958210889e-06 1.02326836108165e-18
487.999999999701 3.00425220329338e-06 1.07184055260107e-18
488.9999999997 3.22204626604622e-06 1.11690888386497e-18
489.999999999699 3.2580884202056e-06 1.14148723778294e-18
490.999999999698 3.27231325055044e-06 1.11854623137259e-18
491.999999999698 3.09609501103963e-06 1.0633015534581e-18
492.999999999697 2.93135656106531e-06 9.89979875153477e-19
493.999999999696 2.80389078237512e-06 9.42520890188237e-19
494.999999999695 2.76321754741626e-06 9.22511547796748e-19
495.999999999694 2.82447072394574e-06 9.2868597301875e-19
496.999999999693 2.92259562379454e-06 9.63688883315936e-19
497.999999999692 3.08144656800227e-06 9.92002380287076e-19
498.999999999691 3.08903337311679e-06 1.00413041802049e-18
499.99999999969 3.12775249748068e-06 9.88122076251913e-19
500.999999999689 3.03074427856065e-06 9.69410194798354e-19
501.999999999688 3.02209045041377e-06 9.39484233099331e-19
502.999999999688 2.93007548128551e-06 9.20554262319318e-19
503.999999999687 2.92842148198598e-06 8.98404499066053e-19
504.999999999686 2.86027110928446e-06 8.81024330679199e-19
505.999999999685 2.83655472449651e-06 8.6029739964982e-19
506.999999999684 2.84925089888818e-06 8.59188724085534e-19
507.999999999683 2.91262478995579e-06 8.73670678881987e-19
508.999999999682 3.03959267443488e-06 8.96801979043911e-19
509.999999999681 3.05355798182527e-06 9.04877269831744e-19
510.99999999968 3.06244265080202e-06 8.85197617631594e-19
511.999999999679 2.92382382355007e-06 8.54274985299347e-19
512.999999999678 2.90253256798049e-06 8.240841237038e-19
513.999999999678 2.81418649846583e-06 8.09080738286788e-19
514.999999999677 2.91321962702591e-06 8.14855507136184e-19
515.999999999676 2.95195134662238e-06 8.33536601856263e-19
516.999999999675 3.06940692694291e-06 8.48252387251942e-19
517.999999999674 3.11059464217319e-06 8.6096467434481e-19
518.999999999673 3.1391121023976e-06 8.58404246014202e-19
519.999999999672 3.1150243564095e-06 8.44070990994752e-19
520.999999999671 3.04616410879504e-06 8.23946433431766e-19
521.99999999967 3.04418191917028e-06 8.07596858906749e-19
522.999999999669 3.00047460099003e-06 8.01561222658645e-19
523.999999999668 3.0283985897303e-06 7.8798517912305e-19
524.999999999668 2.92101464171227e-06 7.69110902990042e-19
525.999999999667 2.90533060297107e-06 7.4359502204645e-19
526.999999999666 2.83504273351994e-06 7.34281342514871e-19
527.999999999665 2.92021696661921e-06 7.3740414379849e-19
528.999999999664 2.98674412400416e-06 7.59496446744333e-19
529.999999999663 3.11599933516204e-06 7.78214075287723e-19
530.999999999662 3.12909416924366e-06 7.79687769823812e-19
531.999999999661 3.07844978612119e-06 7.61233728375228e-19
532.99999999966 3.02767506868794e-06 7.38572263719478e-19
533.999999999659 2.93786746567405e-06 7.1856704877068e-19
534.999999999658 2.89861660185729e-06 6.9285299285979e-19
535.999999999658 2.77777573061033e-06 6.70677381986411e-19
536.999999999657 2.79029161331561e-06 6.55171911387573e-19
537.999999999656 2.73899297337243e-06 6.51409483759291e-19
538.999999999655 2.8560411156695e-06 6.60979463082415e-19
539.999999999654 2.95997017962036e-06 6.91902400023125e-19
540.999999999653 3.19777004367454e-06 7.31649077970174e-19
541.999999999652 3.30605390554773e-06 7.58033828438357e-19
542.999999999651 3.26716754831849e-06 7.40233073483109e-19
543.99999999965 3.09221878531995e-06 6.94462440785005e-19
544.999999999649 2.85589567198197e-06 6.40641395631179e-19
545.999999999648 2.76814743015079e-06 6.08972518490772e-19
546.999999999648 2.70475014321269e-06 5.99654834262621e-19
547.999999999647 2.82847910563736e-06 6.1081024853689e-19
548.999999999646 2.90933355592788e-06 6.36059282060737e-19
549.999999999645 3.0705780390485e-06 6.52949989667386e-19
550.999999999644 3.10437200771755e-06 6.67850248434619e-19
551.999999999643 3.20973359218706e-06 6.74362135830055e-19
552.999999999642 3.16782002296714e-06 6.69119430837975e-19
553.999999999641 3.12380282514214e-06 6.49979406962442e-19
554.99999999964 3.01372705642241e-06 6.23852095011157e-19
555.999999999639 2.86617544620502e-06 5.90856954260108e-19
556.999999999638 2.8299235221079e-06 5.7379932358772e-19
557.999999999638 2.811624528713e-06 5.73439065109836e-19
558.999999999637 2.94481995617941e-06 5.85782859881016e-19
559.999999999636 3.04740184963498e-06 6.13444195952632e-19
560.999999999635 3.16644468764719e-06 6.19910764253142e-19
561.999999999634 3.13796084509051e-06 6.21968331544952e-19
562.999999999633 3.1519120160668e-06 6.09465804577119e-19
563.999999999632 3.04229796299414e-06 5.92421137003732e-19
564.999999999631 3.01014724741762e-06 5.7647445968858e-19
565.99999999963 2.96679804659733e-06 5.66403919066289e-19
566.999999999629 2.94953418258297e-06 5.59962656228284e-19
567.999999999628 2.99065871667704e-06 5.5938826618166e-19
568.999999999628 2.9589135683969e-06 5.56106158339256e-19
569.999999999627 3.02471066913833e-06 5.55024987840532e-19
570.999999999626 2.9889036631692e-06 5.54810770963235e-19
571.999999999625 3.08140688444789e-06 5.56476480692673e-19
572.999999999624 3.03400372408958e-06 5.54871249426117e-19
573.999999999623 3.02102577496321e-06 5.38873942406212e-19
574.999999999622 2.88076783829634e-06 5.17820801061532e-19
575.999999999621 2.82488048694912e-06 4.99136505687013e-19
576.99999999962 2.80845806859979e-06 4.95107384264254e-19
577.999999999619 2.88877685431384e-06 5.06174852526741e-19
578.999999999618 3.02449376836289e-06 5.22411804171775e-19
579.999999999618 3.04937617041014e-06 5.29194622096352e-19
580.999999999617 3.14196710628947e-06 5.32485865302627e-19
581.999999999616 3.0598340735401e-06 5.24580168825797e-19
582.999999999615 3.08319230646214e-06 5.14361423462888e-19
583.999999999614 3.01408393223779e-06 5.09225558686211e-19
584.999999999613 3.05340179864516e-06 5.0329893549949e-19
585.999999999612 3.03552419978925e-06 5.04121404890074e-19
586.999999999611 3.03411100040561e-06 4.95713997920079e-19
587.99999999961 2.96456911512586e-06 4.82872198221831e-19
588.999999999609 2.8751205606843e-06 4.65974278435799e-19
589.999999999608 2.89180782617411e-06 4.6163164928838e-19
590.999999999608 2.94893743706019e-06 4.73386564269164e-19
591.999999999607 3.17333625787775e-06 4.97305608952396e-19
592.999999999606 3.22272739987463e-06 5.11117139734929e-19
593.999999999605 3.28226353822866e-06 5.06676883801214e-19
594.999999999604 3.11134875492878e-06 4.86228180774962e-19
595.999999999603 3.01658956589396e-06 4.60534331338773e-19
596.999999999602 2.8713730792367e-06 4.40988914141518e-19
597.999999999601 2.80745168009209e-06 4.25054912831422e-19
598.9999999996 2.78129172586478e-06 4.18943973274213e-19
599.999999999599 2.77548888500999e-06 4.16922466562321e-19
600.999999999598 2.90071481515989e-06 4.28304949773141e-19
601.999999999598 3.00123019222978e-06 4.46493647538216e-19
602.999999999597 3.22658103053588e-06 4.68024690612673e-19
603.999999999596 3.26819718697237e-06 4.80147070296212e-19
604.999999999595 3.31717798515259e-06 4.74635859993453e-19
605.999999999594 3.09904482426885e-06 4.48404018397015e-19
606.999999999593 2.95161128828109e-06 4.18173713628008e-19
607.999999999592 2.76368947793285e-06 3.92784532646131e-19
608.999999999591 2.71692978227782e-06 3.82066513668141e-19
609.99999999959 2.78425624919063e-06 3.87933487493076e-19
610.999999999589 2.89468886732617e-06 4.03855830826241e-19
611.999999999588 3.10365085729737e-06 4.24214103334415e-19
612.999999999588 3.15038506473611e-06 4.34946648407508e-19
613.999999999587 3.24579019854743e-06 4.36597683710843e-19
614.999999999586 3.11161681552334e-06 4.23936459629473e-19
615.999999999585 3.07757948580701e-06 4.08972142831882e-19
616.999999999584 2.92661225850465e-06 3.92340816708179e-19
617.999999999583 2.8970158960978e-06 3.81806390052747e-19
618.999999999582 2.86476832625747e-06 3.76915584325391e-19
619.999999999581 2.8692174624611e-06 3.75464895368738e-19
620.99999999958 2.92866498909923e-06 3.77793000941574e-19
621.999999999579 2.94475182629928e-06 3.82062588773876e-19
622.999999999578 3.07902029027853e-06 3.90130292694351e-19
623.999999999578 3.07472261199392e-06 3.94380964514203e-19
624.999999999577 3.16025878077845e-06 3.94860407800442e-19
625.999999999576 3.05482985142898e-06 3.8618608722196e-19
626.999999999575 3.01678897371634e-06 3.73318777477144e-19
627.999999999574 2.92020952259206e-06 3.62812701672758e-19
628.999999999573 2.93053450053599e-06 3.60117390377844e-19
629.999999999572 2.9782478562921e-06 3.62895346653078e-19
630.999999999571 3.02164063357069e-06 3.68610708231923e-19
631.99999999957 3.12162453363697e-06 3.73218608554204e-19
632.999999999569 3.08522802718654e-06 3.72643025833339e-19
633.999999999568 3.11937916692352e-06 3.67168274721902e-19
634.999999999568 3.00434996029601e-06 3.58166601794909e-19
635.999999999567 2.99676648485696e-06 3.48800604265363e-19
636.999999999566 2.90088264288648e-06 3.40293588340324e-19
637.999999999565 2.88823683019715e-06 3.33691760725487e-19
638.999999999564 2.8329362051253e-06 3.2614570125701e-19
639.999999999563 2.86296633029372e-06 3.28594341489157e-19
640.999999999562 2.95120552747333e-06 3.33260863730168e-19
641.999999999561 2.98278368397352e-06 3.39413470059339e-19
642.99999999956 3.0787742406357e-06 3.41836319357712e-19
643.999999999559 3.05488264260427e-06 3.43536566959981e-19
644.999999999558 3.06672417233246e-06 3.36333143552375e-19
645.999999999558 2.95899714839907e-06 3.27785164303895e-19
646.999999999557 2.94885616782592e-06 3.20792046853176e-19
647.999999999556 2.92508123700463e-06 3.18275125552215e-19
648.999999999555 2.96166104729937e-06 3.20188803420364e-19
649.999999999554 2.95745169522895e-06 3.15604561239154e-19
650.999999999553 2.88762037271298e-06 3.09819829326082e-19
651.999999999552 2.91661587307484e-06 3.05803674864778e-19
652.999999999551 2.89381879641738e-06 3.07145196898229e-19
653.99999999955 3.07702526626926e-06 3.18384217024597e-19
654.999999999549 3.18393880718419e-06 3.33183667881472e-19
655.999999999548 3.31578063804687e-06 3.40122260513713e-19
656.999999999548 3.21967351452497e-06 3.31146871052686e-19
657.999999999547 3.09067872001733e-06 3.15115658865161e-19
658.999999999546 2.92261411514937e-06 2.94839811881217e-19
659.999999999545 2.75466368793223e-06 2.78930829089578e-19
660.999999999544 2.73473027829017e-06 2.70960886256465e-19
661.999999999543 2.74676562407417e-06 2.75330188853005e-19
662.999999999542 2.93104580986781e-06 2.86445711006827e-19
663.999999999541 3.0406265424764e-06 3.00684179761437e-19
664.99999999954 3.19467396875934e-06 3.09415019167024e-19
665.999999999539 3.20878816229501e-06 3.12028718837158e-19
666.999999999538 3.1786076825174e-06 3.0604642165926e-19
667.999999999538 3.11662816578563e-06 2.97315376099459e-19
668.999999999537 2.95419755731951e-06 2.8260898688256e-19
669.999999999536 2.86194236631937e-06 2.68123875699731e-19
670.999999999535 2.72227147393055e-06 2.57917009536908e-19
671.999999999534 2.7887237369979e-06 2.57657976268047e-19
672.999999999533 2.86143749799182e-06 2.6755431210963e-19
673.999999999532 3.05017395809319e-06 2.79269546862464e-19
674.999999999531 3.14740502748638e-06 2.89450601883424e-19
675.99999999953 3.21513367857742e-06 2.9270756471892e-19
676.999999999529 3.18025490224667e-06 2.86968093365797e-19
677.999999999528 3.02682858378311e-06 2.73831849082491e-19
678.999999999528 2.94590607891493e-06 2.61081663655938e-19
679.999999999527 2.84519785768724e-06 2.54991206939609e-19
680.999999999526 2.93285542856302e-06 2.5637900820211e-19
681.999999999525 2.9459566027445e-06 2.6060389742007e-19
682.999999999524 3.0035578648671e-06 2.60280395170497e-19
683.999999999523 2.95211378661983e-06 2.56836123224747e-19
684.999999999522 2.93637665237751e-06 2.53074662269376e-19
685.999999999521 3.01782321687654e-06 2.5763590964037e-19
686.99999999952 3.05608489895459e-06 2.6177247335112e-19
687.999999999519 3.13991903749699e-06 2.6335650310382e-19
688.999999999518 3.01059066030655e-06 2.55440993793486e-19
