0 0 0
2.99999999999998 1.31631353807378e-14 6.93372271275714e-18
5.99999999999992 9.5803604147625e-15 5.4266414499242e-19
8.99999999999985 1.13131142487499e-14 1.1388210832283e-19
11.9999999999998 1.1298186241792e-14 3.92530271939639e-20
14.9999999999997 1.04422953983818e-14 1.64420772437853e-20
18 1.19732706316051e-14 8.48074863982397e-21
21.0000000000005 1.25757030363113e-14 5.1508798359915e-21
24.000000000001 1.66898453942319e-14 4.08442754190558e-21
27.0000000000014 5.75886546227913e-13 8.39776974897305e-20
30.0000000000019 2.49654868381803e-12 2.55380977236355e-19
33.000000000002 1.96669703247164e-11 1.35692548580426e-18
36.0000000000014 1.42389842812715e-09 6.73790056672361e-17
39.0000000000008 6.04841451645527e-09 2.19646128150097e-16
42.0000000000002 1.57513553935522e-08 4.16151439739746e-16
44.9999999999996 2.86956120897624e-08 5.67385921233965e-16
47.999999999999 4.49425168540044e-08 7.1503058178397e-16
50.9999999999984 7.68955735085624e-08 9.38508836927969e-16
53.9999999999978 1.32654807395918e-07 1.28387145689064e-15
56.9999999999972 2.64483287919948e-07 2.11808825659409e-15
59.9999999999966 8.93379103251737e-07 5.72166408773694e-15
62.999999999996 1.84916914313999e-06 9.75800127243506e-15
65.9999999999969 3.66228980502538e-06 1.63078430257835e-14
68.9999999999984 5.93943710900023e-06 2.18998345816118e-14
71.9999999999999 7.47186652076302e-06 2.32083670387265e-14
75.0000000000015 9.32603054490394e-06 2.49148650968512e-14
78.000000000003 1.13137933179132e-05 2.57419435881476e-14
81.0000000000045 1.23091981920016e-05 2.39598352689194e-14
84.0000000000061 1.34466990132849e-05 2.27514796632573e-14
87.0000000000076 1.50340451999297e-05 2.22153458008469e-14
90.0000000000091 1.55468610325969e-05 1.99950061396971e-14
93.0000000000107 1.64681123668748e-05 1.85276992197999e-14
96.0000000000122 1.70987263880043e-05 1.70008452977586e-14
99.0000000000137 1.73316277450043e-05 1.52977112812589e-14
102.000000000015 1.84036416220343e-05 1.43942490059251e-14
105.000000000017 1.8640327263588e-05 1.29539714691496e-14
108.000000000018 1.91805354864383e-05 1.19171101312962e-14
111.00000000002 1.98874134424281e-05 1.11140133680317e-14
114.000000000021 1.98248203089322e-05 9.9657096948107e-15
117.000000000023 2.07739087996092e-05 9.3959556920623e-15
120.000000000024 2.13197466876819e-05 8.70514759410842e-15
123.000000000026 2.19295625499151e-05 8.12391001819865e-15
126.000000000028 2.15603012407716e-05 7.27096686863498e-15
129.000000000028 2.26567554155712e-05 6.95561581827404e-15
132.000000000025 2.25964575534889e-05 6.319378575413e-15
135.000000000022 2.27412374254122e-05 5.80919968588612e-15
138.000000000019 2.33646257161899e-05 5.47215891567809e-15
141.000000000017 2.25671695075597e-05 4.85873242911617e-15
144.000000000014 2.36431010083792e-05 4.68035571872625e-15
147.000000000011 2.42012343090466e-05 4.40774091749216e-15
150.000000000009 2.38635396679554e-05 4.006342983689e-15
153.000000000006 2.46485295686667e-05 3.82530090613663e-15
156.000000000003 2.4486727942128e-05 3.52105349672376e-15
159 2.49994848390525e-05 3.33275722663618e-15
161.999999999998 2.53873629194992e-05 3.13894719990062e-15
164.999999999995 2.5316198609945e-05 2.90696015450902e-15
167.999999999992 2.51505155455899e-05 2.68791579184163e-15
170.999999999989 2.57723520789578e-05 2.5688108638159e-15
173.999999999987 2.55862022752074e-05 2.38009543507302e-15
176.999999999984 2.56900471557844e-05 2.23129839768116e-15
179.999999999981 2.60129562243535e-05 2.1113663929665e-15
182.999999999979 2.59828025454586e-05 1.97388604590012e-15
185.999999999976 2.58016424084178e-05 1.83765885943354e-15
188.999999999973 2.66866707230818e-05 1.78421563770644e-15
191.99999999997 2.60792205728121e-05 1.63757263321031e-15
194.999999999968 2.67626472205645e-05 1.57908524722158e-15
197.999999999965 2.69393153197574e-05 1.49481016093524e-15
200.999999999962 2.63175113536237e-05 1.37498846014442e-15
203.999999999959 2.71482200387869e-05 1.3372421564727e-15
206.999999999957 2.67573789626211e-05 1.24395433618429e-15
209.999999999954 2.69010563949767e-05 1.18110066478245e-15
212.999999999951 2.7397241646003e-05 1.13649104004173e-15
215.999999999949 2.7406565378149e-05 1.07472705535447e-15
218.999999999946 2.71680109569128e-05 1.00799470213296e-15
221.999999999943 2.74739023945292e-05 9.65425214450865e-16
224.99999999994 2.80794707424146e-05 9.35490278684735e-16
227.999999999938 2.73383062782285e-05 8.64178352784709e-16
230.999999999935 2.74915851249074e-05 8.24888775870009e-16
233.999999999932 2.77445946980959e-05 7.90492303039852e-16
236.999999999929 2.80846244824252e-05 7.60245194268253e-16
239.999999999927 2.78964267468447e-05 7.18055520709439e-16
242.999999999924 2.77456234412547e-05 6.79705411638325e-16
245.999999999921 2.81899595897002e-05 6.57755655529007e-16
248.999999999919 2.87312567377025e-05 6.38818965661434e-16
251.999999999916 2.79054965210894e-05 5.9142387897465e-16
254.999999999913 2.80151971291321e-05 5.6618202005187e-16
257.99999999991 2.8347444939709e-05 5.46657073954816e-16
260.999999999908 2.78346654088352e-05 5.12547973943836e-16
263.999999999905 2.8554260883054e-05 5.02436167935203e-16
266.999999999902 2.79977056241758e-05 4.71008347197859e-16
269.999999999899 2.84837533732461e-05 4.58274313944856e-16
272.999999999897 2.84838954874896e-05 4.38416958066607e-16
275.999999999894 2.88391663765247e-05 4.24833370282465e-16
278.999999999891 2.85531775659852e-05 4.02808831938333e-16
281.999999999889 2.83385728287432e-05 3.83092299175647e-16
284.999999999886 2.8868250558105e-05 3.74171685321337e-16
287.999999999883 2.87822831326897e-05 3.57818568600554e-16
290.99999999988 2.89209921305054e-05 3.44943462689418e-16
293.999999999878 2.82968637698121e-05 3.23897365333972e-16
296.999999999875 2.87615429339968e-05 3.16082262041588e-16
299.999999999872 2.93957997307518e-05 3.10336339775784e-16
302.999999999869 2.83829257508257e-05 2.8798779302671e-16
305.999999999867 2.86142217431603e-05 2.79169176736856e-16
308.999999999864 2.93319761605768e-05 2.75252373831554e-16
311.999999999861 2.90381326449769e-05 2.62166709942195e-16
314.999999999859 2.90932318388053e-05 2.52774328532755e-16
317.999999999856 2.89516770744308e-05 2.42166200791699e-16
320.999999999853 2.91525026938808e-05 2.34868327164622e-16
323.99999999985 2.93549094861988e-05 2.27888774007328e-16
326.999999999848 2.88982025647731e-05 2.16256730803818e-16
329.999999999845 2.91783281720511e-05 2.10531699149686e-16
332.999999999842 2.90355194431644e-05 2.02046687929215e-16
335.999999999839 2.93951380221651e-05 1.9732425751872e-16
338.999999999837 2.89734813475072e-05 1.87696055174341e-16
341.999999999834 2.92725075580485e-05 1.83076438942426e-16
344.999999999831 2.92482696116576e-05 1.76663527573101e-16
347.999999999829 2.88744037055205e-05 1.68488319282138e-16
350.999999999826 3.03599007950917e-05 1.7118667020771e-16
353.999999999823 2.92689767135975e-05 1.59511065626621e-16
356.99999999982 2.92792629814518e-05 1.54259936347646e-16
359.999999999818 2.97507622534915e-05 1.51579194982979e-16
362.999999999815 2.91847584879044e-05 1.43840154101892e-16
365.999999999812 2.94207348545632e-05 1.40318929465908e-16
368.999999999809 2.88128585880655e-05 1.33018789794496e-16
371.999999999807 2.93943048726659e-05 1.31389327551437e-16
374.999999999804 2.93975629428447e-05 1.27250731368891e-16
377.999999999801 2.9576236702908e-05 1.24001919610179e-16
380.999999999798 2.93271753982693e-05 1.19124767826763e-16
383.999999999796 2.94779611720946e-05 1.16037990429068e-16
386.999999999793 2.95624423613912e-05 1.1281052875634e-16
389.99999999979 2.92537162766602e-05 1.08246327400774e-16
392.999999999788 2.95793007282944e-05 1.06154472100957e-16
395.999999999785 2.952195580918e-05 1.02774101669059e-16
398.999999999782 2.94267523181131e-05 9.93915978032188e-17
401.999999999779 2.99471145417611e-05 9.81608594778157e-17
404.999999999777 2.95968927883169e-05 9.41716562630836e-17
407.999999999774 2.89339137433932e-05 8.93908882929082e-17
410.999999999771 2.96227160015435e-05 8.88815048772481e-17
413.999999999768 2.9337836265689e-05 8.55058121713053e-17
416.999999999766 2.96356293793705e-05 8.39131295311088e-17
419.999999999763 2.93779803699937e-05 8.08288284681574e-17
422.99999999976 2.9352106076036e-05 7.84899500189564e-17
425.999999999758 3.01392723942636e-05 7.83499464528069e-17
428.999999999755 2.9605531261294e-05 7.48356612335246e-17
431.999999999752 2.94812591224943e-05 7.247678439981e-17
434.999999999749 2.96581689340552e-05 7.09241102694481e-17
437.999999999747 3.00470737910157e-05 6.99057119552245e-17
440.999999999744 2.96519108387031e-05 6.71264350480845e-17
443.999999999741 2.98209610847348e-05 6.5701307415562e-17
446.999999999738 3.00621821498495e-05 6.44719860731166e-17
449.999999999736 2.97383815468518e-05 6.20943751346509e-17
452.999999999733 2.99025950227936e-05 6.08019823275244e-17
455.99999999973 2.98379909531133e-05 5.9092502925291e-17
458.999999999728 2.95537821822764e-05 5.70169866162341e-17
461.999999999725 3.01106701854866e-05 5.65981164539425e-17
464.999999999722 2.96983758890528e-05 5.43956805653612e-17
467.999999999719 2.97388162925782e-05 5.30845926042075e-17
470.999999999717 2.9915357021665e-05 5.20512045889589e-17
473.999999999714 2.94098724820863e-05 4.9887822297425e-17
476.999999999711 3.03484696759884e-05 5.01992137399461e-17
479.999999999708 3.01686906691216e-05 4.86678372942594e-17
482.999999999706 2.94492318931331e-05 4.63397926118324e-17
485.999999999703 3.01141544371113e-05 4.62277489617062e-17
488.9999999997 2.99692443795948e-05 4.48864394730352e-17
491.999999999698 2.98394293583937e-05 4.36104706804243e-17
494.999999999695 2.93731446472894e-05 4.18968606635789e-17
497.999999999692 3.02051407718488e-05 4.20545761450129e-17
500.999999999689 2.97681592464825e-05 4.04624517665154e-17
503.999999999687 2.99090748902022e-05 3.96956141398485e-17
506.999999999684 3.00244352801247e-05 3.89154443659671e-17
509.999999999681 2.98327472921693e-05 3.77664672839435e-17
512.999999999678 3.04668654635232e-05 3.7675554771997e-17
515.999999999676 2.97658337342645e-05 3.59596934219648e-17
518.999999999673 2.97547820813052e-05 3.51220251437252e-17
521.99999999967 3.03881544205075e-05 3.50508207217184e-17
524.999999999668 2.98217185934517e-05 3.36178262658449e-17
527.999999999665 3.0189091409446e-05 3.32651580071236e-17
530.999999999662 3.03237473287102e-05 3.26655471479421e-17
533.999999999659 2.97792608983254e-05 3.13649370411581e-17
536.999999999657 3.02721369774905e-05 3.11783932776323e-17
539.999999999654 3.01321655354601e-05 3.03511986514523e-17
542.999999999651 2.99778129382006e-05 2.95337513114066e-17
545.999999999648 2.99258807868373e-05 2.88394536461054e-17
548.999999999646 3.03118950003096e-05 2.85774680758348e-17
551.999999999643 3.0414153826326e-05 2.80553004151374e-17
554.99999999964 3.01677536255878e-05 2.72309452323719e-17
557.999999999638 3.03413637790048e-05 2.68038894880778e-17
560.999999999635 2.94999351896773e-05 2.55079027581546e-17
563.999999999632 3.0470488050525e-05 2.57919087239075e-17
566.999999999629 2.98356485065187e-05 2.47246921904985e-17
569.999999999627 2.9699969702706e-05 2.40985520945833e-17
572.999999999624 3.04244233405792e-05 2.41729716981872e-17
575.999999999621 2.96417304317896e-05 2.30639645358407e-17
578.999999999618 3.04207751673116e-05 2.31828752662205e-17
581.999999999616 3.00534174729076e-05 2.24341975975731e-17
584.999999999613 2.9918717854757e-05 2.18788789365262e-17
587.99999999961 2.98397881016648e-05 2.1379297516831e-17
590.999999999608 3.03331512867042e-05 2.12952506877226e-17
593.999999999605 3.00325213890615e-05 2.0661952948689e-17
596.999999999602 2.99305773736676e-05 2.01814530799539e-17
599.999999999599 3.03618188386323e-05 2.00660058107311e-17
602.999999999597 3.00733687589627e-05 1.94827870913129e-17
605.999999999594 3.02772746379216e-05 1.92290692432579e-17
608.999999999591 2.99843747568508e-05 1.86703588426399e-17
611.999999999588 2.99587374484341e-05 1.82908834880468e-17
614.999999999586 3.04087911137046e-05 1.82059080338137e-17
617.999999999583 3.01633359988941e-05 1.77107946841898e-17
620.99999999958 2.97270659973907e-05 1.71199410658122e-17
623.999999999578 3.05522702448521e-05 1.72594925402749e-17
626.999999999575 3.0471640260573e-05 1.68871927486282e-17
629.999999999572 2.99450231271347e-05 1.62819559804942e-17
632.999999999569 3.06204755616657e-05 1.63357031761126e-17
635.999999999567 2.99026675885699e-05 1.56538211624713e-17
638.999999999564 3.05833853769325e-05 1.57114205030958e-17
641.999999999561 3.01081953640828e-05 1.5179745704552e-17
644.999999999558 3.0080076631777e-05 1.48853090432287e-17
647.999999999556 2.9834840719003e-05 1.44925095375289e-17
650.999999999553 3.01044245677212e-05 1.43557034125939e-17
653.99999999955 3.0076675739795e-05 1.4081295515807e-17
656.999999999548 2.98862670195732e-05 1.37387679995216e-17
659.999999999545 3.05831629016039e-05 1.38053356828512e-17
662.999999999542 3.00031047218345e-05 1.33000887631997e-17
665.999999999539 3.04826446967185e-05 1.32706459019272e-17
668.999999999537 3.03261249517401e-05 1.29669984302969e-17
671.999999999534 2.99184936024638e-05 1.25656960852407e-17
674.999999999531 3.03429892526811e-05 1.25187627538079e-17
677.999999999528 3.00889351477703e-05 1.21955236996541e-17
680.999999999526 2.96295620558074e-05 1.17992152112629e-17
683.999999999523 3.02075255290071e-05 1.18197467201552e-17
686.99999999952 3.00975572737978e-05 1.15725001186584e-17
689.999999999518 3.03052081107154e-05 1.14512764001869e-17
692.999999999515 3.00681629071357e-05 1.11662092342174e-17
695.999999999512 2.98431900585902e-05 1.08929159182412e-17
698.999999999509 3.02479943791698e-05 1.08521537180743e-17
701.999999999507 3.0194599782575e-05 1.0648960369273e-17
704.999999999504 3.0189218110855e-05 1.04668863034548e-17
707.999999999501 3.0168576462608e-05 1.02834262529096e-17
710.999999999498 3.07665550235514e-05 1.03111055559824e-17
713.999999999496 2.99956388102565e-05 9.88488681026053e-18
716.999999999493 2.97627062372674e-05 9.64499937760273e-18
719.99999999949 3.06897873444618e-05 9.78078106874951e-18
722.999999999487 2.97817256116586e-05 9.33496080116364e-18
725.999999999485 3.04559192929821e-05 9.38948093504575e-18
728.999999999482 3.03334812555568e-05 9.19889203259227e-18
731.999999999479 3.02086296879157e-05 9.01178562211879e-18
734.999999999477 3.0458389719655e-05 8.93888028764353e-18
737.999999999474 3.04132309615202e-05 8.78130116733528e-18
740.999999999471 3.03705467571434e-05 8.62774996820944e-18
743.999999999468 3.01728700338003e-05 8.43408272097342e-18
746.999999999466 3.02479396409616e-05 8.31995525893473e-18
749.999999999463 3.05573627550102e-05 8.27122285821862e-18
752.99999999946 3.07327920288861e-05 8.18691466192951e-18
755.999999999457 3.06332565830007e-05 8.03155969157153e-18
758.999999999455 2.99503724056736e-05 7.72915874168993e-18
761.999999999452 3.0557613883947e-05 7.76241816051759e-18
764.999999999449 3.01365266281835e-05 7.53617791351339e-18
767.999999999447 2.98820679719101e-05 7.35651080556928e-18
770.999999999444 3.06411336602965e-05 7.42665893087564e-18
773.999999999441 3.00005074972779e-05 7.15935275419736e-18
776.999999999438 3.02517880888918e-05 7.10846902542805e-18
779.999999999436 3.06496331295873e-05 7.09170581025775e-18
782.999999999433 3.00242188288103e-05 6.84111112014689e-18
785.99999999943 3.05718602747122e-05 6.86006158211518e-18
788.999999999427 3.01742962000894e-05 6.66837566605341e-18
791.999999999425 3.03119561324036e-05 6.59776794678337e-18
794.999999999422 3.04841092018314e-05 6.53561611628645e-18
797.999999999419 3.01597645430872e-05 6.3693817067103e-18
800.999999999417 2.99974581956292e-05 6.24071031838161e-18
803.999999999414 3.0524343338321e-05 6.25610058446441e-18
806.999999999411 3.02298348473861e-05 6.1041250535496e-18
809.999999999408 2.97569828092132e-05 5.92019378277496e-18
812.999999999406 3.07427390127932e-05 6.02656062546676e-18
815.999999999403 3.03867989065791e-05 5.86964133233004e-18
818.9999999994 3.00882256342334e-05 5.72730683711236e-18
821.999999999397 3.06970152773689e-05 5.75836464940007e-18
824.999999999395 3.07153997305634e-05 5.67841782290212e-18
827.999999999392 2.99004741299293e-05 5.44806768849132e-18
830.999999999389 3.05988151832518e-05 5.49515293489354e-18
833.999999999387 3.00106374348657e-05 5.31232498998182e-18
836.999999999384 3.06649046204499e-05 5.35071287907992e-18
839.999999999381 3.06579679990551e-05 5.27339770189954e-18
842.999999999378 2.97951972291565e-05 5.05238042630865e-18
845.999999999376 3.0647467122185e-05 5.1235734537573e-18
848.999999999373 3.01049183905035e-05 4.96210958053773e-18
851.99999999937 3.04217673592679e-05 4.94410113175881e-18
854.999999999367 3.04225239022578e-05 4.87525224193014e-18
857.999999999365 3.01305458115975e-05 4.76126594465143e-18
860.999999999362 3.03068190882086e-05 4.72269969885942e-18
863.999999999359 3.04469053684531e-05 4.67902404947855e-18
866.999999999357 3.08308718188975e-05 4.67278333903515e-18
869.999999999354 2.96464179059727e-05 4.43155634167982e-18
872.999999999351 3.0259056378338e-05 4.46125178022768e-18
875.999999999348 3.01652870470053e-05 4.38676299665495e-18
878.999999999346 3.00286473607498e-05 4.30754128164052e-18
881.999999999343 3.04006705705777e-05 4.3018109433129e-18
884.99999999934 2.98123909962489e-05 4.16164281270453e-18
887.999999999337 3.03306657449267e-05 4.17705116571166e-18
890.999999999335 3.05711240449013e-05 4.15375368504215e-18
893.999999999332 2.97377292469883e-05 3.98655633684222e-18
896.999999999329 3.04854380436285e-05 4.03236938859883e-18
899.999999999327 3.0444526430715e-05 3.97355002455027e-18
902.999999999324 3.01773117838982e-05 3.88658399792004e-18
905.999999999321 3.02214018064891e-05 3.84097667143197e-18
908.999999999318 3.04011892481247e-05 3.81308926631366e-18
911.999999999316 3.04453790860733e-05 3.76860409775814e-18
914.999999999313 3.00288173773516e-05 3.66853639683733e-18
917.99999999931 3.04845512317059e-05 3.67575762635615e-18
920.999999999307 2.99981454874284e-05 3.57018892265645e-18
923.999999999305 3.05897561768731e-05 3.59352754452892e-18
926.999999999302 3.07410775217171e-05 3.56472434531974e-18
929.999999999299 2.9891873402725e-05 3.42169957851397e-18
932.999999999297 3.09924535668439e-05 3.50224377425743e-18
935.999999999294 3.01295399895334e-05 3.36128621509245e-18
938.999999999291 3.04343432174586e-05 3.35208203882612e-18
941.999999999288 3.06268268286619e-05 3.33049182210511e-18
944.999999999286 2.99239136628521e-05 3.21290725404632e-18
947.999999999283 3.04820280709778e-05 3.23163306566001e-18
950.99999999928 3.06511377782399e-05 3.2087054918978e-18
953.999999999277 3.02899973124973e-05 3.13120902953387e-18
956.999999999275 3.01017122855297e-05 3.07293570336939e-18
959.999999999272 3.05009361360299e-05 3.07492520014169e-18
962.999999999269 3.01674538622874e-05 3.0036188795182e-18
965.999999999266 3.0463588341865e-05 2.99557960825717e-18
968.999999999264 3.02732978499198e-05 2.94015044981566e-18
971.999999999261 2.99961924690292e-05 2.87743345269132e-18
974.999999999258 3.06028678905814e-05 2.89966333631979e-18
977.999999999256 3.05640817388176e-05 2.86056567484732e-18
980.999999999253 3.02095489745224e-05 2.792948412596e-18
983.99999999925 3.05738202276882e-05 2.79230155181521e-18
986.999999999247 3.03861718527822e-05 2.74154704075282e-18
989.999999999245 2.99044893963995e-05 2.66552114855371e-18
992.999999999242 3.11407526451271e-05 2.742287268849e-18
995.999999999239 3.01670316849214e-05 2.62465237335798e-18
998.999999999236 2.99964795882591e-05 2.57861230817233e-18
