0 0 0
1 2.04545602189419e-24 6.59466589191859e-25
2 3.5144768532881e-24 1.13308099403576e-24
2.99999999999998 3.18688011956023e-24 1.02748898358783e-24
3.99999999999996 3.20780225784588e-24 1.03420000495371e-24
4.99999999999994 5.06199005248019e-24 1.63202205112224e-24
5.99999999999992 5.54832654758475e-24 1.78879170115939e-24
6.9999999999999 5.42098569367441e-24 1.74776288375295e-24
7.99999999999987 5.7576947845457e-24 1.85631517246057e-24
8.99999999999985 1.03420507938022e-23 3.33431308464033e-24
9.99999999999983 9.51009954302466e-24 3.0661776058731e-24
10.9999999999998 9.54681853132052e-24 3.07790990918332e-24
11.9999999999998 2.03748272020512e-23 6.56898870610734e-24
12.9999999999998 2.24485925662032e-23 7.23748296577549e-24
13.9999999999997 2.2576123496737e-23 7.27867388006111e-24
14.9999999999997 2.323172332381e-23 7.49005291368343e-24
15.9999999999997 1.07201116153064e-22 3.45619681279519e-23
16.9999999999999 1.1933216751221e-22 3.84742648949265e-23
18 1.18422541676519e-22 3.81796541999833e-23
19.0000000000002 1.35217678481028e-21 4.35951178702345e-22
20.0000000000003 1.24811945249731e-21 4.02397650696465e-22
21.0000000000005 1.407529189616e-21 4.53794281417252e-22
22.0000000000006 1.53936727490524e-21 4.96302028173025e-22
23.0000000000008 1.81675856627533e-20 5.85727805160332e-21
24.000000000001 2.39093759431673e-20 7.70870341313359e-21
25.0000000000011 2.37708444528733e-20 7.6637736173388e-21
26.0000000000013 5.40713026945926e-19 1.74329533405973e-19
27.0000000000014 3.83958686992415e-19 1.23789779634108e-19
28.0000000000016 4.595034506197e-19 1.48145757367441e-19
29.0000000000017 5.20198230637459e-19 1.67715409966658e-19
