0    1    0.000262138316303724    0.000262138316303724
0.1    1.00002621381597    0.000262138529492479    0.000262131658021437
0.2    1.00005242765421    0.00026213816223099    0.000262124419662557
0.3    1.00007864148573    0.000262138329483747    0.000262117716157111
0.4    1.00010485531718    0.000262138326633362    0.00026211084291779
0.5    1.00013106914773    0.000262138315615879    0.000262103961872979
0.6    1.00015728298093    0.000262138316519673    0.000262097093107576
0.700000000000001    1.0001834968112    0.000262138338824384    0.000262090246099978
0.800000000000001    1.0002097106435    0.000262138298600076    0.000262083336934837
0.900000000000001    1.00023592447523    0.000262138310171776    0.000262076479915781
1    1.0002621383075    0.000262138326411431    0.000262069627922719
1.09999999999999    1.00028835213852    0.000262138319395577    0.000262062753040312
1.19999999999998    1.00031456597105    0.000262138317146973    0.000262055883283578
1.29999999999997    1.00034077980249    0.000262138325728151    0.000262049024713266
1.39999999999996    1.0003669936346    0.00026213831369004    0.000262042145890502
1.49999999999995    1.00039320746664    0.000262138318371652    0.000262035284141404
1.59999999999993    1.00041942129883    0.000262138322607524    0.000262028422306311
1.69999999999992    1.00044563513042    0.000262138321785572    0.00026202155577539
1.79999999999991    1.0004718489627    0.000262138314258845    0.000262014682902506
1.8999999999999    1.00049806279479    0.000262138326522119    0.000262007830169967
1.99999999999989    1.0005242766268    0.000262138325049428    0.000262000964067768
2.09999999999988    1.00055049045899    0.000262138316640201    0.000261994091392577
2.19999999999987    1.00057670429136    0.000262138319048222    0.000261987229888463
2.29999999999986    1.00060291812341    0.000262138327399499    0.000261980374683626
2.39999999999985    1.00062913195575    0.000262138321806719    0.000261973505902596
2.49999999999984    1.000655345788    0.00026213832122348    0.000261966642487729
2.59999999999982    1.00068155962049    0.000262138329950585    0.000261959788736391
2.69999999999981    1.00070777345255    0.000262138317543594    0.000261952914225089
2.7999999999998    1.00073398728531    0.000262138323975267    0.000261946058898598
2.89999999999979    1.00076020111741    0.000262138325983565    0.000261939199511403
2.99999999999978    1.00078641495003    0.000262138325159907    0.000261932337653681
3.09999999999977    1.00081262878244    0.000262138322740782    0.000261925474561298
3.19999999999976    1.00083884261503    0.000262138330011596    0.000261918621510202
3.29999999999975    1.00086505644758    0.000262138322476324    0.000261911754024807
3.39999999999974    1.00089127028001    0.000262138325276421    0.000261904897225336
3.49999999999973    1.00091748411289    0.000262138327084587    0.000261898039793878
3.59999999999971    1.00094369794529    0.000262138327870475    0.000261891181700415
3.6999999999997    1.00096991177813    0.000262138325062373    0.000261884320375534
3.79999999999969    1.00099612561093    0.000262138328795655    0.000261877465944902
3.89999999999968    1.00102233944348    0.000262138329525338    0.0002618706088728
3.99999999999967    1.00104855327629    0.000262138325356549    0.000261863747266412
4.0999999999997    1.0010747671092    0.000262138326909687    0.000261856891735131
4.19999999999974    1.00110098094199    0.000262138329127041    0.000261850037226394
4.29999999999977    1.0011271947749    0.000262138333823388    0.000261843185552788
4.3999999999998    1.0011534086078    0.000262138323737312    0.000261836319472599
4.49999999999984    1.00117962244078    0.000262138333591905    0.000261829473669106
4.59999999999987    1.00120583627378    0.000262138328480704    0.00026182261327632
4.6999999999999    1.00123205010682    0.000262138330725096    0.000261815760589296
4.79999999999994    1.00125826393986    0.000262138330198444    0.000261808905493528
4.89999999999997    1.00128447777296    0.000262138329919263    0.000261802051003833
5    1.00131069160599    0.000262138334094242    0.000261795201321381
5.10000000000004    1.00133690543921    0.000262138329727414    0.00026178834346711
5.20000000000007    1.00136311927228    0.000262138332435824    0.000261781493037537
5.3000000000001    1.00138933310562    0.000262138333502079    0.000261774641326672
5.40000000000014    1.00141554693893    0.000262138329923121    0.000261767785335879
5.50000000000017    1.0014417607722    0.000262138334457241    0.00026176093780542
5.6000000000002    1.0014679746053    0.000262138335192577    0.000261754086840261
5.70000000000024    1.0014941884387    0.00026213832861506    0.000261747228931729
5.80000000000027    1.00152040227215    0.00026213833852081    0.000261740387840424
5.90000000000031    1.00154661610542    0.000262138332182502    0.0002617335308883
6.00000000000034    1.00157282993917    0.000262138333067094    0.000261726681506542
6.10000000000037    1.00159904377234    0.000262138338694965    0.000261719837219162
6.20000000000041    1.00162525760604    0.000262138334309307    0.000261712983292612
6.30000000000044    1.00165147143958    0.000262138335726577    0.000261706135518207
6.40000000000047    1.00167768527319    0.000262138334579855    0.000261699285542496
6.50000000000051    1.00170389910678    0.000262138337688565    0.000261692440173502
6.60000000000054    1.00173011294039    0.000262138336204215    0.000261685590577644
6.70000000000057    1.00175632677393    0.000262138334640948    0.000261678741261503
6.80000000000061    1.00178254060765    0.000262138338871388    0.000261671898087166
6.90000000000064    1.00180875444145    0.000262138336813406    0.000261665048993865
7.00000000000067    1.00183496827527    0.000262138339329    0.000261658204824185
7.10000000000071    1.0018611821091    0.00026213833897727    0.000261651358150658
7.20000000000074    1.00188739594287    0.000262138336164166    0.000261644509378689
7.30000000000077    1.00191360977674    0.000262138340628393    0.000261637668228507
7.40000000000081    1.00193982361078    0.000262138337263919    0.000261630819622706
7.50000000000084    1.00196603744452    0.000262138342167082    0.000261623979626751
7.60000000000087    1.00199225127854    0.000262138337259064    0.000261617130196941
7.70000000000091    1.00201846511262    0.000262138342762971    0.000261610291516442
7.80000000000094    1.00204467894661    0.000262138337673922    0.000261603442622431
7.90000000000097    1.0020708927806    0.000262138342944708    0.000261596604425173
8.00000000000101    1.00209710661481    0.000262138339230473    0.000261589757619403
8.10000000000095    1.00212332044886    0.000262138341876661    0.00026158291751882
8.20000000000089    1.00214953428295    0.000262138343405663    0.000261576076661281
8.30000000000084    1.00217574811717    0.000262138340725082    0.000261569231961132
8.40000000000078    1.00220196195169    0.000262138343677692    0.000261562393239786
8.50000000000073    1.00222817578576    0.000262138341324075    0.000261555549581866
8.60000000000067    1.00225438962006    0.000262138345518863    0.000261548712815551
8.70000000000062    1.00228060345437    0.000262138342277277    0.000261541868987402
8.80000000000056    1.00230681728875    0.00026213834206961    0.000261535028544151
8.90000000000051    1.00233303112311    0.000262138344182    0.000261528190773355
9.00000000000045    1.0023592449575    0.000262138347559277    0.000261521354622107
9.1000000000004    1.00238545879194    0.000262138339815871    0.000261514507734176
9.20000000000034    1.00241167262664    0.000262138350427615    0.000261507679515272
9.30000000000028    1.00243788646093    0.000262138342996839    0.000261500833654948
9.40000000000023    1.00246410029569    0.000262138346545217    0.000261493999104702
9.50000000000017    1.00249031413009    0.000262138341947496    0.000261487156786115
9.60000000000012    1.00251652796496    0.000262138354948534    0.000261480332379812
9.70000000000006    1.00254274179955    0.000262138341726312    0.000261473482173715
9.80000000000001    1.00256895563424    0.000262138346720026    0.000261466650495071
9.89999999999995    1.00259516946899    0.000262138349656136    0.000261459817121374
9.9999999999999    1.00262138330364    0.000262138346064604    0.000261452977594452
10.0999999999998    1.00264759713857    0.000262138347814006    0.000261446143751917
10.1999999999998    1.00267381097323    0.000262138349961288    0.000261439310663603
10.2999999999997    1.00270002480823    0.000262138344818125    0.000261432470661662
10.3999999999997    1.00272623864309    0.000262138357469825    0.000261425648763871
10.4999999999996    1.00275245247786    0.000262138341058052    0.00026141879823908
10.5999999999996    1.00277866631322    0.000262138351564069    0.000261411974915499
10.6999999999995    1.00280488014768    0.000262138353563736    0.000261405143466327
10.7999999999995    1.00283109398299    0.000262138344179094    0.000261398301021907
10.8999999999994    1.00285730781805    0.000262138357430627    0.000261391481506944
10.9999999999993    1.00288352165281    0.000262138346720864    0.000261384638456165
11.0999999999993    1.0029097354884    0.000262138349794421    0.000261377809506221
11.1999999999992    1.00293594932325    0.000262138356431105    0.000261370984466146
11.2999999999992    1.00296216315848    0.000262138350321885    0.000261364147074473
11.3999999999991    1.0029883769937    0.000262138350243661    0.000261357316053232
11.4999999999991    1.0030145908291    0.000262138354617108    0.000261350489827294
11.599999999999    1.00304080466411    0.000262138353132222    0.000261343658117682
11.699999999999    1.00306701849966    0.00026213835198973    0.000261336827106351
11.7999999999989    1.00309323233491    0.00026213835456247    0.000261330000155905
11.8999999999988    1.00311944617028    0.000262138355080039    0.000261323171513455
11.9999999999988    1.00314566000567    0.000262138352255611    0.00026131633989637
12.0999999999987    1.00317187384122    0.000262138353196763    0.000261309512389951
12.1999999999987    1.00319808767656    0.000262138358237144    0.000261302689326557
12.2999999999986    1.00322430151225    0.000262138356609024    0.000261295859972571
12.3999999999986    1.00325051534756    0.000262138351730307    0.000261289027735504
12.4999999999985    1.00327672918337    0.000262138354708284    0.000261282203686371
12.5999999999985    1.00330294301871    0.000262138362009563    0.000261275384303018
12.6999999999984    1.00332915685457    0.000262138348744651    0.00026126854477792
12.7999999999983    1.00335537069033    0.000262138366075719    0.00026126173610389
12.8999999999983    1.0033815845257    0.000262138354077768    0.000261254898555551
12.9999999999982    1.00340779836173    0.000262138353641074    0.000261248072886286
13.0999999999982    1.00343401219752    0.000262138359777391    0.000261241254124233
13.1999999999981    1.00346022603317    0.000262138361207424    0.000261234431028418
13.2999999999981    1.00348643986911    0.00026213835603209    0.000261227601706588
13.399999999998    1.00351265370495    0.000262138360443685    0.000261220782294948
13.499999999998    1.00353886754083    0.000262138359149726    0.000261213957554125
13.5999999999979    1.00356508137688    0.000262138355802209    0.000261207131123533
13.6999999999978    1.00359129521283    0.000262138364708264    0.000261200317259301
13.7999999999978    1.00361750904877    0.000262138359860498    0.000261193490046775
13.8999999999977    1.00364372288486    0.000262138357131143    0.000261186665301564
13.9999999999977    1.00366993672093    0.000262138364851681    0.000261179851324538
14.0999999999976    1.00369615055682    0.000262138357429271    0.000261173022616301
14.1999999999976    1.0037223643932    0.000262138360529938    0.000261166204748673
14.2999999999975    1.00374857822927    0.000262138366408371    0.00026115939000463
14.3999999999975    1.00377479206543    0.000262138360810155    0.000261152564183011
14.4999999999974    1.00380100590174    0.000262138362624525    0.000261145746102374
14.5999999999973    1.00382721973797    0.000262138359349747    0.00026113892330811
14.6999999999973    1.00385343357446    0.000262138365903506    0.000261132110660916
14.7999999999972    1.00387964741055    0.000262138366832496    0.000261125292766585
14.8999999999972    1.00390586124692    0.000262138359828401    0.000261118467326018
14.9999999999971    1.00393207508342    0.00026213836228169    0.000261111651662197
15.0999999999971    1.00395828891984    0.000262138366887806    0.000261104838498661
15.199999999997    1.0039845027563    0.000262138367286476    0.000261098021500145
15.299999999997    1.00401071659265    0.000262138359859341    0.000261091197063086
15.3999999999969    1.00403693042956    0.000262138372428648    0.000261084392898274
15.4999999999968    1.0040631442657    0.000262138360990738    0.000261077565178878
15.5999999999968    1.00408935810273    0.000262138364488443    0.000261070752690542
15.6999999999967    1.00411557193914    0.000262138373114092    0.000261063945664993
15.7999999999967    1.0041417857756    0.000262138360437591    0.00026105711778055
15.8999999999966    1.00416799961241    0.000262138366759263    0.000261050309171817
15.9999999999966    1.00419421344918    0.000262138370073822    0.000261043497924008
16.0999999999967    1.00422042728578    0.000262138368484044    0.000261036682148116
16.1999999999968    1.00424664112293    0.000262138366240907    0.000261029866077309
16.2999999999969    1.00427285495948    0.000262138371093641    0.00026102305742817
16.3999999999971    1.00429906879636    0.000262138364279207    0.000261016237517153
16.4999999999972    1.00432528263316    0.000262138370278278    0.000261009430720491
16.5999999999973    1.00435149647028    0.000262138370372969    0.000261002618400267
16.6999999999974    1.00437771030712    0.000262138372931354    0.000260995808888668
16.7999999999975    1.00440392414414    0.000262138366259636    0.000260988990542831
16.8999999999977    1.00443013798121    0.000262138369973765    0.000260982182892911
16.9999999999978    1.00445635181815    0.000262138369008628    0.000260975370939847
17.0999999999979    1.00448256565524    0.000262138375926832    0.000260968567190446
17.199999999998    1.00450877949252    0.000262138371237554    0.000260961752240719
17.2999999999982    1.00453499332947    0.00026213836841054    0.000260954939500613
17.3999999999983    1.00456120716676    0.000262138371402721    0.000260948132908746
17.4999999999984    1.00458742100397    0.000262138374575894    0.000260941326852287
17.5999999999985    1.00461363484127    0.000262138372590438    0.000260934516016057
17.6999999999986    1.00463984867854    0.000262138376016929    0.000260927710922213
17.7999999999988    1.00466606251594    0.000262138369061244    0.000260920895849496
17.8999999999989    1.00469227635313    0.000262138373724935    0.000260914092697572
17.999999999999    1.0047184901906    0.000262138375052102    0.000260907286579719
18.0999999999991    1.00474470402794    0.000262138374327699    0.000260900478775163
18.1999999999993    1.00477091786529    0.000262138374439075    0.000260893672157638
18.2999999999994    1.00479713170283    0.000262138373219868    0.000260886864570983
18.3999999999995    1.00482334554059    0.00026213837610706    0.000260880061426151
18.4999999999996    1.00484955937792    0.000262138382056321    0.000260873261683673
18.5999999999997    1.00487577321549    0.000262138366704855    0.000260866441098527
18.6999999999999    1.00490198705326    0.000262138382956919    0.000260859652318536
18.8    1.00492820089072    0.000262138371314911    0.000260852836135521
18.9000000000001    1.00495441472861    0.000262138378983899    0.000260846039523782
19.0000000000002    1.0049806285661    0.000262138378680306    0.000260839235333643
19.1000000000004    1.00500684240383    0.000262138378711546    0.000260832431831558
19.2000000000005    1.00503305624165    0.000262138372988496    0.00026082562295888
19.3000000000006    1.0050592700797    0.000262138381015498    0.000260818828122157
19.4000000000007    1.00508548391729    0.000262138379815858    0.000260812024460031
19.5000000000008    1.00511169775531    0.000262138377372859    0.000260805219915642
19.600000000001    1.00513791159306    0.000262138380179137    0.000260798420948695
19.7000000000011    1.00516412543098    0.000262138379808208    0.000260791619175438
19.8000000000012    1.00519033926921    0.000262138376064333    0.000260784814401333
19.9000000000013    1.00521655310693    0.00026213838468142    0.000260778022279081
20.0000000000015    1.00524276694499    0.000262138377100954    0.000260771214397904
20.1000000000016    1.00526898078317    0.000262138383679806    0.000260764420956851
20.2000000000017    1.00529519462125    0.000262138378037617    0.000260757615713441
20.3000000000018    1.00532140845922    0.000262138386954513    0.000260750825306976
20.4000000000019    1.00534762229766    0.000262138374776651    0.000260744014271949
20.5000000000021    1.0053738361358    0.000262138387810649    0.000260737228669278
20.6000000000022    1.0054000499738    0.000262138380333577    0.000260730423019581
20.7000000000023    1.00542626381222    0.000262138380142191    0.000260723624971021
20.8000000000024    1.00545247765064    0.000262138386510496    0.000260716833801051
20.9000000000026    1.00547869148858    0.00026213838410553    0.000260710034259842
21.0000000000027    1.00550490532721    0.000262138378948813    0.000260703232336304
21.1000000000028    1.00553111916555    0.000262138389699498    0.000260696446587388
21.2000000000029    1.00555733300416    0.000262138380401576    0.000260689641254389
21.300000000003    1.00558354684236    0.000262138387832346    0.000260682852912112
21.4000000000032    1.00560976068092    0.000262138381022359    0.000260676050762334
21.5000000000033    1.0056359745196    0.000262138392894312    0.000260669267544389
21.6000000000034    1.00566218835799    0.000262138378452605    0.000260662458514639
21.7000000000035    1.00568840219672    0.000262138389962209    0.000260655675644287
21.8000000000037    1.00571461603535    0.000262138384361556    0.000260648876114517
21.9000000000038    1.00574082987407    0.000262138390194582    0.000260642088307587
22.0000000000039    1.00576704371269    0.00026213838524582    0.000260635290134546
22.100000000004    1.00579325755144    0.000262138387375244    0.000260628499353246
22.2000000000041    1.00581947138998    0.000262138385478781    0.000260621704923372
22.3000000000043    1.00584568522903    0.000262138391125725    0.000260614918347078
22.4000000000044    1.00587189906775    0.000262138385664571    0.000260608121081346
22.5000000000045    1.00589811290655    0.000262138389786309    0.000260601333696568
22.6000000000046    1.00592432674555    0.000262138391221239    0.000260594543994509
22.7000000000048    1.00595054058433    0.000262138387676777    0.00026058774969643
22.8000000000049    1.00597675442352    0.000262138390976742    0.0002605809625561
22.900000000005    1.00600296826232    0.000262138384475097    0.000260574166026459
23.0000000000051    1.00602918210129    0.000262138396170737    0.000260567387939195
23.1000000000052    1.00605539594044    0.000262138388496114    0.000260560590951429
23.2000000000054    1.00608160977954    0.000262138394688835    0.000260553808101389
23.3000000000055    1.00610782361861    0.000262138384927059    0.000260547009747168
23.4000000000056    1.00613403745785    0.000262138396699876    0.000260540233150455
23.5000000000057    1.00616025129676    0.000262138388073673    0.000260533436632807
23.6000000000059    1.00618646513634    0.000262138393617911    0.000260526654552434
23.700000000006    1.00621267897522    0.000262138395802376    0.000260519869486589
23.8000000000061    1.00623889281492    0.000262138389518416    0.000260513076358132
23.9000000000062    1.00626510665371    0.000262138394659436    0.000260506294937688
24.0000000000063    1.0062913204935    0.000262138391515075    0.000260499505636717
24.1000000000065    1.00631753433262    0.00026213839549179    0.000260492723766001
24.2000000000066    1.00634374817234    0.000262138394866902    0.00026048593767585
24.3000000000067    1.0063699620113    0.000262138395446953    0.000260479153136736
24.4000000000068    1.00639617585119    0.000262138392122174    0.000260472365070806
24.500000000007    1.00642238969043    0.000262138395797225    0.000260465584313816
24.6000000000071    1.00644860353021    0.000262138396972585    0.000260458801426235
24.7000000000072    1.00647481736945    0.000262138394771304    0.000260452015537195
24.8000000000073    1.00650103120951    0.00026213839598392    0.000260445233393264
24.9000000000074    1.00652724504891    0.000262138401552085    0.00026043845593007
25.0000000000076    1.00655345888854    0.000262138390319462    0.00026043166212843
25.1000000000077    1.0065796727283    0.000262138399431709    0.000260424888892492
25.2000000000078    1.00660588656798    0.000262138397205446    0.00026041810474525
25.3000000000079    1.0066321004079    0.000262138396852875    0.000260411322812629
25.4000000000081    1.00665831424755    0.0002621384039472    0.000260404548630923
25.5000000000082    1.00668452808732    0.000262138391174162    0.000260397755066546
25.6000000000083    1.00671074192742    0.000262138402522532    0.000260390985816491
25.7000000000084    1.00673695576718    0.000262138398451619    0.000260384201602948
25.8000000000085    1.00676316960709    0.000262138398843557    0.000260377422175528
25.9000000000087    1.00678938344714    0.000262138399170805    0.00026037064303685
26.0000000000088    1.00681559728706    0.000262138404476113    0.000260363869195574
26.1000000000089    1.00684181112706    0.000262138396986877    0.000260357082999404
26.200000000009    1.00686802496737    0.000262138402060922    0.000260350309634092
26.3000000000092    1.00689423880723    0.000262138397767309    0.000260343527318063
26.4000000000093    1.00692045264759    0.000262138405702753    0.000260336757500047
26.5000000000094    1.0069466664874    0.000262138400499628    0.000260329974986722
26.6000000000095    1.00697288032764    0.000262138401971181    0.000260323199454875
26.7000000000096    1.00699909416822    0.000262138399186914    0.000260316420049455
26.8000000000098    1.00702530800811    0.00026213841005456    0.000260309654553835
26.9000000000099    1.0070515218487    0.000262138396059771    0.000260302864721905
27.00000000001    1.00707773568901    0.000262138407496428    0.000260296100496236
27.1000000000101    1.00710394952924    0.000262138406526228    0.000260289324303377
27.2000000000103    1.00713016336961    0.000262138397574363    0.000260282540538069
27.3000000000104    1.0071563772101    0.000262138404950907    0.000260275773338248
27.4000000000105    1.00718259105057    0.000262138412247591    0.000260269006411398
27.5000000000106    1.00720880489115    0.00026213839549026    0.000260262215954904
27.6000000000107    1.0072350187315    0.000262138411909304    0.000260255458789984
27.7000000000109    1.00726123257197    0.000262138402066751    0.000260248675904462
27.800000000011    1.00728744641287    0.000262138408781136    0.00026024190980902
27.9000000000111    1.00731366025313    0.000262138403241767    0.000260235131901114
28.0000000000112    1.00733987409408    0.000262138410585594    0.000260228367135115
28.1000000000114    1.00736608793468    0.000262138401254357    0.00026022158616814
28.2000000000115    1.00739230177538    0.000262138412337337    0.000260214825818459
28.3000000000116    1.00741851561569    0.000262138407189689    0.00026020804970959
28.4000000000117    1.00744472945719    0.000262138404463819    0.000260201276356927
28.5000000000118    1.00747094329784    0.00026213841253022    0.000260194514069201
28.600000000012    1.00749715713845    0.000262138408872727    0.000260187740496725
28.7000000000121    1.00752337097929    0.000262138404173892    0.000260180966243094
28.8000000000122    1.00754958482057    0.000262138411304081    0.000260174204082237
28.9000000000123    1.00757579866118    0.000262138412415649    0.000260167436300046
29.0000000000125    1.0076020125022    0.000262138408232815    0.000260160663615429
29.1000000000126    1.00762822634331    0.000262138410548045    0.000260153897732049
29.2000000000127    1.00765444018434    0.000262138406867062    0.000260147126250053
29.3000000000128    1.00768065402546    0.000262138414399878    0.000260140366248666
29.4000000000129    1.00770686786628    0.000262138411586407    0.000260133596331897
29.5000000000131    1.00773308170768    0.000262138411387154    0.000260126829361342
29.6000000000132    1.00775929554877    0.00026213841103487    0.000260120062591062
29.7000000000133    1.00778550939004    0.000262138410989147    0.000260113296476952
29.8000000000134    1.00781172323129    0.000262138413269788    0.00026010653302316
29.9000000000136    1.0078379370725    0.000262138414795012    0.000260099769171673
30.0000000000137    1.00786415091379    0.000262138417408271    0.000260093006751555
30.1000000000138    1.00789036475521    0.000262138401352757    0.000260086226160543
30.2000000000139    1.00791657859682    0.000262138423509518    0.000260079483834322
30.300000000014    1.00794279243757    0.000262138415426164    0.000260072711857205
30.4000000000142    1.00796900627972    0.000262138404273391    0.000260065937186808
30.5000000000143    1.00799522012081    0.000262138427779965    0.000260059197253484
30.6000000000144    1.00802143396221    0.000262138405048536    0.000260052411800565
30.7000000000145    1.00804764780413    0.000262138420405159    0.000260045664484398
30.8000000000147    1.00807386164534    0.000262138414216983    0.000260038896147084
30.9000000000148    1.00810007548732    0.000262138420588963    0.000260032140620804
31.0000000000149    1.00812628932869    0.000262138409605506    0.000260025368230465
31.100000000015    1.00815250317048    0.000262138421842893    0.000260018619225276
31.2000000000151    1.0081787170119    0.000262138417484083    0.000260011854109582
31.3000000000153    1.0082049308539    0.000262138407472116    0.00026000508373838
31.4000000000154    1.00823114469579    0.000262138430073443    0.000259998346066305
31.5000000000155    1.00825735853689    0.00026213841617716    0.000259991572546078
31.6000000000156    1.00828357237937    0.000262138408275068    0.000259984805322641
31.7000000000158    1.00830978622102    0.000262138431220838    0.000259978069044921
31.8000000000159    1.00833600006294    0.000262138412343894    0.000259971291640418
31.900000000016    1.00836221390518    0.000262138423482798    0.000259964544355139
32.0000000000161    1.00838842774669    0.000262138417569801    0.000259957780510797
32.1000000000159    1.00841464158897    0.000262138421105496    0.000259951026387758
32.2000000000157    1.00844085543062    0.000262138416753504    0.000259944264794355
32.3000000000154    1.00846706927309    0.00026213842231483    0.000259937513382346
32.4000000000152    1.00849328311479    0.000262138424039219    0.000259930758516893
32.500000000015    1.00851949695727    0.000262138419127473    0.000259923997422312
32.6000000000147    1.00854571079926    0.000262138421145495    0.000259917243550374
32.7000000000145    1.00857192464152    0.00026213842499577    0.000259910491846126
32.8000000000143    1.00859813848356    0.000262138417174662    0.000259903728921006
32.900000000014    1.00862435232602    0.000262138426399311    0.000259896983247316
33.0000000000138    1.0086505661681    0.000262138422927386    0.000259890225336668
33.1000000000136    1.00867678001047    0.000262138420781551    0.000259883469091882
33.2000000000133    1.00870299385306    0.000262138425123802    0.000259876719630307
33.3000000000131    1.00872920769516    0.000262138427292344    0.000259869968364755
33.4000000000129    1.00875542153757    0.000262138419322491    0.000259863207399602
33.5000000000126    1.00878163538018    0.000262138425853637    0.000259856461160542
33.6000000000124    1.00880784922245    0.000262138424293549    0.00025984970725158
33.7000000000122    1.00883406306519    0.000262138425657366    0.000259842956591789
33.8000000000119    1.00886027690762    0.000262138431548052    0.000259836210770004
33.9000000000117    1.00888649075011    0.000262138418350916    0.000259829446379063
34.0000000000115    1.00891270459314    0.00026213842779    0.000259822704775743
34.1000000000112    1.00893891843534    0.000262138433027374    0.000259815959358469
34.200000000011    1.00896513227829    0.000262138416447979    0.000259809192668591
34.3000000000108    1.00899134612103    0.000262138438215085    0.00025980246433515
34.4000000000105    1.00901755996352    0.000262138420574624    0.000259795697295991
34.5000000000103    1.00904377380655    0.000262138429368867    0.000259788956806074
34.6000000000101    1.00906998764922    0.00026213842894977    0.000259782207535932
34.7000000000098    1.00909620149186    0.000262138427461439    0.000259775457556861
34.8000000000096    1.00912241533515    0.000262138426206992    0.00025976870816008
34.9000000000094    1.0091486291776    0.000262138437148281    0.000259761971199336
35.0000000000091    1.00917484302083    0.000262138421374328    0.00025975520811602
35.1000000000089    1.00920105686383    0.000262138434047121    0.000259748473571497
35.2000000000087    1.00922727070675    0.000262138429842403    0.000259741722653639
35.3000000000084    1.00925348454971    0.000262138432404556    0.000259734978791292
35.4000000000082    1.00927969839284    0.000262138423056478    0.00025972822347849
35.500000000008    1.00930591223599    0.000262138439565954    0.000259721494135726
35.6000000000077    1.0093321260791    0.000262138430122403    0.000259714739429448
35.7000000000075    1.00935833992226    0.000262138429408815    0.000259707993723026
35.8000000000073    1.00938455376549    0.000262138429781835    0.000259701249443467
35.900000000007    1.00941076760856    0.000262138440949417    0.000259694516208164
36.0000000000068    1.0094369814518    0.000262138423184945    0.000259687754660951
36.1000000000066    1.00946319529552    0.000262138436744595    0.000259681024495257
36.2000000000063    1.00948940913845    0.000262138439089675    0.000259674283570144
36.3000000000061    1.00951562298189    0.000262138424606712    0.000259667526325557
36.4000000000059    1.00954183682543    0.000262138438599447    0.000259660797638421
36.5000000000056    1.00956805066875    0.000262138439739222    0.000259654056569617
36.6000000000054    1.00959426451211    0.000262138425902859    0.000259647301017046
36.7000000000052    1.00962047835602    0.000262138435291393    0.000259640568818729
36.8000000000049    1.00964669219919    0.000262138444946071    0.000259633837233783
36.9000000000047    1.0096729060426    0.000262138426224342    0.000259627077893762
37.0000000000045    1.00969911988654    0.000262138438416442    0.000259620349521448
37.1000000000042    1.00972533372987    0.000262138437925778    0.000259613608938041
37.200000000004    1.00975154757355    0.00026213843742593    0.000259606868695426
37.3000000000038    1.0097777614175    0.000262138429284341    0.000259600121234952
37.4000000000035    1.00980397526114    0.000262138446958889    0.000259593399690369
37.5000000000033    1.00983018910447    0.000262138438335132    0.000259586652452529
37.6000000000031    1.00985640294872    0.000262138428231207    0.000259579904099017
37.7000000000028    1.00988261679252    0.00026213844731236    0.000259573184995438
37.8000000000026    1.00990883063624    0.000262138433054407    0.000259566433228691
37.9000000000024    1.00993504448008    0.00026213844126916    0.000259559704064049
38.0000000000021    1.00996125832397    0.000262138439861673    0.000259552965721368
38.1000000000019    1.00998747216793    0.000262138438373665    0.000259546227648732
38.2000000000017    1.01001368601204    0.000262138440836497    0.000259539493837484
38.3000000000014    1.0100398998559    0.000262138440817016    0.000259532757918192
38.4000000000012    1.01006611370018    0.000262138437329073    0.000259526018914525
38.500000000001    1.01009232754409    0.000262138444538536    0.000259519290851256
38.6000000000007    1.0101185413881    0.000262138442058287    0.000259512553544516
38.7000000000005    1.01014475523241    0.000262138441228116    0.00025950581822088
38.8000000000003    1.01017096907654    0.000262138434045773    0.000259499076958635
38.9    1.010197182921    0.000262138453424598    0.000259492362339223
38.9999999999998    1.01022339676468    0.000262138440981995    0.000259485616569082
39.0999999999996    1.01024961060948    0.00026213843525907    0.000259478877800233
39.1999999999993    1.01027582445363    0.000262138448306786    0.000259472157960975
39.2999999999991    1.01030203829798    0.00026213844714747    0.000259465424408214
39.3999999999989    1.01032825214222    0.000262138439983154    0.000259458685261287
39.4999999999986    1.01035446598683    0.000262138442711036    0.000259451956254778
39.5999999999984    1.01038067983129    0.000262138442973897    0.000259445225157778
39.6999999999982    1.0104068936754    0.000262138452816095    0.000259438503890799
39.7999999999979    1.01043310751993    0.000262138437367289    0.00025943175794259
39.8999999999977    1.01045932136487    0.000262138449906002    0.000259425040042108
39.9999999999975    1.01048553520926    0.000262138440982075    0.000259418301250387
40.0999999999972    1.01051174905403    0.000262138455198899    0.000259411585708226
40.199999999997    1.01053796289812    0.000262138440173637    0.000259404841577502
40.2999999999968    1.01056417674356    0.000262138445467938    0.000259398117903458
40.3999999999965    1.01059039058754    0.000262138452045532    0.000259391395848451
40.4999999999963    1.01061660443259    0.000262138439348624    0.000259384655069864
40.5999999999961    1.01064281827733    0.000262138456720914    0.000259377944393585
40.6999999999958    1.01066903212196    0.000262138442296228    0.000259371202604133
40.7999999999956    1.01069524596702    0.000262138451356366    0.000259364484400591
40.8999999999954    1.01072145981173    0.000262138448454795    0.000259357754710803
40.9999999999951    1.0107476736567    0.000262138445051433    0.00025935102487356
41.0999999999949    1.01077388750167    0.000262138458787226    0.000259344312341858
41.1999999999947    1.01080010134633    0.000262138437594792    0.000259337565603364
41.2999999999944    1.01082631519193    0.000262138459311995    0.000259330861664619
41.3999999999942    1.01085252903623    0.000262138449031784    0.000259324126420015
41.499999999994    1.01087874288185    0.000262138445432953    0.000259317398133864
41.5999999999937    1.01090495672643    0.000262138456661771    0.000259310684864622
41.6999999999935    1.01093117057187    0.00026213844606469    0.000259303950353418
41.7999999999933    1.01095738441705    0.000262138453775614    0.000259297234301098
41.899999999993    1.01098359826207    0.000262138458242066    0.000259290515387881
41.9999999999928    1.01100981210738    0.000262138445453986    0.000259283779756376
42.0999999999926    1.01103602595268    0.000262138454009479    0.00025927706558475
42.1999999999924    1.01106223979794    0.000262138450789508    0.000259270340114665
42.2999999999921    1.01108845364329    0.000262138459021325    0.00025926362631949
42.3999999999919    1.01111466748849    0.000262138451784845    0.000259256897574209
42.4999999999917    1.01114088133396    0.000262138452131492    0.00025925017667732
42.5999999999914    1.01116709517951    0.000262138452929448    0.000259243456575208
42.6999999999912    1.01119330902478    0.000262138457885448    0.000259236740933601
42.799999999991    1.01121952287032    0.000262138454149872    0.000259230017044962
42.8999999999907    1.01124573671582    0.000262138458125079    0.000259223301129965
42.9999999999905    1.01127195056135    0.000262138445991573    0.000259216569633977
43.0999999999903    1.01129816440702    0.000262138466803245    0.000259209871064041
43.19999999999    1.01132437825249    0.000262138451942571    0.000259203137568512
43.2999999999898    1.0113505920983    0.000262138455311789    0.000259196422447251
43.3999999999896    1.01137680594389    0.000262138458874019    0.000259189707864985
43.4999999999893    1.01140301978949    0.000262138457426377    0.00025918298867739
43.5999999999891    1.01142923363542    0.000262138453908532    0.00025917626779119
43.6999999999889    1.01145544748103    0.00026213846494773    0.000259169561645618
43.7999999999886    1.01148166132702    0.000262138448066617    0.000259162828244165
43.8999999999884    1.01150787517263    0.000262138469650871    0.000259156133219558
43.9999999999882    1.01153408901857    0.000262138449080391    0.000259149396867808
44.0999999999879    1.0115603028645    0.000262138466674463    0.000259142698593598
44.1999999999877    1.01158651671065    0.000262138457534902    0.000259135974239051
44.2999999999875    1.01161273055621    0.000262138456086683    0.000259129257836201
44.3999999999872    1.01163894440286    0.000262138463721434    0.000259122550759616
44.499999999987    1.01166515824815    0.000262138464187762    0.000259115836945196
44.5999999999868    1.01169137209462    0.00026213845141948    0.000259109110396725
44.6999999999865    1.01171758594042    0.000262138467113516    0.000259102412329673
44.7999999999863    1.0117437997869    0.000262138458395168    0.000259095690480515
44.8999999999861    1.0117700136327    0.000262138463896999    0.0002590889830346
44.9999999999858    1.01179622747935    0.0002621384635869    0.00025908227019185
45.0999999999856    1.01182244132498    0.000262138460644835    0.000259075555095978
45.1999999999854    1.01184865517183    0.000262138459602371    0.000259068842225081
45.2999999999851    1.01187486901763    0.000262138469083899    0.000259062140102753
45.3999999999849    1.01190108286448    0.000262138460869363    0.000259055420839459
45.4999999999847    1.01192729671022    0.000262138460100339    0.000259048709282329
45.5999999999844    1.01195351055729    0.000262138468319272    0.000259042006954362
45.6999999999842    1.011979724403    0.000262138468136703    0.000259035296671923
45.799999999984    1.01200593824999    0.00026213845433144    0.000259028573275708
45.8999999999837    1.01203215209631    0.00026213847366703    0.000259021882974804
45.9999999999835    1.01205836594288    0.00026213846266591    0.000259015163045157
46.0999999999833    1.01208457978934    0.000262138464366921    0.000259008456014106
46.199999999983    1.01211079363612    0.000262138466898898    0.00025900175015142
46.2999999999828    1.01213700748225    0.000262138469515043    0.000258995044719416
46.3999999999826    1.01216322132931    0.000262138460103398    0.000258988327751251
46.4999999999823    1.01218943517606    0.000262138469428595    0.00025898162964228
46.5999999999821    1.01221564902243    0.000262138471797866    0.000258974925008354
46.6999999999819    1.01224186286934    0.000262138460733476    0.000258968207450351
46.7999999999816    1.01226807671618    0.000262138471677767    0.000258961511982231
46.8999999999814    1.01229429056296    0.000262138472363867    0.000258954806727287
46.9999999999812    1.01232050440981    0.000262138461253029    0.000258948090166224
47.0999999999809    1.01234671825689    0.000262138470218709    0.000258941393784604
47.1999999999807    1.01237293210342    0.000262138476636908    0.000258934695233564
47.2999999999805    1.01239914595047    0.000262138459841259    0.000258927974099737
47.3999999999802    1.0124253597978    0.000262138474752616    0.000258921284631758
47.49999999998    1.01245157364435    0.000262138471128189    0.000258914577202555
47.5999999999798    1.0124777874916    0.000262138470036221    0.000258907872621744
47.6999999999795    1.0125040013386    0.00026213846687135    0.000258901166340859
47.7999999999793    1.01253021518591    0.000262138475965537    0.000258894472514489
47.8999999999791    1.01255642903272    0.00026213847105057    0.000258887765199406
47.9999999999788    1.0125826428803    0.000262138468667697    0.000258881060732033
48.0999999999786    1.01260885672697    0.000262138475142011    0.000258874365358914
48.1999999999784    1.01263507057467    0.000262138473393766    0.000258867662212215
48.2999999999781    1.01266128442158    0.00026213846897618    0.000258860956776788
48.3999999999779    1.01268749826948    0.000262138473150085    0.000258854260172104
48.4999999999777    1.01271371211613    0.000262138482901097    0.000258847569421512
48.5999999999774    1.01273992596382    0.000262138461968561    0.000258840848719464
48.6999999999772    1.01276613981126    0.00026213847813412    0.000258834164995852
48.799999999977    1.01279235365854    0.000262138477398601    0.000258827464930665
48.8999999999767    1.012818567506    0.000262138473171854    0.000258820761765213
48.9999999999765    1.01284478135374    0.000262138468823157    0.00025881405882626
49.0999999999763    1.01287099520103    0.000262138487274351    0.000258807378744538
49.199999999976    1.01289720904842    0.000262138468675489    0.000258800662430255
49.2999999999758    1.01292342289658    0.00026213847352786    0.000258793969615434
49.3999999999756    1.01294963674368    0.00026213848455044    0.000258787283238617
49.4999999999753    1.01297585059164    0.000262138470163729    0.00025878057212383
49.5999999999751    1.01300206443916    0.000262138477186983    0.000258773882491654
49.6999999999749    1.01302827828706    0.00026213848151246    0.00025876719054251
49.7999999999746    1.01305449213448    0.000262138474012019    0.000258760487266288
49.8999999999744    1.01308070598232    0.0002621384801295    0.000258753797778945
49.9999999999742    1.01310691983048    0.000262138473356752    0.000258747095914236
50.0999999999739    1.01313313367814    0.000262138485216195    0.000258740412787125
50.1999999999737    1.01315934752583    0.000262138476571914    0.000258733709768423
50.2999999999735    1.01318556137402    0.000262138479246681    0.000258727018268189
50.3999999999732    1.01321177522164    0.00026213847733883    0.000258720322591482
50.499999999973    1.01323798907014    0.000262138482055914    0.000258713633799381
50.5999999999728    1.01326420291748    0.000262138482114325    0.000258706940755978
50.6999999999725    1.01329041676613    0.000262138477276816    0.000258700243226832
50.7999999999723    1.01331663061386    0.000262138482627992    0.000258693556099233
50.8999999999721    1.0133428444623    0.000262138479507487    0.000258686860957293
50.9999999999718    1.01336905831019    0.000262138493049179    0.000258680182604253
51.0999999999716    1.01339527215822    0.000262138463362651    0.000258673461939857
51.1999999999714    1.01342148600724    0.000262138492202829    0.000258666799374487
51.2999999999711    1.01344769985456    0.00026213848808835    0.000258660104636843
51.3999999999709    1.01347391370337    0.000262138474355305    0.000258653400754457
51.4999999999707    1.01350012755152    0.000262138486763201    0.00025864672301176
51.5999999999704    1.01352634139983    0.000262138479573436    0.000258640026278334
51.6999999999702    1.01355255524829    0.00026213849012621    0.000258633347396567
51.79999999997    1.01357876909639    0.000262138479129344    0.000258626647599419
51.8999999999697    1.01360498294533    0.000262138487169714    0.000258619966930305
51.9999999999695    1.01363119679338    0.000262138482791673    0.000258613274355552
52.0999999999693    1.01365741064213    0.000262138486253938    0.000258606589861439
52.199999999969    1.01368362449032    0.000262138488395264    0.000258599904410083
52.2999999999688    1.01370983833923    0.000262138478818568    0.000258593207744765
52.3999999999686    1.01373605218781    0.000262138490991149    0.000258586532880438
52.4999999999683    1.01376226603624    0.000262138488147582    0.000258579843549049
52.5999999999681    1.01378847988511    0.0002621384846992    0.000258573153966898
52.6999999999679    1.01381469373372    0.000262138486272143    0.000258566469683655
52.7999999999676    1.01384090758248    0.00026213848609597    0.000258559784020791
52.8999999999674    1.01386712143118    0.000262138491017818    0.000258553103731958
52.9999999999672    1.01389333527986    0.000262138489611707    0.000258546417547315
53.0999999999669    1.01391954912884    0.00026213848271764    0.000258539726295709
53.1999999999667    1.01394576297791    0.000262138488874381    0.000258533048261372
53.2999999999665    1.01397197682637    0.000262138497550937    0.000258526373057572
53.3999999999662    1.01399819067567    0.000262138481630759    0.000258519673941515
53.499999999966    1.01402440452442    0.000262138496999939    0.000258513006028571
53.5999999999658    1.01405061837339    0.000262138475959578    0.000258506302555258
53.6999999999655    1.01407683222263    0.000262138501800859    0.000258499645659304
53.7999999999653    1.01410304607119    0.000262138490670753    0.000258492952650445
53.8999999999651    1.01412925992066    0.000262138485780362    0.000258486266140148
53.9999999999648    1.01415547376983    0.000262138497316428    0.000258479596172769
54.0999999999646    1.01418168761877    0.000262138485066971    0.000258472903097329
54.1999999999644    1.01420790146833    0.000262138495406868    0.000258466232640619
54.2999999999642    1.01423411531696    0.000262138495816883    0.000258459552738434
54.3999999999639    1.01426032916649    0.000262138487118537    0.000258452864201007
54.4999999999637    1.01428654301604    0.00026213849327836    0.00025844619065819
54.5999999999635    1.01431275686496    0.000262138496412697    0.00025843951447768
54.6999999999632    1.01433897071457    0.000262138491843555    0.000258432831047482
54.799999999963    1.0143651845637    0.00026213849775691    0.000258426158296886
54.8999999999628    1.01439139841332    0.000262138486908241    0.000258419469366826
54.9999999999625    1.01441761226259    0.000262138497102498    0.0002584128015264
55.0999999999623    1.01444382611219    0.000262138497236159    0.000258406124113143
55.1999999999621    1.01447003996172    0.000262138495459437    0.000258399445161859
55.2999999999618    1.01449625381134    0.000262138498948112    0.000258392771745868
55.3999999999616    1.01452246766055    0.000262138486784245    0.000258386083246364
55.4999999999614    1.01454868151071    0.000262138500398559    0.000258379420500771
55.5999999999611    1.01457489535989    0.000262138498547415    0.000258372742856434
55.6999999999609    1.01460110920978    0.00026213849500333    0.000258366063888396
55.7999999999607    1.01462732305942    0.000262138498393653    0.00025835939209997
55.8999999999604    1.01465353690894    0.000262138499353101    0.000258352718260544
55.9999999999602    1.01467975075899    0.000262138486834543    0.000258346031482802
56.09999999996    1.01470596460886    0.000262138512885244    0.000258339383060874
56.1999999999597    1.0147321784583    0.000262138490553078    0.000258332687302132
56.2999999999595    1.01475839230879    0.000262138499836655    0.000258326023044987
56.3999999999593    1.01478460615816    0.000262138504325244    0.000258319354407302
56.499999999959    1.0148108200081    0.000262138492351659    0.000258312669892074
56.5999999999588    1.01483703385853    0.000262138498551078    0.000258306003629368
56.6999999999586    1.01486324770803    0.000262138509593246    0.000258299342483098
56.7999999999583    1.01488946155818    0.000262138491017054    0.000258292652496941
56.8999999999581    1.01491567540857    0.000262138505347278    0.000258285995279116
56.9999999999579    1.01494188925811    0.000262138504948918    0.00025827932389364
57.0999999999576    1.01496810310863    0.00026213849022269    0.000258272638735951
57.1999999999574    1.0149943169587    0.000262138512648514    0.0002582659905269
57.2999999999572    1.01502053080877    0.000262138492729663    0.000258259300943196
57.3999999999569    1.01504674465905    0.000262138508374448    0.000258252646741407
57.4999999999567    1.01507295850939    0.000262138507483914    0.000258245976593503
57.5999999999565    1.01509917235944    0.000262138492130801    0.000258239292542719
57.6999999999562    1.01512538621032    0.000262138506886517    0.000258232638497136
57.799999999956    1.01515160005997    0.000262138510276079    0.00025822597359901
57.8999999999558    1.01517781391084    0.000262138495248954    0.000258219290903434
57.9999999999555    1.01520402776103    0.00026213850709823    0.000258212635027031
58.0999999999553    1.01523024161158    0.000262138510172348    0.000258205970850738
58.1999999999551    1.01525645546179    0.000262138497003355    0.000258199291019647
58.2999999999548    1.01528266931277    0.000262138506665097    0.000258192634020371
58.3999999999546    1.01530888316299    0.000262138507345019    0.000258185968518643
58.4999999999544    1.01533509701344    0.000262138511643589    0.000258179306925031
58.5999999999541    1.01536131086435    0.000262138493100605    0.000258172623179283
58.6999999999539    1.01538752471505    0.000262138518300539    0.000258165982858717
58.7999999999537    1.01541373856532    0.000262138503493986    0.000258159303481911
58.8999999999534    1.01543995241639    0.000262138502787568    0.000258152638335504
58.9999999999532    1.01546616626707    0.000262138511795696    0.000258145983099898
59.099999999953    1.01549238011753    0.000262138513170456    0.00025813932069103
59.1999999999527    1.01551859396891    0.000262138492973137    0.000258132637383459
59.2999999999525    1.01554480781927    0.00026213852462211    0.000258126005473862
59.3999999999523    1.01557102167018    0.000262138501617184    0.000258119320090561
59.499999999952    1.01559723552131    0.000262138506160335    0.000258112662177323
59.5999999999518    1.01562344937224    0.000262138514793612    0.000258106008635032
59.6999999999516    1.01564966322281    0.000262138512153087    0.000258099344336199
59.7999999999513    1.01567587707437    0.000262138498539418    0.000258092669577329
59.8999999999511    1.01570209092521    0.000262138525338297    0.00025808603495097
59.9999999999509    1.01572830477598    0.000262138503434117    0.000258079352718177
60.0999999999506    1.01575451862748    0.000262138507369361    0.000258072696268752
60.1999999999504    1.01578073247855    0.00026213851741871    0.000258066046182113
60.2999999999502    1.0158069463294    0.000262138511847167    0.000258059381060939
60.3999999999499    1.01583316018097    0.000262138508885086    0.000258052718852363
60.4999999999497    1.01585937403184    0.000262138511991606    0.000258046062961653
60.5999999999495    1.01588558788355    0.000262138516988674    0.000258039409275213
60.6999999999492    1.01591180173423    0.000262138511738448    0.000258032745845613
60.799999999949    1.01593801558627    0.000262138507004729    0.00025802608326794
60.8999999999488    1.01596422943719    0.000262138524142084    0.000258019442561772
60.9999999999485    1.01599044328867    0.000262138512552501    0.000258012773923328
61.0999999999483    1.01601665714006    0.00026213850350997    0.000258006108135915
61.1999999999481    1.01604287099174    0.000262138525120286    0.000257999472861237
61.2999999999478    1.01606908484275    0.00026213851489705    0.000257992806598992
61.3999999999476    1.01609529869456    0.000262138507042584    0.000257986143011752
61.4999999999474    1.01612151254633    0.000262138519983237    0.000257979500233527
61.5999999999471    1.01614772639748    0.000262138526613983    0.000257972851588554
61.6999999999469    1.01617394024898    0.000262138497629889    0.000257966168238541
61.7999999999467    1.01620015410152    0.000262138522873766    0.000257959538596545
61.8999999999464    1.01622636795205    0.00026213852914917    0.000257952890631488
61.9999999999462    1.01625258180452    0.000262138502394412    0.000257946210506981
62.099999999946    1.01627879565614    0.00026213852121865    0.000257939575576214
62.1999999999457    1.0163050095077    0.000262138522527906    0.000257932923753752
62.2999999999455    1.01633122335933    0.000262138513997853    0.000257926262593206
62.3999999999453    1.01635743721183    0.000262138515951023    0.000257919612090553
62.499999999945    1.01638365106321    0.000262138531112556    0.000257912974926684
62.5999999999448    1.01640986491523    0.000262138504993854    0.000257906297491235
62.6999999999446    1.01643607876724    0.00026213852377965    0.000257899664578592
62.7999999999443    1.01646229261921    0.000262138525892423    0.000257893015605081
62.8999999999441    1.01648850647086    0.000262138517567438    0.000257886356706142
62.9999999999439    1.01651472032346    0.00026213851014268    0.000257879699036004
63.0999999999436    1.01654093417509    0.000262138535667761    0.000257873074123162
63.1999999999434    1.01656714802752    0.000262138515178321    0.000257866404287173
63.2999999999432    1.01659336187948    0.000262138519957638    0.000257859759651584
63.3999999999429    1.01661957573181    0.000262138526700857    0.000257853117290368
63.4999999999427    1.01664578958383    0.000262138518495612    0.000257846460568062
63.5999999999425    1.01667200343616    0.000262138518021923    0.000257839811793719
63.6999999999422    1.01669821728841    0.000262138532518257    0.000257833178086408
63.799999999942    1.01672443114041    0.000262138516901716    0.000257826515103693
63.8999999999418    1.01675064499326    0.000262138524400572    0.000257819875198909
63.9999999999415    1.01677685884539    0.00026213852191286    0.000257813225814888
64.099999999942    1.01680307269767    0.000262138533812978    0.000257806590923748
64.1999999999425    1.01682928655006    0.00026213850812432    0.00025779991940802
64.299999999943    1.01685550040295    0.00026213853642324    0.000257793301328815
64.3999999999434    1.01688171425478    0.000262138524878868    0.000257786644409253
64.4999999999439    1.01690792810793    0.00026213852266122    0.00025777999700421
64.5999999999444    1.01693414196005    0.000262138519178473    0.000257773348698101
64.6999999999449    1.01696035581305    0.000262138539618615    0.000257766724258428
64.7999999999454    1.01698656966503    0.00026213852029105    0.000257760061057043
64.8999999999458    1.01701278351857    0.000262138522851507    0.000257753419720628
64.9999999999463    1.01703899737051    0.000262138529843005    0.000257746783083782
65.0999999999468    1.01706521122353    0.000262138524813383    0.000257740134969349
65.1999999999473    1.0170914250759    0.000262138535148724    0.000257733502304536
65.2999999999477    1.01711763892917    0.000262138517509433    0.000257726842477547
65.3999999999482    1.01714385278166    0.000262138536373759    0.000257720218882383
65.4999999999487    1.01717006663487    0.000262138524562128    0.000257713565470292
65.5999999999492    1.01719628048738    0.000262138532198394    0.000257706931520426
65.6999999999497    1.01722249434044    0.000262138527661547    0.000257700285945323
65.7999999999501    1.01724870819345    0.000262138526486352    0.000257693644017389
65.8999999999506    1.01727492204656    0.000262138536248087    0.00025768701318294
65.9999999999511    1.01730113589925    0.000262138528779011    0.000257680365752557
66.0999999999516    1.01732734975224    0.000262138527506053    0.000257673724755255
66.199999999952    1.01735356360571    0.00026213852418763    0.000257667082089492
66.2999999999525    1.01737977745849    0.000262138546081503    0.000257660464547811
66.399999999953    1.01740599131162    0.000262138524411701    0.00025765380452867
66.4999999999535    1.01743220516483    0.000262138533327935    0.000257647174914683
66.599999999954    1.01745841901849    0.000262138522041272    0.000257640525785957
66.6999999999544    1.017484632871    0.000262138552142716    0.000257633917677015
66.7999999999549    1.01751084672465    0.000262138516045772    0.000257627244849125
66.8999999999554    1.01753706057791    0.000262138539285264    0.00025762063067893
66.9999999999559    1.01756327443132    0.000262138532103376    0.00025761398695317
67.0999999999563    1.01758948828446    0.000262138539317788    0.000257607357717231
67.1999999999568    1.01761570213792    0.000262138525009544    0.000257600707672664
67.2999999999573    1.01764191599139    0.000262138538374343    0.000257594085164001
67.3999999999578    1.01766812984461    0.000262138533754006    0.000257587445323685
67.4999999999582    1.01769434369855    0.000262138538033308    0.000257580814570151
67.5999999999587    1.01772055755164    0.000262138534460535    0.000257574176443059
67.6999999999592    1.01774677140555    0.000262138533214034    0.000257567540943421
67.7999999999597    1.017772985259    0.000262138541117579    0.00025756091477597
67.8999999999602    1.01779919911249    0.000262138532049732    0.000257554272275234
67.9999999999606    1.0178254129667    0.000262138535877687    0.000257547642786418
68.0999999999611    1.01785162681976    0.000262138544188857    0.000257541018043956
68.1999999999616    1.01787784067377    0.000262138530338276    0.000257534371869965
68.2999999999621    1.01790405452747    0.000262138542615033    0.000257527751706149
68.3999999999625    1.01793026838147    0.000262138529033016    0.000257521106479937
68.499999999963    1.01795648223486    0.000262138552580096    0.00025751449807028
68.5999999999635    1.01798269608901    0.00026213852673762    0.000257507841483683
68.699999999964    1.01800890994274    0.000262138542936397    0.000257501226537538
68.7999999999645    1.01803512379676    0.000262138533224497    0.000257494586480328
68.8999999999649    1.01806133765067    0.000262138556559086    0.000257487979225309
68.9999999999654    1.01808755150443    0.000262138525186242    0.000257481318575087
69.0999999999659    1.01811376535894    0.000262138542098094    0.000257474705693304
69.1999999999664    1.01813997921256    0.000262138539878324    0.000257468074361507
69.2999999999668    1.01816619306677    0.000262138546381515    0.000257461451938351
69.3999999999673    1.01819240692084    0.000262138540729806    0.000257454817918501
69.4999999999678    1.01821862077493    0.000262138539218326    0.000257448188306379
69.5999999999683    1.0182448346294    0.000262138539025902    0.00025744156033093
69.6999999999688    1.01827104848327    0.000262138545313185    0.000257434939060326
69.7999999999692    1.01829726233781    0.000262138542319558    0.000257428309016308
69.8999999999697    1.01832347619166    0.000262138546872564    0.000257421686724647
69.9999999999702    1.01834969004639    0.000262138536610522    0.000257415050225606
70.0999999999707    1.01837590390038    0.000262138546346019    0.000257408433705107
70.1999999999711    1.0184021177549    0.000262138540075829    0.000257401801808622
70.2999999999716    1.01842833160947    0.000262138550758716    0.000257395186899843
70.3999999999721    1.01845454546353    0.000262138542501948    0.00025738855373525
70.4999999999726    1.01848075931839    0.000262138543647635    0.000257381930143745
70.5999999999731    1.01850697317246    0.000262138545542528    0.000257375307628985
70.6999999999735    1.01853318702739    0.000262138535061274    0.000257368673303941
70.799999999974    1.01855940088151    0.000262138565427246    0.000257362079423525
70.8999999999745    1.0185856147362    0.000262138532882413    0.000257355424119457
70.999999999975    1.01861182859119    0.000262138549486563    0.000257348817408806
71.0999999999754    1.01863804244551    0.000262138545975188    0.000257342191290888
71.1999999999759    1.01866425630034    0.000262138545316762    0.000257335568314546
71.2999999999764    1.018690470155    0.000262138552880819    0.000257328953750725
71.3999999999769    1.01871668400959    0.000262138546081158    0.000257322325427519
71.4999999999773    1.01874289786478    0.000262138544446971    0.000257315702515715
71.5999999999778    1.0187691117192    0.000262138549424402    0.000257309086434743
71.6999999999783    1.0187953255745    0.000262138548600053    0.00025730246499927
71.7999999999788    1.01882153942876    0.000262138556586097    0.000257295852552426
71.8999999999793    1.01884775328421    0.000262138535073033    0.00025728921149214
71.9999999999797    1.01887396713914    0.0002621385647196    0.000257282620985646
72.0999999999802    1.01890018099369    0.000262138537943719    0.000257275975442528
72.1999999999807    1.01892639484918    0.000262138557449361    0.000257269375662961
72.2999999999812    1.0189526087039    0.000262138547806644    0.000257262747616969
72.3999999999816    1.01897882255926    0.000262138550133597    0.000257256131658569
72.4999999999821    1.01900503641417    0.00026213855540909    0.000257249518934216
72.5999999999826    1.01903125026951    0.000262138548467104    0.000257242894560666
72.6999999999831    1.0190574641244    0.000262138555327371    0.000257236284072173
72.7999999999836    1.01908367797963    0.000262138545367511    0.000257229657418525
72.899999999984    1.01910989183537    0.000262138550164597    0.000257223045585887
72.9999999999845    1.01913610568989    0.000262138567963503    0.000257216446851378
73.099999999985    1.0191623195455    0.000262138542188092    0.000257209805701014
73.1999999999855    1.01918853340102    0.000262138556144173    0.000257203203875753
73.2999999999859    1.01921474725623    0.000262138552085198    0.000257196584714738
73.3999999999864    1.01924096111166    0.000262138552089647    0.00025718996988086
73.4999999999869    1.01926717496735    0.000262138560529629    0.000257183363663239
73.5999999999874    1.01929338882209    0.000262138556891505    0.000257176745936158
73.6999999999879    1.01931960267842    0.000262138544338363    0.000257170119803007
73.7999999999883    1.01934581653327    0.000262138564357153    0.00025716352596479
73.8999999999888    1.01937203038945    0.000262138547841561    0.000257156896625281
73.9999999999893    1.01939824424453    0.000262138566887171    0.000257150302511498
74.0999999999898    1.0194244581004    0.000262138547000382    0.000257143670546077
74.1999999999902    1.01945067195599    0.000262138563336704    0.00025713707445378
74.2999999999907    1.01947688581173    0.000262138549598732    0.000257130449200927
74.3999999999912    1.0195030996674    0.000262138563681157    0.000257123851576986
74.4999999999917    1.01952931352299    0.000262138554220421    0.00025711723120015
74.5999999999921    1.01955552737878    0.00026213855917841    0.000257110625305867
74.6999999999926    1.01958174123487    0.000262138556202316    0.000257104011969484
74.7999999999931    1.01960795509074    0.000262138565005133    0.000257097410525601
74.8999999999936    1.01963416894643    0.000262138551686204    0.000257090787725432
74.9999999999941    1.01966038280256    0.000262138566813411    0.000257084193163332
75.0999999999945    1.01968659665819    0.000262138557086727    0.000257077574566372
75.199999999995    1.01971281051451    0.000262138553806829    0.000257070962631689
75.2999999999955    1.01973902437026    0.00026213856514884    0.00025706436537596
75.399999999996    1.01976523822652    0.000262138557822316    0.000257057750152577
75.4999999999964    1.01979145208249    0.000262138569257598    0.000257051153667047
75.5999999999969    1.01981766593822    0.000262138558099111    0.000257044535365983
75.6999999999974    1.01984387979505    0.000262138549484677    0.000257037919899423
75.7999999999979    1.01987009365091    0.00026213857633381    0.000257031339545815
75.8999999999984    1.01989630750699    0.000262138553936809    0.000257024711244983
75.9999999999988    1.01992252136357    0.000262138569371678    0.000257018120377631
76.0999999999993    1.01994873521929    0.000262138560509031    0.000257011506026988
76.1999999999998    1.01997494907615    0.000262138559832602    0.000257004900041943
76.3000000000003    1.02000116293222    0.000262138566863709    0.000256998301953042
76.4000000000007    1.02002737678863    0.000262138560876692    0.000256991691440662
76.5000000000012    1.0200535906451    0.000262138563864294    0.000256985090066213
76.6000000000017    1.02007980450144    0.000262138570755153    0.000256978492857501
76.7000000000022    1.02010601835768    0.000262138561035157    0.000256971879704412
76.8000000000027    1.02013223221475    0.000262138563102072    0.000256965278445283
76.9000000000031    1.02015844607076    0.000262138569990497    0.000256958682251909
77.0000000000036    1.02018465992761    0.000262138554510056    0.000256952064471012
77.1000000000041    1.02021087378422    0.000262138580327976    0.000256945487510476
77.2000000000046    1.02023708764052    0.000262138563317257    0.000256938868908893
77.300000000005    1.02026330149743    0.000262138561883812    0.000256932265915155
77.4000000000055    1.02028951535422    0.000262138567272478    0.000256925669947192
77.500000000006    1.02031572921069    0.000262138570944969    0.00025691907263623
77.6000000000065    1.02034194306766    0.000262138563682057    0.000256912464946738
77.700000000007    1.02036815692432    0.000262138575461279    0.000256905876258859
77.8000000000074    1.02039437078113    0.000262138556955474    0.00025689925822974
77.9000000000079    1.02042058463816    0.000262138582018043    0.000256892683237076
78.0000000000084    1.02044679849466    0.000262138561271648    0.000256886063691265
78.1000000000089    1.02047301235219    0.000262138566054183    0.000256879469502044
78.2000000000093    1.02049922620891    0.000262138575987575    0.000256872880699188
78.3000000000098    1.02052544006547    0.00026213857354742    0.000256866280110179
78.4000000000103    1.02055165392272    0.000262138555345572    0.000256859664415792
78.5000000000108    1.02057786778016    0.000262138584431005    0.00025685309539504
78.6000000000112    1.02060408163635    0.00026213856691916    0.000256846481055484
78.7000000000117    1.02063029549446    0.000262138566153655    0.000256839883463049
78.8000000000122    1.02065650935098    0.000262138580739905    0.000256833301250971
78.9000000000127    1.02068272320819    0.000262138565097575    0.000256826689760777
79.0000000000132    1.02070893706575    0.000262138573675052    0.000256820102338504
79.1000000000136    1.02073515092274    0.000262138575775905    0.000256813508909664
79.2000000000141    1.02076136477989    0.00026213856822633    0.000256806906365285
79.3000000000146    1.02078757863728    0.000262138572318544    0.000256800315564665
79.4000000000151    1.02081379249466    0.000262138578600474    0.000256793727247613
79.5000000000155    1.02084000635191    0.000262138570867865    0.000256787125540511
79.600000000016    1.02086622020953    0.000262138571879781    0.000256780532738146
79.7000000000165    1.02089243406676    0.000262138583174757    0.000256773950347068
79.800000000017    1.02091864792431    0.000262138562676691    0.000256767337152338
79.9000000000175    1.02094486178188    0.000262138584948247    0.0002567607661894
80.0000000000179    1.02097107563915    0.000262138571210199    0.000256754160294008
80.1000000000184    1.02099728949708    0.00026213857532171    0.000256747572220131
80.2000000000189    1.02102350335446    0.000262138577817235    0.000256740982901967
80.3000000000194    1.02104971721207    0.000262138578256537    0.000256734391908254
80.4000000000198    1.02107593106972    0.000262138568904572    0.000256727791663784
80.5000000000203    1.02110214492758    0.000262138587335293    0.000256721218966672
80.6000000000208    1.02112835878502    0.000262138573092175    0.000256714614609351
80.7000000000213    1.02115457264338    0.000262138572826746    0.000256708024278998
80.8000000000218    1.02118078650042    0.000262138588883339    0.000256701450270806
80.9000000000222    1.02120700035868    0.000262138569177009    0.00025669484157956
81.0000000000227    1.02123321421643    0.000262138578769406    0.000256688261917274
81.1000000000232    1.02125942807438    0.00026213858539771    0.000256681679690322
81.2000000000237    1.02128564193202    0.000262138577552768    0.000256675083629753
81.3000000000241    1.0213118557904    0.000262138570914143    0.000256668489088743
81.4000000000246    1.02133806964814    0.000262138594686383    0.00025666192466192
81.5000000000251    1.02136428350585    0.000262138567751272    0.00025665531092538
81.6000000000256    1.02139049736464    0.000262138582965066    0.00025664873879425
81.7000000000261    1.0214167112221    0.000262138590551573    0.00025664215953343
81.8000000000265    1.0214429250803    0.000262138570480702    0.000256635553533344
81.900000000027    1.02146913893874    0.000262138582960512    0.000256628979738793
82.0000000000275    1.02149535279676    0.000262138586435623    0.000256622397466531
82.100000000028    1.02152156665469    0.000262138582437995    0.00025661580821681
82.2000000000284    1.02154778051332    0.00026213857143772    0.000256609212450149
82.3000000000289    1.02157399437144    0.000262138598180703    0.000256602653968294
82.4000000000294    1.02160020822952    0.000262138578290019    0.00025659605017536
82.5000000000299    1.0216264220883    0.000262138572628984    0.000256589460649567
82.6000000000303    1.02165263594637    0.000262138599179243    0.000256582902990723
82.7000000000308    1.02167884980452    0.000262138576320733    0.000256576297307993
82.8000000000313    1.02170506366358    0.000262138581344483    0.00025656971925393
82.9000000000318    1.02173127752161    0.000262138595610347    0.000256563150583205
83.0000000000323    1.02175749138012    0.000262138576521721    0.000256556549605173
83.1000000000327    1.02178370523883    0.000262138584964918    0.000256549975910651
83.2000000000332    1.02180991909726    0.000262138588580711    0.000256543397829122
83.3000000000337    1.02183613295579    0.000262138590494519    0.000256536818419457
83.4000000000342    1.02186234681461    0.000262138577342403    0.000256530224603687
83.5000000000346    1.02188856067329    0.00026213859124185    0.000256523657598373
83.6000000000351    1.02191477453163    0.000262138588145452    0.000256517074298683
83.7000000000356    1.02194098839051    0.000262138588396456    0.000256510494612128
83.8000000000361    1.02196720224947    0.000262138577752206    0.000256503904602034
83.9000000000366    1.0219934161081    0.000262138604844551    0.000256497351854588
84.000000000037    1.02201962996664    0.000262138572720285    0.000256490741502531
84.1000000000375    1.02204584382625    0.000262138593070499    0.000256484182831884
84.200000000038    1.02207205768427    0.000262138599553567    0.000256477610930389
84.3000000000385    1.02209827154345    0.000262138575552563    0.00025647100954071
84.4000000000389    1.0221244854028    0.00026213859192335    0.000256464447987514
84.5000000000394    1.02215069926146    0.000262138596087925    0.000256457874829346
84.6000000000399    1.02217691312031    0.000262138586502978    0.000256451288557058
84.7000000000404    1.02220312697971    0.000262138591913102    0.000256444717291795
84.8000000000409    1.02222934083858    0.000262138590577763    0.000256438139764916
84.9000000000413    1.0222555546978    0.000262138591774915    0.000256431565052644
85.0000000000418    1.02228176855694    0.000262138588572323    0.000256424986373728
85.1000000000423    1.02230798241616    0.000262138594946037    0.000256418417399508
85.2000000000428    1.02233419627504    0.000262138593896789    0.00025641184150145
85.3000000000432    1.0223604101345    0.000262138587173085    0.000256405260390119
85.4000000000437    1.02238662399395    0.000262138593387854    0.000256398692271434
85.5000000000442    1.022412837853    0.000262138602612075    0.00025639212743313
85.6000000000447    1.02243905171232    0.000262138582099965    0.000256385533847667
85.7000000000452    1.02246526557196    0.000262138594991273    0.000256378973269701
85.8000000000456    1.02249147943108    0.000262138601793619    0.000256372407073234
85.9000000000461    1.02251769329045    0.000262138591290156    0.00025636582428867
86.0000000000466    1.02254390715016    0.000262138586935089    0.000256359247854374
86.1000000000471    1.02257012100954    0.000262138602473401    0.000256352691211632
86.2000000000475    1.022596334869    0.000262138598383456    0.000256346115710494
86.300000000048    1.0226225487285    0.000262138589907724    0.000256339536257694
86.4000000000485    1.02264876258825    0.000262138593494335    0.000256332968937333
86.500000000049    1.02267497644799    0.000262138602724937    0.0002563264074725
86.6000000000494    1.02270119030731    0.00026213859990615    0.000256319834562214
86.7000000000499    1.02272740416716    0.000262138585626625    0.000256313250782689
86.8000000000504    1.02275361802712    0.000262138603635312    0.000256306698910511
86.9000000000509    1.02277983188639    0.000262138603475011    0.000256300129610035
87.0000000000514    1.02280604574659    0.000262138587016951    0.000256293544711701
87.1000000000518    1.02283225960648    0.000262138604893657    0.000256286993719294
87.2000000000523    1.02285847346584    0.000262138599744429    0.00025628042055144
87.3000000000528    1.02288468732603    0.00026213859453327    0.000256273847659739
87.4000000000533    1.02291090118594    0.000262138599406126    0.000256267284963146
87.5000000000537    1.022937115046    0.00026213860444907    0.000256260722769142
87.6000000000542    1.02296332890552    0.000262138596845722    0.000256254148549183
87.7000000000547    1.02298954276586    0.000262138597901193    0.000256247583130173
87.8000000000552    1.02301575662586    0.000262138600154126    0.000256241019218236
87.9000000000557    1.02304197048595    0.00026213860567191    0.000256234458833973
88.0000000000561    1.02306818434582    0.000262138603354162    0.0002562278911271
88.1000000000566    1.02309439820618    0.000262138591062735    0.00025622131400812
88.2000000000571    1.02312061206644    0.000262138605470043    0.00025621476332159
88.3000000000576    1.0231468259265    0.000262138612175857    0.000256208205443516
88.400000000058    1.02317303978658    0.000262138593189045    0.000256201622790728
88.5000000000585    1.02319925364738    0.000262138598639157    0.000256195064357911
88.600000000059    1.02322546750706    0.000262138615349291    0.00025618851726585
88.7000000000595    1.02325168136744    0.00026213859559462    0.000256181934872862
88.80000000006    1.02327789522825    0.000262138600330815    0.000256175376750754
88.9000000000604    1.02330410908852    0.000262138615747531    0.000256168829402068
89.0000000000609    1.02333032294867    0.000262138596035105    0.000256162248060595
89.1000000000614    1.02335653680958    0.000262138607879991    0.000256155697893167
89.2000000000619    1.02338275066958    0.000262138604294162    0.000256149132983381
89.3000000000623    1.02340896453046    0.000262138599380364    0.000256142567112097
89.4000000000628    1.0234351783909    0.000262138619398471    0.000256136025938272
89.5000000000633    1.02346139225123    0.000262138594959287    0.000256129441661381
89.6000000000638    1.02348760611235    0.000262138604898466    0.000256122891310996
89.7000000000643    1.02351381997266    0.000262138614674205    0.000256116341136661
89.8000000000647    1.02354003383325    0.000262138606972152    0.000256109774221941
89.9000000000652    1.02356624769427    0.000262138598535831    0.000256103206926114
90.0000000000657    1.02359246155497    0.00026213861271416    0.00025609666206015
90.1000000000662    1.02361867541572    0.000262138613883648    0.00025609010482071
90.2000000000666    1.02364488927627    0.000262138600671279    0.000256083533867506
90.3000000000671    1.02367110313765    0.0002621386080231    0.000256076983339298
90.4000000000676    1.02369731699812    0.00026213861446233    0.000256070432255329
90.5000000000681    1.02372353085918    0.000262138606766271    0.000256063867698993
90.6000000000685    1.02374974472008    0.000262138610599577    0.000256057314740774
90.700000000069    1.02377595858091    0.000262138607190361    0.000256050755043829
90.8000000000695    1.02380217244226    0.000262138605148998    0.000256044197018718
90.90000000007    1.02382838630301    0.000262138625589889    0.000256037661288585
91.0000000000705    1.02385460016403    0.000262138602309435    0.000256031083190366
91.1000000000709    1.02388081402522    0.000262138604768129    0.000256024530567747
91.2000000000714    1.02390702788662    0.000262138617289782    0.000256017988108593
91.3000000000719    1.02393324174737    0.000262138618350024    0.000256011434791077
91.4000000000724    1.02395945560857    0.000262138603582211    0.00025600486635129
91.5000000000728    1.02398566947028    0.000262138609028921    0.000255998317988696
91.6000000000733    1.02401188333108    0.000262138625185507    0.000255991780420339
91.7000000000738    1.0240380971923    0.000262138603623876    0.000255985206353753
91.8000000000743    1.02406431105395    0.000262138615626679    0.000255978665399336
91.9000000000748    1.02409052491511    0.000262138611069669    0.000255972108609635
92.0000000000752    1.02411673877678    0.00026213862110717    0.000255965566406299
92.1000000000757    1.02414295263783    0.000262138610491511    0.000255959004371737
92.2000000000762    1.02416916649947    0.000262138615421345    0.000255952457851582
92.3000000000767    1.02419538036086    0.000262138613521894    0.000255945904998648
92.4000000000771    1.02422159422278    0.000262138606809452    0.000255939347781838
92.5000000000776    1.02424780808401    0.000262138640194311    0.000255932830048887
92.6000000000781    1.02427402194519    0.000262138601756475    0.000255926242528977
92.7000000000786    1.02430023580785    0.000262138603022725    0.000255919694108029
92.8000000000791    1.02432644966881    0.000262138634610915    0.0002559131756245
92.9000000000795    1.02435266353027    0.000262138614011064    0.000255906606527135
93.00000000008    1.02437887739241    0.000262138615104955    0.000255900058943267
93.1000000000805    1.02440509125407    0.000262138615941431    0.000255893511443333
93.200000000081    1.02443130511576    0.00026213861769089    0.000255886965169684
93.3000000000814    1.02445751897768    0.000262138619854207    0.000255880419634968
93.4000000000819    1.02448373283942    0.000262138620901802    0.000255873873346206
93.5000000000824    1.02450994670126    0.000262138617942244    0.000255867323481129
93.6000000000829    1.02453616056327    0.000262138615138941    0.000255860774103689
93.7000000000833    1.02456237442541    0.000262138622559081    0.00025585423503971
93.8000000000838    1.02458858828715    0.000262138623304607    0.000255847689795995
93.9000000000843    1.02461480214889    0.000262138616895265    0.000255841137904206
94.0000000000848    1.02464101601149    0.00026213861335153    0.000255834589144138
94.1000000000853    1.02466722987315    0.000262138631890837    0.0002558280622708
94.2000000000857    1.0246934437352    0.000262138620770655    0.000255821506786566
94.3000000000862    1.02471965759751    0.000262138612066467    0.000255814953995378
94.4000000000867    1.0247458714598    0.000262138626135074    0.000255808423762318
94.5000000000872    1.02477208532167    0.000262138627544429    0.000255801881510215
94.6000000000876    1.02479829918401    0.000262138614584895    0.000255795325571501
94.7000000000881    1.02482451304657    0.000262138627744395    0.000255788795454468
94.8000000000886    1.02485072690836    0.000262138629352293    0.00025578225440019
94.9000000000891    1.02487694077107    0.000262138602665473    0.00025577568607237
95.0000000000896    1.02490315463357    0.00026213864108084    0.000255769181600931
95.10000000009    1.02492936849534    0.000262138626724852    0.000255762625974595
95.2000000000905    1.02495558235803    0.000262138611533354    0.000255756069868192
95.300000000091    1.02498179622081    0.000262138629964002    0.000255749546899787
95.4000000000915    1.02500801008276    0.000262138624919936    0.000255743001363248
95.5000000000919    1.02503422394575    0.00026213862468791    0.000255736460855754
95.6000000000924    1.02506043780793    0.00026213863216897    0.0002557299282075
95.7000000000929    1.02508665167048    0.000262138616801437    0.000255723373603836
95.8000000000934    1.02511286553357    0.000262138627811463    0.000255716845066634
95.9000000000939    1.02513907939582    0.000262138631845294    0.000255710310058405
96.0000000000943    1.02516529325872    0.000262138623355955    0.000255703763168462
96.1000000000948    1.02519150712113    0.000262138629977565    0.00025569723135308
96.2000000000953    1.02521772098416    0.000262138623651415    0.000255690687242292
96.3000000000958    1.02524393484668    0.000262138626690501    0.000255684152600915
96.4000000000962    1.02527014870985    0.000262138631144214    0.00025567761967329
96.5000000000967    1.02529636257226    0.000262138633910164    0.000255671085433788
96.6000000000972    1.02532257643528    0.000262138621327802    0.000255664536558997
96.7000000000977    1.02534879029828    0.000262138625498701    0.000255658004358151
96.8000000000982    1.02537500416111    0.000262138638204045    0.000255651480814582
96.9000000000986    1.02540121802406    0.000262138626889773    0.000255644934179923
97.0000000000991    1.02542743188722    0.000262138630429201    0.0002556384023653
97.1000000000996    1.02545364575006    0.000262138632761021    0.000255631869707071
97.2000000001001    1.02547985961317    0.00026213862375654    0.00025562532632813
97.3000000001005    1.02550607347647    0.000262138634229956    0.000255618802277109
97.400000000101    1.02553228733942    0.000262138636969973    0.000255612271018839
97.5000000001015    1.02555850120253    0.000262138627933041    0.000255605728610963
97.600000000102    1.0255847150659    0.000262138630820312    0.000255599198164208
97.7000000001024    1.02561092892889    0.000262138633897129    0.000255592668236187
97.8000000001029    1.02563714279235    0.000262138627083755    0.000255586128998867
97.9000000001034    1.02566335665567    0.000262138640313173    0.000255579609637139
98.0000000001039    1.02568957051863    0.000262138636927401    0.00025557307440969
98.1000000001044    1.02571578438221    0.000262138621391727    0.000255566527670835
98.2000000001048    1.02574199824576    0.000262138639543802    0.000255560014108923
98.3000000001053    1.02576821210886    0.000262138636991994    0.000255553480696256
98.4000000001058    1.02579442597246    0.000262138631353326    0.000255546944608143
98.5000000001063    1.02582063983612    0.000262138637384172    0.000255540420229847
98.6000000001067    1.0258468536993    0.000262138639147376    0.000255533892024993
98.7000000001072    1.02587306756296    0.000262138623636236    0.000255527347314972
98.8000000001077    1.02589928142682    0.000262138641944642    0.000255520835905118
98.9000000001082    1.02592549529008    0.000262138642827665    0.000255514307843129
99.0000000001087    1.02595170915366    0.000262138630234831    0.000255507766979673
99.1000000001091    1.02597792301756    0.00026213863481848    0.000255501243191949
99.2000000001096    1.02600413688116    0.000262138640589057    0.000255494720894501
99.3000000001101    1.02603035074507    0.000262138636709093    0.000255488189524546
99.4000000001106    1.02605656460856    0.00026213863768768    0.000255481663223592
99.500000000111    1.02608277847277    0.000262138641155035    0.000255475139681424
99.6000000001115    1.02610899233601    0.000262138638600488    0.000255468610604133
99.700000000112    1.02613520620043    0.000262138629822545    0.000255462075795247
99.8000000001125    1.02616142006398    0.000262138644229967    0.000255455563914712
99.900000000113    1.02618763392791    0.000262138642784524    0.000255449036918465
