0.75 0 18
1.5 0 62
2.25 0 98
3 0 210
3.75 0 350
4.5 0 450
5.25 0 602
6 0 762
6.75 0 1142
7.5 0 1250
8.25 0 1458
9 0 1814
9.75 0 2178
10.5 0 2498
11.25 0 2622
12 0 3338
12.75 0 3722
13.5 0 4170
14.25 0 4358
15 0 5034
15.75 0 5714
16.5 0 5982
17.25 0 6602
18 0 7130
18.75 0 8034
19.5 0 8606
20.25 0 9066
21 0 9962
21.75 0 10550
22.5 0 11226
23.25 0 12146
24 0 12303
24.75 0 12584
25.5 0 12120
26.25 0 11180
27 0 11096
27.75 0 10056
28.5 0 9716
29.25 0 8604
30 0 8060
30.75 0 7320
31.5 0 6356
32.25 0 5348
33 0 4308
33.75 0 3563
34.5 0 2448
35.25 0 1868
36 0 1358
36.75 0 1062
37.5 0 776
38.25 0 432
39 0 200
39.75 0 168
40.5 0 56
41.25 0 7

0.75 1.604616155052455e-12 18
1.5 1.913506292011817e-12 62
2.25 2.774431425882083e-12 98
3 5.261783394610647e-12 210
3.75 4.593581744521825e-12 350
4.5 7.692166344613085e-12 450
5.25 9.391426124924965e-12 602
6 1.108494261287378e-11 762
6.75 1.331480171105114e-11 1142
7.5 1.408586920131881e-11 1250
8.25 1.516145302768679e-11 1458
9 1.889751549142882e-11 1814
9.75 2.347230011325135e-11 2178
10.5 2.576074504293987e-11 2498
11.25 2.599223310010036e-11 2622
12 3.225274991095628e-11 3338
12.75 3.776061924694279e-11 3722
13.5 4.075262702406329e-11 4170
14.25 4.577197043718871e-11 4358
15 4.82943431211144e-11 5034
15.75 5.723832186510844e-11 5714
16.5 6.60023075784104e-11 5982
17.25 7.281371258867501e-11 6602
18 7.961619211187689e-11 7130
18.75 9.679190873203712e-11 8034
19.5 1.063334849860936e-10 8606
20.25 1.19185714905516e-10 9066
21 1.375875258600516e-10 9962
21.75 1.540736069818257e-10 10550
22.5 1.643964666626999e-10 11226
23.25 1.851120991533437e-10 12146
24 2.012330373097492e-10 12303
24.75 2.129353022029411e-10 12584
25.5 2.085379854025877e-10 12120
26.25 2.074785377112381e-10 11180
27 2.044005053924752e-10 11096
27.75 1.960584646219211e-10 10056
28.5 1.955384728770691e-10 9716
29.25 1.859037462461499e-10 8604
30 1.734311148169614e-10 8060
30.75 1.671106084138186e-10 7320
31.5 1.592705016726704e-10 6356
32.25 1.406854622905612e-10 5348
33 1.225668065804508e-10 4308
33.75 1.065346148306656e-10 3563
34.5 7.39516966177801e-11 2448
35.25 6.035812311989087e-11 1868
36 4.367759704204053e-11 1358
36.75 3.619641415730763e-11 1062
37.5 2.67659210090518e-11 776
38.25 1.681092524613468e-11 432
39 7.940968822398898e-12 200
39.75 6.619724539762777e-12 168
40.5 2.650178223588121e-12 56
41.25 1.589391582118114e-13 7

0.75 1.200956068711144e-12 18
1.5 2.460427500358498e-12 62
2.25 3.342231971880133e-12 98
3 5.97504525748531e-12 210
3.75 7.13960366315208e-12 350
4.5 7.539261510567219e-12 450
5.25 9.523943612951513e-12 602
6 9.917388206569232e-12 762
6.75 1.421780648317278e-11 1142
7.5 1.2181109843434e-11 1250
8.25 1.707903482028491e-11 1458
9 1.898459048652212e-11 1814
9.75 2.267934088604754e-11 2178
10.5 2.570200689111016e-11 2498
11.25 2.595902489581367e-11 2622
12 3.473199788154729e-11 3338
12.75 3.688477460136388e-11 3722
13.5 4.240285031325818e-11 4170
14.25 4.464463759768233e-11 4358
15 5.07238741615239e-11 5034
15.75 5.791688972792762e-11 5714
16.5 6.448171042618356e-11 5982
17.25 6.99426188271006e-11 6602
18 8.102608434091107e-11 7130
18.75 9.627323819856227e-11 8034
19.5 1.051104604478354e-10 8606
20.25 1.200900946199535e-10 9066
21 1.279015359478095e-10 9962
21.75 1.472762584636193e-10 10550
22.5 1.675787063853657e-10 11226
23.25 1.902535777989804e-10 12146
24 1.908112339500067e-10 12303
24.75 2.103060712740129e-10 12584
25.5 2.097724053404717e-10 12120
26.25 1.965958887724783e-10 11180
27 2.088587566497077e-10 11096
27.75 1.976148638456391e-10 10056
28.5 1.991152637627617e-10 9716
29.25 1.797347949493401e-10 8604
30 1.826378963679136e-10 8060
30.75 1.761993192855164e-10 7320
31.5 1.599892866463951e-10 6356
32.25 1.429424733205892e-10 5348
33 1.191485471393768e-10 4308
33.75 1.04820716522793e-10 3563
34.5 7.563298631447444e-11 2448
35.25 5.990291675713118e-11 1868
36 4.402204092021919e-11 1358
36.75 3.74239836566937e-11 1062
37.5 2.674677915609995e-11 776
38.25 1.433978172548588e-11 432
39 7.446858172300237e-12 200
39.75 6.086166614054873e-12 168
40.5 2.233282083294283e-12 56
41.25 3.63290998416869e-13 7

0.75 6.101594979723488e-13 18
1.5 2.768011720769987e-12 62
2.25 4.686318479308176e-12 98
3 6.637976833055814e-12 210
3.75 7.93030670698643e-12 350
4.5 7.367137162623521e-12 450
5.25 9.35548164997795e-12 602
6 1.185724967809187e-11 762
6.75 1.608125223043192e-11 1142
7.5 1.482211763476606e-11 1250
8.25 1.915959438605279e-11 1458
9 2.195360305425567e-11 1814
9.75 2.230658953345018e-11 2178
10.5 2.210083686673437e-11 2498
11.25 2.516030575254345e-11 2622
12 3.138077010507289e-11 3338
12.75 3.73406323567099e-11 3722
13.5 3.953051862926548e-11 4170
14.25 4.162569248361196e-11 4358
15 5.066128541001317e-11 5034
15.75 6.002800490026018e-11 5714
16.5 6.328698856412087e-11 5982
17.25 7.320173834366786e-11 6602
18 7.990692014611297e-11 7130
18.75 9.485405138758014e-11 8034
19.5 1.003106514655607e-10 8606
20.25 1.120921035343858e-10 9066
21 1.307760050754054e-10 9962
21.75 1.462492978577797e-10 10550
22.5 1.636773022121778e-10 11226
23.25 1.887992769196148e-10 12146
24 2.002844839654519e-10 12303
24.75 2.14038834984194e-10 12584
25.5 2.043893977435591e-10 12120
26.25 1.984038053020251e-10 11180
27 2.078052784710042e-10 11096
27.75 1.924942202914184e-10 10056
28.5 2.002236572062261e-10 9716
29.25 1.826248212300147e-10 8604
30 1.797002155609917e-10 8060
30.75 1.730562646310412e-10 7320
31.5 1.586170151217525e-10 6356
32.25 1.35522600362653e-10 5348
33 1.201986932995979e-10 4308
33.75 1.079695338552581e-10 3563
34.5 7.534205312123725e-11 2448
35.25 6.152130956633377e-11 1868
36 4.202892792698887e-11 1358
36.75 3.811445325193186e-11 1062
37.5 2.887454801880017e-11 776
38.25 1.537343055493926e-11 432
39 6.408183742072667e-12 200
39.75 5.419233496048494e-12 168
40.5 1.612319346423435e-12 56
41.25 1.69142045049294e-13 7

0.75 2.167626793339967e-12 18
1.5 3.033102274044291e-12 62
2.25 3.412800659311017e-12 98
3 7.841557245404675e-12 210
3.75 8.684073908451303e-12 350
4.5 9.384395092235041e-12 450
5.25 8.534539318841415e-12 602
6 8.816154942002322e-12 762
6.75 1.490955995592405e-11 1142
7.5 1.558710855766779e-11 1250
8.25 1.426960301376012e-11 1458
9 1.941477795314758e-11 1814
9.75 2.135965827290178e-11 2178
10.5 2.559850107228463e-11 2498
11.25 2.6218139337795e-11 2622
12 3.452516088604245e-11 3338
12.75 3.61002041992658e-11 3722
13.5 4.118485868946479e-11 4170
14.25 4.347173653194266e-11 4358
15 5.039003569467818e-11 5034
15.75 5.682977167713916e-11 5714
16.5 6.349725271344419e-11 5982
17.25 7.340365399411986e-11 6602
18 7.746248774592027e-11 7130
18.75 9.781834138212391e-11 8034
19.5 1.076102613421351e-10 8606
20.25 1.190037134166817e-10 9066
21 1.260902132207382e-10 9962
21.75 1.500797937507731e-10 10550
22.5 1.646436790632766e-10 11226
23.25 1.897740044702777e-10 12146
24 1.94770500052606e-10 12303
24.75 2.160388497670798e-10 12584
25.5 2.052481820436001e-10 12120
26.25 1.974963888980876e-10 11180
27 2.054591628951606e-10 11096
27.75 1.972507266393437e-10 10056
28.5 2.001685756879677e-10 9716
29.25 1.791669469057985e-10 8604
30 1.824902357699665e-10 8060
30.75 1.700002689282362e-10 7320
31.5 1.583058500187234e-10 6356
32.25 1.379502290196611e-10 5348
33 1.214366742107085e-10 4308
33.75 1.062725419281426e-10 3563
34.5 6.907365793804802e-11 2448
35.25 5.713250633652425e-11 1868
36 4.501031696821167e-11 1358
36.75 3.762742931329045e-11 1062
37.5 2.598066213675071e-11 776
38.25 1.639248457293474e-11 432
39 7.394303831206487e-12 200
39.75 5.442632352894473e-12 168
40.5 2.124518124149865e-12 56
41.25 1.527173888676656e-13 7

0.75 3.54267537795538e-13 18
1.5 2.377506891854921e-12 62
2.25 4.014117241904304e-12 98
3 5.102569589748202e-12 210
3.75 8.416181321335115e-12 350
4.5 7.033991292109451e-12 450
5.25 9.491687424310448e-12 602
6 1.077285557458588e-11 762
6.75 1.508732130523343e-11 1142
7.5 1.337560101203173e-11 1250
8.25 1.565751326802225e-11 1458
9 1.994791167208068e-11 1814
9.75 2.280388552494195e-11 2178
10.5 2.580334674595434e-11 2498
11.25 2.349944667449969e-11 2622
12 3.601629762321536e-11 3338
12.75 3.681110791541866e-11 3722
13.5 3.567895052232447e-11 4170
14.25 4.050491079078047e-11 4358
15 4.969066469703865e-11 5034
15.75 5.723650393298937e-11 5714
16.5 6.463672154433187e-11 5982
17.25 7.212205317020559e-11 6602
18 8.059738025354082e-11 7130
18.75 9.836572029056873e-11 8034
19.5 1.049225944187312e-10 8606
20.25 1.171909396244053e-10 9066
21 1.248101935129386e-10 9962
21.75 1.482238098264678e-10 10550
22.5 1.633547710579509e-10 11226
23.25 1.845341859359794e-10 12146
24 1.912080588320839e-10 12303
24.75 2.076045342626648e-10 12584
25.5 2.033566373684002e-10 12120
26.25 1.971921082183356e-10 11180
27 2.085817768731208e-10 11096
27.75 1.91324232628049e-10 10056
28.5 1.969748936635923e-10 9716
29.25 1.808417455912329e-10 8604
30 1.744496132538027e-10 8060
30.75 1.700108418236035e-10 7320
31.5 1.548790591836889e-10 6356
32.25 1.367036497531823e-10 5348
33 1.231440171251175e-10 4308
33.75 9.831236088930482e-11 3563
34.5 7.226666598670147e-11 2448
35.25 5.955064678914814e-11 1868
36 4.29979320414038e-11 1358
36.75 3.285114051284744e-11 1062
37.5 2.763034565382213e-11 776
38.25 1.463991493177606e-11 432
39 5.697978981386411e-12 200
39.75 5.472440090200138e-12 168
40.5 1.951806347384878e-12 56
41.25 2.930575850966418e-13 7

0.75 1.245979292964855e-12 18
1.5 1.266418459295709e-12 62
2.25 3.007792672504936e-12 98
3 6.980885252169363e-12 210
3.75 6.710188592476327e-12 350
4.5 7.227857038822444e-12 450
5.25 8.563605181238827e-12 602
6 1.186264808987614e-11 762
6.75 1.504794141742488e-11 1142
7.5 1.401140627804191e-11 1250
8.25 1.91782173717663e-11 1458
9 1.969012548045587e-11 1814
9.75 2.518919954360461e-11 2178
10.5 2.415894588675236e-11 2498
11.25 2.67158429345412e-11 2622
12 3.427856469007034e-11 3338
12.75 3.712854745108704e-11 3722
13.5 4.414720305756277e-11 4170
14.25 4.457417889652374e-11 4358
15 5.083182883898867e-11 5034
15.75 6.001758039148352e-11 5714
16.5 5.907823831211474e-11 5982
17.25 6.849660975370309e-11 6602
18 7.744083577814578e-11 7130
18.75 9.494263139407972e-11 8034
19.5 1.039768542551348e-10 8606
20.25 1.157282289884606e-10 9066
21 1.310028085240934e-10 9962
21.75 1.496642989865191e-10 10550
22.5 1.653184724570952e-10 11226
23.25 1.899984579858638e-10 12146
24 1.978183850031841e-10 12303
24.75 2.099746091213172e-10 12584
25.5 2.046515690504314e-10 12120
26.25 1.997137041304639e-10 11180
27 2.108477239285406e-10 11096
27.75 2.008539426913667e-10 10056
28.5 1.996743154663691e-10 9716
29.25 1.809322396020204e-10 8604
30 1.787520318523982e-10 8060
30.75 1.739601132833889e-10 7320
31.5 1.567544999181825e-10 6356
32.25 1.420034562960091e-10 5348
33 1.209411183447808e-10 4308
33.75 1.072163358588938e-10 3563
34.5 7.30547271244421e-11 2448
35.25 5.804932501556249e-11 1868
36 4.288894810600357e-11 1358
36.75 3.592701380365258e-11 1062
37.5 2.489854227415735e-11 776
38.25 1.689391517390859e-11 432
39 7.212288484836007e-12 200
39.75 5.652653460677977e-12 168
40.5 2.227107265553857e-12 56
41.25 3.311210795018054e-13 7

0.75 1.659139866373268e-12 18
1.5 2.012809328262272e-12 62
2.25 2.165295342710968e-12 98
3 7.854847655459314e-12 210
3.75 6.891921588421977e-12 350
4.5 8.490544372955608e-12 450
5.25 9.36583452539944e-12 602
6 1.187404927550381e-11 762
6.75 1.608467019402371e-11 1142
7.5 1.490112849531575e-11 1250
8.25 1.625947880602569e-11 1458
9 1.80983065170097e-11 1814
9.75 2.299967339931366e-11 2178
10.5 2.386012985589273e-11 2498
11.25 2.619512044145427e-11 2622
12 3.303662564471192e-11 3338
12.75 3.546296403891764e-11 3722
13.5 4.172077399618832e-11 4170
14.25 4.287738148596913e-11 4358
15 4.870275658801399e-11 5034
15.75 5.54523992326067e-11 5714
16.5 6.369369945635269e-11 5982
17.25 7.00946902582421e-11 6602
18 7.819080949962342e-11 7130
18.75 9.457011046665254e-11 8034
19.5 1.07177078287187e-10 8606
20.25 1.161642504184635e-10 9066
21 1.310846089731368e-10 9962
21.75 1.462850764461678e-10 10550
22.5 1.640661091184924e-10 11226
23.25 1.824830063286766e-10 12146
24 1.995384635967325e-10 12303
24.75 2.069359811693861e-10 12584
25.5 2.029244853292953e-10 12120
26.25 1.985012445624104e-10 11180
27 2.040002224750559e-10 11096
27.75 1.966962918769118e-10 10056
28.5 1.963450460662848e-10 9716
29.25 1.730783602610681e-10 8604
30 1.781006600561098e-10 8060
30.75 1.71670281143673e-10 7320
31.5 1.568696542321661e-10 6356
32.25 1.39278716593694e-10 5348
33 1.205868403791835e-10 4308
33.75 1.050602597904794e-10 3563
34.5 7.709087057309836e-11 2448
35.25 5.845057347915056e-11 1868
36 4.489872649569403e-11 1358
36.75 3.590631479719731e-11 1062
37.5 2.521739410740649e-11 776
38.25 1.631472458792922e-11 432
39 6.870935909358863e-12 200
39.75 5.992624301339304e-12 168
40.5 1.781964581635561e-12 56
41.25 2.635816973638321e-13 7

0.75 3.07492191651921e-13 18
1.5 1.985437660784229e-12 62
2.25 2.100530239054193e-12 98
3 6.227020353047689e-12 210
3.75 5.454012765674566e-12 350
4.5 6.936685126342265e-12 450
5.25 7.938141415073549e-12 602
6 1.007447013585176e-11 762
6.75 1.543500921790655e-11 1142
7.5 1.372862853163927e-11 1250
8.25 1.763048555787467e-11 1458
9 2.095211703914451e-11 1814
9.75 2.161091961361122e-11 2178
10.5 2.503920143725086e-11 2498
11.25 2.398374034961292e-11 2622
12 3.3248771945739e-11 3338
12.75 3.501773612509486e-11 3722
13.5 3.928983028502151e-11 4170
14.25 4.422721306894613e-11 4358
15 4.911386109432951e-11 5034
15.75 5.690667593481262e-11 5714
16.5 6.547493320677143e-11 5982
17.25 7.39175234247056e-11 6602
18 8.514052396623603e-11 7130
18.75 9.554585182687368e-11 8034
19.5 1.054477385458558e-10 8606
20.25 1.138296774600345e-10 9066
21 1.282608198011821e-10 9962
21.75 1.492507160888391e-10 10550
22.5 1.643917210848893e-10 11226
23.25 1.859954762061449e-10 12146
24 1.924883212175463e-10 12303
24.75 2.135908024738547e-10 12584
25.5 2.076089572061962e-10 12120
26.25 2.032744024798236e-10 11180
27 2.042519673441835e-10 11096
27.75 1.960798910753032e-10 10056
28.5 1.99484360515261e-10 9716
29.25 1.772910793162887e-10 8604
30 1.75883711292142e-10 8060
30.75 1.728164453139804e-10 7320
31.5 1.586678155122853e-10 6356
32.25 1.372754125238321e-10 5348
33 1.190995274854733e-10 4308
33.75 1.043314767730617e-10 3563
34.5 7.230755122193922e-11 2448
35.25 5.811027512702226e-11 1868
36 4.278471944657024e-11 1358
36.75 3.611893430523932e-11 1062
37.5 2.70303867798608e-11 776
38.25 1.469014085107553e-11 432
39 6.651265090963854e-12 200
39.75 6.441065336847782e-12 168
40.5 2.096387427366072e-12 56
41.25 2.706648742382183e-13 7

0.75 1.920083026758066e-12 18
1.5 1.763786742590588e-12 62
2.25 3.352100003813802e-12 98
3 5.988472200259495e-12 210
3.75 6.010011902065487e-12 350
4.5 7.031436505888473e-12 450
5.25 7.961910833216213e-12 602
6 9.648938044294531e-12 762
6.75 1.463580428399961e-11 1142
7.5 1.486350290950147e-11 1250
8.25 1.516279349912901e-11 1458
9 1.78869827216027e-11 1814
9.75 2.531482935575878e-11 2178
10.5 2.572117823057108e-11 2498
11.25 2.596571846784385e-11 2622
12 3.020481498211639e-11 3338
12.75 3.729497742109092e-11 3722
13.5 4.062317204816963e-11 4170
14.25 4.404311812995064e-11 4358
15 4.803072049870069e-11 5034
15.75 5.877540010478859e-11 5714
16.5 6.472611227618137e-11 5982
17.25 7.116197896821936e-11 6602
18 7.982124726158197e-11 7130
18.75 9.535022650976685e-11 8034
19.5 1.074337209843783e-10 8606
20.25 1.138552791157173e-10 9066
21 1.292825415016188e-10 9962
21.75 1.430811853824627e-10 10550
22.5 1.618234453570977e-10 11226
23.25 1.896133704788463e-10 12146
24 1.962969163921068e-10 12303
24.75 2.065703309896818e-10 12584
25.5 2.025703188716329e-10 12120
26.25 1.984514019944444e-10 11180
27 2.026798555566639e-10 11096
27.75 1.928964196929752e-10 10056
28.5 1.947721306458898e-10 9716
29.25 1.74467005785385e-10 8604
30 1.729510998030142e-10 8060
30.75 1.667248085834661e-10 7320
31.5 1.545436319302448e-10 6356
32.25 1.34437896126328e-10 5348
33 1.181297108016888e-10 4308
33.75 1.037437472056401e-10 3563
34.5 7.540962562911349e-11 2448
35.25 5.909874695550046e-11 1868
36 4.509314315560164e-11 1358
36.75 3.644445648861639e-11 1062
37.5 2.666919345948073e-11 776
38.25 1.726658587237952e-11 432
39 7.246049135002157e-12 200
39.75 6.276555721095083e-12 168
40.5 2.378503583564938e-12 56
41.25 1.047280893362218e-13 7

