0    0.999999999999944    -0.38054667518321    1.00000000000007    0.144815771993129    4.24094482384852e-07    3.66027544723947e-07
0.1    0.957141679121563    -0.474523621551828    0.916120193911775    0.225172667410803    3.60872776458035e-07    3.74275820929003e-07
0.2    0.905524016162158    -0.555543112384365    0.819973743846721    0.308628149717795    5.26308507098238e-07    2.95404011034951e-07
0.3    0.846482569308002    -0.622972115579413    0.716532740142309    0.38809425678964    1.791241061713e-07    3.86784891856236e-07
0.4    0.781370348671379    -0.677069617197922    0.610539621782947    0.458423266532837    3.37010111746151e-07    5.44606354194119e-07
0.5    0.711477090634661    -0.718807095031845    0.506199650498019    0.516683639868521    2.40042860710427e-07    6.3308017808938e-07
0.6    0.637968709119249    -0.749651683714594    0.407004073815229    0.561977646896398    0    5.21966215614587e-07
0.7    0.561848683379435    -0.771349811434966    0.315673943015307    0.59498053160087    3.20374965667725e-07    3.35524387633732e-07
0.8    0.483939920244108    -0.785737387191181    0.234197846405902    0.617383241630307    1.68751949860247e-07    5.31033566034003e-07
0.900000000000001    0.404883670790672    -0.794589762061754    0.16393078687291    0.63137288997354    0    4.29944337792799e-07
1    0.325151321789745    -0.799513973530234    0.105723382061612    0.639222593870283    0    4.23832614819047e-07
1.1    0.245065020861771    -0.801878630033371    0.0600568644499797    0.643009337304316    0    3.47072324122552e-07
1.2    0.164823766479759    -0.802773184103447    0.0271668739965923    0.644444785115491    1.34987167507361e-07    0
1.3    0.0845324807531739    -0.802987495964841    0.00714574030230654    0.644788918675939    1.44285884393442e-07    2.33001943992255e-07
1.4    0.004232456777118    -0.803003536176549    1.79136903899979e-05    0.644814679112292    1.40804331749678e-07    4.9913329554928e-07
1.5    -0.0760677030494385    -0.802992996665759    0.00578629544723669    0.644797752694162    1.38350781833454e-07    0
1.6    -0.156361033652993    -0.802816928596342    0.0244487728450568    0.644515020841025    1.565730250155e-07    4.0011768287711e-07
1.7    -0.23661115060067    -0.80202601562331    0.0559848365885897    0.643245729736586    1.29825164327224e-07    0
1.8    -0.316721288566893    -0.799862608880011    0.100312374631508    0.639780193084601    1.87230585115091e-07    5.13063231131042e-07
1.9    -0.396503771312653    -0.795268146389723    0.157215240665038    0.632451424662481    0    5.78848260627837e-07
2    -0.475650732316355    -0.786901953196259    0.226243619153073    0.619214683943771    0    0
2.1    -0.553707609208661    -0.773179405238409    0.306592116495622    0.597806392685033    2.25125922705801e-07    4.60612223031334e-07
2.2    -0.630051798281841    -0.752338523655022    0.396965268518172    0.566013254175454    0    1.91698675308654e-07
2.29999999999999    -0.703879749816824    -0.72254345374769    0.49544670220241    0.522069042554138    4.63435695769906e-07    7.05409072550811e-07
2.39999999999999    -0.77420649340837    -0.682030009302151    0.599395694435691    0.465164933588747    7.67084221615419e-08    2.33596792915328e-07
2.49999999999999    -0.839881794389374    -0.629291704339439    0.705401428546614    0.396008049150558    0    3.478711107352e-07
2.59999999999999    -0.899626494010715    -0.563294318751453    0.809327828725684    0.317300489537666    0    4.34439770493306e-08
2.69999999999999    -0.952090763141829    -0.483694292464224    0.906476821259702    0.233960168562657    0    4.36701912126551e-07
2.79999999999998    -0.995932902817416    -0.391024210818997    0.991882346914703    0.152899933446751    6.14932485877375e-07    3.63096384138203e-07
2.89999999999998    -1.02991325293773    -0.286802049125053    1.06072130857725    0.082255415382493    6.9254338971509e-07    4.04584363505526e-07
2.99999999999998    -1.05299352132072    -0.17352463754941    1.10879535594365    0.0301107998368059    4.90381797310839e-07    3.89684774709069e-07
3.09999999999998    -1.06442862574092    -0.0545227388072196    1.13300829929638    0.00297272904720864    0    4.10300182459342e-07
3.19999999999998    -1.06383721692202    0.0663167062730952    1.13174962410852    0.00439790553107871    3.60411006881232e-07    4.08314589292593e-07
3.29999999999997    -1.05123921802561    0.184923577374368    1.10510389351537    0.0341967294691062    5.17480234926502e-07    4.14998008061457e-07
3.39999999999997    -1.02705383961047    0.297450019990454    1.05483958945863    0.0884765143924602    1.62552477637466e-07    3.72826933956051e-07
3.49999999999997    -0.992058421438601    0.400636588157735    0.984179911547262    0.160509675770849    1.16381789384881e-07    4.23439509820426e-07
3.59999999999997    -0.947315248026323    0.492078156052671    0.897406179143376    0.242140911664439    4.50375117650849e-07    4.91597189663734e-07
3.69999999999997    -0.894078355701111    0.570355024675468    0.799376106133303    0.325304854172549    3.17852631326043e-07    0
3.79999999999996    -0.833694202355737    0.635026752113181    0.695046023041464    0.403258975899528    0    3.33865828848006e-07
3.89999999999996    -0.767508874815212    0.686513542141935    0.589069872920158    0.471300843544655    2.12308866512403e-07    6.22647476666456e-07
3.99999999999996    -0.696791129719566    0.725905666059236    0.485517878455719    0.526939036016894    0    0
4.09999999999996    -0.622676283516367    0.754743990941361    0.387725754053887    0.569638491862042    3.63096384138203e-07    0
4.19999999999995    -0.546131963556411    0.7748073295882    0.298260121618085    0.600326397983914    3.22619603493973e-07    5.62407805525232e-07
4.29999999999995    -0.467943754972201    0.787930036361867    0.218971357817602    0.620833742201468    3.44463475214447e-07    5.04113132477917e-07
4.39999999999995    -0.388717079409161    0.795860648587683    0.151100967824412    0.633394171970658    1.53326359594291e-07    4.99689061555481e-07
4.49999999999995    -0.30889109319674    0.800162324029785    0.0954137074562967    0.640259744796919    1.40181837396523e-07    4.14563052154885e-07
4.59999999999995    -0.228760668842963    0.802149429609015    0.0523314436094977    0.643443707422069    1.33618015307642e-07    3.33200093731253e-08
4.69999999999994    -0.148503262712136    0.802851665600655    0.0220532190361633    0.644570796957847    1.16262484597618e-07    3.18724656644574e-07
4.79999999999994    -0.0682083711648429    0.802996704555861    0.00465238189698224    0.644803707527613    1.45840476339566e-07    1.9964219640157e-07
4.89999999999994    0.0120918706414167    0.803003527044713    0.000146213335628604    0.644814664446662    1.40882838471051e-07    6.42739439791134e-07
4.99999999999994    0.0923917088175938    0.80298067913283    0.00853622785825458    0.644777971060736    1.39803896239807e-07    3.38980947914044e-07
5.09999999999994    0.172680711756332    0.80272607037287    0.0298186282126895    0.644369144056501    1.27138323683899e-07    4.80085721420855e-07
5.19999999999993    0.252912720740869    0.801727432256604    0.0639648443125699    0.642766875633033    1.44712065156959e-07    5.15545722603982e-07
5.29999999999993    0.332974936709594    0.799165074471889    0.110872308476752    0.638664816256167    0    7.12612104488512e-07
5.39999999999993    0.412657558256697    0.793921059681547    0.17028626038639    0.630310649006058    1.03103760652975e-07    4.32647202639519e-07
5.49999999999993    0.491624916506007    0.784601240960811    0.241695058529595    0.615599107317427    2.38010776712943e-07    4.28132948236425e-07
5.59999999999993    0.569389795594013    0.769578460271131    0.324204739326664    0.592251006513297    2.68427782277045e-07    1.1200678630451e-07
5.69999999999992    0.645293509980629    0.74706601761338    0.416403714022968    0.558107634672826    0    3.33033452013537e-07
5.79999999999992    0.718495187224911    0.715229446804526    0.516235334065539    0.511553161576458    4.23177236949293e-07    3.86282247210017e-07
5.89999999999992    0.787974340198837    0.672340705480584    0.620903560811613    0.4520420242464    0    5.20635142361935e-07
5.99999999999992    0.852550879515459    0.616971369106767    0.726843002162692    0.38065367029773    3.30355752667716e-07    5.0168472139634e-07
6.09999999999991    0.910925850940709    0.548210403457776    0.829785905911963    0.300534646459522    0    4.29879776738633e-07
6.19999999999991    0.961744098386987    0.465879171273883    0.924951710782148    0.217043402227084    0    4.93203674657207e-07
6.29999999999991    1.00367671852364    0.37070498413207    1.00736695530609    0.137422185260527    0    4.10695304351263e-07
6.39999999999991    1.03551698413669    0.264409658122375    1.0722954244356    0.0699124673085646    2.40274004587488e-07    4.16400145137864e-07
6.49999999999991    1.05627926722037    0.149675893980352    1.11572589036003    0.0224028732389834    6.59197460430702e-07    4.0719570145179e-07
6.5999999999999    1.06528764428814    0.029973853407385    1.13483776507303    0.000898431888256867    2.25002599813662e-07    4.11656298360297e-07
6.6999999999999    1.06224053076473    -0.0907399917186978    1.12835494519984    0.00823374609727931    7.06509923406225e-07    4.12282524239856e-07
6.7999999999999    1.04724050632718    -0.208408112945071    1.09671267809247    0.0434339415414746    2.33715581020089e-07    3.8596776189597e-07
6.8999999999999    1.02078410275968    -0.319275123611817    1.04200018444666    0.101936604557532    0    4.37511516686344e-07
6.9999999999999    0.983713360055958    -0.420237798204816    0.967691974752227    0.176599807040197    0    4.07097705718075e-07
7.09999999999989    0.937137493512599    -0.509085347559829    0.878226681747119    0.25916789110025    2.05398332358751e-07    3.7096110834195e-07
7.19999999999989    0.882337327592952    -0.584601801962824    0.778519159664221    0.341759266858192    5.91089828917345e-07    1.07195187881128e-07
7.29999999999989    0.820666353965631    -0.646534268172385    0.673493264531381    0.418006559921456    3.71932505796811e-07    5.05103208323666e-07
7.39999999999989    0.753460539260624    -0.695456144944288    0.56770278422277    0.48365924954089    0    3.45067267921847e-07
7.49999999999988    0.68196533864953    -0.732567306913167    0.465076723119537    0.536654859158047    4.10661512002965e-07    1.91698675308654e-07
7.59999999999988    0.607284062770059    -0.759473488023215    0.368793932894597    0.576799979010161    2.95779604334819e-07    1.10509969101782e-07
7.69999999999988    0.530347906505772    -0.777978313040191    0.281268901935143    0.605250255560941    2.96529363723582e-07    2.83122062683105e-07
7.79999999999988    0.451905225204796    -0.789908738943706    0.204218332567411    0.623955815859876    1.17568178758468e-07    4.90721279384944e-07
7.89999999999988    0.372526198644258    -0.796982394839818    0.138775768676351    0.635180937684652    9.94031434068556e-08    1.97966847651995e-07
7.99999999999987    0.292618671764035    -0.800715967730512    0.0856256870649853    0.641146060978822    1.93643442069993e-07    4.59647083735084e-07
8.09999999999987    0.212451359884361    -0.802368130845147    0.045135580316731    0.643794617396029    1.29905311570784e-07    3.04837115786654e-07
8.19999999999987    0.132181399295443    -0.80290814087213    0.0174719223197265    0.644661482678962    1.58882648588241e-07    4.71569371177157e-07
8.29999999999987    0.0518841275849967    -0.803001226478369    0.00269196269527587    0.644810969726022    1.40189571438856e-07    5.07405872463626e-07
8.39999999999987    -0.0284161968249972    -0.803003317429433    0.000807480242016533    0.644814327802595    1.39821731979775e-07    0
8.49999999999986    -0.108715384792168    -0.802959808488185    0.01181903489053    0.644744454047606    1.44508135424303e-07    4.72157583169784e-07
8.59999999999986    -0.188998254683352    -0.802605481130648    0.0357203402733729    0.644175558340973    1.40330256535391e-07    1.15423898285848e-07
8.69999999999986    -0.269207594678039    -0.801365214933589    0.0724727290323417    0.642186207705757    7.96376106382607e-08    4.47407209754063e-07
8.79999999999986    -0.349213314175947    -0.798357635843818    0.121949938797748    0.63737491470999    0    0
8.89999999999985    -0.428782288181477    -0.792406314075908    0.183854250658196    0.627907766587746    2.30607204743358e-07    6.16555239724434e-07
8.99999999999985    -0.507549975716603    -0.782065385124461    0.257606977849948    0.611626266609925    1.53778250817584e-07    2.32763578769763e-07
9.09999999999985    -0.584995672591316    -0.765668165454627    0.342219936950565    0.586247739590664    0    1.04838961954939e-07
9.19999999999985    -0.660424154792109    -0.741407838125525    0.436160064232847    0.54968558243408    0    3.39471869167522e-07
9.29999999999985    -0.732957319344099    -0.707457707336048    0.537226431979879    0.500496407669179    0    2.58095682795178e-08
9.39999999999984    -0.801539978059574    -0.662133905388144    0.642466336427645    0.438421308664895    0    5.82385726149762e-07
9.49999999999984    -0.864963865854457    -0.60409515996162    0.748162489233821    0.36493096228927    0    4.63555462071368e-07
9.59999999999984    -0.92191282932951    -0.532562638895423    0.849923264882503    0.283622964347303    4.00949241133741e-07    2.1683621720754e-07
9.69999999999984    -0.971029813921675    -0.447529948987423    0.942898899524951    0.200283055240864    4.3367243441508e-07    4.23078842705696e-07
9.79999999999984    -1.0110027113064    -0.349922916677552    1.02212648226903    0.122446047616321    3.59176718985854e-07    4.43403450452641e-07
9.89999999999983    -1.04066186047368    -0.241665872459094    1.08297710784412    0.0584023939115611    0    3.8184679860227e-07
9.99999999999983    -1.0590780059247    -0.125620181665422    1.12164622263311    0.0157804300418317    0    4.22126515931347e-07
10.0999999999998    -1.06564709114621    -0.00538281114695566    1.13560372286816    2.89746560141674e-05    0    4.12767802420716e-07
10.1999999999998    -1.06014854678655    0.115036384194593    1.12391494125408    0.0132333696887318    6.73855486786068e-07    4.07193571360525e-07
10.2999999999998    -1.04276718080589    0.231609374738494    1.08736339336576    0.0536429024669113    0    3.9391311920165e-07
10.3999999999998    -1.0140748155868    0.340687900126468    1.02834773160725    0.116068245292715    0    3.64545876464995e-07
10.4999999999998    -0.974974910856476    0.439334979613125    0.950576076799439    0.193015224311863    0    4.44481931277354e-07
10.5999999999998    -0.92661961612362    0.525538376251068    0.858623912985339    0.27619058491273    5.04003003993266e-07    3.47711500214876e-07
10.6999999999998    -0.870312414097824    0.598284435918917    0.757443698132987    0.357944266263044    4.52097399719896e-07    4.76429530344849e-07
10.7999999999998    -0.807410074651878    0.657502016604014    0.651911028649401    0.432308901838648    2.24013572609021e-07    5.50436066605564e-07
10.8999999999998    -0.739235414444752    0.703909310762742    0.546468997969211    0.495488317778816    0    5.80810869416503e-07
10.9999999999998    -0.667008452835386    0.738806566846721    0.444900276153831    0.545835143215935    0    3.09894000635824e-07
11.0999999999998    -0.591799264577192    0.763855722689566    0.350226369554111    0.583475565085604    7.70694049655542e-08    6.58017461473334e-08
11.1999999999998    -0.514502182133724    0.780877974390011    0.264712495420588    0.60977041088769    4.72745063281515e-07    4.92865902439988e-07
11.2999999999998    -0.435828538047215    0.791687403583398    0.189946514576403    0.626768944993105    1.72251880492224e-07    6.95263334947121e-07
11.3999999999998    -0.356313937631624    0.797966967932491    0.126959622150574    0.636751281911448    1.45429531454616e-07    2.7293948954365e-07
11.4999999999998    -0.276335883452205    0.801184555392294    0.0763615204833474    0.641896691799234    1.91118647730062e-07    2.92571692408202e-07
11.5999999999998    -0.196138079173852    0.80254187763027    0.0384701461020289    0.644073465350689    1.44039205679157e-07    6.08489423665268e-07
11.6999999999998    -0.115858575926788    0.802947168786411    0.0134232096158043    0.644724155862401    1.45166872206321e-07    5.36338312709784e-07
11.7999999999998    -0.0355598241165175    0.80300301344023    0.00126450109121784    0.644813839594274    1.42037379535022e-07    4.27743795347432e-07
11.8999999999998    0.0447405123407911    0.803002248986343    0.00200171344453633    0.644812611877034    1.40893131189819e-07    0
11.9999999999998    0.125038525212716    0.802927116860827    0.0156346327873914    0.644691954990404    1.43023981306348e-07    0
12.0999999999998    0.205312999703782    0.802449292770894    0.0421534278473819    0.6439248674685    1.28724817508243e-07    0
12.1999999999998    0.285494394447409    0.800930939848696    0.0815070492609114    0.641490370407183    1.3677447848533e-07    5.16513884438187e-07
12.2999999999998    0.365434077580305    0.797429440155554    0.133542065056973    0.635893712026723    7.30004829997771e-08    0
12.3999999999998    0.444874421500415    0.790710901499741    0.197913250905323    0.625223729750458    0    0
12.4999999999998    0.523420981282155    0.779279720083956    0.273969523646399    0.607276882134335    1.59100864112844e-07    4.54424341975954e-07
12.5999999999998    0.600518793748636    0.76143299528163    0.360622821645322    0.57978020630354    7.30004829997771e-08    0
12.6999999999998    0.675435736956804    0.735348751815738    0.456213434758334    0.540737786797243    0    5.28938750901784e-07
12.7999999999998    0.747256702983125    0.699214804720015    0.558392580152881    0.488901343139551    0    0
12.8999999999998    0.814892784419304    0.651399772126182    0.664050250098634    0.424321663126293    0    5.00355165910149e-07
12.9999999999998    0.877109405399535    0.590658719266081    0.769320909040322    0.348877722645225    0    4.22389441223692e-07
13.0999999999998    0.932575991102103    0.516353831313621    0.869697979180376    0.266621279112386    5.53854332567626e-07    3.60795855903722e-07
13.1999999999998    0.979937160210141    0.428657710727545    0.960276837960707    0.183747432966333    0    3.91598717153606e-07
13.2999999999998    1.01790166650574    0.328697557339466    1.03612380267475    0.108042084201124    0    4.38477903992278e-07
13.3999999999998    1.04534100972028    0.218597720251716    1.09273782660309    0.0477849632994024    2.7028258364226e-07    3.93904311458087e-07
13.4999999999998    1.06138585664118    0.10138984304492    1.12653993667778    0.0102799002728446    0    4.13637252233878e-07
13.5999999999998    1.06550646047695    -0.0192158068975416    1.13530401731833    0.000369247234894179    4.64811145081586e-07    4.13002448641784e-07
13.6999999999998    1.05756418497722    -0.139172539745825    1.1184420053468    0.0193689958194674    5.29987193458639e-07    4.05025752550653e-07
13.7999999999998    1.03782529639082    -0.254498509421452    1.07708134582881    0.0647694912979023    3.20980835386187e-07    4.02055310107232e-07
13.8999999999997    1.00693458678742    -0.361666458168865    1.01391726206893    0.130802626964561    4.21731820645479e-07    3.87000111139433e-07
13.9999999999997    0.965853462729623    -0.457914543563549    0.932872911466606    0.209685729207199    0    4.30363748569848e-07
14.0999999999997    0.915772937902784    -0.541432096402626    0.838640073795327    0.293148715015132    4.81009852634936e-07    4.35651955188624e-07
14.1999999999997    0.8580150626015    -0.611405346595823    0.736189847650855    0.373816497846227    0    5.18069895094409e-07
14.2999999999997    0.793936254296765    -0.667938425404399    0.630334775886705    0.446141740131856    0    3.85347024827771e-07
14.3999999999997    0.724843323965183    -0.711885613808652    0.525397844297078    0.506781127148076    4.27484163277777e-07    5.95860154126054e-07
14.4999999999997    0.651928908384796    -0.744638323339294    0.425011301587658    0.554486232585742    0    4.32133674621582e-07
14.5999999999997    0.576228790126722    -0.76790627060508    0.332039618570898    0.589680040434739    0    3.69686968030193e-07
14.6999999999997    0.498600152993023    -0.783521328016889    0.248602112564735    0.613905671457452    2.61514317613605e-07    3.20980835386187e-07
14.7999999999997    0.419717621367405    -0.793279586173557    0.176162881686232    0.629292501839815    0    3.52625833934523e-07
14.8999999999997    0.340082966733127    -0.798825887290531    0.115656424261982    0.638122798205389    0    0
14.9999999999997    0.260044363077256    -0.801577238943269    0.067623070768269    0.642526069991861    1.14336678782275e-07    0
15.0999999999997    0.17982167196234    -0.802677292136115    0.0323358337073411    0.644290835311059    9.8948366830449e-08    3.05201100532175e-07
15.1999999999997    0.0995351050001238    -0.802972778955024    0.00990723712740705    0.644765283742615    1.46244335737553e-07    0
15.2999999999997    0.0192355005761276    -0.803003486574545    0.00037000448243428    0.644814599450624    1.41687346880997e-07    0
15.3999999999997    -0.0610647889811658    -0.802999132753119    0.00372890845333364    0.644807607202302    1.39027776541965e-07    2.02403630423637e-07
15.4999999999997    -0.141360852497067    -0.802878806348753    0.0199828906187142    0.644614377683929    1.29370058731626e-07    0
15.5999999999997    -0.221624159445621    -0.802251112116874    0.049117268049995    0.643606846892928    1.30942761680647e-07    4.08764681945598e-07
15.6999999999997    -0.301771565646115    -0.800415675310207    0.0910660778325141    0.640665253282444    8.00720798231836e-08    3.85563046721685e-07
15.7999999999997    -0.381634658112549    -0.796369168033322    0.14564501227275    0.634203851794184    2.59329442440824e-07    3.12391747433493e-07
15.8999999999997    -0.460930150170169    -0.788821427783342    0.212456603335907    0.622239244930324    1.10760843361307e-07    4.17099446126175e-07
15.9999999999997    -0.539232703715766    -0.776229329729164    0.290771908756661    0.602531972332417    2.13871897673716e-07    7.93687938784705e-07
16.0999999999997    -0.6159523963364    -0.756857378141412    0.379397354552701    0.572833090847168    3.84842502181082e-07    2.75167603978804e-07
16.1999999999997    -0.690319953158356    -0.728873758396369    0.476541637728669    0.53125695567891    3.38161162075705e-07    2.49788978908065e-07
16.2999999999997    -0.761383627509233    -0.690487887154575    0.579705028239218    0.476773522307332    3.16452392661501e-07    3.77928818850887e-07
16.3999999999998    -0.828021946196195    -0.640129431354918    0.68562034338246    0.409765688887    0    4.79275644900661e-07
16.4999999999998    -0.888976074786595    -0.576659021986327    0.790278461543065    0.332535627638362    2.90477107310562e-07    3.67352158892782e-07
16.5999999999998    -0.942903971407147    -0.499588404879675    0.88906789929544    0.249588574290364    2.65307632308675e-07    3.82527639061017e-07
16.6999999999998    -0.98845563057899    -0.409275282790906    0.977044533623142    0.167506257103733    0    3.96073873639167e-07
16.7999999999998    -1.02436478346647    -0.307050095015495    1.04932320960623    0.0942797608492334    0    4.56800194262544e-07
16.8999999999998    -1.04954812226623    -0.195233520528387    1.10155126095301    0.0381161275380846    6.60543449500248e-07    4.20050228173433e-07
16.9999999999999    -1.06319960357322    -0.0770179463587212    1.13039339703818    0.00593176406148409    0    4.11369514143612e-07
17.0999999999999    -1.06486594992981    0.0437873876747969    1.1339394913201    0.0019173353195543    4.12145754275898e-07    4.13933335365218e-07
17.1999999999999    -1.05449103652561    0.163115782012454    1.11195134611265    0.0266067583416936    0    3.99067104618477e-07
17.2999999999999    -1.03242148193545    0.277047912112048    1.06589411636199    0.0767555456058421    4.40278253039544e-07    4.44107104564495e-07
17.3999999999999    -0.999372453574111    0.382190525301052    0.998745300962793    0.146069597630123    2.36078791584892e-07    4.79304599780307e-07
17.4999999999999    -0.95635966293525    0.47596464315842    0.914623804889608    0.226542341537122    0    4.4619585821801e-07
17.6    -0.904608868607944    0.556762998830832    0.818317205164199    0.309985036867474    2.35608045769362e-07    6.11447138796578e-07
17.7    -0.845456657134804    0.62396831662264    0.714796959093579    0.389336460149033    1.4253799967251e-07    3.76457127829188e-07
17.8    -0.780255600999612    0.677852919548777    0.608798802891134    0.459484580541149    0    5.9076104119256e-07
17.9    -0.71029382928452    0.719398240318012    0.504517323919601    0.517533828172866    0    4.62536460017227e-07
18    -0.636734836055381    0.750077715304245    0.405431251446306    0.562616578996053    0    1.31181008083068e-07
18.1    -0.560579224020592    0.77164068316728    0.314249066403478    0.595429343919061    0    4.41537272632988e-07
18.2    -0.482646878655492    0.785923153052862    0.232948009475792    0.617675202504773    0    4.70036575066671e-07
18.3000000000001    -0.403576131182886    0.794698466127304    0.162873693660548    0.631545652065122    5.29463231695887e-08    1.7850322351919e-07
18.4000000000001    -0.323835726755811    0.799570211166562    0.104869577923479    0.639312522585276    1.18450172957664e-07    5.78944151999426e-07
18.5000000000001    -0.243745564503392    0.80190266496707    0.0594119002151126    0.643047884081748    1.88725574336802e-07    6.78043770340291e-07
18.6000000000001    -0.163502854182631    0.802780472358545    0.0267331833258941    0.644456486800055    1.65744022412782e-07    0
18.7000000000001    -0.0832112223621528    0.802988471160495    0.00692410752702307    0.644790484817002    1.39393822152979e-07    5.77311832541541e-07
18.8000000000001    -0.00291117327240308    0.803003536399354    8.47492984230521e-06    0.644814679469826    1.42657548418698e-07    0
18.9000000000002    0.0773889689819315    0.802992249090401    0.00598905252010856    0.644796552098837    1.48991237864303e-07    0
19.0000000000002    0.157682006461531    0.80281054926153    0.0248636151617663    0.644504778006007    1.78813934326172e-07    6.38493457008259e-07
19.1000000000002    0.237930811209407    0.802004022854236    0.0566110709227876    0.643210452674434    1.45357944183995e-07    2.35843536128766e-07
19.2000000000002    0.318037367103752    0.799809987375152    0.101147766874317    0.639696015905147    1.74930049208908e-07    3.25275658859954e-07
19.3000000000002    0.397812252079181    0.795165045780488    0.158254587904286    0.632287450031034    0    0
19.4000000000002    0.476945389919768    0.786724134725729    0.227476904965757    0.618934864159906    1.94072965944277e-07    0
19.5000000000002    0.554979607772665    0.772899082489205    0.308002365043532    0.597372991712729    1.75682099499577e-07    2.72328658141152e-07
19.6000000000003    0.631289400658518    0.751925746455326    0.39852630738382    0.565392328182416    1.70062664307852e-07    1.2687881563549e-07
19.7000000000003    0.705068197598195    0.721968155449473    0.497121163264028    0.521238017483302    0    4.33416353829175e-07
19.8000000000003    0.775328126996305    0.6812647572711    0.601133704511712    0.464121669499887    3.36845354898492e-07    4.86916960999206e-07
19.9000000000003    0.840916479702729    0.628315049074049    0.707140525835653    0.394779800893088    1.49754816608442e-07    4.04189705551232e-07
20.0000000000003    0.900552402552675    0.562094442485915    0.810994629743349    0.315950162273671    0    3.45228100961539e-07
20.1000000000003    0.952885511346641    0.482272441704264    0.90799079773479    0.232586708027512    6.63896483479305e-07    3.46071248128819e-07
20.2000000000004    0.996574995983268    0.38939723120385    0.993161722619393    0.151630203669355    5.84573902068527e-07    3.60911230587449e-07
20.3000000000004    1.030383707698    0.285003307154975    1.06169058508954    0.0812268850894298    2.5852548439648e-07    3.9560057268503e-07
20.4000000000004    1.05327747565161    0.171602783548388    1.10939344071524    0.0294475153217203    4.58800921390672e-07    4.06829161741077e-07
20.5000000000004    1.06451670858447    0.0525381512350393    1.1331958228558    0.00276025733536996    5.33536487518792e-07    4.17247584782016e-07
20.6000000000004    1.06372645906985    -0.0682974320397869    1.13151397972516    0.00466453922340234    0    4.15962485016232e-07
20.7000000000004    1.05093334817895    -0.186834233376889    1.10446090231483    0.0349070307616832    4.49017261663656e-07    3.91846710214159e-07
20.8000000000005    1.02656291316565    -0.299231320391857    1.05383141468737    0.0895393831036193    4.68380261823586e-07    4.06244572407472e-07
20.9000000000005    0.99139784763515    -0.402241492698399    0.982869692295606    0.161798218448439    0    4.50159369079115e-07
21.0000000000005    0.946504381125202    -0.493475168474005    0.895870543489231    0.243517741900594    1.71201307968439e-07    3.82636461112167e-07
21.1000000000005    0.893138872347865    -0.571529165848179    0.797697045298501    0.326645587415265    0    3.87430191040039e-07
21.2000000000005    0.83264849090602    -0.635978421151589    0.693303509407957    0.404468552170526    0    2.41081262936643e-07
21.3000000000005    0.766378621207502    -0.68725584163271    0.587336191043813    0.472320591858716    0    6.56412641451262e-07
21.4000000000005    0.695596217721372    -0.726460912527194    0.483854098107997    0.527745457429933    0    2.99138723312091e-07
21.5000000000006    0.621434056319245    -0.755140078599809    0.386180286353454    0.570236538307742    2.5299082467481e-07    1.26440545532682e-07
21.6000000000006    0.544856835050551    -0.775074438004976    0.296868970701353    0.600740384448759    2.21270954682194e-07    1.72493411642167e-07
21.7000000000006    0.466647120674775    -0.788097958919279    0.217759535234011    0.621098392852864    0    3.59640073363399e-07
21.8000000000006    0.387407459404865    -0.795956824705135    0.150084539602457    0.63354726679452    0    0
21.9000000000006    0.307574438350914    -0.800210524578569    0.094602035126866    0.640336883646537    0    4.77651370311517e-07
22.0000000000006    0.227440770899846    -0.802168969091707    0.0517293042675196    0.643475054973871    5.84288952550222e-08    4.67074752409979e-07
22.1000000000007    0.147182223069227    -0.802856990058683    0.0216626067876178    0.644579346486497    1.34704148260985e-07    6.39535895999519e-07
22.2000000000007    0.0668870980437495    -0.802997214912305    0.00447388388473404    0.64480452715659    1.41008512089328e-07    0
22.3000000000007    -0.0134131542442395    -0.803003522735095    0.000179912706800479    0.644814657525165    1.4394197876776e-07    4.39142049202066e-07
22.4000000000007    -0.0937129542504067    -0.802979347250736    0.00878211779436139    0.64477583211138    1.50246319731587e-07    4.02607205096075e-07
22.5000000000007    -0.174001533493853    -0.80271748769057    0.0302765336582396    0.644355365044356    1.64483273712965e-07    3.08097498538127e-07
22.6000000000007    -0.254231886184427    -0.801700587090275    0.0646338519529378    0.642723831341226    2.15681118162425e-07    5.78176575722879e-07
22.7000000000007    -0.334289860413931    -0.799103945267425    0.11174971077557    0.638567115342269    6.62222088673382e-08    5.52750736206514e-07
22.8000000000008    -0.413963811293804    -0.793804857618676    0.171366037060988    0.630126151979146    3.09849215029602e-07    3.73422029201438e-07
22.9000000000008    -0.492915772359888    -0.784404922607025    0.242965958641261    0.615291082610174    3.40043714858414e-07    2.02129184696831e-07
23.0000000000008    -0.570655847461248    -0.769273667321639    0.325648096241674    0.59178197523458    0    3.10073078374338e-07
23.1000000000008    -0.646522409398119    -0.746622587523874    0.417991225854061    0.557445288201081    3.33533127391329e-07    4.86517778554991e-07
23.2000000000008    -0.719671567148846    -0.714617603475514    0.517927164562671    0.510678319197315    4.41411532270867e-07    4.78464196860859e-07
23.3000000000008    -0.789079992405397    -0.67153394623267    0.622647234414756    0.450957840943024    5.0543280262192e-07    4.49017261663656e-07
23.4000000000009    -0.85356525035559    -0.615949905615983    0.728573636614485    0.379394286228328    0    0
23.5000000000009    -0.911826895691982    -0.546964814574332    0.831428287707214    0.299170508382569    0    4.84860521659969e-07
23.6000000000009    -0.962509489201089    -0.464413712121768    0.926424516802096    0.215680096006867    0    3.8296274172951e-07
23.7000000000009    -1.00428533720173    -0.36903984882992    1.00858903851811    0.136190410024557    0    3.83831467401721e-07
23.8000000000009    -1.03595055928438    -0.262581496833438    1.07319356128176    0.0689490424794652    3.85130881766083e-07    4.20297943137568e-07
23.9000000000009    -1.05652395428822    -0.147736101638611    1.11624286598513    0.0218259557275524    5.70541313859124e-07    4.22483890032694e-07
24.000000000001    -1.06533531834631    -0.0279845699586295    1.13493934051602    0.000783136155943807    0    4.17589272608871e-07
24.100000000001    -1.06208958212405    0.092711699502941    1.12803428045649    0.00859545922489776    2.43486980175498e-07    4.17294874118415e-07
24.200000000001    -1.04689600135012    0.210296938855328    1.09599123764271    0.0442248024920679    0    3.82273600469986e-07
24.300000000001    -1.02025728129649    0.321023897509186    1.04092492003849    0.103056342772164    0    4.1952128072209e-07
24.400000000001    -0.983020557945227    0.421802447566557    0.966329417343024    0.177917304773265    2.81549150164294e-07    3.566175086431e-07
24.500000000001    -0.936298671418646    0.510437729989515    0.876655202100554    0.260546676197056    4.82392730004747e-07    4.54912707879357e-07
24.600000000001    -0.881374433293815    0.585730217199637    0.776820891664002    0.343079887340858    9.12506037497214e-08    3.5223205845275e-07
24.7000000000011    -0.819601738624198    0.647441952011053    0.671747009956068    0.419181081223992    5.10242392667053e-07    3.30943350710166e-07
24.8000000000011    -0.752315600039099    0.696158369759078    0.565978762062287    0.484636475785773    3.13456117629448e-07    3.944588152155e-07
24.9000000000011    -0.680759490780037    0.733087812445495    0.463433484287096    0.537417740756431    3.79906558513104e-08    5.56753328212184e-07
25.0000000000011    -0.606034074737526    0.759840882166361    0.367277299742976    0.577358166211421    8.0934021556379e-08    2.60237592407658e-07
25.1000000000011    -0.529067577174808    0.778222890851572    0.279912501217682    0.605630867845507    2.4519089865542e-07    3.59022134636544e-07
25.2000000000011    -0.450605347616357    0.790059952240509    0.203045179300445    0.624194728134611    0    5.79040027491017e-07
25.3000000000012    -0.371214741540296    0.797067024348192    0.137800384336765    0.635315841303159    0    0
25.4000000000012    -0.291301111299916    0.800756927674789    0.0848563374445817    0.641211657219087    1.25171971443381e-07    0
25.5000000000012    -0.211131104841499    0.802383770672437    0.0445763434316154    0.643819715438782    1.5253232857267e-07    5.14467850376131e-07
25.6000000000012    -0.130860267618569    0.80291188856594    0.0171244096412166    0.64466750080065    1.14564033707096e-07    3.55135658020168e-07
25.7000000000012    -0.0505628468463223    0.80300144889647    0.00255660148122439    0.644811326930016    1.40518646326052e-07    4.32133674621582e-07
25.8000000000012    0.0297374805582536    0.803003274172189    0.000884317749973307    0.644814258331477    1.44215608914473e-07    4.70272715033874e-07
25.9000000000012    0.11003659559302    0.802957642534717    0.0121080523697263    0.644740975705048    1.56073659051316e-07    3.72081726467126e-07
26.0000000000013    0.190318875372624    0.802594229028528    0.0362212743231177    0.64415749646979    1.31445219847391e-07    0
26.1000000000013    0.270526157919665    0.801332842326467    0.073184402118802    0.642134324191131    1.6272313645364e-07    3.42888638347502e-07
26.2000000000013    0.35052689818544    0.798287121808617    0.122869106351572    0.637262328845828    2.56937028475409e-07    5.84383951161134e-07
26.3000000000013    0.430086031592191    0.792275952060394    0.184973994570665    0.627701184213314    0    3.32031845378238e-07
26.4000000000013    0.508836634558967    0.781849366481625    0.258914720669368    0.611288431867828    2.69253715866695e-07    3.30859472024061e-07
26.5000000000013    0.586255257812122    0.765337622561189    0.343695227312479    0.585741676507636    3.47392059173428e-07    1.54857409677107e-07
26.6000000000014    0.661643702909776    0.740932485122139    0.437772389600085    0.54898094750919    0    0
26.7000000000014    0.734120861575408    0.706808181887442    0.538933439400205    0.499577805983159    0    3.56461814460328e-07
26.8000000000014    0.802628777765615    0.661284777312762    0.644212954897736    0.437297556705568    4.58558873934421e-07    0
26.9000000000014    0.86595698512437    0.603028456222366    0.749881500085721    0.363643319014159    1.80666977956625e-07    4.77941824196864e-07
27.0000000000014    0.922788057469199    0.53127147601185    0.851537799007936    0.282249381224016    3.97752160282109e-07    4.53874302223862e-07
27.1000000000014    0.971764941216098    0.446021688348993    0.944327100976902    0.198935346477797    4.18560859715585e-07    3.33200093731253e-07
27.2000000000015    1.01157706479956    0.348221124469311    1.02328815802802    0.121257951526831    0    3.9902363278264e-07
27.3000000000015    1.04105794734149    0.239810413262505    1.08380164972314    0.0575090343093184    5.21966215614587e-07    4.29879776738633e-07
27.4000000000015    1.05928305389205    0.12366503042589    1.12208058826239    0.01529303975041    0    4.16797808361255e-07
27.5000000000015    1.0656542554764    0.00339162431954484    1.13561899221553    1.15031157013662e-05    7.62438702909114e-07    4.20045459114502e-07
27.6000000000015    1.05995758480115    -0.116996346957821    1.1235100815772    0.0136881452016507    0    4.19386871459711e-07
27.7000000000015    1.04238447618194    -0.2334739785362    1.08656539618526    0.0545100986536847    3.93119631954221e-07    4.03339023127077e-07
27.8000000000015    1.01351274812192    -0.342402297421628    1.02720809060602    0.117239333279807    6.18891705790019e-07    4.44700434294094e-07
27.9000000000016    0.974250681978022    -0.440858184843808    0.949164391334908    0.194355939143967    5.16083814518122e-07    4.36161340870005e-07
28.0000000000016    0.925753724878145    -0.526845623243572    0.857019959126017    0.277566310731023    5.0674903610742e-07    3.39308307669631e-07
28.1000000000016    0.869327013633939    -0.599367239932346    0.755729456633776    0.359241088304266    2.72124742981042e-07    3.83976063928757e-07
28.2000000000016    0.806327422637717    -0.65836632874042    0.650163912497573    0.433446222819269    0    3.61410761941519e-07
28.3000000000016    0.738076576680066    -0.704572424078982    0.54475703304365    0.496422300772681    0    3.84626075599799e-07
28.4000000000016    0.665792348502624    -0.739293496548659    0.44327945132474    0.546554874039109    3.16978207024673e-07    0
28.5000000000017    0.590542074138831    -0.764195657673556    0.34873994132811    0.583995003207031    0    0
28.6000000000017    0.513217087887466    -0.781101222697006    0.263391779299589    0.61011912009898    0    4.72157583169784e-07
28.7000000000017    0.434525737976006    -0.791822999633575    0.188812616963567    0.626983662748878    0    4.05492330318325e-07
28.8000000000017    0.355000862713006    -0.798040984791921    0.126025612526972    0.636869413407757    0    3.13456117629448e-07
28.9000000000017    0.275017552486483    -0.801219020863929    0.0756346541756831    0.641951919394364    1.67265119557408e-07    4.59405482097506e-07
29.0000000000017    0.194817537327347    -0.802554165268466    0.0379538728503274    0.644093188189797    1.87730237676153e-07    1.81586408718734e-07
29.1000000000017    0.114537378205251    -0.802949678422572    0.013118811006157    0.644728186078861    1.55923537401558e-07    0
29.2000000000018    0.034238538228126    -0.803003079562273    0.00117227750002042    0.644813945786545    1.46874619269326e-07    2.24508630831828e-07
29.3000000000018    -0.0460617963168873    -0.803002084243917    0.00212168907995988    0.64481234730039    1.46519863421145e-07    5.61617629082285e-07
29.4000000000018    -0.126359681662941    -0.802923798735747    0.0159667691499818    0.644686626576281    1.48381637533415e-07    1.97123833825036e-07
29.5000000000018    -0.206633355887321    -0.802434821118726    0.0426973437652921    0.643901642143782    1.88909320436539e-07    0
29.6000000000018    -0.286812226382808    -0.800892269941588    0.0822612532026737    0.641428428052654    1.02021276486137e-07    6.82287706341927e-07
29.7000000000018    -0.366746104865045    -0.797348562946051    0.134502705433777    0.635764730832597    3.0742110365298e-07    6.81473617391534e-07
29.8000000000019    -0.446175330279087    -0.790565212323628    0.199072425349741    0.624993354936209    2.97603833626974e-07    0
29.9000000000019    -0.524702993394909    -0.779042689885528    0.275313231277615    0.606907512664169    1.9285349705137e-07    2.98953095789833e-07
