0.75 0 18
1.5 0 62
2.25 0 98
3 0 210
3.75 0 350
4.5 0 450
5.25 0 602
6 0 762
6.75 0 1142
7.5 0 1250
8.25 0 1458
9 0 1814
9.75 0 2178
10.5 0 2498
11.25 0 2622
12 0 3338
12.75 0 3722
13.5 0 4170
14.25 0 4358
15 0 5034
15.75 0 5714
16.5 0 5982
17.25 0 6602
18 0 7130
18.75 0 8034
19.5 0 8606
20.25 0 9066
21 0 9962
21.75 0 10550
22.5 0 11226
23.25 0 12146
24 0 12303
24.75 0 12584
25.5 0 12120
26.25 0 11180
27 0 11096
27.75 0 10056
28.5 0 9716
29.25 0 8604
30 0 8060
30.75 0 7320
31.5 0 6356
32.25 0 5348
33 0 4308
33.75 0 3563
34.5 0 2448
35.25 0 1868
36 0 1358
36.75 0 1062
37.5 0 776
38.25 0 432
39 0 200
39.75 0 168
40.5 0 56
41.25 0 7

0.75 1.83831549213076e-54 18
1.5 2.419384635064028e-54 62
2.25 3.128024710398501e-54 98
3 7.016750449096673e-54 210
3.75 6.180699464932628e-54 350
4.5 1.099924875347612e-53 450
5.25 1.2042214734827e-53 602
6 1.382132361200349e-53 762
6.75 1.900049129859015e-53 1142
7.5 1.900884137264154e-53 1250
8.25 1.959420415469618e-53 1458
9 2.511384969560033e-53 1814
9.75 2.817140561735163e-53 2178
10.5 3.437511320418472e-53 2498
11.25 3.472328001303913e-53 2622
12 4.289502418384202e-53 3338
12.75 4.893556022031293e-53 3722
13.5 5.243849607298745e-53 4170
14.25 5.876059827384425e-53 4358
15 6.543272032664818e-53 5034
15.75 7.551148686153138e-53 5714
16.5 8.583478536290711e-53 5982
17.25 9.487525810879637e-53 6602
18 1.026671331047965e-52 7130
18.75 1.178239670695071e-52 8034
19.5 1.337220427447432e-52 8606
20.25 1.548009464950774e-52 9066
21 1.722243811868657e-52 9962
21.75 1.991267284773236e-52 10550
22.5 2.117874554326982e-52 11226
23.25 2.347635154182171e-52 12146
24 2.56316883066937e-52 12303
24.75 2.751047293642031e-52 12584
25.5 2.720043817440345e-52 12120
26.25 2.55762057333065e-52 11180
27 2.651580201315107e-52 11096
27.75 2.563386557663735e-52 10056
28.5 2.528687861660086e-52 9716
29.25 2.318907762847806e-52 8604
30 2.33995212891987e-52 8060
30.75 2.196875770408743e-52 7320
31.5 2.055430427916764e-52 6356
32.25 1.780090915358353e-52 5348
33 1.529302788810884e-52 4308
33.75 1.299933163305582e-52 3563
34.5 9.793223584957695e-53 2448
35.25 7.576514207354797e-53 1868
36 5.447669510511369e-53 1358
36.75 4.500912295202251e-53 1062
37.5 3.605018055892259e-53 776
38.25 1.895253462603644e-53 432
39 8.626731752114965e-54 200
39.75 8.145187546772726e-54 168
40.5 3.020897042725599e-54 56
41.25 3.059684259706877e-55 7

0.75 1.536009009835413e-54 18
1.5 3.06427515430816e-54 62
2.25 4.256124938742115e-54 98
3 7.105416188895429e-54 210
3.75 1.039474671413784e-53 350
4.5 1.000606456158797e-53 450
5.25 1.173202216711929e-53 602
6 1.131403663570452e-53 762
6.75 1.948407602939035e-53 1142
7.5 1.729866173098599e-53 1250
8.25 2.251840303031371e-53 1458
9 2.329852547402373e-53 1814
9.75 2.885356225760512e-53 2178
10.5 3.503456174192602e-53 2498
11.25 3.455351911960554e-53 2622
12 4.588316119576909e-53 3338
12.75 4.896872000330305e-53 3722
13.5 5.627808738708867e-53 4170
14.25 5.613026516440388e-53 4358
15 6.833916693160087e-53 5034
15.75 7.628157111103229e-53 5714
16.5 7.901770000181237e-53 5982
17.25 9.316537015647938e-53 6602
18 1.068941002738396e-52 7130
18.75 1.253538898539844e-52 8034
19.5 1.394847196421908e-52 8606
20.25 1.574029009448631e-52 9066
21 1.738704981676717e-52 9962
21.75 1.897582941377614e-52 10550
22.5 2.090548057279925e-52 11226
23.25 2.544940014988728e-52 12146
24 2.535414305365558e-52 12303
24.75 2.722454685181327e-52 12584
25.5 2.710807685694963e-52 12120
26.25 2.631558098771032e-52 11180
27 2.734190751965689e-52 11096
27.75 2.567560299130384e-52 10056
28.5 2.577426232948024e-52 9716
29.25 2.425931867647836e-52 8604
30 2.328349190005069e-52 8060
30.75 2.255203827509713e-52 7320
31.5 2.097648923183338e-52 6356
32.25 1.796067910692371e-52 5348
33 1.550316102395336e-52 4308
33.75 1.324033108379652e-52 3563
34.5 9.747215817052133e-53 2448
35.25 7.678879094368326e-53 1868
36 5.923976781756175e-53 1358
36.75 4.560332024798429e-53 1062
37.5 3.758791412449969e-53 776
38.25 2.084414121706873e-53 432
39 8.284099735997343e-54 200
39.75 9.049197387141668e-54 168
40.5 2.811366745832962e-54 56
41.25 3.975964135051144e-55 7

0.75 6.849647842722919e-55 18
1.5 2.484512074916401e-54 62
2.25 5.205912283458016e-54 98
3 8.566013469223987e-54 210
3.75 1.028701567467451e-53 350
4.5 8.34803398464564e-54 450
5.25 1.24152544211527e-53 602
6 1.501784206215038e-53 762
6.75 2.162576396444346e-53 1142
7.5 2.013099492644067e-53 1250
8.25 2.416807824073041e-53 1458
9 2.804956356690937e-53 1814
9.75 2.903468832323761e-53 2178
10.5 2.89807030691897e-53 2498
11.25 3.282954165200513e-53 2622
12 4.336916261295931e-53 3338
12.75 4.914804362175725e-53 3722
13.5 5.392383904190255e-53 4170
14.25 5.613939732918364e-53 4358
15 6.307691426219647e-53 5034
15.75 7.652106983302709e-53 5714
16.5 8.531018835523001e-53 5982
17.25 9.645802286092221e-53 6602
18 1.056878013683469e-52 7130
18.75 1.227487891303557e-52 8034
19.5 1.328744675516757e-52 8606
20.25 1.465035437843606e-52 9066
21 1.692015869862547e-52 9962
21.75 1.908148428251958e-52 10550
22.5 2.156371703413048e-52 11226
23.25 2.467829446755523e-52 12146
24 2.562337227285541e-52 12303
24.75 2.691078107339081e-52 12584
25.5 2.74958453361162e-52 12120
26.25 2.621612819586431e-52 11180
27 2.726667942208998e-52 11096
27.75 2.547886907517964e-52 10056
28.5 2.617053211302058e-52 9716
29.25 2.434492257508824e-52 8604
30 2.326619356096519e-52 8060
30.75 2.287659941444064e-52 7320
31.5 2.037958686361327e-52 6356
32.25 1.824463380601412e-52 5348
33 1.536150770429893e-52 4308
33.75 1.326677977634435e-52 3563
34.5 9.576483188093897e-53 2448
35.25 7.767794328467712e-53 1868
36 5.977251479401262e-53 1358
36.75 4.766080305395169e-53 1062
37.5 3.514352160322558e-53 776
38.25 2.004525711029393e-53 432
39 8.865863031673738e-54 200
39.75 9.146578935234085e-54 168
40.5 3.577821902660424e-54 56
41.25 9.823599022474242e-56 7

0.75 2.945116367302795e-54 18
1.5 3.543989965860248e-54 62
2.25 4.72440880155701e-54 98
3 1.08244884078569e-53 210
3.75 1.116823723098688e-53 350
4.5 1.289290139951406e-53 450
5.25 1.153006915449975e-53 602
6 1.037772048971749e-53 762
6.75 1.984925733038328e-53 1142
7.5 2.08789307028931e-53 1250
8.25 1.930190659291674e-53 1458
9 2.532235093879343e-53 1814
9.75 2.914470375774921e-53 2178
10.5 3.515531124643405e-53 2498
11.25 3.508016803341933e-53 2622
12 4.361783351699949e-53 3338
12.75 4.812142725415529e-53 3722
13.5 5.460029606981107e-53 4170
14.25 5.641557670275227e-53 4358
15 6.678300759478956e-53 5034
15.75 7.721504712175713e-53 5714
16.5 8.252754538888074e-53 5982
17.25 9.345329419485645e-53 6602
18 1.023348214859001e-52 7130
18.75 1.289083922142268e-52 8034
19.5 1.385801933497781e-52 8606
20.25 1.495089697708815e-52 9066
21 1.76367848097587e-52 9962
21.75 2.009705835499359e-52 10550
22.5 2.218554026959879e-52 11226
23.25 2.450033030835831e-52 12146
24 2.689228541509567e-52 12303
24.75 2.734200497639043e-52 12584
25.5 2.811784146656511e-52 12120
26.25 2.72141237654675e-52 11180
27 2.696806312455873e-52 11096
27.75 2.547085724061026e-52 10056
28.5 2.576636874654029e-52 9716
29.25 2.379438383696973e-52 8604
30 2.430297599660425e-52 8060
30.75 2.294809511021849e-52 7320
31.5 2.118550954347938e-52 6356
32.25 1.845575793322881e-52 5348
33 1.540364701364051e-52 4308
33.75 1.343230434395564e-52 3563
34.5 9.61015904575478e-53 2448
35.25 8.121425392184327e-53 1868
36 5.708725558023795e-53 1358
36.75 4.784927772093895e-53 1062
37.5 3.587758829392527e-53 776
38.25 2.245185609042239e-53 432
39 8.462149111978734e-54 200
39.75 8.918556562977506e-54 168
40.5 3.33142225405834e-54 56
41.25 3.776523553035519e-55 7

0.75 5.496632725569575e-55 18
1.5 3.493071923455874e-54 62
2.25 5.3012636868886e-54 98
3 8.136452272956314e-54 210
3.75 1.051876081642236e-53 350
4.5 8.496242173008973e-54 450
5.25 1.157889559353929e-53 602
6 1.339707104434805e-53 762
6.75 2.050490540802027e-53 1142
7.5 1.783499137996959e-53 1250
8.25 2.087982927855346e-53 1458
9 2.64936360812115e-53 1814
9.75 3.064611717412945e-53 2178
10.5 3.242037173729917e-53 2498
11.25 3.128202931589911e-53 2622
12 4.569649794381002e-53 3338
12.75 5.012845070348401e-53 3722
13.5 5.033328545632917e-53 4170
14.25 5.718241208177606e-53 4358
15 6.484445994723691e-53 5034
15.75 8.185847126949289e-53 5714
16.5 8.175829356461855e-53 5982
17.25 9.886554225340237e-53 6602
18 1.062512859742732e-52 7130
18.75 1.206225031216385e-52 8034
19.5 1.439529954557459e-52 8606
20.25 1.545702626135069e-52 9066
21 1.800656143444067e-52 9962
21.75 2.017569557660832e-52 10550
22.5 2.212870183682015e-52 11226
23.25 2.516364171581082e-52 12146
24 2.625026810969131e-52 12303
24.75 2.729768874811894e-52 12584
25.5 2.760956339672844e-52 12120
26.25 2.659029087409878e-52 11180
27 2.702294420407535e-52 11096
27.75 2.605626298352834e-52 10056
28.5 2.485693303938997e-52 9716
29.25 2.414282717962077e-52 8604
30 2.290517821096945e-52 8060
30.75 2.276690732533405e-52 7320
31.5 2.07007395247389e-52 6356
32.25 1.826975154647658e-52 5348
33 1.577309997121488e-52 4308
33.75 1.35051048486999e-52 3563
34.5 9.768297783733633e-53 2448
35.25 8.062824721300684e-53 1868
36 5.956563271763802e-53 1358
36.75 4.39498671377938e-53 1062
37.5 3.758251089596934e-53 776
38.25 2.062908665314477e-53 432
39 8.975530837816269e-54 200
39.75 9.031441552823558e-54 168
40.5 3.386750729909542e-54 56
41.25 4.538216602740232e-55 7

0.75 1.301603524823481e-54 18
1.5 1.637531247468482e-54 62
2.25 3.809700591670526e-54 98
3 1.037525170716169e-53 210
3.75 9.605648995746666e-54 350
4.5 9.746599019668309e-54 450
5.25 1.082111203261676e-53 602
6 1.416875411564457e-53 762
6.75 2.140503830627639e-53 1142
7.5 1.752463560958991e-53 1250
8.25 2.473912884759608e-53 1458
9 2.484667448352327e-53 1814
9.75 3.200090874847219e-53 2178
10.5 3.19461599521281e-53 2498
11.25 3.45989574840695e-53 2622
12 4.651727559392029e-53 3338
12.75 4.993199593148406e-53 3722
13.5 5.839560676300193e-53 4170
14.25 5.865578114807523e-53 4358
15 6.25343361851417e-53 5034
15.75 7.985388667338316e-53 5714
16.5 8.408045385932672e-53 5982
17.25 9.876565807808469e-53 6602
18 1.076329629261399e-52 7130
18.75 1.232177061207311e-52 8034
19.5 1.385832227086177e-52 8606
20.25 1.537700029056986e-52 9066
21 1.727232556005939e-52 9962
21.75 1.956049033293623e-52 10550
22.5 2.202510863323508e-52 11226
23.25 2.39962922406803e-52 12146
24 2.629352936123371e-52 12303
24.75 2.661911872769146e-52 12584
25.5 2.830638418633345e-52 12120
26.25 2.687628872446396e-52 11180
27 2.721012643698806e-52 11096
27.75 2.626992017075683e-52 10056
28.5 2.614727056395882e-52 9716
29.25 2.419483843083224e-52 8604
30 2.431381329521512e-52 8060
30.75 2.288559304246384e-52 7320
31.5 2.08810114240174e-52 6356
32.25 1.836773618469849e-52 5348
33 1.569043471811185e-52 4308
33.75 1.324709841796845e-52 3563
34.5 9.523641929578471e-53 2448
35.25 7.673596309657239e-53 1868
36 5.826084193743906e-53 1358
36.75 4.713949771570185e-53 1062
37.5 3.525663634030355e-53 776
38.25 2.105622153675932e-53 432
39 7.508077826754722e-54 200
39.75 9.003498879452795e-54 168
40.5 3.843844069873371e-54 56
41.25 1.489291129734435e-55 7

0.75 1.854796819577957e-54 18
1.5 2.865851138226688e-54 62
2.25 2.204267335925636e-54 98
3 1.030084553381422e-53 210
3.75 8.722231259931594e-54 350
4.5 1.198901045401351e-53 450
5.25 1.176682114873351e-53 602
6 1.486195667558463e-53 762
6.75 2.277196988803863e-53 1142
7.5 1.955753485429118e-53 1250
8.25 2.146235380042805e-53 1458
9 2.213545171355793e-53 1814
9.75 3.116809114920149e-53 2178
10.5 3.177646918220515e-53 2498
11.25 3.660988221428481e-53 2622
12 4.573543622726504e-53 3338
12.75 4.535385429861853e-53 3722
13.5 5.698072665901771e-53 4170
14.25 5.688249259249909e-53 4358
15 6.572556966718699e-53 5034
15.75 8.061995051192095e-53 5714
16.5 8.134861500904624e-53 5982
17.25 9.811860215989874e-53 6602
18 1.097925176573011e-52 7130
18.75 1.252466387099178e-52 8034
19.5 1.407990652928639e-52 8606
20.25 1.5515370951758e-52 9066
21 1.80578121357131e-52 9962
21.75 1.924387588072917e-52 10550
22.5 2.205281142768538e-52 11226
23.25 2.617101979957179e-52 12146
24 2.665417716749936e-52 12303
24.75 2.851817007791137e-52 12584
25.5 2.840667315502831e-52 12120
26.25 2.718385133745402e-52 11180
27 2.706595425578076e-52 11096
27.75 2.673212217778288e-52 10056
28.5 2.584233755790894e-52 9716
29.25 2.359185778500915e-52 8604
30 2.393445469064386e-52 8060
30.75 2.317296887136642e-52 7320
31.5 2.098635426684879e-52 6356
32.25 1.839725836817115e-52 5348
33 1.59652919266051e-52 4308
33.75 1.348203583518218e-52 3563
34.5 9.561737475973054e-53 2448
35.25 7.930910213236374e-53 1868
36 5.9197024004035e-53 1358
36.75 4.838064785041507e-53 1062
37.5 3.625130901088013e-53 776
38.25 2.181192621666993e-53 432
39 7.775248423445905e-54 200
39.75 9.491877507652464e-54 168
40.5 2.662936163921318e-54 56
41.25 4.620442167345851e-55 7

0.75 4.306080560909218e-55 18
1.5 2.821198738474163e-54 62
2.25 2.197835646725364e-54 98
3 8.225191836408803e-54 210
3.75 7.39801854316436e-54 350
4.5 8.599614030546748e-54 450
5.25 1.092851937243228e-53 602
6 1.212163758268016e-53 762
6.75 2.124824635334124e-53 1142
7.5 1.750992747369234e-53 1250
8.25 2.225456141917126e-53 1458
9 2.708977203415783e-53 1814
9.75 2.747259362253645e-53 2178
10.5 3.254809961917451e-53 2498
11.25 3.318869069097977e-53 2622
12 4.57300595416124e-53 3338
12.75 4.986113557590291e-53 3722
13.5 5.431257324844907e-53 4170
14.25 5.931370606152636e-53 4358
15 6.785793799997785e-53 5034
15.75 7.66664407406705e-53 5714
16.5 8.21396135797759e-53 5982
17.25 9.618996987813551e-53 6602
18 1.034854514093667e-52 7130
18.75 1.244829893178139e-52 8034
19.5 1.388317658017363e-52 8606
20.25 1.598904266213139e-52 9066
21 1.7805340181847e-52 9962
21.75 2.005764572223137e-52 10550
22.5 2.17279654176735e-52 11226
23.25 2.562323599621355e-52 12146
24 2.773252064713951e-52 12303
24.75 2.831232958342446e-52 12584
25.5 2.906578097827559e-52 12120
26.25 2.726585584307044e-52 11180
27 2.854488065904441e-52 11096
27.75 2.675714846025536e-52 10056
28.5 2.709273686259305e-52 9716
29.25 2.422220417519856e-52 8604
30 2.346847916411379e-52 8060
30.75 2.273904564851561e-52 7320
31.5 2.140085643420845e-52 6356
32.25 1.840490152950932e-52 5348
33 1.562141984871596e-52 4308
33.75 1.378588808485656e-52 3563
34.5 9.641371149973242e-53 2448
35.25 7.770164168179835e-53 1868
36 5.660166557030987e-53 1358
36.75 5.035553032434406e-53 1062
37.5 3.669475084174241e-53 776
38.25 2.013886070194623e-53 432
39 8.61837378913989e-54 200
39.75 9.028578811434873e-54 168
40.5 4.016171976635745e-54 56
41.25 1.223341561356966e-55 7

0.75 2.415582287484746e-54 18
1.5 1.787336051344727e-54 62
2.25 4.04293606453332e-54 98
3 7.640797675105951e-54 210
3.75 7.852177066616711e-54 350
4.5 1.01472260437112e-53 450
5.25 1.004377683782533e-53 602
6 1.379402960274465e-53 762
6.75 1.82822946292461e-53 1142
7.5 1.977249608427575e-53 1250
8.25 2.115125509340555e-53 1458
9 2.389568340025629e-53 1814
9.75 3.308146217817326e-53 2178
10.5 3.378020883999997e-53 2498
11.25 3.545630306499855e-53 2622
12 4.467309756981694e-53 3338
12.75 5.404360460821714e-53 3722
13.5 5.837336814237012e-53 4170
14.25 5.642951962183575e-53 4358
15 6.970897721187056e-53 5034
15.75 7.524581027586631e-53 5714
16.5 8.157710048569047e-53 5982
17.25 9.863986429448851e-53 6602
18 1.073126231710837e-52 7130
18.75 1.236882649422605e-52 8034
19.5 1.432279796050042e-52 8606
20.25 1.592775889057438e-52 9066
21 1.779132600533531e-52 9962
21.75 2.01776854618451e-52 10550
22.5 2.179439319460416e-52 11226
23.25 2.578680742780322e-52 12146
24 2.740399106054323e-52 12303
24.75 2.876448400000735e-52 12584
25.5 2.869480502876516e-52 12120
26.25 2.779137652894768e-52 11180
27 2.786554082133518e-52 11096
27.75 2.714468960831844e-52 10056
28.5 2.639393606509231e-52 9716
29.25 2.513048125544071e-52 8604
30 2.514280745568424e-52 8060
30.75 2.341932703113502e-52 7320
31.5 2.170912805963278e-52 6356
32.25 1.895037666992308e-52 5348
33 1.616721819919306e-52 4308
33.75 1.40561290661691e-52 3563
34.5 9.885519851911571e-53 2448
35.25 8.591253465305296e-53 1868
36 6.007663511711448e-53 1358
36.75 5.067536682305646e-53 1062
37.5 3.613722200755625e-53 776
38.25 2.016548005312871e-53 432
39 7.795540290064202e-54 200
39.75 8.929220351848395e-54 168
40.5 2.68081548402186e-54 56
41.25 2.350270395071462e-55 7

