0    -5.09815875039735e-24    -4.32169558316279e-26    2.16887486482693e-14    1.11002554658032e-10    1.47271004098802e-07    1.053577499086e-05
0.1    -6.14738127232456e-18    4.53102838111243e-15    2.43907634121201e-14    9.92234455387431e-11    1.56175425122265e-07    9.96109660322312e-06
0.2    -7.93138239417125e-17    2.65442290240711e-15    2.69529990852756e-14    8.94164954247914e-11    1.64173685727267e-07    9.45602958036783e-06
0.3    -2.93902934636404e-16    7.41997213801038e-16    2.86968360483052e-14    8.39317436628711e-11    1.69401405095428e-07    9.16142694468886e-06
0.4    -5.09491114201321e-16    -8.59814001879033e-15    3.01085205932673e-14    8.02697429909677e-11    1.73518069932982e-07    8.95933831211701e-06
0.5    -3.69502616666212e-16    -2.84263586104823e-14    2.96380865894235e-14    8.14134970021863e-11    1.72157156660487e-07    9.02294281275163e-06
0.6    3.72618377234981e-16    -2.72764867655717e-14    3.60289697991277e-14    6.69660349858765e-11    1.89812986381669e-07    8.18327776541139e-06
0.7    4.99319085218678e-16    1.77656746836751e-14    3.65781837814997e-14    6.59303261903901e-11    1.91254238597475e-07    8.1197491457797e-06
0.8    -6.14587060307548e-16    -1.34208124724781e-15    4.4971602422502e-14    5.3945334856569e-11    2.12065090060816e-07    7.34474879465384e-06
0.900000000000001    6.0226055595878e-16    5.58861146890441e-15    5.37340474499182e-14    4.51773419287686e-11    2.31806055679998e-07    6.72140922193914e-06
1    -3.7010732233531e-16    -1.48885893017959e-14    6.2293232972777e-14    3.9025531222807e-11    2.49586123357804e-07    6.24704179774772e-06
1.1    -4.1922798572748e-16    1.19898654092047e-14    7.82146832560962e-14    3.09598232714214e-11    2.79668881458228e-07    5.56415521633081e-06
1.2    3.22223597324325e-16    -1.52607629782967e-15    1.13222362150185e-13    2.17916695622262e-11    3.36485307480408e-07    4.66815483485993e-06
1.3    -1.83578557706628e-16    -4.15976562166497e-15    1.54366197486297e-13    1.63789618517858e-11    3.92894639167165e-07    4.04709301249499e-06
1.4    -2.86810851314464e-16    6.91585700393682e-16    2.18055054294396e-13    1.21614809678307e-11    4.66963654147083e-07    3.48733149669352e-06
1.5    -2.02173338252523e-16    2.15172324860801e-15    2.55364111410515e-13    1.09144616347027e-11    5.05335642331426e-07    3.30370422930121e-06
1.6    4.75600353243566e-16    1.04111478778462e-14    1.27586277405196e-13    2.83426190726463e-11    3.57192213528229e-07    5.32377864609775e-06
1.7    6.31620262379856e-16    -1.43231584552916e-14    9.87198408935466e-14    3.02900175436421e-11    3.14197136991327e-07    5.50363675614971e-06
1.8    -1.14033647299459e-15    -2.38437228272521e-15    5.6029903507039e-14    5.36048941178633e-11    2.36706365581999e-07    7.32153632223888e-06
1.9    5.28407502060501e-16    1.40591481908844e-14    6.00262582393566e-14    5.43087332712128e-11    2.45002567821965e-07    7.36944592701601e-06
2    4.88489089229818e-17    -1.40001601161662e-14    4.9927182725317e-14    6.46323281695581e-11    2.23443914048508e-07    8.03942337295145e-06
2.1    -1.89729170660355e-16    2.45706484783591e-14    3.58227993296129e-14    8.49068482593195e-11    1.89269118795468e-07    9.21449121000826e-06
2.2    -5.12898930655982e-16    -2.82367535628865e-14    4.43803638691512e-14    7.04967782534491e-11    2.10666475427751e-07    8.39623595746625e-06
2.29999999999999    4.31052380402098e-16    -2.7016565810669e-14    3.17714745923255e-14    9.88706716857514e-11    1.78245545785373e-07    9.94337325487439e-06
2.39999999999999    3.74134054170578e-16    -1.46897940349931e-14    3.84555021592104e-14    8.12157044408615e-11    1.9610074492263e-07    9.01197561253144e-06
2.49999999999999    3.77268448322144e-16    -2.58240972697804e-14    3.56754864374266e-14    8.72209582510795e-11    1.88879555371741e-07    9.33921614757253e-06
2.59999999999999    3.87599508928691e-16    -4.18212650087827e-14    3.3396214658497e-14    9.33907800787095e-11    1.82746312297942e-07    9.66389052497541e-06
2.69999999999999    1.0882851708828e-16    -5.01542771806774e-14    3.10129420979243e-14    1.0153564084154e-10    1.76104917869787e-07    1.00764895098214e-05
2.79999999999998    -2.58615837338627e-16    -3.54124045779482e-14    2.46553364078338e-14    1.28388836985483e-10    1.57020178346077e-07    1.13308797975039e-05
2.89999999999998    -3.47185200950174e-16    -1.49783921209304e-14    2.53116237277102e-14    1.25455525419862e-10    1.59096271885014e-07    1.12006930776565e-05
2.99999999999998    -4.31706207731465e-16    -1.1246455364843e-15    2.75055433258637e-14    1.15215508176055e-10    1.6584795243193e-07    1.07338487121841e-05
3.09999999999998    -1.8054054133241e-16    3.07999532202732e-14    2.32112009745601e-14    1.36028055751166e-10    1.52352226680676e-07    1.16631066080683e-05
3.19999999999998    3.82880854453967e-16    8.34064309719916e-15    2.75627494765455e-14    1.14707985856347e-10    1.66020328503908e-07    1.07101814109915e-05
3.29999999999997    -5.78202582976072e-17    -2.32532348718156e-14    2.33902149296712e-14    1.34972319839157e-10    1.5293859856057e-07    1.16177588130911e-05
3.39999999999997    -3.27159857633866e-16    1.57433444714951e-14    2.82043297502143e-14    1.12180715096936e-10    1.67941447386327e-07    1.05915397887623e-05
3.49999999999997    1.84551931861355e-16    3.58224605412358e-14    2.63024573100357e-14    1.20963376735552e-10    1.62180323436709e-07    1.09983351801785e-05
3.59999999999997    5.98622919964567e-16    2.36829612482373e-14    2.61182743669017e-14    1.21264043168207e-10    1.61611492063225e-07    1.10119954217302e-05
3.69999999999997    7.8163915659998e-16    1.74833881776293e-14    2.85574100529796e-14    1.11320093426441e-10    1.68989378521194e-07    1.05508337787324e-05
3.79999999999996    7.99932104511724e-16    2.76644412060022e-14    3.03906518579135e-14    1.04605059753727e-10    1.74329148044478e-07    1.02276614997627e-05
3.89999999999996    3.76404958420805e-16    4.42347570621023e-14    3.20286057511549e-14    9.90725426929747e-11    1.78965375844477e-07    9.95351911099661e-06
3.99999999999996    -4.605751964622e-16    3.06916865811787e-14    3.73992957943699e-14    8.51434690902775e-11    1.93388975369254e-07    9.2273218807126e-06
4.09999999999996    -3.85859638609629e-16    -9.63075432314392e-15    4.02096271439102e-14    7.91062268412991e-11    2.00523383035271e-07    8.89416813655437e-06
4.19999999999995    1.58247783646007e-16    -3.98781627474357e-15    4.73288455617431e-14    6.73229699743721e-11    2.17551937618912e-07    8.20505758507349e-06
4.29999999999995    -5.40997422135594e-17    -3.78405710445993e-15    5.36852374086968e-14    5.94079317090804e-11    2.3170074969386e-07    7.70765409895128e-06
4.39999999999995    1.17069787445133e-16    9.3980562546506e-15    6.37068919670013e-14    5.01420585863989e-11    2.52402242396935e-07    7.08110574602575e-06
4.49999999999995    3.65619118270377e-17    -1.19076172323892e-14    7.76935302708247e-14    4.12250767444556e-11    2.78735592041678e-07    6.42067572335308e-06
4.59999999999995    -6.58016998854625e-16    2.39000214881692e-15    9.76149239448937e-14    3.26309686804234e-11    3.12433871315025e-07    5.71235228959344e-06
4.69999999999994    6.72873977290959e-17    8.51723213153155e-15    1.36255461649091e-13    2.41586770146267e-11    3.69127974622747e-07    4.9151477103569e-06
4.79999999999994    7.5689620946821e-16    5.15656713975131e-15    2.02205232469214e-13    1.70386103230011e-11    4.49672361246734e-07    4.12778515950153e-06
4.89999999999994    1.15120027993016e-15    3.47610832428289e-15    2.88701959621773e-13    1.25468368926569e-11    5.37309928832301e-07    3.54215144970636e-06
4.99999999999994    1.69005358760585e-15    8.16631609698567e-15    3.05153245219541e-13    1.34321909646066e-11    5.52406775139065e-07    3.66499535669646e-06
5.09999999999994    2.3937387433828e-15    -2.60057180875228e-16    1.18205794411154e-13    3.98238071186861e-11    3.43810695603197e-07    6.31061067716002e-06
5.19999999999993    3.13041114010497e-16    -4.15169173976167e-14    1.33376990075337e-13    3.05176322696989e-11    3.65208146233537e-07    5.52427662863645e-06
5.29999999999993    -2.66571915174017e-15    1.15785934533429e-14    6.04447614565045e-14    6.66632128392459e-11    2.4585516357503e-07    8.16475430366682e-06
5.39999999999993    2.85942182752351e-15    3.74934619549127e-14    5.27504361059742e-14    8.00360597709317e-11    2.29674630958611e-07    8.94628748537245e-06
5.49999999999993    -3.1884057163293e-15    -5.27092663685297e-14    4.47464674180956e-14    9.36367103009404e-11    2.11533608247237e-07    9.67660634215014e-06
5.59999999999993    3.72144273625428e-15    -2.06772731926424e-14    4.82135746677277e-14    9.13761342267864e-11    2.19575897283212e-07    9.55908647449046e-06
5.69999999999992    -9.58278311239656e-16    1.610543905001e-13    5.56277224750277e-14    7.85512646644287e-11    2.35855299866311e-07    8.86291513354543e-06
5.79999999999992    -3.54774077231028e-15    -1.65429447552603e-14    3.78682511887906e-14    1.16407964916133e-10    1.9459766491094e-07    1.07892522871668e-05
5.89999999999992    -1.79745790131008e-15    -1.50214245728094e-13    3.3110210244259e-14    1.32630980840839e-10    1.81962112111997e-07    1.15165524720221e-05
5.99999999999992    -5.03804015741253e-16    -1.81047650684971e-13    3.48346413293077e-14    1.29060192273853e-10    1.86640406475414e-07    1.13604661996704e-05
6.09999999999991    -6.19705038990915e-16    -1.85611630774949e-13    3.17010006774192e-14    1.41037861348327e-10    1.78047748307636e-07    1.18759362303916e-05
6.19999999999991    -1.86197236145371e-15    -1.55313717335497e-13    2.77255374041842e-14    1.5788747846933e-10    1.66509871791988e-07    1.25653284266401e-05
6.29999999999991    -3.00111347724205e-15    -1.75167747389413e-14    3.23694376895654e-14    1.38311328948043e-10    1.79915084663753e-07    1.17605836992916e-05
6.39999999999991    -1.40812189035318e-15    1.77994433046694e-13    3.3400038310674e-14    1.33678309435806e-10    1.82756773638281e-07    1.15619336374071e-05
6.49999999999991    2.30166099684917e-15    1.20529643101506e-13    2.69517865406659e-14    1.64303948525348e-10    1.64169992814356e-07    1.28181101776099e-05
6.5999999999999    1.69365350465485e-15    -1.63317602370504e-13    3.347523345635e-14    1.32517660032009e-10    1.82962382626457e-07    1.15116315104336e-05
6.6999999999999    -2.32713472715314e-15    -1.19711254802301e-13    2.69715276690898e-14    1.64425402396385e-10    1.64230105854833e-07    1.28228468912479e-05
6.7999999999999    -1.96548533782068e-15    1.42574907760497e-13    3.35048315278964e-14    1.32755130791338e-10    1.83043250429773e-07    1.15219412770304e-05
6.8999999999999    1.18494372860357e-15    1.61945176681713e-13    2.92338940641827e-14    1.52905021789623e-10    1.70979221147433e-07    1.2365477014237e-05
6.9999999999999    2.37995400078886e-15    2.55575614628901e-14    3.13275036846602e-14    1.43091295075825e-10    1.76995773070037e-07    1.19620773729242e-05
7.09999999999989    1.86484258478228e-15    -5.68747796597476e-14    3.57114433393357e-14    1.25213812943984e-10    1.8897471613773e-07    1.11898978075755e-05
7.19999999999989    1.29930633554512e-15    -6.61184320225316e-14    3.76548347497711e-14    1.18786351482098e-10    1.94048537097735e-07    1.08989151516148e-05
7.29999999999989    1.19834169274827e-15    -4.32706018886322e-14    3.98309817635154e-14    1.12414416176831e-10    1.99577007101308e-07    1.06025664900924e-05
7.39999999999989    1.32165309871142e-15    1.28694037573928e-16    4.11124582796103e-14    1.09139849202011e-10    2.02762073079781e-07    1.04470019240934e-05
7.49999999999988    7.50289387646317e-16    6.06247793947623e-14    4.29743659851243e-14    1.04245580440115e-10    2.07302595220427e-07    1.02100724992585e-05
7.59999999999988    -1.49951060412447e-15    3.65095751411689e-14    5.07652896036494e-14    8.84380223600912e-11    2.25311538993566e-07    9.40414920979517e-06
7.69999999999988    2.28746181677833e-17    -8.1248262108013e-14    5.6937725225767e-14    7.89966313662175e-11    2.38616271921609e-07    8.88800491483986e-06
7.79999999999988    1.02617060521012e-15    7.6506425761938e-14    6.53168625882872e-14    6.88329492048227e-11    2.55571638857458e-07    8.29656249327532e-06
7.89999999999988    -6.7765304553617e-16    -7.42805129802036e-14    7.88626916534723e-14    5.71860476537901e-11    2.80825019635844e-07    7.56214570434808e-06
7.99999999999987    -1.67439562999553e-15    5.28132623401465e-14    9.63824636931653e-14    4.70263940380847e-11    3.10455252320146e-07    6.85757931329159e-06
8.09999999999987    3.37323240436089e-15    2.62697126471598e-14    1.24356602866379e-13    3.59406800876948e-11    3.52642315762557e-07    5.99505463592241e-06
8.19999999999987    3.21889449539277e-15    -2.26931617024903e-14    1.7260165930975e-13    2.73231107920577e-11    4.15453558547463e-07    5.22715130755344e-06
8.29999999999987    -2.70170983491334e-17    -3.82241213811938e-14    2.80782904760219e-13    1.8760269143907e-11    5.29889521277991e-07    4.33131263520737e-06
8.39999999999987    -3.96743418309413e-15    -3.93172463962184e-14    4.20246335226026e-13    1.35274632547913e-11    6.48264093734973e-07    3.67796999101288e-06
8.49999999999986    -7.37627654687643e-15    -2.17710685495963e-14    4.16458368530269e-13    1.76608538891742e-11    6.45335857155225e-07    4.20248187255748e-06
8.59999999999986    -5.68827327926571e-15    6.93883428170481e-14    1.19510087902036e-13    6.13545420256917e-11    3.45702311103116e-07    7.83291401878584e-06
8.69999999999986    4.21707989895113e-15    7.64171426052471e-14    1.93406297489126e-13    3.48684588804056e-11    4.39779828424549e-07    5.90495206419202e-06
8.79999999999986    9.68640722367163e-17    -1.29245649261685e-13    8.860382820309e-14    8.33875614775526e-11    2.97663951803187e-07    9.13167900648904e-06
8.89999999999985    -1.15883181303259e-15    1.30922716989352e-13    6.24740339093832e-14    1.13298730548245e-10    2.49948062423743e-07    1.06441876415368e-05
8.99999999999985    -8.33660412424665e-17    -1.41833463597141e-13    6.20010089731593e-14    1.21241267760385e-10    2.49000018018392e-07    1.10109612550579e-05
9.09999999999985    2.83725263366977e-15    1.01505215670721e-13    8.34216732830034e-14    9.04985993853442e-11    2.88828103346962e-07    9.51307518026343e-06
9.19999999999985    -2.99833292228018e-15    1.03396621878457e-13    5.50123870814965e-14    1.44600257423406e-10    2.34547195850849e-07    1.20249847161402e-05
9.29999999999985    -3.02993554276344e-15    -1.07703987403797e-13    6.73917331841519e-14    1.12943403591166e-10    2.59599177934276e-07    1.06274834081812e-05
9.39999999999984    -6.93177238537607e-16    -1.95146755585101e-13    4.59203428227562e-14    1.70764276315162e-10    2.14290323679713e-07    1.30676806019723e-05
9.49999999999984    3.45597269222447e-16    -2.07968305350737e-13    3.93288131969832e-14    1.95506443702501e-10    1.98314934377074e-07    1.39823618785419e-05
9.59999999999984    -2.13632275837985e-16    -2.18441631042263e-13    4.00696257705602e-14    1.95641283877522e-10    2.00173988746191e-07    1.39871828427858e-05
9.69999999999984    -2.05108213422485e-15    -1.85897186250791e-13    4.76913163860557e-14    1.65352303814237e-10    2.18383416005098e-07    1.28589386737101e-05
9.79999999999984    -3.50613171708335e-15    -1.15123210835095e-14    4.70486583805341e-14    1.6756621000619e-10    2.16907027042773e-07    1.29447367685168e-05
9.89999999999983    -1.49176063206722e-15    2.12651582650763e-13    3.41541885833517e-14    2.26870590379434e-10    1.84808518698007e-07    1.50622239519745e-05
9.99999999999983    2.62870481418885e-15    1.38185388370114e-13    4.62601220933253e-14    1.68910212133078e-10    2.15081663777564e-07    1.29965461616953e-05
10.0999999999998    2.10499212160038e-15    -1.65558529251617e-13    3.52551725505311e-14    2.22813020027674e-10    1.87763608163379e-07    1.4926922657657e-05
10.1999999999998    -2.14184689581448e-15    -1.52893282367883e-13    4.41841804486324e-14    1.78984779544341e-10    2.10200334083066e-07    1.33785193330331e-05
10.2999999999998    -2.50690202910567e-15    1.23506616378974e-13    3.90025632801768e-14    2.04090112881066e-10    1.97490666311542e-07    1.42860110906112e-05
10.3999999999998    8.958850195771e-16    2.10817557277458e-13    3.99103627777221e-14    1.99329934723941e-10    1.99775781259196e-07    1.41184253627641e-05
10.4999999999998    3.30184012525689e-15    7.59408261893768e-14    4.8152926418061e-14    1.63851368349275e-10    2.19437750667612e-07    1.28004440684406e-05
10.5999999999998    3.54671238026843e-15    -6.59594398371871e-14    4.75277586162173e-14    1.67527003055632e-10    2.18008620508954e-07    1.29432222825551e-05
10.6999999999998    3.3034335597243e-15    -1.11917413453789e-13    4.8344955390547e-14    1.64962371058885e-10    2.19874863025647e-07    1.28437677906012e-05
10.7999999999998    3.66948688802922e-15    -5.88905901263624e-14    5.39793581375986e-14    1.47447713402057e-10    2.32334582310939e-07    1.2142805005519e-05
10.8999999999998    3.42612758043623e-15    8.77203218499282e-14    5.94482671682306e-14    1.33889712541279e-10    2.43820153326649e-07    1.15710722295421e-05
10.9999999999998    -6.96025698489611e-16    1.78167362986065e-13    5.54129207567782e-14    1.42418943498215e-10    2.35399491836279e-07    1.19339408201237e-05
11.0999999999998    -3.89988191734249e-15    -7.02825936700501e-14    7.29412436898055e-14    1.09404516562912e-10    2.70076366403663e-07    1.04596613981004e-05
11.1999999999998    4.10685976337896e-15    -6.60137223346673e-14    8.10754436380226e-14    9.81629457056896e-11    2.84737499528992e-07    9.90772151938525e-06
11.2999999999998    -3.62522810492601e-15    9.40662896718008e-14    9.18457581499496e-14    8.64310253014312e-11    3.03060650942925e-07    9.29682877660072e-06
11.3999999999998    4.69133403603077e-15    -4.48505057860496e-14    1.17502302380477e-13    6.76820110030981e-11    3.42786088370688e-07    8.2269077424691e-06
11.4999999999998    -4.80590690738166e-15    -6.10084700171473e-14    1.41932748378378e-13    5.79486522049736e-11    3.76739629423794e-07    7.61240121150834e-06
11.5999999999998    -3.12553731909411e-15    7.17423080646926e-14    1.67387883999409e-13    4.57332928177771e-11    4.0913064417055e-07    6.76263948601262e-06
11.6999999999998    4.73254963806949e-15    7.22585834814963e-14    2.51177019693988e-13    3.57014751733719e-11    5.01175637570291e-07    5.97507114379167e-06
11.7999999999998    1.09869104048139e-14    5.69990545310128e-14    4.99371241599116e-13    2.28716394514859e-11    7.06662041996821e-07    4.78243028715379e-06
11.8999999999998    1.66004266179771e-14    5.16635891486758e-14    8.04163196433387e-13    1.57692411507687e-11    8.967514685984e-07    3.9710503838114e-06
11.9999999999998    1.8482152178821e-14    -4.03489397482237e-14    7.60275871396071e-13    2.76439641442118e-11    8.719379974494e-07    5.25775276560355e-06
12.0999999999998    4.01984578914483e-15    -2.41143725361399e-13    1.3368806560443e-13    1.23481315750641e-10    3.65633786191088e-07    1.11122147095276e-05
12.1999999999998    -1.38169393550259e-14    2.05259899819606e-14    3.6442084603241e-13    4.80251435911357e-11    6.03672797161185e-07    6.93001757509573e-06
12.2999999999998    9.78171305242463e-15    2.12066537173283e-13    1.89275712880415e-13    1.19205475779756e-10    4.35058286762147e-07    1.09181260195949e-05
12.3999999999998    -7.86570598921137e-15    -2.87312714291453e-13    1.22470969061372e-13    1.8084138760277e-10    3.49958524773111e-07    1.34477279717716e-05
12.4999999999998    1.03443585822921e-14    1.81857008922538e-13    1.46175708464744e-13    1.57321950885142e-10    3.82329319389376e-07    1.2542804745556e-05
12.5999999999998    -9.64766036648307e-15    2.40005511797089e-13    1.63366323005948e-13    1.24693265862778e-10    4.04186000507128e-07    1.11666138942286e-05
12.6999999999998    -5.01856867657916e-15    -4.62489605595705e-13    6.00326837951161e-14    3.24264173015639e-10    2.45015680712717e-07    1.8007336644147e-05
12.7999999999998    6.50358842566841e-15    -4.61651789351708e-13    1.17342921686566e-13    1.9459267245543e-10    3.42553531125525e-07    1.39496477538119e-05
12.8999999999998    1.06157839857836e-14    -2.00029966105716e-13    1.20580989745527e-13    1.70165101049218e-10    3.47247735407341e-07    1.3044734610149e-05
12.9999999999998    1.12317038293452e-14    -1.17781125179497e-13    1.06373869563642e-13    2.04152303180109e-10    3.26150072150293e-07    1.42881875400664e-05
13.0999999999998    1.03492631871323e-14    -3.20962983478042e-13    1.06743509618563e-13    1.9314681661035e-10    3.26716252455495e-07    1.38977270303582e-05
13.1999999999998    4.87571594460931e-15    -6.8429521394819e-13    8.64465810843056e-14    2.70259017086257e-10    2.94017994490653e-07    1.64395564747428e-05
13.2999999999998    -6.03959970058332e-15    -6.45998298821697e-13    4.6296333531476e-14    4.47932645338665e-10    2.15165827982689e-07    2.11644193243912e-05
13.3999999999998    -1.07339828005835e-14    1.72517132206991e-13    8.86151397213083e-14    2.51653529476772e-10    2.97682951680657e-07    1.58635913171253e-05
13.4999999999998    3.07796747692848e-16    7.42070010343114e-13    5.93282024370359e-14    3.92957734693538e-10    2.43573813118397e-07    1.98231615715944e-05
13.5999999999998    1.02991672277753e-14    8.05019840939843e-14    7.50911928532275e-14    3.15462489147664e-10    2.74027722782253e-07    1.77612637260884e-05
13.6999999999998    2.80500803061396e-15    -6.71666010220282e-13    6.99410505093917e-14    3.40799287973755e-10    2.64463703576487e-07    1.84607499298851e-05
13.7999999999998    -8.32114702725618e-15    -3.47937222162238e-13    6.08106777081486e-14    3.83856469496791e-10    2.46598211080593e-07    1.95922553448242e-05
13.8999999999997    -7.98701376565795e-15    3.32692983999316e-13    9.5720451862956e-14    2.25221032187569e-10    3.09387219941219e-07    1.5007365931021e-05
13.9999999999997    -1.65412135988251e-15    5.74360117002408e-13    6.47771401054757e-14    3.5959771626071e-10    2.5451353619302e-07    1.89630618904414e-05
14.0999999999997    2.5778959461416e-15    5.27148656643547e-13    5.38619023516899e-14    3.96675481536948e-10    2.32081671727196e-07    1.99167136229085e-05
14.1999999999997    3.08650378382887e-15    4.94011858090975e-13    5.76620801878578e-14    3.72593857419235e-10    2.40129298895111e-07    1.93026904191938e-05
14.2999999999997    -5.427235343156e-16    4.99413632946322e-13    6.46254433037447e-14    3.38376793829947e-10    2.54215348285159e-07    1.8395020897785e-05
14.3999999999997    -7.80949680020946e-15    2.73978309984832e-13    1.14003480748587e-13    2.02504915358508e-10    3.37644014827136e-07    1.4230422177803e-05
14.4999999999997    -7.14774740307475e-15    -3.09619026959041e-13    1.03320669962629e-13    2.32127956756435e-10    3.21435327807367e-07    1.52357460190315e-05
14.5999999999997    9.07871537432712e-15    -1.87743370234713e-13    1.47577534372485e-13    1.53090966607519e-10    3.84158215286989e-07    1.23729934376253e-05
14.6999999999997    -3.69540063414736e-15    3.56857008007609e-13    1.13029182223571e-13    2.00776898885345e-10    3.36198129417121e-07    1.41695765245594e-05
14.7999999999997    1.6951219169403e-15    -3.4695036327837e-13    1.22343126148114e-13    1.79325656024094e-10    3.49775822703792e-07    1.33912529669219e-05
14.8999999999997    -6.29143539580633e-15    2.7150037376074e-13    2.00119847388645e-13    1.15222662326894e-10    4.47347568886481e-07    1.07341819589056e-05
14.9999999999997    1.47414098947265e-14    -1.08419581850336e-14    3.33681312223125e-13    7.02553969439042e-11    5.77651549139379e-07    8.38184925561801e-06
15.0999999999997    -3.05854523759973e-15    -2.40055813274211e-13    2.24677397092864e-13    8.71298850690034e-11    4.74001473724359e-07    9.33433902689437e-06
15.1999999999997    -2.12542333757282e-14    -1.1501486529817e-13    5.52480382213703e-13    5.97268441202612e-11    7.43290240897661e-07    7.72831444237754e-06
15.2999999999997    -2.90014413032327e-14    -5.91874859435294e-14    1.34103868464234e-12    3.52105467016708e-11    1.15803224680591e-06    5.9338475462107e-06
15.3999999999997    -3.46210664218379e-14    -4.48890687612784e-14    2.26326780080936e-12    2.17343043034359e-11    1.50441609962449e-06    4.66200646754548e-06
15.4999999999997    -3.2566972306942e-14    1.30281236662334e-13    1.95944678889498e-12    6.82952621663375e-11    1.39980241066194e-06    8.26409475782662e-06
15.5999999999997    -2.78026382654175e-15    4.32735561471878e-13    1.49956595992888e-13    3.61926747758652e-10    3.87242296234397e-07    1.90243724668818e-05
15.6999999999997    2.37864872022473e-14    -1.23354319716294e-13    9.22914700921489e-13    1.2450902891586e-10    9.60684496034722e-07    1.11583613902697e-05
15.7999999999997    -1.9321632115265e-14    -2.72174175738451e-13    7.06210481305823e-13    1.41535388565424e-10    8.40363303164662e-07    1.1896864652732e-05
15.8999999999997    1.64920390785919e-14    3.66658963318992e-13    5.30621694763531e-13    2.32792169174858e-10    7.28437845504701e-07    1.52575282786845e-05
15.9999999999997    -1.821407983104e-14    -8.26957316015947e-14    5.59446437536762e-13    1.39697317337123e-10    7.47961521427915e-07    1.18193619682758e-05
16.0999999999997    1.03341351273879e-14    -5.78519525933522e-13    2.30091571019524e-13    6.51910937277277e-10    4.79678612218143e-07    2.55325466273397e-05
16.1999999999997    1.24418303664246e-14    4.25605120495686e-13    3.03701620743812e-13    4.82841033146554e-10    5.51091299825911e-07    2.19736440570642e-05
16.2999999999997    -8.31670972793484e-16    7.62559109596211e-13    8.38207966359288e-14    1.0676802527303e-09    2.89518214687658e-07    3.26753768567449e-05
16.3999999999998    -7.47624983696001e-15    6.78510099101716e-13    1.97639797755156e-13    7.77847548580004e-10    4.44566977805545e-07    2.78899184039682e-05
16.4999999999998    -7.88898847004771e-15    6.94580037695351e-13    2.07628973754272e-13    7.47679659775778e-10    4.55663224052888e-07    2.73437316358938e-05
16.5999999999998    -3.07562692985252e-15    8.58602490127174e-13    1.13515705887657e-13    1.11793829027781e-09    3.3692091933814e-07    3.34355841922616e-05
16.6999999999998    6.85872119489239e-15    7.83206277034186e-13    8.49862416354516e-14    1.26164718686505e-09    2.91523998386842e-07    3.55196732370252e-05
16.7999999999998    1.34344030517196e-14    -5.10179154082815e-15    2.87162321914381e-13    3.60672903397686e-10    5.35875285784277e-07    1.89913902439418e-05
16.8999999999998    3.747415306094e-15    -8.64698178210456e-13    1.26373275275976e-13    1.11346667432886e-09    3.5549019012622e-07    3.33686480746353e-05
16.9999999999999    -1.14219050217906e-14    -3.77460155134513e-13    1.96121466982939e-13    7.74865791916674e-10    4.42856034149857e-07    2.78364112614517e-05
17.0999999999999    -6.46892729099438e-15    7.40373903505414e-13    1.79079929316464e-13    8.59065745543219e-10    4.23178365841714e-07    2.93098233625387e-05
17.1999999999999    9.39409614655627e-15    5.5259844701652e-13    1.47633294149269e-13    1.01214086789629e-09    3.84230782407226e-07    3.1814161436321e-05
17.2999999999999    1.0480172495248e-14    -4.45554262621909e-13    2.62202840869115e-13    4.70455736863078e-10    5.12057458562137e-07    2.16899916289306e-05
17.3999999999999    -2.30889415786355e-16    -8.25193242832397e-13    6.99274218075957e-14    1.33825251202659e-09    2.64437935643878e-07    3.65821337817601e-05
17.4999999999999    -8.64353800527477e-15    -6.08282376295815e-13    1.85343765424632e-13    8.32756062937834e-10    4.30515697071119e-07    2.88575131107626e-05
17.6    -1.19110835396166e-14    -3.85054453720138e-13    2.99198789404024e-13    4.05209960047095e-10    5.46990666651657e-07    2.01298276208987e-05
17.7    -1.2221648197675e-14    -4.23010888170962e-13    3.24681240512798e-13    3.59459737634455e-10    5.69808073400858e-07    1.89594234520582e-05
17.8    -7.757788906331e-15    -6.92783653852658e-13    2.45088703589416e-13    6.33389185349182e-10    4.95064342878192e-07    2.51672244268052e-05
17.9    6.74652330531881e-15    -7.07002816838782e-13    9.75591037005273e-14    9.77219822467143e-10    3.12344527246e-07    3.12605153902993e-05
18    1.61947466137497e-14    2.58946685264281e-13    4.55646419806395e-13    2.08296010423244e-10    6.75015866336781e-07    1.44324637682983e-05
18.1    -1.27182292178408e-14    5.00272441534109e-13    1.77435262371252e-13    6.90026493636122e-10    4.21230652221858e-07    2.62683553660316e-05
18.2    3.55260893046731e-15    -6.43520364938874e-13    1.50547567811029e-13    6.71384496585453e-10    3.88004597667384e-07    2.59110882941156e-05
18.3000000000001    -3.02831419398236e-15    5.87668440898175e-13    1.81010650685295e-13    5.65380519843858e-10    4.25453464770584e-07    2.3777731595841e-05
18.4000000000001    1.38306485431083e-14    -4.07500568376271e-13    2.64328508066336e-13    4.17683558401684e-10    5.14128882738886e-07    2.04373080028091e-05
18.5000000000001    -2.53064533603691e-14    -9.62360107212857e-14    1.13934153214092e-12    8.26802647309852e-11    1.06739942483633e-06    9.0928688944131e-06
18.6000000000001    -4.19180642183235e-15    3.78303013572169e-13    3.1268838752775e-13    2.59214151960638e-10    5.59185467915387e-07    1.61001289423606e-05
18.7000000000001    3.00302082350804e-14    2.72198638529453e-13    2.07338890188097e-12    1.36382624465616e-10    1.43992670017642e-06    1.16782971560761e-05
18.8000000000001    5.23031104176735e-14    1.99319768084002e-13    5.17045993231655e-12    8.19827308801933e-11    2.27386453693191e-06    9.05443156030202e-06
18.9000000000002    7.20860545953215e-14    1.77975611085543e-13    8.62821221024538e-12    3.57385898611904e-11    2.93738186319814e-06    5.97817613166343e-06
19.0000000000002    7.52162910050655e-14    -2.26727931286305e-13    6.09912562413761e-12    3.37932179426919e-10    2.46964078848273e-06    1.83829317418881e-05
19.1000000000002    9.98339151816507e-15    -1.01869040864996e-12    5.40868317465766e-13    1.27184351523278e-09    7.3543750072033e-07    3.5662915125278e-05
19.2000000000002    -5.71313999319249e-14    2.34133272190744e-13    2.21652911269344e-12    9.48298764106492e-10    1.48880123344033e-06    3.07944599580264e-05
19.3000000000002    4.72315246623863e-14    7.40364337291769e-13    2.89931319645471e-12    1.92007071140954e-10    1.70273697218763e-06    1.38566616160226e-05
19.4000000000002    -4.31304817227147e-14    -1.05307825701026e-12    2.43053967836268e-12    2.20403519825248e-10    1.55901881911755e-06    1.48459933930083e-05
19.5000000000002    5.33660869701702e-14    3.60415520797432e-13    1.37079828732479e-12    1.38646744143854e-09    1.17081095285481e-06    3.72352983261655e-05
19.6000000000003    -3.56525439091642e-14    1.80372290916094e-12    1.95472042305896e-13    3.43030562534428e-09    4.4212220290989e-07    5.85688110289451e-05
19.7000000000003    -4.33738221788602e-14    -1.68100615494357e-12    1.55627316690679e-12    6.00807293928416e-10    1.24750678030494e-06    2.45113707068457e-05
19.8000000000003    6.39217449375297e-15    -2.94631909677569e-12    9.87843932617195e-13    1.82222024736127e-09    9.93903381932668e-07    4.26874717846028e-05
19.9000000000003    3.24036331342582e-14    -2.64959015375625e-12    3.53505824211839e-13    3.8107664097949e-09    5.94563557756307e-07    6.17314053768006e-05
20.0000000000003    3.32678484628644e-14    -2.79755017942862e-12    3.4675452486598e-13    4.00395556482819e-09    5.88858662894569e-07    6.32768169618873e-05
20.1000000000003    1.18710547503075e-14    -3.53678115960151e-12    8.12298786672026e-13    2.24996348764459e-09    9.01276198882466e-07    4.74337800269447e-05
20.2000000000004    -3.06817792034311e-14    -3.13396171908033e-12    1.205474512762e-12    5.05110175063692e-10    1.09794103337201e-06    2.24746562835493e-05
20.3000000000004    -5.57559610530578e-14    3.47788363598524e-13    2.30076968418944e-13    4.89628031445281e-09    4.79663390742863e-07    6.99734257733092e-05
20.4000000000004    -9.49612767387622e-15    3.785695585064e-12    8.02162447276058e-13    2.19518112627451e-09    8.9563521998415e-07    4.68527600710406e-05
20.5000000000004    5.21023185834258e-14    1.10293052118284e-12    5.88097619006275e-13    3.23981282707647e-09    7.66875230403403e-07    5.69193537127441e-05
20.6000000000004    1.92136765289387e-14    -3.48758922643505e-12    5.64038077465637e-13    3.35705364991559e-09    7.51024684990871e-07    5.79400867268559e-05
20.7000000000004    -4.56120113675817e-14    -1.67448250789394e-12    8.37863658115041e-13    2.02751307604563e-09    9.15348926975412e-07    4.50279144092376e-05
20.8000000000005    -3.37619893944532e-14    2.48945829611802e-12    1.95589136614143e-13    5.0418548500466e-09    4.42254606097146e-07    7.10060198155522e-05
20.9000000000005    1.57258611464708e-14    2.96427965971108e-12    1.16909468701301e-12    6.87433327247481e-10    1.08124682057938e-06    2.62189497739225e-05
21.0000000000005    4.10337651957422e-14    1.26188998109386e-12    9.64132280875132e-13    1.64959334502175e-09    9.81902378485321e-07    4.06151861379676e-05
21.1000000000005    4.42062813278776e-14    1.00081234986362e-13    5.6413855806198e-13    3.19270967886863e-09    7.51091577680098e-07    5.65040678081555e-05
21.2000000000005    4.3522104204182e-14    1.11972666015135e-13    6.58985272544245e-13    2.80557520288119e-09    8.11779078656406e-07    5.29676807391185e-05
21.3000000000005    3.79933971110343e-14    1.14444767974937e-12    1.36210488410933e-12    8.1701090166711e-10    1.16709249166865e-06    2.85834025558034e-05
21.4000000000005    3.47540083621985e-15    2.14302735865272e-12    1.08625790311847e-12    1.73426759219375e-09    1.04223697071178e-06    4.16445385638231e-05
21.5000000000006    -4.55558484405231e-14    2.42580688917182e-13    7.94586306202626e-13    2.2463129194019e-09    8.91395706856738e-07    4.73952837253023e-05
21.6000000000006    1.75100883415535e-14    -1.70253989348445e-12    4.50630765852137e-13    2.70892166936161e-09    6.71290373722234e-07    5.20473022294298e-05
21.7000000000006    6.20139210072463e-15    1.67042771346788e-12    1.48920492620507e-12    1.32980421808467e-09    1.22032984320022e-06    3.6466480747183e-05
21.8000000000006    -2.28156867142073e-15    -1.51411629015391e-12    1.54207938211411e-12    1.31577125090073e-09    1.24180488890732e-06    3.6273561320895e-05
21.9000000000006    -3.53710544006574e-14    1.05454522507833e-12    3.45511481568468e-13    1.76652617798361e-09    5.87802246991679e-07    4.20300627882426e-05
22.0000000000006    6.90801010968687e-14    4.26657605512802e-13    4.0056475050816e-12    2.67815411446718e-10    2.00141137827324e-06    1.63650668023909e-05
22.1000000000007    3.91499974028491e-14    -7.79698647906395e-13    9.82582211240777e-13    9.44058097013948e-10    9.91252849297683e-07    3.07255284253005e-05
22.2000000000007    -4.71898402828806e-14    -8.58143241403651e-13    1.03367845489722e-11    4.13774449336166e-10    3.2150870204354e-06    2.03414465890744e-05
22.3000000000007    -1.3076240206827e-13    -8.28015034900441e-13    2.41198798716853e-11    2.84226799185333e-10    4.91119943310036e-06    1.68590272312887e-05
22.4000000000007    -2.04070330899965e-13    -4.8152440499836e-13    3.79709280874228e-11    5.02711832981032e-11    6.16205550830425e-06    7.09021743658846e-06
22.5000000000007    -1.71592646746623e-13    1.4465506952657e-12    1.8880043911748e-11    2.37403655694056e-09    4.34511724948222e-06    4.87240860041577e-05
22.6000000000007    6.8945071419074e-14    2.51038249896882e-12    6.56529514195183e-12    4.00455535076197e-09    2.56228318925755e-06    6.32815561657736e-05
22.7000000000007    7.49121473153832e-14    -2.85316769061136e-12    2.83028791201369e-12    7.43040764593757e-09    1.68234595491346e-06    8.61998123312201e-05
22.8000000000008    -1.06244841517771e-13    1.94779351413385e-12    7.53871563756474e-12    4.62857417545806e-09    2.74567216498342e-06    6.80336253293771e-05
22.9000000000008    9.10473297027079e-14    -2.37122584427205e-12    5.34022733160927e-12    6.58924628940354e-09    2.31089318913905e-06    8.11741725513943e-05
23.0000000000008    -2.99402027226778e-14    3.98857801106629e-12    3.52357343604698e-13    1.40790199539839e-08    5.93596953837111e-07    0.000118655046053608
23.1000000000008    -7.74419605488731e-14    -2.66225013986369e-12    6.38340236865293e-12    3.4559363757897e-09    2.52653960361854e-06    5.8787212689408e-05
23.2000000000008    4.61620661726713e-14    -4.04130902376482e-12    7.12832718717385e-13    1.64922145435184e-08    8.44294213362488e-07    0.00012842201736275
23.3000000000008    9.00426947471247e-14    -7.68302543427403e-13    5.43413698628059e-12    4.11704160416331e-09    2.33112354590669e-06    6.4164176953837e-05
23.4000000000009    8.64593443055304e-14    1.33693078476611e-12    6.1171254132294e-12    7.79008956822775e-10    2.47328231571517e-06    2.7910731929184e-05
23.5000000000009    8.71061455912019e-14    1.25605560807123e-12    5.60195854288283e-12    1.46767637317496e-09    2.36684569477666e-06    3.83102645928603e-05
23.6000000000009    8.86787286762465e-14    -1.18337410858927e-12    3.2761703905335e-12    1.01287068126321e-08    1.81001944479431e-06    0.000100641476602006
23.7000000000009    5.00161094664953e-14    -5.14506640062909e-12    1.62709001187643e-13    2.37278877826938e-08    4.03372038182669e-07    0.000154038591861565
23.8000000000009    -4.60673678754585e-14    -5.66184404896143e-12    4.32303607382775e-12    4.80369933295043e-09    2.0791912066541e-06    6.93087247967411e-05
23.9000000000009    -9.58743844039713e-14    1.4553867416264e-12    2.00427111927209e-12    1.58408648823948e-08    1.41572282572264e-06    0.000125860497704382
24.000000000001    5.50565336527336e-15    7.09967302184721e-12    2.68447826950935e-12    1.25073812337787e-08    1.63843775271121e-06    0.000111836403884328
24.100000000001    1.05606650885983e-13    6.04508655646718e-13    3.01053450592207e-12    1.09057987009515e-08    1.73508919249762e-06    0.0001044308321376
24.200000000001    2.91504275349733e-14    -7.29850001254901e-12    1.49086248748373e-12    1.82490247594366e-08    1.22100879910168e-06    0.000135088951285575
24.300000000001    -9.32546263856243e-14    -4.41237142227843e-12    5.01506150969209e-12    1.85111860901414e-09    2.23943330101436e-06    4.30246279358012e-05
24.400000000001    -1.08040929127724e-13    2.85399888070201e-12    8.02750859733315e-13    2.05122510202197e-08    8.95963648667346e-07    0.000143220986661242
24.500000000001    -5.69549172262817e-14    6.54600034548315e-12    7.69395294309089e-13    2.00466742575216e-08    8.77151808017909e-07    0.000141586278493085
24.600000000001    -2.28444120289186e-14    7.05513297578078e-12    2.20585078301254e-12    1.41281136292264e-08    1.48521068640531e-06    0.000118861741654859
24.7000000000011    -3.71555904382728e-14    6.48028217214895e-12    1.59438462407981e-12    1.5607336566831e-08    1.26268944086811e-06    0.00012492932628823
24.8000000000011    -9.59902735812337e-14    3.94312268784597e-12    3.4025427942778e-13    1.79516596450592e-08    5.83313191542734e-07    0.000133983803666933
24.9000000000011    -1.13006345064311e-13    -2.38786441530002e-12    6.8389673442861e-12    2.02501477374414e-09    2.61514193578209e-06    4.50001641524133e-05
25.0000000000011    5.49754435710947e-14    -4.76112584706526e-12    6.83503345191459e-13    1.43173230009804e-08    8.26742611210681e-07    0.00011965501661435
25.1000000000011    6.46276194485211e-14    4.12292782894734e-12    8.00228396041199e-12    2.82065845896646e-09    2.8288308469069e-06    5.31098715773861e-05
25.2000000000011    -1.07995002355125e-13    -2.41184536988469e-12    1.11388700237103e-11    4.91256042715377e-10    3.33749457283608e-06    2.21642965761463e-05
25.3000000000012    1.03675445948426e-13    2.47459129124548e-12    1.25887189989065e-11    1.15884062428447e-09    3.54805848301666e-06    3.40417482554063e-05
25.4000000000012    -2.75543726971448e-14    -3.1619398282333e-12    4.84500999229269e-12    5.93892475882737e-09    2.20113834010784e-06    7.70644195386389e-05
25.5000000000012    -1.42910190873243e-13    1.14110391603314e-12    1.22030277966715e-11    2.17873952912538e-09    3.49328324025858e-06    4.66769700079748e-05
25.6000000000012    6.21120664147912e-14    2.20161720268441e-12    8.07785865812271e-12    3.61494346357555e-09    2.84215739502982e-06    6.01243999019994e-05
25.7000000000012    2.3909289831552e-13    1.38831148344455e-12    5.61655161351373e-11    1.53758527264734e-09    7.49436562593107e-06    3.92120551954031e-05
25.8000000000012    3.66809747379382e-13    1.25923829385066e-12    1.22083896723325e-10    1.18125409184092e-09    1.10491581907096e-05    3.43693772396434e-05
25.9000000000012    4.7224768962589e-13    4.81979205986237e-13    1.74142249664943e-10    7.96205487092131e-11    1.31962968163399e-05    8.92303472531699e-06
26.0000000000013    3.40911468623438e-13    -3.74455546537055e-12    4.94603140293746e-11    1.68885032854344e-08    7.0328027150898e-06    0.00012995577434433
26.1000000000013    -2.08648515993953e-13    -5.11915709495075e-12    5.83349775934643e-11    8.24157067938673e-09    7.63773379959424e-06    9.07830968814498e-05
26.2000000000013    -1.17682503682849e-13    7.34897886195911e-12    7.49240504312976e-13    4.06100845690274e-08    8.65586797677138e-07    0.000201519439680214
26.3000000000013    2.14749693359479e-13    -6.37599275181375e-12    5.0333883928374e-12    4.65855885004321e-08    2.2435214268728e-06    0.000215836948876767
26.4000000000013    -1.71553102945598e-13    8.09775525009116e-12    7.29663972466772e-13    5.84909902735353e-08    8.54203706657108e-07    0.000241849106414589
26.5000000000013    -2.14882916647885e-14    -1.10644862809308e-11    1.70811128760393e-11    3.83126475210168e-08    4.1329303013769e-06    0.000195736168147373
26.6000000000014    2.62990780856315e-13    2.46240971230224e-12    2.87844413165751e-11    1.66378039762645e-08    5.36511335542643e-06    0.000128987611716259
26.7000000000014    1.26291960643646e-14    1.32188268195962e-11    1.600815445864e-11    4.23042229790477e-08    4.00101917748965e-06    0.000205679904169191
26.8000000000014    -1.77058282140073e-13    1.05705140888251e-11    3.71625541269899e-13    8.97925867859661e-08    6.09610975352206e-07    0.000299654111912328
26.9000000000014    -2.25071186244349e-13    7.84885202241139e-12    1.85054194904038e-12    9.13283704195439e-08    1.36034626071465e-06    0.000302205841140677
27.0000000000014    -2.01132972219065e-13    1.04433048107041e-11    3.84136495268497e-13    1.01611444412316e-07    6.19787459754113e-07    0.000318765500662032
27.1000000000014    -8.02997361862066e-14    1.62558437616249e-11    7.05079259118578e-12    7.77864798801323e-08    2.65533285883065e-06    0.000278902276577535
27.2000000000015    1.48748178427562e-13    1.47391548028537e-11    2.42249179009671e-11    2.45403659080311e-09    4.92188154072881e-06    4.95382336261891e-05
27.3000000000015    2.63162284479504e-13    -3.52681346317912e-12    5.32405086433603e-12    8.93312686388106e-08    2.30739048804834e-06    0.000298883369625696
27.4000000000015    6.0964044062697e-15    -1.88634566152945e-11    1.44294323262004e-11    4.56735547989756e-08    3.79860926211165e-06    0.000213713721597316
27.5000000000015    -2.71700581452305e-13    -2.71929491099655e-12    1.17120034557145e-11    5.90189633420485e-08    3.42228044667798e-06    0.000242938188315564
27.6000000000015    -6.98483197084396e-14    1.87835925865975e-11    9.75555153185159e-12    6.86341931926823e-08    3.12338782924113e-06    0.000261981284050373
27.7000000000015    2.54807616891789e-13    8.58856394759071e-12    1.83807814650046e-11    2.72098069719406e-08    4.28728136060657e-06    0.000164953954096107
27.8000000000015    2.13639992844641e-13    -1.3059273725993e-11    7.86704948256089e-13    1.08278592397538e-07    8.8696389343425e-07    0.000329057126343646
27.9000000000016    -3.09637339106504e-14    -1.91724952199964e-11    1.9656840848883e-11    2.5411567431928e-08    4.43360359627279e-06    0.000159410060635857
28.0000000000016    -1.98522843049349e-13    -1.45337290407506e-11    2.60097440146274e-11    2.78026475469469e-09    5.09997490333309e-06    5.2728215925579e-05
28.1000000000016    -2.5078981733536e-13    -1.15355996620981e-11    2.49542069360684e-11    1.11609052521851e-08    4.99541859467936e-06    0.0001056451856555
28.2000000000016    -2.05422720977022e-13    -1.43841358119885e-11    2.95288681294076e-11    2.12952944448144e-09    5.43404712248684e-06    4.61468248580683e-05
28.3000000000016    2.2202378669482e-14    -1.76113818817231e-11    2.16125769878012e-11    2.95697993371665e-08    4.64893288699689e-06    0.000171958714048362
28.4000000000016    3.600291212205e-13    -4.07170401745417e-12    3.33218512728375e-12    6.89256300491826e-08    1.82542738208991e-06    0.000262536911784196
28.5000000000017    1.46165288463126e-14    1.64213362502976e-11    3.11295390129408e-11    1.6708910512791e-08    5.57938518234229e-06    0.000129262951044724
28.6000000000017    -3.24159328860657e-13    -1.08853255889289e-11    4.11510170549471e-11    5.93049588097062e-09    6.41490584926599e-06    7.70097129001952e-05
28.7000000000017    4.26165426789182e-13    7.70822307029439e-12    3.82888760326622e-11    1.37317125206873e-08    6.18780058119701e-06    0.000117182389976853
28.8000000000017    -3.6845583813027e-13    -1.08504295326318e-11    6.12045077528962e-11    2.35244358465779e-09    7.82333098832563e-06    4.85019956770613e-05
28.9000000000017    -1.12858179308363e-13    1.22194539914436e-11    5.44549553848244e-11    1.39602052136946e-08    7.37936009318047e-06    0.000118153312326377
29.0000000000017    7.90516743321589e-13    2.53871041132809e-12    2.85381938548791e-11    1.53698818684982e-08    5.34211511059791e-06    0.000123975327660378
29.1000000000017    4.83959325819491e-13    -6.69092781187682e-12    6.84732288017301e-11    1.40167345171156e-08    8.27485521333938e-06    0.000118392290784137
29.2000000000018    -2.75086717264988e-13    -7.92337200762983e-12    3.12802301995974e-10    6.51113561706272e-09    1.76862178544757e-05    8.06916080956542e-05
29.3000000000018    -1.06552673276486e-12    -7.58250714534805e-12    6.39447585050911e-10    4.95486404154722e-09    2.52873008652744e-05    7.03907951478541e-05
29.4000000000018    -1.56968635272742e-12    -2.54539214241384e-13    7.89900870909612e-10    2.48501005208456e-09    2.81051751624075e-05    4.98498751461281e-05
29.5000000000018    -6.52931325346343e-13    1.8914726439939e-11    8.49439310231817e-11    1.08974751645327e-07    9.21650318847562e-06    0.000330113240639218
29.6000000000018    1.09037447432016e-12    4.506807128688e-12    3.6609705228444e-10    3.54005656050074e-09    1.91336628036672e-05    5.94983744357837e-05
29.7000000000018    -5.30244761167083e-13    -2.18402339340411e-11    8.76636471077078e-11    1.36499590665606e-07    9.36288668668523e-06    0.000369458510073331
29.8000000000019    3.07245441502372e-13    2.68967828322203e-11    2.75003762176692e-11    2.14234149591978e-07    5.24408011167536e-06    0.000462854350300369
29.9000000000019    -5.25084644822654e-13    -2.39758481931574e-11    8.1308184200651e-11    1.72071739453493e-07    9.01710508980852e-06    0.000414815307641235
