0.75 1.496526659349001e-14 3.426958627197605e-13 18
1.5 9.524975860680582e-14 8.201146694070963e-12 62
2.25 2.124697073567261e-13 1.764366119731067e-11 98
3 6.376206478389996e-13 5.154371465561114e-11 210
3.75 1.235518225551952e-12 1.188912118834395e-10 350
4.5 2.245810264622498e-12 2.000754421566615e-10 450
5.25 3.363898720360429e-12 3.678721839428799e-10 602
6 4.517196730503541e-12 5.379538264195888e-10 762
6.75 7.521300505403284e-12 9.029230813542516e-10 1142
7.5 9.210535937052456e-12 1.252237591535098e-09 1250
8.25 1.079316199745009e-11 1.551245534979172e-09 1458
9 1.395744515024317e-11 2.46498568592152e-09 1814
9.75 1.800035305329537e-11 3.12289735722587e-09 2178
10.5 2.161119017678402e-11 4.256782818874333e-09 2498
11.25 2.291892757335359e-11 4.714488369758178e-09 2622
12 2.996126076897573e-11 6.514918835239379e-09 3338
12.75 3.467378776347721e-11 8.156487276039733e-09 3722
13.5 3.856250207037258e-11 1.011160761821553e-08 4170
14.25 4.169764136324173e-11 1.177855080011871e-08 4358
15 4.967855187896558e-11 1.510899343559684e-08 5034
15.75 5.642255991802677e-11 1.870119572554617e-08 5714
16.5 5.836670951609435e-11 2.046281027071856e-08 5982
17.25 6.558965525495612e-11 2.482658494996622e-08 6602
18 7.305081648474344e-11 2.86174546951741e-08 7130
18.75 8.385285451083122e-11 3.466502123050562e-08 8034
19.5 9.016570765408969e-11 4.127335070893884e-08 8606
20.25 9.241838898740936e-11 4.609481015780353e-08 9066
21 1.019926344056856e-10 5.287956544374304e-08 9962
21.75 1.125961396598215e-10 6.050192109121314e-08 10550
22.5 1.135977202273753e-10 6.776807231173896e-08 11226
23.25 1.294096439463508e-10 7.894988484971289e-08 12146
24 1.286953299184002e-10 8.310394858104197e-08 12303
24.75 1.342141276403325e-10 9.128155213783754e-08 12584
25.5 1.272600209886206e-10 9.515543360317578e-08 12120
26.25 1.224737520352756e-10 9.339247138212636e-08 11180
27 1.198074767081536e-10 9.40583312799347e-08 11096
27.75 1.092529235613984e-10 8.961303772826778e-08 10056
28.5 1.049554782888987e-10 9.358048981213516e-08 9716
29.25 9.373798868224941e-11 8.63809221919695e-08 8604
30 8.507841143229586e-11 8.055077839939359e-08 8060
30.75 7.837909476981185e-11 8.115612179167685e-08 7320
31.5 6.690393267011547e-11 7.023946974848807e-08 6356
32.25 5.868135171302756e-11 6.354574566946666e-08 5348
33 4.663224019001656e-11 5.112294948249822e-08 4308
33.75 3.981394777052044e-11 4.645569449808195e-08 3563
34.5 2.635434019740606e-11 3.194395761820562e-08 2448
35.25 2.194575758456178e-11 2.481032069962171e-08 1868
36 1.479427690155946e-11 1.935748634641951e-08 1358
36.75 1.288079453649032e-11 1.636627564101418e-08 1062
37.5 8.610318676587284e-12 1.104865508394081e-08 776
38.25 4.832250673275261e-12 6.115851131985109e-09 432
39 2.186509895966739e-12 2.372987443515252e-09 200
39.75 1.813464758187279e-12 2.497936950464582e-09 168
40.5 6.963748553824706e-13 7.566280058313929e-10 56
41.25 1.453727099655977e-13 1.551667537280287e-11 7


0.75 5.513091914816067e-14 2.055559532261583e-13 18
1.5 1.929079512977029e-12 2.220186492363962e-12 62
2.25 5.632951125214546e-13 3.103889816799008e-11 98
3 1.157863527801853e-12 4.890454764824934e-11 210
3.75 2.274090182089121e-12 6.985594794826561e-11 350
4.5 3.917623726640619e-12 1.204261018605047e-10 450
5.25 5.277439998396822e-12 2.339307864513641e-10 602
6 7.124328469187577e-12 3.417860695033057e-10 762
6.75 1.122358926136404e-11 6.040361916402657e-10 1142
7.5 1.287201972862477e-11 8.96031447808291e-10 1250
8.25 1.46800181940007e-11 1.143125899096502e-09 1458
9 1.943955806772482e-11 1.771886816730935e-09 1814
9.75 2.427392905908592e-11 2.31322032146753e-09 2178
10.5 2.786574654117167e-11 3.297545537925192e-09 2498
11.25 2.836542717618068e-11 3.808260287442825e-09 2622
12 3.800672476904089e-11 5.134386789211377e-09 3338
12.75 4.240084299777844e-11 6.676058675848996e-09 3722
13.5 4.79609549018707e-11 8.147885577472465e-09 4170
14.25 5.213750861208843e-11 9.442935917118081e-09 4358
15 6.121238254203989e-11 1.227528798372977e-08 5034
15.75 7.136194879886354e-11 1.487881646833398e-08 5714
16.5 7.405980432466952e-11 1.626674576639924e-08 5982
17.25 8.449505708007554e-11 1.945338629343208e-08 6602
18 9.041617438398943e-11 2.334712566586562e-08 7130
18.75 1.040906990650404e-10 2.82801197616779e-08 8034
19.5 1.172018025833475e-10 3.235775131431645e-08 8606
20.25 1.233115564575893e-10 3.532191911210778e-08 9066
21 1.359272029144953e-10 4.071294590658831e-08 9962
21.75 1.443528923667064e-10 4.863103159779407e-08 10550
22.5 1.519101201920284e-10 5.285842567763839e-08 11226
23.25 1.779964841076176e-10 5.960422219355251e-08 12146
24 1.765426816927776e-10 6.354484916084016e-08 12303
24.75 1.82055943554388e-10 7.023376555212689e-08 12584
25.5 1.80115662575957e-10 7.082131868422079e-08 12120
26.25 1.696405682027774e-10 7.084897630329195e-08 11180
27 1.604596461012066e-10 7.350492614441581e-08 11096
27.75 1.499914955708701e-10 6.850312985302215e-08 10056
28.5 1.475907694772235e-10 7.074058398462394e-08 9716
29.25 1.326485997010431e-10 6.474845818330698e-08 8604
30 1.19272631898049e-10 6.103267415354525e-08 8060
30.75 1.168149271557033e-10 5.868123207466476e-08 7320
31.5 9.746238823927669e-11 5.189005232153754e-08 6356
32.25 8.5260187112903e-11 4.71285728538803e-08 5348
33 6.72710010143584e-11 3.795518405512865e-08 4308
33.75 5.751914312937417e-11 3.466663495209063e-08 3563
34.5 3.872289508010484e-11 2.350346216382453e-08 2448
35.25 3.091800925770643e-11 1.855348891506426e-08 1868
36 2.050512347639303e-11 1.517193282366191e-08 1358
36.75 1.870501225460806e-11 1.210509649601012e-08 1062
37.5 1.289201654685269e-11 7.909652058788215e-09 776
38.25 6.446292507168675e-12 4.880027025029073e-09 432
39 2.939435615236374e-12 1.8150681375719e-09 200
39.75 3.059850299108946e-12 1.574270126631974e-09 168
40.5 6.908068464598187e-13 7.48260178180034e-10 56
41.25 1.294894642304155e-13 3.106426351811925e-11 7


0.75 4.290056285665389e-15 1.502473274525466e-12 18
1.5 1.327481480009066e-12 2.369870980132719e-11 62
2.25 1.127446892158815e-12 5.69921003741495e-10 98
3 7.185356819953499e-13 2.27804237906706e-10 210
3.75 9.2015678656086e-13 1.611767052629754e-10 350
4.5 1.698846637855555e-12 2.826603966184748e-10 450
5.25 2.405796455015682e-12 5.155252861820018e-10 602
6 3.472920255185098e-12 6.991581234344354e-10 762
6.75 5.810171121536995e-12 1.171745680388872e-09 1142
7.5 7.380242485089931e-12 1.561287587063707e-09 1250
8.25 8.490470030517484e-12 1.975065305268061e-09 1458
9 1.214361431324807e-11 2.834244685736818e-09 1814
9.75 1.428453982017271e-11 3.92547913798537e-09 2178
10.5 1.941128181570055e-11 4.724568685558177e-09 2498
11.25 1.952261738867672e-11 5.52754038821197e-09 2622
12 2.557680365105463e-11 7.632185918754588e-09 3338
12.75 3.044995692468314e-11 9.293749676656033e-09 3722
13.5 3.547687366418547e-11 1.100089577632682e-08 4170
14.25 3.901572626116949e-11 1.261415917018681e-08 4358
15 4.712319267598616e-11 1.597391499558393e-08 5034
15.75 5.323961365157306e-11 1.992232414109539e-08 5714
16.5 5.566286616769093e-11 2.162524033813871e-08 5982
17.25 6.501045027265556e-11 2.525150487055082e-08 6602
18 7.227506807508517e-11 2.911289285283341e-08 7130
18.75 8.313172710394773e-11 3.526590510522496e-08 8034
19.5 9.293848009857714e-11 4.068336379492734e-08 8606
20.25 9.873106380971664e-11 4.422083376477097e-08 9066
21 1.078256494809392e-10 5.12742724604812e-08 9962
21.75 1.194415989944313e-10 5.865554638868919e-08 10550
22.5 1.255370224707977e-10 6.373357057804966e-08 11226
23.25 1.463739962047113e-10 7.252841409238911e-08 12146
24 1.44500883527144e-10 7.722448999243221e-08 12303
24.75 1.553238934636236e-10 8.214984146992907e-08 12584
25.5 1.511761367173018e-10 8.45702789994988e-08 12120
26.25 1.43523176471229e-10 8.345854911729245e-08 11180
27 1.438196177301727e-10 8.207214222156207e-08 11096
27.75 1.298643782418261e-10 7.907318789940752e-08 10056
28.5 1.264693741369993e-10 8.227919576860291e-08 9716
29.25 1.127828598763699e-10 7.607084768795426e-08 8604
30 1.061294353642382e-10 6.86304560899551e-08 8060
30.75 1.027416344819471e-10 6.67181340475252e-08 7320
31.5 8.403327724286819e-11 6.008112660505702e-08 6356
32.25 7.67954673877767e-11 5.231531412062312e-08 5348
33 5.886055913137663e-11 4.354123723274536e-08 4308
33.75 5.137035233547332e-11 3.885875299256177e-08 3563
34.5 3.39626532753507e-11 2.677999320296905e-08 2448
35.25 2.756348046061175e-11 2.084583133503839e-08 1868
36 1.827631581202982e-11 1.698450796781904e-08 1358
36.75 1.606019140652411e-11 1.408346000082471e-08 1062
37.5 1.15824563382509e-11 8.816897986091163e-09 776
38.25 5.936209129108625e-12 5.306459545629289e-09 432
39 2.813323172106415e-12 1.877921345869422e-09 200
39.75 1.936872825860511e-12 2.444831864625198e-09 168
40.5 1.003178671502682e-12 5.055488801785697e-10 56
41.25 1.423658015047091e-14 1.218901953719603e-10 7


0.75 3.822437857017049e-14 2.749579784593634e-13 18
1.5 2.704126541851515e-12 1.082768805518539e-10 62
2.25 7.588597606457216e-11 1.702323238945728e-10 98
3 2.671400358230851e-12 9.648212019547641e-11 210
3.75 3.436950557017559e-12 4.475102262318001e-11 350
4.5 4.982349793393387e-12 9.769474858676667e-11 450
5.25 7.204103566563278e-12 1.74206900267759e-10 602
6 8.41752737131113e-12 2.896745258865274e-10 762
6.75 1.17931375202368e-11 5.763301657345097e-10 1142
7.5 1.459110294454999e-11 7.90388715383998e-10 1250
8.25 1.553463088196917e-11 1.07937827751293e-09 1458
9 2.145260052596922e-11 1.602928508335784e-09 1814
9.75 2.62930873045856e-11 2.134116795959163e-09 2178
10.5 3.057645683736944e-11 3.007924050588497e-09 2498
11.25 3.095754484967167e-11 3.492578433748928e-09 2622
12 3.959650535304847e-11 4.933231378644481e-09 3338
12.75 4.401335271238291e-11 6.43129553344771e-09 3722
13.5 5.039752813078185e-11 7.743221248677671e-09 4170
14.25 5.429873447765572e-11 9.075049999708074e-09 4358
15 6.228194815079662e-11 1.210276448578166e-08 5034
15.75 7.278859269238206e-11 1.4579912330675e-08 5714
16.5 7.462820011301192e-11 1.612078713373776e-08 5982
17.25 8.500518236249934e-11 1.935184887559647e-08 6602
18 9.218698684788103e-11 2.286602935459455e-08 7130
18.75 1.056086425496251e-10 2.782968973456852e-08 8034
19.5 1.175316664820452e-10 3.224310674108738e-08 8606
20.25 1.231901392629286e-10 3.54152687132189e-08 9066
21 1.377816760499546e-10 4.019859717162622e-08 9962
21.75 1.527276721200794e-10 4.592222978959126e-08 10550
22.5 1.569266484122154e-10 5.113989531718308e-08 11226
23.25 1.752170893775748e-10 6.059979147527098e-08 12146
24 1.790607181375567e-10 6.266377571093131e-08 12303
24.75 1.841847003960889e-10 6.93708953340749e-08 12584
25.5 1.811723926601393e-10 7.076033859899691e-08 12120
26.25 1.731351700095078e-10 6.938287473798689e-08 11180
27 1.676934036538608e-10 7.044690824309278e-08 11096
27.75 1.558389217341156e-10 6.589701184101172e-08 10056
28.5 1.487154434999708e-10 7.007941668702202e-08 9716
29.25 1.377982473007014e-10 6.227435666576881e-08 8604
30 1.248722130703064e-10 5.833748193756372e-08 8060
30.75 1.193463074007419e-10 5.740025331749962e-08 7320
31.5 9.501935800809632e-11 5.312513242111444e-08 6356
32.25 8.646276577496823e-11 4.642432687858933e-08 5348
33 6.838504489481678e-11 3.735314560118191e-08 4308
33.75 5.906150827727159e-11 3.381466899467332e-08 3563
34.5 3.683685751154734e-11 2.460841996218664e-08 2448
35.25 3.096488970739819e-11 1.855471566126006e-08 1868
36 2.195548540098244e-11 1.423336359273154e-08 1358
36.75 1.962851026342775e-11 1.152793968997585e-08 1062
37.5 1.277006983334329e-11 7.99994177132657e-09 776
38.25 5.791937066699201e-12 5.314152182924842e-09 432
39 2.642437528257634e-12 2.018235800164689e-09 200
39.75 2.248809521219917e-12 2.133657791207192e-09 168
40.5 1.080833054195696e-12 4.782625006354118e-10 56
41.25 2.340794003401881e-14 1.04483246681994e-10 7


0.75 2.604976490906162e-14 1.963263407821501e-13 18
1.5 6.378239296545045e-14 1.214458372541214e-09 62
2.25 1.210035359175772e-10 1.285172940544151e-08 98
3 1.083271123298437e-11 6.948730573136685e-11 210
3.75 1.623258705274629e-12 9.138802848616835e-11 350
4.5 3.163498374554301e-12 1.594400316517917e-10 450
5.25 4.20148130649622e-12 2.99182184221631e-10 602
6 5.474944171012271e-12 4.446497666384411e-10 762
6.75 8.592424542682069e-12 7.90498988356804e-10 1142
7.5 1.074361392801927e-11 1.076210214488531e-09 1250
8.25 1.257806779251705e-11 1.332459734959931e-09 1458
9 1.707459643207719e-11 2.015208473126028e-09 1814
9.75 2.06750152813614e-11 2.716179743516094e-09 2178
10.5 2.439354152491472e-11 3.766639862805218e-09 2498
11.25 2.624534412776248e-11 4.113583092143588e-09 2622
12 3.307432316087973e-11 5.898964668869419e-09 3338
12.75 3.907448374491531e-11 7.253620102581432e-09 3722
13.5 4.465904967503728e-11 8.740213905660947e-09 4170
14.25 4.907037409447212e-11 1.003165978311812e-08 4358
15 5.733697207143602e-11 1.313242945651189e-08 5034
15.75 6.772018373594708e-11 1.566927533882901e-08 5714
16.5 6.909577780625688e-11 1.74192090377469e-08 5982
17.25 7.878124610215178e-11 2.085842790988973e-08 6602
18 8.662886492017787e-11 2.433112701014073e-08 7130
18.75 9.965104249475083e-11 2.942559352582937e-08 8034
19.5 1.105391839648426e-10 3.424272731429987e-08 8606
20.25 1.164039348430708e-10 3.746895354710972e-08 9066
21 1.263811050955662e-10 4.381862683366032e-08 9962
21.75 1.42878434934538e-10 4.891849551876437e-08 10550
22.5 1.503487373160593e-10 5.326536300177194e-08 11226
23.25 1.737064274516423e-10 6.133878036295362e-08 12146
24 1.690269162406755e-10 6.619602120605405e-08 12303
24.75 1.750731046507902e-10 7.295189780836976e-08 12584
25.5 1.715808384497055e-10 7.460330754849651e-08 12120
26.25 1.658749337764855e-10 7.232976244582179e-08 11180
27 1.617562502210394e-10 7.293165742359598e-08 11096
27.75 1.435563662796021e-10 7.158797380354182e-08 10056
28.5 1.419495409314979e-10 7.338330372480033e-08 9716
29.25 1.292469079321928e-10 6.64580011120409e-08 8604
30 1.163460020130169e-10 6.262196246551712e-08 8060
30.75 1.086770323231568e-10 6.304190251430405e-08 7320
31.5 9.027238865442241e-11 5.581459313103725e-08 6356
32.25 8.583761202518534e-11 4.685190929096581e-08 5348
33 6.4491576386386e-11 3.967874365536655e-08 4308
33.75 5.58356305543344e-11 3.570142235239215e-08 3563
34.5 3.757785326653959e-11 2.417911892463875e-08 2448
35.25 2.974684510660336e-11 1.932570709579321e-08 1868
36 2.066374364838145e-11 1.510118498370539e-08 1358
36.75 1.694933971690239e-11 1.331355433292236e-08 1062
37.5 1.098757641821403e-11 9.226508337911023e-09 776
38.25 6.384894626992061e-12 4.935250105936274e-09 432
39 2.6700460810646e-12 2.004123352498039e-09 200
39.75 2.90434793959895e-12 1.674472141468858e-09 168
40.5 8.14221223536015e-13 6.634320703755665e-10 56
41.25 5.570489981345744e-14 8.357050881691403e-11 7


0.75 7.268075326636759e-15 1.700524419791273e-12 18
1.5 1.951271085179746e-11 1.77197485511295e-09 62
2.25 9.5560029398456e-10 3.345023662636617e-09 98
3 1.275396969519501e-12 1.534794474498701e-09 210
3.75 9.491246123235964e-13 1.590231693985411e-10 350
4.5 1.850027931074264e-12 2.722553767033155e-10 450
5.25 2.769390383583885e-12 4.495134930150169e-10 602
6 3.903011717123347e-12 6.223640236237509e-10 762
6.75 6.080683501208591e-12 1.120334099059614e-09 1142
7.5 8.171707581342879e-12 1.40743748747566e-09 1250
8.25 9.585898001857545e-12 1.746458536101554e-09 1458
9 1.266088948784436e-11 2.718760410068164e-09 1814
9.75 1.542259186735166e-11 3.636451695666104e-09 2178
10.5 1.969592606930802e-11 4.665928312851039e-09 2498
11.25 2.088414523601621e-11 5.174512480695016e-09 2622
12 2.688947237212841e-11 7.261789526174831e-09 3338
12.75 3.25578643136095e-11 8.686747688201881e-09 3722
13.5 3.76667602259566e-11 1.036380743853679e-08 4170
14.25 3.99626364682381e-11 1.231656416701901e-08 4358
15 4.73213908726389e-11 1.588288676796895e-08 5034
15.75 5.699311263549499e-11 1.860941696312779e-08 5714
16.5 5.793740911668348e-11 2.077253783177387e-08 5982
17.25 6.656179002345406e-11 2.467435137095264e-08 6602
18 7.501612457688732e-11 2.808038328567364e-08 7130
18.75 8.786318108152775e-11 3.340505313522941e-08 8034
19.5 9.382018024287941e-11 4.015114286922481e-08 8606
20.25 1.024406494137114e-10 4.245961869864619e-08 9066
21 1.106102954448156e-10 4.993969926949717e-08 9962
21.75 1.227938466597627e-10 5.68888400022558e-08 10550
22.5 1.322894519521715e-10 6.041763955370896e-08 11226
23.25 1.486128748119493e-10 7.125687967438022e-08 12146
24 1.489453090037774e-10 7.491187194364861e-08 12303
24.75 1.612225266671081e-10 7.926272283651902e-08 12584
25.5 1.540571802954744e-10 8.297290986997004e-08 12120
26.25 1.504005610316344e-10 7.961078243121525e-08 11180
27 1.490286353806467e-10 7.90598968025408e-08 11096
27.75 1.353854464789654e-10 7.585350832321503e-08 10056
28.5 1.363216018337408e-10 7.645006121451862e-08 9716
29.25 1.192522428101023e-10 7.211033541121278e-08 8604
30 1.075995495376013e-10 6.768326987119298e-08 8060
30.75 1.070002069115613e-10 6.408436026951391e-08 7320
31.5 8.896339440455869e-11 5.679324869256236e-08 6356
32.25 7.849768511891766e-11 5.118069680125669e-08 5348
33 6.14799317657492e-11 4.161119305130678e-08 4308
33.75 5.200350363911995e-11 3.82700236940794e-08 3563
34.5 3.645678782483135e-11 2.494257335677106e-08 2448
35.25 2.856217137097436e-11 2.008122105155693e-08 1868
36 2.012655871387813e-11 1.55196863695418e-08 1358
36.75 1.802723705735977e-11 1.253831131491757e-08 1062
37.5 1.187469154404541e-11 8.58786458426501e-09 776
38.25 5.672217402200621e-12 5.509258764126421e-09 432
39 2.393734669181605e-12 2.225341429179533e-09 200
39.75 2.294623052848812e-12 2.137596657458328e-09 168
40.5 7.844214212209829e-13 6.902163286329184e-10 56
41.25 1.424455494566301e-13 1.517675184497356e-11 7


0.75 6.319917352772836e-14 9.891203181348621e-13 18
1.5 1.340122994456976e-10 5.599635625314047e-09 62
2.25 8.89055264223285e-10 5.672367527508419e-07 98
3 3.836213021477147e-12 1.763266178411871e-09 210
3.75 2.120112270283231e-12 7.19212939508132e-11 350
4.5 3.13407361492721e-12 1.620671522824976e-10 450
5.25 4.392256293852442e-12 2.829384258447006e-10 602
6 5.874602324473158e-12 4.12947381887697e-10 762
6.75 9.124851202848434e-12 7.482494462496227e-10 1142
7.5 1.115353972063572e-11 1.034132529710542e-09 1250
8.25 1.264973108519085e-11 1.324937332626159e-09 1458
9 1.793641852514812e-11 1.918228845419697e-09 1814
9.75 2.095510032011406e-11 2.680618579512054e-09 2178
10.5 2.609135631054463e-11 3.523646888761385e-09 2498
11.25 2.68703723610667e-11 4.021919440790351e-09 2622
12 3.478154424926661e-11 5.608555854629827e-09 3338
12.75 3.899485322335096e-11 7.249835781814089e-09 3722
13.5 4.536936450312913e-11 8.609767769093286e-09 4170
14.25 4.926396488427179e-11 9.993923435173062e-09 4358
15 5.994957581536233e-11 1.255773171474556e-08 5034
15.75 6.770961701693578e-11 1.568433353088962e-08 5714
16.5 6.949572171110488e-11 1.734554361150834e-08 5982
17.25 7.840893999727264e-11 2.09577383499659e-08 6602
18 8.641445486897486e-11 2.437858414525954e-08 7130
18.75 1.003519922503286e-10 2.92591903646926e-08 8034
19.5 1.121116967088302e-10 3.375376256637643e-08 8606
20.25 1.141249269502023e-10 3.814734576827846e-08 9066
21 1.273958230092259e-10 4.353429432264886e-08 9962
21.75 1.411660460233553e-10 4.967090029020776e-08 10550
22.5 1.465999178317428e-10 5.468908987432975e-08 11226
23.25 1.702528677836247e-10 6.237559831079306e-08 12146
24 1.692739523236122e-10 6.600894117352018e-08 12303
24.75 1.813001949223709e-10 7.055647576178303e-08 12584
25.5 1.775376125557461e-10 7.192613606404015e-08 12120
26.25 1.656740965809963e-10 7.225071660490021e-08 11180
27 1.615319066898761e-10 7.307839470811051e-08 11096
27.75 1.48133954677266e-10 6.946387814403971e-08 10056
28.5 1.466168421185165e-10 7.114803552769399e-08 9716
29.25 1.32457815873323e-10 6.494450170960341e-08 8604
30 1.191186256108348e-10 6.114258685723706e-08 8060
30.75 1.113409487327335e-10 6.138545240675905e-08 7320
31.5 9.36102399966521e-11 5.382673999525843e-08 6356
32.25 8.063672843965686e-11 4.979667801060975e-08 5348
33 6.799156084757065e-11 3.761560591840441e-08 4308
33.75 5.851009960092154e-11 3.413881342674651e-08 3563
34.5 3.88279928567957e-11 2.33704670957779e-08 2448
35.25 3.047612233312292e-11 1.883180893282567e-08 1868
36 2.101036184795695e-11 1.48657447444433e-08 1358
36.75 1.916982223542609e-11 1.178157829649918e-08 1062
37.5 1.199782153974228e-11 8.51638311170887e-09 776
38.25 6.985508989047457e-12 4.504773241920169e-09 432
39 2.963759876438351e-12 1.794149706242117e-09 200
39.75 2.403035500063051e-12 2.036923150620756e-09 168
40.5 7.840874780851603e-13 6.853274531113175e-10 56
41.25 1.425600234366326e-13 2.05020440992892e-11 7


0.75 5.702644278452734e-15 1.491693762850281e-12 18
1.5 2.365223114410378e-10 6.289607821473717e-09 62
2.25 1.892821597410563e-08 7.271495203054754e-06 98
3 1.761655458254214e-11 4.999863246804267e-09 210
3.75 1.1053641831651e-12 1.452651179209225e-10 350
4.5 1.918169579181894e-12 2.78879089590327e-10 450
5.25 2.583955384527589e-12 4.816958625665517e-10 602
6 3.709397079004017e-12 6.542878217064101e-10 762
6.75 5.934326202555174e-12 1.147899229543516e-09 1142
7.5 7.592302488529636e-12 1.51796707959841e-09 1250
8.25 9.238412882222409e-12 1.81290620155456e-09 1458
9 1.296480302925437e-11 2.651662597725374e-09 1814
9.75 1.569217423671968e-11 3.574084081982143e-09 2178
10.5 1.980280322274152e-11 4.641136122790245e-09 2498
11.25 2.036363754286547e-11 5.301657587212675e-09 2622
12 2.654920136516266e-11 7.35445653228683e-09 3338
12.75 3.187855815619371e-11 8.877447434137725e-09 3722
13.5 3.58256931544589e-11 1.090067580735153e-08 4170
14.25 3.945384903793409e-11 1.247316775238971e-08 4358
15 4.879176798154521e-11 1.541933095650568e-08 5034
15.75 5.537591854483473e-11 1.914808565008834e-08 5714
16.5 5.617665488004739e-11 2.139342473093243e-08 5982
17.25 6.472074082955137e-11 2.534068990169411e-08 6602
18 7.290703187039044e-11 2.88907207202677e-08 7130
18.75 8.666952663357559e-11 3.384867211542117e-08 8034
19.5 9.466494852578186e-11 3.999051861809503e-08 8606
20.25 9.880969487360102e-11 4.401104733749637e-08 9066
21 1.109798354922218e-10 4.982964480242544e-08 9962
21.75 1.227366705793832e-10 5.680779608339547e-08 10550
22.5 1.31690842708375e-10 6.080328680958705e-08 11226
23.25 1.47160447048037e-10 7.194486486179832e-08 12146
24 1.503765628336434e-10 7.423324020269063e-08 12303
24.75 1.60793286242719e-10 7.948467924913764e-08 12584
25.5 1.55164441698565e-10 8.226079457921377e-08 12120
26.25 1.457137659027646e-10 8.233644068466589e-08 11180
27 1.455186825507626e-10 8.108724539962003e-08 11096
27.75 1.325942182924492e-10 7.746316859018116e-08 10056
28.5 1.299445935813386e-10 8.033178558299725e-08 9716
29.25 1.166456631521831e-10 7.367834963118154e-08 8604
30 1.040670750939857e-10 6.98844703710383e-08 8060
30.75 9.996948290824963e-11 6.85313217131478e-08 7320
31.5 8.581196578606547e-11 5.879901838845283e-08 6356
32.25 7.449046853775689e-11 5.384853835180897e-08 5348
33 6.043904842631852e-11 4.232470254567558e-08 4308
33.75 5.028826917344551e-11 3.949953488599228e-08 3563
34.5 3.496560058683989e-11 2.595707240643258e-08 2448
35.25 2.600254444784088e-11 2.201979436074855e-08 1868
36 1.88197674976534e-11 1.653606328420133e-08 1358
36.75 1.795122201172114e-11 1.256579284612509e-08 1062
37.5 1.112436786082847e-11 9.187169620887468e-09 776
38.25 6.162840792074072e-12 5.120981719516417e-09 432
39 2.771067608271172e-12 1.917711168472729e-09 200
39.75 2.279267335557734e-12 2.15276700598512e-09 168
40.5 7.733530161828389e-13 6.996422316540133e-10 56
41.25 3.645536321743655e-14 1.021784403085032e-10 7


0.75 2.099234438338043e-14 6.596594348879366e-13 18
1.5 1.28643840342078e-09 4.166791902694592e-11 62
2.25 2.339183944564841e-07 1.014603160568507e-05 98
3 1.45216037980116e-10 1.417093802688704e-09 210
3.75 1.748560727239576e-12 9.089956823480024e-11 350
4.5 4.127619468531775e-12 1.287445669335535e-10 450
5.25 4.891111997683262e-12 2.552722860502343e-10 602
6 6.476678419389712e-12 3.775400271366841e-10 762
6.75 1.020321268750899e-11 6.661035484726285e-10 1142
7.5 1.233434063318739e-11 9.346679841918297e-10 1250
8.25 1.404331172767504e-11 1.193813849283993e-09 1458
9 1.886907718284706e-11 1.826398248826193e-09 1814
9.75 2.217296424020818e-11 2.534673492955828e-09 2178
10.5 2.811235197565011e-11 3.265070527136753e-09 2498
11.25 2.891951397981014e-11 3.735293602331429e-09 2622
12 3.669430594532415e-11 5.319103512718158e-09 3338
12.75 4.088425575922197e-11 6.925459339662027e-09 3722
13.5 4.639402887744705e-11 8.425802894054332e-09 4170
14.25 5.022826535515123e-11 9.791025642287246e-09 4358
15 6.094418080806418e-11 1.234002074517084e-08 5034
15.75 7.167572433400525e-11 1.478565836707085e-08 5714
16.5 7.08867914149697e-11 1.697425320636612e-08 5982
17.25 8.198320632520804e-11 2.003081888892495e-08 6602
18 9.01564586788625e-11 2.335289491307239e-08 7130
18.75 1.02979957368149e-10 2.857149580067433e-08 8034
19.5 1.152361899410839e-10 3.293173666786308e-08 8606
20.25 1.180933455287955e-10 3.705533263076025e-08 9066
21 1.311512369421048e-10 4.220366953659482e-08 9962
21.75 1.457865784753503e-10 4.808908121997279e-08 10550
22.5 1.537971973071776e-10 5.214949453386372e-08 11226
23.25 1.783396914795601e-10 5.957546079804196e-08 12146
24 1.765862302317943e-10 6.350609703888525e-08 12303
24.75 1.80373450766311e-10 7.110805394455884e-08 12584
25.5 1.75966673224566e-10 7.259647693402249e-08 12120
26.25 1.703548138695626e-10 7.056940347217233e-08 11180
27 1.605575982512485e-10 7.354416589876649e-08 11096
27.75 1.514851346084913e-10 6.771806355575976e-08 10056
28.5 1.483730794429953e-10 7.031530246705151e-08 9716
29.25 1.311350961554714e-10 6.54448574611693e-08 8604
30 1.185781220217486e-10 6.143626168508709e-08 8060
30.75 1.126104226221305e-10 6.089704731668253e-08 7320
31.5 9.849092720638035e-11 5.116272084651446e-08 6356
32.25 8.097110486117442e-11 4.961733582907303e-08 5348
33 6.620623079980962e-11 3.872918331820275e-08 4308
33.75 5.503264853494751e-11 3.616516874308129e-08 3563
34.5 3.832302702481601e-11 2.375968492564154e-08 2448
35.25 2.895761880221011e-11 1.983102752113515e-08 1868
36 2.39266625355086e-11 1.292632732089146e-08 1358
36.75 1.983602527597308e-11 1.133225214910733e-08 1062
37.5 1.27594080069681e-11 8.001513512240054e-09 776
38.25 7.62282347187171e-12 4.064671573616491e-09 432
39 3.191271308044343e-12 1.63783578506437e-09 200
39.75 2.771870447654918e-12 1.773693394783924e-09 168
40.5 8.687878051028231e-13 6.241276152843869e-10 56
41.25 1.338265937200468e-13 2.754681856438831e-11 7


0.75 3.601409329116448e-14 2.551507479877271e-13 18
1.5 3.306243279781214e-09 3.878247779930596e-08 62
2.25 1.537043540378764e-05 9.689246884747444e-06 98
3 6.277355112148371e-10 2.716698055730118e-09 210
3.75 3.235533102851393e-12 5.452780706608931e-11 350
4.5 4.748795492904319e-12 1.277311319341432e-10 450
5.25 5.517753173618931e-12 2.274492285415498e-10 602
6 8.33555263199338e-12 2.909024553129282e-10 762
6.75 1.220357891392971e-11 5.607185440581275e-10 1142
7.5 1.363985219775492e-11 8.482556839964083e-10 1250
8.25 1.520520760160962e-11 1.102782932787851e-09 1458
9 2.063523780123425e-11 1.671581042268438e-09 1814
9.75 2.470616291036883e-11 2.2714221218177e-09 2178
10.5 3.006202757961725e-11 3.058073973004416e-09 2498
11.25 3.003808702477652e-11 3.600950257332757e-09 2622
12 3.921013915114104e-11 4.976578132339463e-09 3338
12.75 4.442162437631158e-11 6.374836498478512e-09 3722
13.5 4.813709477339398e-11 8.104059970236583e-09 4170
14.25 5.336498913803898e-11 9.229064211676915e-09 4358
15 6.234423706194255e-11 1.207559145918964e-08 5034
15.75 7.293457818493809e-11 1.454192845007259e-08 5714
16.5 7.479616861542186e-11 1.609346271558145e-08 5982
17.25 8.282248382480829e-11 1.982851712913726e-08 6602
18 9.195347219679812e-11 2.289928517483956e-08 7130
18.75 1.0519807926533e-10 2.791411176707802e-08 8034
19.5 1.182486954080285e-10 3.204414909806203e-08 8606
20.25 1.239307448454012e-10 3.525982246974607e-08 9066
21 1.340529357553504e-10 4.135635362113743e-08 9962
21.75 1.483248224108384e-10 4.732655455601108e-08 10550
22.5 1.55474790654267e-10 5.17068273118104e-08 11226
23.25 1.764318373679966e-10 6.020608082235983e-08 12146
24 1.742150329868046e-10 6.397855105040008e-08 12303
24.75 1.881595195138514e-10 6.795585525769722e-08 12584
25.5 1.835464507552631e-10 6.977317371640778e-08 12120
26.25 1.73414164941174e-10 6.921227647348636e-08 11180
27 1.661941871240989e-10 7.097210932679716e-08 11096
27.75 1.523756327959478e-10 6.730409045172365e-08 10056
28.5 1.514986526168342e-10 6.875009599814266e-08 9716
29.25 1.314610132489733e-10 6.546133309282552e-08 8604
30 1.220968460319226e-10 5.985248919228693e-08 8060
30.75 1.18802168757403e-10 5.76983509257473e-08 7320
31.5 1.004580310493971e-10 5.028379258023364e-08 6356
32.25 8.387015172557861e-11 4.785399542895828e-08 5348
33 6.655248144270618e-11 3.858314616679874e-08 4308
33.75 5.799718407536661e-11 3.435606531196851e-08 3563
34.5 4.075093715319958e-11 2.221588273085751e-08 2448
35.25 3.122264059452787e-11 1.837839393718737e-08 1868
36 2.229162918410393e-11 1.401869264864255e-08 1358
36.75 1.855471134394335e-11 1.221740946877167e-08 1062
37.5 1.272438081565454e-11 8.025460941253681e-09 776
38.25 6.75875753783895e-12 4.664766801437712e-09 432
39 3.145888777369361e-12 1.675062938467003e-09 200
39.75 2.447179919471696e-12 1.999148055323698e-09 168
40.5 9.419102848962448e-13 5.731392153830624e-10 56
41.25 2.453189688659898e-14 1.039784405986072e-10 7


