0 0 0
2.99999999999998 3.83241262129873e-19 1.38759258617342e-20
5.99999999999992 2.78021380006378e-19 3.47557837393986e-21
8.99999999999985 2.32658033965043e-19 1.47697890241911e-21
11.9999999999998 1.8513467619707e-19 7.15207248205387e-22
14.9999999999997 2.02067254981172e-19 5.28311263496411e-22
18 1.62203776372585e-19 3.06918554147622e-22
21.0000000000005 1.66193647436043e-19 2.39433487666828e-22
24.000000000001 2.20924058760262e-19 2.50605021793072e-22
27.0000000000014 3.58697890535456e-19 3.29919983270774e-22
30.0000000000019 6.36714087782157e-19 4.84047713838619e-22
33.000000000002 5.85826628321117e-18 3.74966928634891e-21
36.0000000000014 4.67515420443536e-18 2.54981149498245e-21
39.0000000000008 4.88963274629388e-18 2.30001712972109e-21
42.0000000000002 2.57953726016926e-17 1.05510133555515e-20
44.9999999999996 1.79945427111859e-17 6.45341675371248e-21
47.999999999999 8.23665165914355e-17 2.60602586755216e-20
50.9999999999984 3.26454705714394e-16 9.16833717923062e-20
53.9999999999978 2.80671446401361e-15 7.03316043559873e-19
56.9999999999972 4.59038190494494e-14 1.03152831894682e-17
59.9999999999966 8.0354505884939e-13 1.62693404105611e-16
62.999999999996 1.12123291838949e-11 2.05496159705582e-15
65.9999999999969 1.14879977741689e-10 1.91463125968064e-14
68.9999999999984 7.27777157667023e-10 1.10786139033111e-13
71.9999999999999 2.72074981042328e-09 3.79764225850876e-13
75.0000000000015 7.43432717025744e-09 9.55064753630009e-13
78.000000000003 1.58868524798173e-08 1.88583677632125e-12
81.0000000000045 2.40568674939818e-08 2.64710834032686e-12
84.0000000000061 4.33379851055961e-08 4.43466787053093e-12
87.0000000000076 8.47866335465309e-08 8.09125605499806e-12
90.0000000000091 1.27291042352898e-07 1.13618734399723e-11
93.0000000000107 1.083744221878e-07 9.06517870646995e-12
96.0000000000122 1.25479678508113e-07 9.86233925487257e-12
99.0000000000137 1.63891989054383e-07 1.2123873016423e-11
102.000000000015 1.99632870906782e-07 1.39215703446537e-11
105.000000000017 2.37898486278581e-07 1.56643638465918e-11
108.000000000018 3.17260939734801e-07 1.97525172459076e-11
111.00000000002 3.8725189601216e-07 2.28259376040693e-11
114.000000000021 5.06484803518148e-07 2.8298861061484e-11
117.000000000023 5.9055088801629e-07 3.13116590273651e-11
120.000000000024 7.64072121927951e-07 3.84969615801801e-11
123.000000000026 9.24651421132874e-07 4.43081664416575e-11
126.000000000028 9.37862320242787e-07 4.27867168917835e-11
129.000000000028 8.69892327900369e-07 3.78177474323988e-11
132.000000000025 7.88172569296105e-07 3.26856895732688e-11
135.000000000022 7.46834051233187e-07 2.95705577401277e-11
138.000000000019 7.76685876218724e-07 2.93882307116323e-11
141.000000000017 8.45488109913571e-07 3.05950200031692e-11
144.000000000014 8.12544651715992e-07 2.81419108371959e-11
147.000000000011 8.13457103988374e-07 2.69892615644405e-11
150.000000000009 8.30797594034758e-07 2.64298743912493e-11
153.000000000006 9.80169642245237e-07 2.99197364472389e-11
156.000000000003 1.06027007558621e-06 3.10748054108475e-11
159 1.02403240643516e-06 2.88383725389217e-11
161.999999999998 9.85023511885455e-07 2.66742883606519e-11
164.999999999995 9.01114812710242e-07 2.34807691642843e-11
167.999999999992 8.8299525228249e-07 2.21568838351602e-11
170.999999999989 9.18346934413109e-07 2.22058623217889e-11
173.999999999987 9.66462183676358e-07 2.25331624604681e-11
176.999999999984 1.04739992653503e-06 2.35613416162587e-11
179.999999999981 1.07581498570731e-06 2.33634361502003e-11
182.999999999979 1.03989858286723e-06 2.1819552937197e-11
185.999999999976 9.88966923660121e-07 2.00614972522292e-11
188.999999999973 1.01799466275384e-06 1.99767292495475e-11
191.99999999997 1.02050503064743e-06 1.93842428402416e-11
194.999999999968 1.02212534052796e-06 1.88056386132725e-11
197.999999999965 1.04121860944004e-06 1.85660001435525e-11
200.999999999962 1.07886444142952e-06 1.86546842892535e-11
203.999999999959 1.11516698941502e-06 1.87099383244958e-11
206.999999999957 1.11400803872186e-06 1.8146938261981e-11
209.999999999954 1.14581731880887e-06 1.81301961385404e-11
212.999999999951 1.10191134221243e-06 1.69451805276708e-11
215.999999999949 1.02964998784647e-06 1.53948614423083e-11
218.999999999946 9.91163019301881e-07 1.44154217280551e-11
221.999999999943 1.01465292114421e-06 1.43610326812052e-11
224.99999999994 9.79572046588628e-07 1.34976989017321e-11
227.999999999938 9.82121451882746e-07 1.3179382336813e-11
230.999999999935 9.16545421334281e-07 1.19815402235352e-11
233.999999999932 9.10719720624491e-07 1.16018346755092e-11
236.999999999929 9.80592586369481e-07 1.21763844830659e-11
239.999999999927 1.06561193487676e-06 1.29010456808205e-11
242.999999999924 1.11982047302504e-06 1.32215905498744e-11
245.999999999921 1.10170332431761e-06 1.26884737206842e-11
248.999999999919 1.06893046920041e-06 1.20118798658631e-11
251.999999999916 1.06155306650921e-06 1.16418378791459e-11
254.999999999913 1.00775458725047e-06 1.07877324451352e-11
257.99999999991 1.02507814544696e-06 1.07127539432835e-11
260.999999999908 9.76869341370824e-07 9.96868669652453e-12
263.999999999905 9.51207863552861e-07 9.48099142252897e-12
266.999999999902 9.87520733436958e-07 9.61645032469355e-12
269.999999999899 1.04096154337179e-06 9.90604685076624e-12
272.999999999897 1.07918345092252e-06 1.00392542003926e-11
275.999999999894 1.09330471627165e-06 9.94489387433205e-12
278.999999999891 1.07245877755281e-06 9.54170757420407e-12
281.999999999889 1.0899528532372e-06 9.48836139124916e-12
284.999999999886 1.11882958134004e-06 9.53218644631352e-12
287.999999999883 1.08661189480546e-06 9.06283943645047e-12
290.99999999988 1.07695641049235e-06 8.7961497401202e-12
293.999999999878 1.05765002973601e-06 8.46227593270216e-12
296.999999999875 1.0492456917581e-06 8.22647262249845e-12
299.999999999872 9.74008359415275e-07 7.48584190541027e-12
302.999999999869 9.46181335547827e-07 7.12987974810648e-12
305.999999999867 9.68045692273054e-07 7.15434766588912e-12
308.999999999864 9.79884296349985e-07 7.10387442202752e-12
311.999999999861 1.00491835102165e-06 7.14801077196408e-12
314.999999999859 1.02455154437306e-06 7.15124547083962e-12
317.999999999856 1.07094128978372e-06 7.33632628093206e-12
320.999999999853 1.13620884993124e-06 7.64021180603194e-12
323.99999999985 1.1511050379219e-06 7.59884405941079e-12
326.999999999848 1.13637737200409e-06 7.36508215210399e-12
329.999999999845 1.09523980829695e-06 6.97023370251356e-12
332.999999999842 1.06172297025264e-06 6.63558413642335e-12
335.999999999839 1.04126623167894e-06 6.39138802241681e-12
338.999999999837 1.02140147373097e-06 6.1578866285077e-12
341.999999999834 1.01736188952987e-06 6.02471352485796e-12
344.999999999831 9.42722195143469e-07 5.48412029167037e-12
347.999999999829 8.82425764264926e-07 5.04318563223451e-12
350.999999999826 8.9620483799739e-07 5.03294175250518e-12
353.999999999823 9.06729893558378e-07 5.00404612382549e-12
356.99999999982 9.63894096182395e-07 5.22862107841e-12
359.999999999818 1.0404882569746e-06 5.54872847816797e-12
362.999999999815 1.07890889829312e-06 5.65741994707532e-12
365.999999999812 1.11732107986778e-06 5.76226214123053e-12
368.999999999809 1.10273732849456e-06 5.5945585128981e-12
371.999999999807 1.03873178171165e-06 5.18497930910818e-12
374.999999999804 1.00508848831909e-06 4.93740457060956e-12
377.999999999801 1.00292872584135e-06 4.84953112263033e-12
380.999999999798 1.01524458961634e-06 4.83307404940032e-12
383.999999999796 1.01576163548598e-06 4.76133810772057e-12
386.999999999793 1.01514064991019e-06 4.68628840420988e-12
389.99999999979 1.0181022890374e-06 4.62947200307883e-12
392.999999999788 9.7012827437919e-07 4.3458217417922e-12
395.999999999785 9.23643257008098e-07 4.07648970582446e-12
398.999999999782 8.92562699584376e-07 3.88152507441001e-12
401.999999999779 8.64411281082654e-07 3.70425757548065e-12
404.999999999777 8.46564616824043e-07 3.57505666076322e-12
407.999999999774 8.68467191691486e-07 3.6143090370557e-12
410.999999999771 9.10514368478152e-07 3.7345888210165e-12
413.999999999768 9.74135448649269e-07 3.93788625632931e-12
416.999999999766 1.02438488004568e-06 4.08132725751352e-12
419.999999999763 1.05556671513483e-06 4.14522274623717e-12
422.99999999976 1.07047540546131e-06 4.14364314454359e-12
425.999999999758 1.05755085916722e-06 4.03519843985465e-12
428.999999999755 1.02700453100464e-06 3.86308259078204e-12
431.999999999752 9.90282564140119e-07 3.67251015643707e-12
434.999999999749 9.70405633052628e-07 3.54858119206204e-12
437.999999999747 9.57230564486537e-07 3.45189078549211e-12
440.999999999744 8.97609172907781e-07 3.19241942206258e-12
443.999999999741 8.55780033039e-07 3.00227125726393e-12
446.999999999738 8.21881831808657e-07 2.84464789626826e-12
449.999999999736 8.11722797508274e-07 2.77230362283041e-12
452.999999999733 8.29400449597274e-07 2.7956840964324e-12
455.99999999973 8.66394990386404e-07 2.88261784571247e-12
458.999999999728 8.86585973063472e-07 2.91202779590461e-12
461.999999999725 9.16244050966415e-07 2.97134811602814e-12
464.999999999722 9.50732335517686e-07 3.0444896971586e-12
467.999999999719 9.6777305153887e-07 3.0605048777719e-12
470.999999999717 9.91457315343785e-07 3.09666848616428e-12
473.999999999714 9.98662804112473e-07 3.08089237327113e-12
476.999999999711 9.97315162937232e-07 3.039006885198e-12
479.999999999708 9.7978001152716e-07 2.94914538274281e-12
482.999999999706 9.66349892988916e-07 2.87335142332751e-12
485.999999999703 9.34572021634501e-07 2.74513764908247e-12
488.9999999997 8.94561481996997e-07 2.59574686601777e-12
491.999999999698 8.5126227529517e-07 2.44021662255224e-12
494.999999999695 8.05199247068826e-07 2.28025839647885e-12
497.999999999692 7.83127258087292e-07 2.190965189076e-12
500.999999999689 7.93754396432812e-07 2.19398341213557e-12
503.999999999687 8.03106891088046e-07 2.19321674806944e-12
506.999999999684 8.20217357185565e-07 2.21319917955408e-12
509.999999999681 8.38905583763922e-07 2.23670702714777e-12
512.999999999678 8.74403570530621e-07 2.30376383355744e-12
515.999999999676 9.09876351229048e-07 2.36908424193308e-12
518.999999999673 9.264992851273e-07 2.38434107447582e-12
521.99999999967 9.36765056219445e-07 2.38303989857006e-12
524.999999999668 9.39769749045659e-07 2.36346606380407e-12
527.999999999665 9.43889127230789e-07 2.34712013373454e-12
530.999999999662 9.41731001165577e-07 2.31573358968397e-12
533.999999999659 9.38475364260672e-07 2.2823733836308e-12
536.999999999657 9.19453576585401e-07 2.21179239430339e-12
539.999999999654 8.84523376891974e-07 2.10478250046701e-12
542.999999999651 8.80418158106629e-07 2.07260977084231e-12
545.999999999648 8.98018979279097e-07 2.09159241829958e-12
548.999999999646 8.93676019819418e-07 2.05949778601972e-12
551.999999999643 8.60978307325936e-07 1.9632545903884e-12
554.99999999964 8.11002291520799e-07 1.82987064167743e-12
557.999999999638 7.56531803101865e-07 1.68904560452779e-12
560.999999999635 7.36711853586316e-07 1.62754071756821e-12
563.999999999632 7.37563614257508e-07 1.61232270509884e-12
566.999999999629 7.21545995500517e-07 1.56075184985955e-12
569.999999999627 7.40295298722901e-07 1.58450225933572e-12
572.999999999624 8.02150120608965e-07 1.69890015122042e-12
575.999999999621 8.49815380083689e-07 1.78102376356768e-12
578.999999999618 8.89997536536736e-07 1.84579640304218e-12
581.999999999616 9.24046493581955e-07 1.89650353283309e-12
584.999999999613 9.53288091749743e-07 1.93629641143054e-12
587.99999999961 9.5209824530068e-07 1.91404940287233e-12
590.999999999608 9.37447929272051e-07 1.8654319020301e-12
593.999999999605 9.28096373463998e-07 1.82818194994899e-12
596.999999999602 9.06760334932643e-07 1.76830521250279e-12
599.999999999599 8.84981670502626e-07 1.70876090777182e-12
602.999999999597 8.62010589182414e-07 1.64808414605209e-12
605.999999999594 8.36647295960672e-07 1.58407681117651e-12
608.999999999591 8.20267484184036e-07 1.53813481186726e-12
611.999999999588 8.04608480105721e-07 1.49439894512454e-12
614.999999999586 7.96946959543592e-07 1.46618912557495e-12
617.999999999583 7.67746624053329e-07 1.399199003232e-12
620.99999999958 7.25967417715549e-07 1.31067396236977e-12
623.999999999578 7.07609009131968e-07 1.26562512605676e-12
626.999999999575 7.19339950070191e-07 1.27465089064131e-12
629.999999999572 7.55610616096061e-07 1.32650714157335e-12
632.999999999569 7.76259694787624e-07 1.35012074370419e-12
635.999999999567 7.87804244255245e-07 1.35750113310299e-12
638.999999999564 8.06147954583634e-07 1.37622625915174e-12
641.999999999561 8.19569857206094e-07 1.38615543889366e-12
644.999999999558 8.29455455658291e-07 1.38986240094292e-12
647.999999999556 8.49759656252792e-07 1.41068608396653e-12
650.999999999553 8.81033145917059e-07 1.44906204596308e-12
653.99999999955 8.97613804860369e-07 1.46272191337527e-12
656.999999999548 8.98837187360561e-07 1.45129510254473e-12
659.999999999545 8.65998943163421e-07 1.38553762134153e-12
662.999999999542 8.31845947223319e-07 1.31883195313296e-12
665.999999999539 8.20018174543376e-07 1.28837560335318e-12
668.999999999537 8.09581901472925e-07 1.26064964681109e-12
671.999999999534 8.11978640911012e-07 1.25322773520896e-12
674.999999999531 8.04302866936753e-07 1.23050056999703e-12
677.999999999528 7.7837192830503e-07 1.18048633161637e-12
680.999999999526 7.45661352377725e-07 1.1211621027056e-12
683.999999999523 7.25863805559908e-07 1.08209047785081e-12
686.99999999952 7.20600049840596e-07 1.06514077455298e-12
689.999999999518 7.08130216936999e-07 1.03788067510024e-12
692.999999999515 6.98860889060878e-07 1.01571324554456e-12
695.999999999512 6.91431145841684e-07 9.96538597552653e-13
698.999999999509 6.92976547992712e-07 9.9045634371192e-13
701.999999999507 7.00950462344227e-07 9.93520512358735e-13
704.999999999504 7.11399239410496e-07 9.99952286647937e-13
707.999999999501 7.39130064003825e-07 1.03029185213979e-12
710.999999999498 7.75849306460971e-07 1.07248121412114e-12
713.999999999496 7.84979598017384e-07 1.07607198400272e-12
716.999999999493 7.94024572317784e-07 1.07941061050385e-12
719.99999999949 8.2091975769771e-07 1.10669045207557e-12
722.999999999487 8.50056721368891e-07 1.13645739148456e-12
725.999999999485 8.51855852902012e-07 1.12942425014037e-12
728.999999999482 8.36726369388386e-07 1.10020238583316e-12
731.999999999479 8.17078144683794e-07 1.0655375472668e-12
734.999999999477 8.04943402064332e-07 1.04113800010748e-12
737.999999999474 7.95213964810772e-07 1.02020958032727e-12
740.999999999471 7.84594848859527e-07 9.98488019137641e-13
743.999999999468 7.70197059007274e-07 9.72346606689126e-13
746.999999999466 7.50542892006746e-07 9.40029473720342e-13
749.999999999463 7.18640030376835e-07 8.93010019300678e-13
752.99999999946 6.78040185368991e-07 8.36015440464144e-13
755.999999999457 6.44888949114181e-07 7.89018455723212e-13
758.999999999455 6.32385137659189e-07 7.67793442352909e-13
761.999999999452 6.31725914158073e-07 7.6114753569683e-13
764.999999999449 6.3370271521464e-07 7.57740243320012e-13
767.999999999447 6.45337949012748e-07 7.65828997973202e-13
770.999999999444 6.73232132396129e-07 7.92906103814843e-13
773.999999999441 6.9253835156557e-07 8.09497433422882e-13
776.999999999438 7.14426529718453e-07 8.28785837235374e-13
779.999999999436 7.3548948592316e-07 8.46780151561054e-13
782.999999999433 7.47305167754836e-07 8.53876606659306e-13
785.99999999943 7.69917403785777e-07 8.73052668709309e-13
788.999999999427 7.92710153938281e-07 8.92098545296122e-13
791.999999999425 7.9096702136055e-07 8.83412553295826e-13
794.999999999422 7.83298279328604e-07 8.68243087112311e-13
797.999999999419 7.85804863032418e-07 8.64458501706149e-13
800.999999999417 7.88064238642649e-07 8.60431581871508e-13
803.999999999414 7.7935632763603e-07 8.44567802998906e-13
806.999999999411 7.51287632282674e-07 8.08115555988918e-13
809.999999999408 7.33628690602283e-07 7.83306406423528e-13
812.999999999406 7.2412079457913e-07 7.67494644667492e-13
815.999999999403 7.15287872140528e-07 7.52628121003133e-13
818.9999999994 7.09990066734773e-07 7.4167518421795e-13
821.999999999397 7.0109390486718e-07 7.27152218587748e-13
824.999999999395 6.84723883030801e-07 7.05150617906586e-13
827.999999999392 6.72023871323636e-07 6.87209593902079e-13
830.999999999389 6.69632496756575e-07 6.79977022844584e-13
833.999999999387 6.59620597981672e-07 6.65148591035705e-13
836.999999999384 6.46703535972593e-07 6.47604355863629e-13
839.999999999381 6.36426893648636e-07 6.3290381479679e-13
842.999999999378 6.18715863599463e-07 6.11037962816524e-13
845.999999999376 6.07261651489291e-07 5.95577924638684e-13
848.999999999373 6.11066598522805e-07 5.95162327591585e-13
851.99999999937 6.33434032404497e-07 6.12676305211848e-13
854.999999999367 6.62430562433739e-07 6.36286038245112e-13
857.999999999365 6.77466839599949e-07 6.46218789548086e-13
860.999999999362 6.87110014015779e-07 6.50870997986749e-13
863.999999999359 7.10158257220274e-07 6.6803508291693e-13
866.999999999357 7.33553610899342e-07 6.85259759469395e-13
869.999999999354 7.4459259420298e-07 6.90768218765788e-13
872.999999999351 7.46632345137003e-07 6.8790089800043e-13
875.999999999348 7.4433679225494e-07 6.81099088703361e-13
878.999999999346 7.39640590352877e-07 6.72206065975238e-13
881.999999999343 7.311079584402e-07 6.59970432171031e-13
884.99999999934 7.16901664437805e-07 6.42811679411245e-13
887.999999999337 7.02320686509232e-07 6.25552623276674e-13
890.999999999335 6.91708758115223e-07 6.12038211189715e-13
893.999999999332 6.87853746796064e-07 6.04644544756715e-13
896.999999999329 6.80337275805217e-07 5.94148679727252e-13
