0 0 0
2.99999999999998 4.43105289244739e-25 1.92460266657377e-28
5.99999999999992 3.85133010893464e-25 2.3218752493865e-29
8.99999999999985 3.5374644494052e-25 5.86458653885117e-30
11.9999999999998 3.4477156349126e-25 2.17059213025392e-30
14.9999999999997 3.35427920154735e-25 9.70800388079561e-31
18 3.30408311752854e-25 4.99199507138902e-31
21.0000000000005 3.3989139961899e-25 2.93636229031174e-31
24.000000000001 3.29096384541198e-25 1.74116854490316e-31
27.0000000000014 3.35341761079218e-25 1.1462883623665e-31
30.0000000000019 3.56324240042066e-25 8.21232435968827e-32
33.000000000002 4.10768718269601e-25 6.60647892228765e-32
36.0000000000014 5.20608328729901e-25 6.0078185156913e-32
39.0000000000008 8.41304255846144e-25 7.12462026562167e-32
42.0000000000002 1.80049024384861e-24 1.13964288234691e-31
44.9999999999996 4.47609113822128e-24 2.15064495168392e-31
47.999999999999 1.32223263399518e-23 4.89051667671636e-31
50.9999999999984 4.11024206275217e-23 1.18652470606284e-30
53.9999999999978 1.37558647079062e-22 3.14369878056806e-30
56.9999999999972 5.26555250868905e-22 9.66661818943064e-30
59.9999999999966 1.86030740601937e-21 2.78275650761097e-29
62.999999999996 6.40909330176457e-21 7.91439716993161e-29
65.9999999999969 2.30825701206697e-20 2.3799467422753e-28
68.9999999999984 7.40362402196072e-20 6.43494208810582e-28
71.9999999999999 3.26569704950524e-19 2.41200873839969e-27
75.0000000000015 7.65916633363454e-19 4.84020390666208e-27
78.000000000003 4.50615208541153e-18 2.45123751430929e-26
81.0000000000045 4.63565933406051e-18 2.18252649092587e-26
84.0000000000061 1.50313065205714e-17 6.1560757992232e-26
87.0000000000076 5.62873245452101e-17 2.01472417999582e-25
90.0000000000091 2.31132422974592e-16 7.26183862653328e-25
93.0000000000107 9.06620131135065e-16 2.51011557878029e-24
96.0000000000122 3.44645411891616e-15 8.43715562021403e-24
99.0000000000137 1.27446165024251e-14 2.76652541051681e-23
102.000000000015 4.68638031204854e-14 9.04007150423468e-23
105.000000000017 1.44718688747349e-13 2.48416725938704e-22
108.000000000018 3.4683395490294e-13 5.30466895296189e-22
111.00000000002 5.92544948984514e-13 8.09733256386e-22
114.000000000021 7.09682337929374e-13 8.6904213644837e-22
117.000000000023 8.49096044043259e-13 9.33343099979977e-22
120.000000000024 1.15751093561681e-12 1.14733159318922e-21
123.000000000026 1.81515110751938e-12 1.62802610730546e-21
126.000000000028 2.4950771163119e-12 2.03535451015155e-21
129.000000000028 2.53447997251089e-12 1.8851150810719e-21
132.000000000025 2.68900936909095e-12 1.82965331046585e-21
135.000000000022 3.26895212248571e-12 2.03921324770154e-21
138.000000000019 3.80049044403932e-12 2.17803145723435e-21
141.000000000017 4.81921733667625e-12 2.54198352026736e-21
144.000000000014 4.93730524365403e-12 2.40099754770453e-21
147.000000000011 5.30539473594126e-12 2.38248147525968e-21
150.000000000009 6.36197380793775e-12 2.64224586664071e-21
153.000000000006 8.82328043729686e-12 3.39371066753828e-21
156.000000000003 3.24835325863309e-11 1.15849852716214e-20
159 2.84555857659961e-10 9.41676962955924e-20
161.999999999998 1.24159522070244e-09 3.81470364920976e-19
164.999999999995 2.68703514591045e-09 7.66385739749652e-19
167.999999999992 4.89612463095155e-09 1.29700136350392e-18
170.999999999989 7.88610874420664e-09 1.9395977702601e-18
173.999999999987 1.2382978126842e-08 2.8303490728132e-18
176.999999999984 1.96494296837862e-08 4.18457502415304e-18
179.999999999981 3.55700572992936e-08 7.0713445242521e-18
182.999999999979 6.66495302393569e-08 1.24088807434465e-17
185.999999999976 9.44543170838817e-08 1.64987088221143e-17
188.999999999973 9.98251548047801e-08 1.63856519655691e-17
191.99999999997 1.22689676860338e-07 1.8950909491904e-17
194.999999999968 1.88370073602012e-07 2.74053987784541e-17
197.999999999965 2.74759805035619e-07 3.76832523464619e-17
200.999999999962 3.29910103443762e-07 4.26879299044238e-17
203.999999999959 3.29962187559962e-07 4.03008921276786e-17
206.999999999957 3.80270174956331e-07 4.38497223849877e-17
209.999999999954 5.73564953356234e-07 6.24521062897434e-17
212.999999999951 8.14614279318326e-07 8.37920858182906e-17
215.999999999949 8.40078346842795e-07 8.1703552958833e-17
218.999999999946 6.94589946525979e-07 6.39493382794272e-17
221.999999999943 7.70877587026097e-07 6.72364618633873e-17
224.99999999994 1.03304380798519e-06 8.54027527775428e-17
227.999999999938 1.28139684803161e-06 1.00390401777795e-16
230.999999999935 1.58303613354042e-06 1.1749100106592e-16
233.999999999932 1.58391529999444e-06 1.11433201470382e-16
236.999999999929 1.37814572504776e-06 9.23113590861639e-17
239.999999999927 1.55272214531522e-06 9.91378602232175e-17
242.999999999924 2.24449851753794e-06 1.35995557381865e-16
245.999999999921 2.45447476612697e-06 1.41995794734968e-16
248.999999999919 1.87309914391954e-06 1.03148873625333e-16
251.999999999916 1.93295071857963e-06 1.0145994750372e-16
254.999999999913 2.81540740476626e-06 1.41044853033032e-16
257.99999999991 3.2630878800193e-06 1.5605979724008e-16
260.999999999908 2.80367745437661e-06 1.28047824779581e-16
263.999999999905 2.5968113835688e-06 1.1331688253496e-16
266.999999999902 3.46824851183775e-06 1.44673932402483e-16
269.999999999899 3.81337016327233e-06 1.52141809630137e-16
272.999999999897 3.44991706223689e-06 1.31704844111725e-16
275.999999999894 3.28596030130182e-06 1.20091833071684e-16
278.999999999891 3.78269237852653e-06 1.32410224854484e-16
281.999999999889 4.09282128274034e-06 1.37279556305849e-16
284.999999999886 3.84184249986157e-06 1.23533366338207e-16
287.999999999883 3.93507597775319e-06 1.21352879830183e-16
290.99999999988 4.28383082770163e-06 1.2675688922953e-16
293.999999999878 4.2725031935811e-06 1.21351682905879e-16
296.999999999875 4.05485986405625e-06 1.10596830940821e-16
299.999999999872 4.27445668331271e-06 1.12000867808298e-16
302.999999999869 4.72267248922687e-06 1.1892788300291e-16
305.999999999867 4.49910782880716e-06 1.08930598897636e-16
308.999999999864 4.07439070328121e-06 9.48781469026215e-17
311.999999999861 4.49847371946848e-06 1.007909658213e-16
314.999999999859 5.0999140294911e-06 1.09984106625046e-16
317.999999999856 4.90697174740586e-06 1.01894092707292e-16
320.999999999853 4.23781445657291e-06 8.47612558647488e-17
323.99999999985 4.5310222974466e-06 8.73211657061883e-17
326.999999999848 5.39072149204178e-06 1.001383811716e-16
329.999999999845 5.19212089399096e-06 9.29941540126639e-17
332.999999999842 4.55344565538744e-06 7.86606420005478e-17
335.999999999839 4.69067547323703e-06 7.81823126619874e-17
338.999999999837 5.36008012012522e-06 8.62235991755498e-17
341.999999999834 5.43904450716567e-06 8.44685009152864e-17
344.999999999831 4.80749434093079e-06 7.21021511369544e-17
347.999999999829 4.94776456529932e-06 7.16845505714562e-17
350.999999999826 5.46751164658889e-06 7.65454281235215e-17
353.999999999823 5.40333828435736e-06 7.31192432808529e-17
356.99999999982 5.11543610760498e-06 6.69293668987933e-17
359.999999999818 5.33451751123305e-06 6.75025184734778e-17
362.999999999815 5.61493615839143e-06 6.8734587055725e-17
365.999999999812 5.25581620066998e-06 6.22572300511406e-17
368.999999999809 5.12926432796434e-06 5.88097450422706e-17
371.999999999807 5.66799226182009e-06 6.29182863838891e-17
374.999999999804 5.83686036507535e-06 6.27471029581811e-17
377.999999999801 5.41098519067197e-06 5.63463665663045e-17
380.999999999798 5.12398401616305e-06 5.17003712145014e-17
383.999999999796 5.7697419151867e-06 5.64196689619591e-17
386.999999999793 6.15078019832215e-06 5.83046865579843e-17
389.99999999979 5.56171844111084e-06 5.11198514480449e-17
392.999999999788 5.19096290119245e-06 4.62734433394865e-17
395.999999999785 5.71322249897195e-06 4.94049886864664e-17
398.999999999782 6.26920752531807e-06 5.26030087218131e-17
401.999999999779 5.85211701282818e-06 4.76562100807736e-17
404.999999999777 5.34809078198344e-06 4.2276525469532e-17
407.999999999774 5.76564723754358e-06 4.42531139988565e-17
410.999999999771 6.13598838272526e-06 4.57369355672612e-17
413.999999999768 5.94724876002512e-06 4.30611839286991e-17
416.999999999766 5.64734475070231e-06 3.97268238286285e-17
419.999999999763 5.93218879802815e-06 4.05526766985071e-17
422.99999999976 6.18983116508524e-06 4.11282031679423e-17
425.999999999758 5.82481709422367e-06 3.76246715768937e-17
428.999999999755 5.85413975803572e-06 3.67685337067159e-17
431.999999999752 6.20001850245123e-06 3.78718149634701e-17
434.999999999749 6.16369493097787e-06 3.66230763401356e-17
437.999999999747 5.71678482186826e-06 3.30478350492371e-17
440.999999999744 5.87093132279109e-06 3.30256616598036e-17
443.999999999741 6.52128862043275e-06 3.57036811879296e-17
446.999999999738 6.36829005799962e-06 3.39404020410856e-17
449.999999999736 5.68276666521415e-06 2.94881572740688e-17
452.999999999733 5.80014469975301e-06 2.93081886947731e-17
455.99999999973 6.50283292967835e-06 3.20034893719171e-17
458.999999999728 6.56238489733212e-06 3.14618163179943e-17
461.999999999725 5.83252301149874e-06 2.7243707800788e-17
464.999999999722 5.84138017296935e-06 2.65883215953219e-17
467.999999999719 6.47172441650765e-06 2.87102038871537e-17
470.999999999717 6.5974137817205e-06 2.85301814426698e-17
473.999999999714 6.11169223349749e-06 2.57673359363513e-17
476.999999999711 5.88985067729083e-06 2.42136380944082e-17
479.999999999708 6.39516705301685e-06 2.5640638721132e-17
482.999999999706 6.53766957635799e-06 2.55673281443193e-17
485.999999999703 6.20940975391472e-06 2.36899793048368e-17
488.9999999997 6.21586673550521e-06 2.31383723836956e-17
491.999999999698 6.47814551959321e-06 2.35326673715283e-17
494.999999999695 6.38903625408402e-06 2.26516982636335e-17
497.999999999692 6.13111676598672e-06 2.12186608883271e-17
500.999999999689 6.32975062430295e-06 2.13866343695285e-17
503.999999999687 6.72445723897482e-06 2.21842542247588e-17
506.999999999684 6.40183439539617e-06 2.06248429657661e-17
509.999999999681 5.99038327933167e-06 1.88495217373186e-17
512.999999999678 6.4580732144806e-06 1.98503079503355e-17
515.999999999676 6.99982140042877e-06 2.10201091899152e-17
518.999999999673 6.57935066102457e-06 1.93045344318065e-17
521.99999999967 5.89023137830763e-06 1.68892222798882e-17
524.999999999668 6.37605079711334e-06 1.78680559854894e-17
527.999999999665 7.06859859446133e-06 1.93627478989075e-17
530.999999999662 6.78853479301146e-06 1.81791708502392e-17
533.999999999659 6.09757774080609e-06 1.59654080464177e-17
536.999999999657 6.29301231336718e-06 1.61119996194789e-17
539.999999999654 7.00724074997069e-06 1.75455816903055e-17
542.999999999651 6.82341614031236e-06 1.67110542722154e-17
545.999999999648 6.2881418801391e-06 1.50646389461958e-17
548.999999999646 6.44125301923031e-06 1.50970724961158e-17
551.999999999643 6.80930895741006e-06 1.56158698222392e-17
554.99999999964 6.7853436958361e-06 1.5227499494989e-17
557.999999999638 6.59728085784793e-06 1.44898570357345e-17
560.999999999635 6.74503385675259e-06 1.45000939599632e-17
563.999999999632 6.82211910898645e-06 1.43562671679859e-17
566.999999999629 6.48309144899047e-06 1.3356672969104e-17
569.999999999627 6.59805527972778e-06 1.33096522288772e-17
572.999999999624 7.00446692265617e-06 1.38361671190239e-17
575.999999999621 7.00750282089575e-06 1.3556096176862e-17
578.999999999618 6.5046936864039e-06 1.23247378378824e-17
581.999999999616 6.40845859754715e-06 1.18941481515894e-17
584.999999999613 7.10783364507286e-06 1.29238344926697e-17
587.99999999961 7.21693575214297e-06 1.28564537560023e-17
590.999999999608 6.53470742694347e-06 1.14065408273196e-17
593.999999999605 6.27985423666033e-06 1.07421834701712e-17
596.999999999602 6.99442735712936e-06 1.17258956717796e-17
599.999999999599 7.44130310867603e-06 1.22275121556681e-17
602.999999999597 6.74629054618305e-06 1.08665618247717e-17
605.999999999594 6.39084068365235e-06 1.00917388764103e-17
608.999999999591 6.85285171883008e-06 1.06098972975656e-17
611.999999999588 7.29284916837669e-06 1.1071344897328e-17
614.999999999586 6.97800004431329e-06 1.03882771025474e-17
617.999999999583 6.57269705938193e-06 9.5963902081338e-18
620.99999999958 6.9671254811071e-06 9.97717370274577e-18
623.999999999578 7.11049841130512e-06 9.98812929632279e-18
626.999999999575 6.81538317106597e-06 9.39170492714152e-18
629.999999999572 6.82027401532672e-06 9.22071398087807e-18
632.999999999569 7.10906954648719e-06 9.43035150397442e-18
635.999999999567 7.02137265597242e-06 9.13962169322236e-18
638.999999999564 6.66315777657337e-06 8.51165915305254e-18
641.999999999561 6.95043712195703e-06 8.71383849661645e-18
644.999999999558 7.42694961243359e-06 9.13934216546335e-18
647.999999999556 7.11362633035748e-06 8.59281954400875e-18
650.999999999553 6.59891231618611e-06 7.82515662065185e-18
653.99999999955 6.83249704581366e-06 7.95458541600332e-18
656.999999999548 7.52256769521327e-06 8.59914633864353e-18
659.999999999545 7.34081005209441e-06 8.23988682615329e-18
662.999999999542 6.53220040099714e-06 7.20052324492368e-18
665.999999999539 6.76245116239135e-06 7.3209538785054e-18
668.999999999537 7.49105198766251e-06 7.96518475072182e-18
671.999999999534 7.46142380203655e-06 7.79302655316312e-18
674.999999999531 6.80975859151811e-06 6.98689958190102e-18
677.999999999528 6.67309511413522e-06 6.72632972888442e-18
680.999999999526 7.28302295513146e-06 7.21255554563857e-18
683.999999999523 7.40009398433042e-06 7.20077893180711e-18
686.99999999952 7.05113536767292e-06 6.74219379277017e-18
689.999999999518 6.9290222606469e-06 6.51105523750838e-18
692.999999999515 7.21210735782136e-06 6.66054839828718e-18
695.999999999512 7.26030524511474e-06 6.5901282194074e-18
698.999999999509 7.00059061323498e-06 6.24600315864039e-18
701.999999999507 7.12822126478658e-06 6.25191366845593e-18
704.999999999504 7.36287180304652e-06 6.34853513293509e-18
707.999999999501 7.09413689886416e-06 6.01378860796341e-18
710.999999999498 6.89963985820868e-06 5.75083493475207e-18
713.999999999496 7.307878689063e-06 5.98942235701485e-18
716.999999999493 7.61304964923323e-06 6.13574293110333e-18
719.99999999949 7.05529943329683e-06 5.59207262987135e-18
722.999999999487 6.66456625304984e-06 5.19522331903128e-18
725.999999999485 7.2338190024641e-06 5.54634672256353e-18
728.999999999482 7.68311379505058e-06 5.79451450714001e-18
731.999999999479 7.28811930524895e-06 5.40706012135086e-18
734.999999999477 6.68727733341556e-06 4.88079676071919e-18
737.999999999474 7.18113029033294e-06 5.15656119100668e-18
740.999999999471 7.66629276861262e-06 5.41634827287236e-18
743.999999999468 7.36435794717181e-06 5.11966620670806e-18
746.999999999466 6.86964758078587e-06 4.69939353614205e-18
749.999999999463 7.08656330776483e-06 4.77074345988943e-18
752.99999999946 7.48192631586627e-06 4.95714834306354e-18
755.999999999457 7.34918086914455e-06 4.79234717203477e-18
758.999999999455 7.06131715634088e-06 4.53229390660558e-18
761.999999999452 7.30835422908076e-06 4.61736109851283e-18
764.999999999449 7.33662916081659e-06 4.56297420498227e-18
767.999999999447 7.13073266775038e-06 4.36604391293775e-18
770.999999999444 7.0840186240201e-06 4.27033352099743e-18
773.999999999441 7.45009991266403e-06 4.4217409330897e-18
776.999999999438 7.49289051092673e-06 4.37888214744253e-18
779.999999999436 6.99438879655502e-06 4.02507554660419e-18
782.999999999433 7.11388707844005e-06 4.03142695588341e-18
785.99999999943 7.61034456164227e-06 4.24734437061503e-18
788.999999999427 7.64505543478564e-06 4.2021841759886e-18
791.999999999425 6.93848581680791e-06 3.75632404137302e-18
794.999999999422 6.83071649002101e-06 3.64248078403688e-18
797.999999999419 7.62480019854437e-06 4.00514722190448e-18
800.999999999417 7.78740303822425e-06 4.02955517567721e-18
803.999999999414 7.13731656760105e-06 3.63841193267844e-18
806.999999999411 6.87069618147926e-06 3.45071338405282e-18
809.999999999408 7.44236594496778e-06 3.68273266049365e-18
812.999999999406 7.75727530525034e-06 3.78220123437044e-18
815.999999999403 7.22363465907961e-06 3.47050198075087e-18
818.9999999994 7.02619890217913e-06 3.32649313942466e-18
821.999999999397 7.46487007836615e-06 3.48284613599858e-18
824.999999999395 7.60281705743803e-06 3.49592347826367e-18
827.999999999392 7.31668985098348e-06 3.31583635879371e-18
830.999999999389 7.24994084878879e-06 3.23839252960656e-18
833.999999999387 7.53524471210157e-06 3.31766447438812e-18
836.999999999384 7.38913789832791e-06 3.20695503105211e-18
839.999999999381 7.15210467265359e-06 3.05997628642242e-18
842.999999999378 7.37875889487496e-06 3.11219392254903e-18
845.999999999376 7.76627627624846e-06 3.22947526095877e-18
848.999999999373 7.49067700538127e-06 3.07106130912914e-18
851.99999999937 6.9436672401926e-06 2.80686572904975e-18
854.999999999367 7.31158900481569e-06 2.91433001171834e-18
857.999999999365 7.96138546253711e-06 3.12920272593321e-18
860.999999999362 7.57358463235279e-06 2.9355206140369e-18
863.999999999359 7.0173551866565e-06 2.68232822485409e-18
866.999999999357 7.24387894638981e-06 2.73078888617314e-18
869.999999999354 7.87793038598835e-06 2.92906798378614e-18
872.999999999351 7.76553307454683e-06 2.84778672396714e-18
875.999999999348 7.12903519077054e-06 2.57873157895358e-18
878.999999999346 7.13544839107881e-06 2.54599267898154e-18
881.999999999343 7.69502543383661e-06 2.70848068690409e-18
884.99999999934 7.7675701603866e-06 2.6971394002604e-18
887.999999999337 7.33685390070855e-06 2.51332242478011e-18
890.999999999335 7.31431648868936e-06 2.47200579033952e-18
893.999999999332 7.63858962761596e-06 2.54709286760581e-18
896.999999999329 7.52600484536614e-06 2.47617648666014e-18
899.999999999327 7.36874933204913e-06 2.39227217263987e-18
902.999999999324 7.54131503963179e-06 2.41591772621468e-18
905.999999999321 7.67794923393189e-06 2.42728315107755e-18
908.999999999318 7.40023055315192e-06 2.308739450881e-18
911.999999999316 7.17977474688028e-06 2.21060136367125e-18
914.999999999313 7.72951649696937e-06 2.34880822146568e-18
917.99999999931 7.97254478552957e-06 2.39117698943876e-18
920.999999999307 7.26903562147624e-06 2.15185253441819e-18
923.999999999305 7.07899073222991e-06 2.06853043482893e-18
926.999999999302 7.71126079265414e-06 2.22424419258041e-18
929.999999999299 8.14644672925627e-06 2.31961167585753e-18
932.999999999297 7.48670735276549e-06 2.10445870825844e-18
935.999999999294 7.01970115682888e-06 1.94799702898707e-18
938.999999999291 7.60141798205114e-06 2.08259680942687e-18
941.999999999288 7.99389388929899e-06 2.16235858612553e-18
944.999999999286 7.66549152298789e-06 2.04733153739363e-18
947.999999999283 7.07083116863887e-06 1.86468708370022e-18
950.99999999928 7.490669641996e-06 1.95059875964836e-18
953.999999999277 7.94260501325942e-06 2.04239005349296e-18
956.999999999275 7.6535001915702e-06 1.94346660369476e-18
959.999999999272 7.44629152025596e-06 1.86732827033744e-18
962.999999999269 7.56092735207053e-06 1.87253723033675e-18
965.999999999266 7.75592351853965e-06 1.89709191667333e-18
968.999999999264 7.583842795346e-06 1.83212691432281e-18
971.999999999261 7.5452698248008e-06 1.80040862519984e-18
974.999999999258 7.83664500594101e-06 1.84701686051955e-18
977.999999999256 7.73245829578921e-06 1.80019164098422e-18
980.999999999253 7.30674583580732e-06 1.68036741501087e-18
983.99999999925 7.41244684760449e-06 1.68398694102354e-18
986.999999999247 8.01473828460315e-06 1.79877231010938e-18
989.999999999245 7.90486214314944e-06 1.75271211023853e-18
992.999999999242 7.14203454595454e-06 1.56451148403145e-18
995.999999999239 7.31579828965472e-06 1.58333761547125e-18
998.999999999236 7.99821869780268e-06 1.71034119940371e-18
