0    1.00000000000009    -0.380546675183182    1.00000000000035    0.144815772030469    4.11336831505366e-07    6.12325774846912e-06
0.1    0.957141679121204    -0.474523621560682    0.916120193911431    0.225172667446245    6.88282038562357e-07    5.21334911965096e-06
0.2    0.905524016160408    -0.555543112401822    0.819973743844039    0.308628149766175    8.74166178623662e-07    5.39181175385599e-06
0.3    0.846482569304153    -0.622972115605131    0.716532740135848    0.388094256856093    2.970904415455e-07    5.8787347202347e-06
0.4    0.781370348664501    -0.677069617231602    0.610539621772449    0.458423266606396    6.03910807644112e-07    5.31486528461413e-06
0.5    0.711477090624009    -0.718807095072733    0.506199650483221    0.516683639957808    6.45755192042007e-07    5.55934146614621e-06
0.6    0.637968709104178    -0.749651683762063    0.407004073796426    0.561977646998137    6.12716831641662e-07    5.55346706331862e-06
0.7    0.561848683359366    -0.771349811488675    0.315673942993046    0.594980531713896    6.27089304104472e-07    5.50287798007175e-06
0.8    0.483939920218254    -0.785737387251162    0.234197846381244    0.617383241755018    6.27730759972047e-07    5.54401301834128e-06
0.900000000000001    0.404883670758557    -0.79458976212748    0.163930786847264    0.631372890108005    5.83100164029692e-07    5.49543834708785e-06
1    0.325151321750752    -0.799513973601915    0.105723382036614    0.639222594014455    5.93736950083202e-07    5.45265435660049e-06
1.1    0.245065020815357    -0.80187863010991    0.0600568644275818    0.643009337457884    5.91858243966364e-07    5.56225638113991e-06
1.2    0.164823766425482    -0.802773184184516    0.0271668739790344    0.644444785275837    5.93713575993077e-07    5.48548964824659e-06
1.3    0.0845324806906157    -0.802987496049096    0.00714574029206215    0.644788918841004    5.94003495720748e-07    5.45955242246321e-06
1.4    0.00423245670606571    -0.803003536262046    1.79136901121122e-05    0.644814679280044    5.85996238794589e-07    5.54015674517333e-06
1.5    -0.0760677031290025    -0.802992996750071    0.00578629545966931    0.644797752859716    5.89283641973508e-07    5.4823617893714e-06
1.6    -0.156361033740895    -0.802816928677841    0.0244487728728704    0.644515021002125    5.90919586683606e-07    5.5138625638696e-06
1.7    -0.236611150696424    -0.802026015698401    0.0559848366342293    0.64324572988766    5.8616232439988e-07    5.53236589824608e-06
1.8    -0.316721288669754    -0.799862608947883    0.100312374696993    0.639780193222863    6.02749207399541e-07    5.47261247802096e-06
1.9    -0.39650377142168    -0.795268146446425    0.157215240751895    0.632451424782992    5.2870256479896e-07    5.53719009602891e-06
2    -0.475650732430386    -0.786901953238997    0.226243619261965    0.619214684041482    6.34394078177452e-07    5.48935398754364e-06
2.1    -0.553707609326314    -0.77317940526469    0.306592116626151    0.597806392755689    5.38404338513007e-07    5.49818521813457e-06
2.2    -0.630051798401001    -0.75233852366051    0.396965268668771    0.566013254214491    6.5961837705646e-07    5.55105756126445e-06
2.29999999999999    -0.703879749935584    -0.722543453729427    0.495446702369678    0.522069042557693    5.44861116969056e-07    5.5176366078844e-06
2.39999999999999    -0.774206493523731    -0.682030009255943    0.599395694614816    0.465164933556167    7.11208555923803e-07    5.52318228347338e-06
2.49999999999999    -0.839881794498543    -0.629291704262815    0.705401428730641    0.396008049084841    7.40424290228179e-07    5.5536319909907e-06
2.59999999999999    -0.899626494110783    -0.563294318642315    0.809327828906248    0.317300489445376    4.35843044585278e-07    5.53777152409735e-06
2.69999999999999    -0.95209076322908    -0.483694292322421    0.906476821426938    0.233960168456232    8.97106833409921e-07    5.56270546165645e-06
2.79999999999998    -0.995932902889519    -0.391024210645767    0.991882347057923    0.152899933341953    0    5.55053503125307e-06
2.89999999999998    -1.0299132529909    -0.286802048923996    1.06072130868666    0.082255415297732    6.02530438278786e-07    5.54346478986543e-06
2.99999999999998    -1.05299352135231    -0.173524637325621    1.10879535601044    0.0301107997900029    7.14945229047248e-07    5.56908410373386e-06
3.09999999999998    -1.06442862574922    -0.0545227385679483    1.13300829931489    0.00297272905172326    7.20976019108471e-07    5.54747027121138e-06
3.19999999999998    -1.06383721690648    0.0663167065199811    1.13174962407515    0.00439790559451965    0    5.55538880707928e-06
3.29999999999997    -1.05123921798512    0.184923577620484    1.10510389343032    0.0341967295908579    5.83433268977758e-07    5.55865306861623e-06
3.39999999999997    -1.02705383954554    0.297450020228281    1.05483958932602    0.0884765145646197    8.82697297312015e-07    5.5511088115593e-06
3.49999999999997    -0.992058421350726    0.40063658838095    0.984179911373081    0.16050967598024    4.30847176754503e-07    5.54196502034107e-06
3.59999999999997    -0.947315247917113    0.492078156256663    0.897406178936697    0.242140911895725    6.60375350897322e-07    5.54692347900875e-06
3.69999999999997    -0.894078355572558    0.570355024857472    0.799376105903764    0.325304854410824    6.58776274865734e-07    5.53684923049896e-06
3.79999999999996    -0.833694202210069    0.635026752273166    0.695046022798837    0.40325897613328    3.91421483056655e-07    5.53856838236644e-06
3.89999999999996    -0.767508874654544    0.686513542281053    0.589069872673809    0.471300843765688    5.69859837769656e-07    5.51447665093369e-06
3.99999999999996    -0.696791129545774    0.725905666179725    0.485517878214124    0.526939036222138    6.69184919870851e-07    5.50523798598523e-06
4.09999999999996    -0.622676283331625    0.754743991046495    0.387725753823967    0.569638492051218    5.29725277359886e-07    5.5160669192353e-06
4.19999999999995    -0.546131963361734    0.774807329681923    0.298260121405621    0.600326398159199    5.27677870083623e-07    5.51065007587645e-06
4.29999999999995    -0.467943754768596    0.787930036447755    0.218971357627221    0.620833742366955    5.37449788754122e-07    5.51321820227397e-06
4.39999999999995    -0.388717079197208    0.795860648669414    0.151100967659915    0.633394172130664    5.53628775917031e-07    5.49214433131913e-06
4.49999999999995    -0.30889109297662    0.800162324109908    0.0954137073206731    0.640259744955442    6.18319639278489e-07    5.52012103539174e-06
4.59999999999995    -0.228760668614799    0.80214942968982    0.0523314435054536    0.643443707582262    6.02956389137154e-07    5.52791909782382e-06
4.69999999999994    -0.148503262475752    0.802851665683946    0.0220532189662937    0.644570797121763    5.92900753976451e-07    5.50245428212312e-06
4.79999999999994    -0.0682083709200476    0.80299670464081    0.00465238186391734    0.644803707694059    5.92069236771756e-07    5.4825339186093e-06
4.89999999999994    0.0120918708947247    0.803003527130234    0.000146213342081226    0.644814664614038    5.88672466954228e-07    5.51743539070616e-06
4.99999999999994    0.0923917090794047    0.802980679217565    0.00853622790696331    0.644777971227033    5.91573870785897e-07    5.50731476099215e-06
5.09999999999994    0.17268071202655    0.802726070454964    0.0298186283063357    0.644369144218012    5.82606104583045e-07    5.47212557093425e-06
5.19999999999993    0.252912721018894    0.801727432329634    0.0639648444535061    0.642766875780049    5.70298023022998e-07    5.49381179473298e-06
5.29999999999993    0.332974936994295    0.799165074533708    0.110872308666706    0.638664816384795    5.92438293366858e-07    5.50703252688534e-06
5.39999999999993    0.412657558546692    0.793921059725211    0.170286260626124    0.630310649105687    6.38058604777057e-07    5.52128742527139e-06
5.49999999999993    0.491624916799309    0.784601240980156    0.241695058818168    0.615599107378139    4.90834387898463e-07    5.52611124911922e-06
5.59999999999993    0.569389795887745    0.769578460258578    0.324204739661472    0.592251006524424    6.19698430059204e-07    5.51914550288679e-06
5.69999999999992    0.645293510271102    0.747066017561396    0.416403714398227    0.55810763462569    4.75496497321393e-07    5.53585659074846e-06
5.79999999999992    0.71849518750795    0.715229446705509    0.516235334472438    0.511553161465071    5.9483449626601e-07    5.5138625638696e-06
5.89999999999992    0.787974340469106    0.672340705327129    0.620903561238259    0.452042024070285    7.32206732140239e-07    5.52306670066512e-06
5.99999999999992    0.852550879767657    0.616971368893051    0.726843002592909    0.380653670064408    5.50536906776165e-07    5.53553569942913e-06
6.09999999999991    0.910925851168094    0.548210403180395    0.829785906326831    0.300534646185832    7.16651359582606e-07    5.53364005555917e-06
6.19999999999991    0.961744098583566    0.465879170933098    0.92495171116067    0.217043401940087    5.95860154126054e-07    5.54765648410515e-06
6.29999999999991    1.00367671868296    0.370704983731664    1.00736695562653    0.137422184994393    5.76734616767276e-07    5.55873483198633e-06
6.39999999999991    1.03551698425328    0.264409657671152    1.07229542467775    0.0699124671005928    8.56654784190941e-07    5.55131755787176e-06
6.49999999999991    1.05627926728998    0.149675893490888    1.11572589050732    0.022402873123205    8.17665154833731e-07    5.55960481962883e-06
6.5999999999999    1.06528764430775    0.0299738528949622    1.13483776511475    0.000898431888212301    3.94247667650072e-08    5.55368963057337e-06
6.6999999999999    1.06224053073246    -0.0907399922364537    1.12835494513141    0.0082337462219349    7.99680224955007e-07    5.55546773013208e-06
6.7999999999999    1.04724050624356    -0.208408113451302    1.09671267791746    0.0434339417832104    4.35460781937911e-07    5.55693388690429e-06
6.8999999999999    1.02078410262653    -0.319275124090849    1.04200018417523    0.10193660489401    4.32133674621582e-07    5.54820054642317e-06
6.9999999999999    0.983713359876881    -0.420237798644336    0.967691974400521    0.176599807440218    5.09589212464142e-07    5.54800418985463e-06
7.09999999999989    0.937137493291993    -0.509085347951662    0.878226681333829    0.25916789152978    4.77883747542637e-07    5.54209022530893e-06
7.19999999999989    0.882337327335746    -0.58460180230273    0.778519159210594    0.341759267286254    7.790044321184e-07    5.53660359379887e-06
7.29999999999989    0.820666353677356    -0.646534268460462    0.673493264058219    0.418006560324194    3.63019934746022e-07    5.52174989096512e-06
7.39999999999989    0.753460538945775    -0.695456145183219    0.567702783748565    0.483659249903792    3.26638075959429e-07    5.53984111311525e-06
7.49999999999988    0.681965338312873    -0.732567307108798    0.465076722660724    0.536654859475169    7.30194910675384e-07    5.52567928662496e-06
7.59999999999988    0.607284062415953    -0.759473488183123    0.368793932464647    0.576799979283803    4.73273171876587e-07    5.54651565608114e-06
7.69999999999988    0.530347906136986    -0.777978313171722    0.281268901544265    0.605250255795762    6.16600255256909e-07    5.49943701286039e-06
7.79999999999988    0.451905224824029    -0.78990873905453    0.204218332223534    0.623955816065181    5.27098958367824e-07    5.51937683031265e-06
7.89999999999988    0.372526198253043    -0.796982394936811    0.138775768385223    0.635180937869991    5.9783655559229e-07    5.54765648410515e-06
7.99999999999987    0.292618671363602    -0.800715967820578    0.0856256868309378    0.641146061152969    5.81694268778825e-07    5.48855504105285e-06
8.09999999999987    0.212451359475193    -0.802368130930894    0.0451355801431937    0.643794617563867    5.79722681410554e-07    5.50742563471983e-06
8.19999999999987    0.132181398877654    -0.802908140958459    0.0174719222096037    0.644661482847852    5.91823071185574e-07    5.52119693832215e-06
8.29999999999987    0.0518841271585724    -0.803001226564383    0.00269196265135427    0.64481096989379    5.89370477189555e-07    5.46690888899813e-06
8.39999999999987    -0.0284161972599712    -0.803003317514969    0.000807480267064777    0.644814327970376    5.89220439231627e-07    5.50735507896957e-06
8.49999999999986    -0.108715385235791    -0.802959808575788    0.0118190349873156    0.644744454218572    5.90878486381926e-07    5.5232978638629e-06
8.59999999999986    -0.188998255135748    -0.802605481217153    0.035720340444717    0.644175558510231    5.99748599156966e-07    5.51486922814031e-06
8.69999999999986    -0.269207595138617    -0.801365215008871    0.0724727292806285    0.642186207856659    5.57587733238875e-07    5.51771709270109e-06
8.79999999999986    -0.349213314643543    -0.798357635904632    0.121949939124637    0.637374914837514    5.53315350255345e-07    5.50277710256684e-06
8.89999999999985    -0.428782288653935    -0.792406314112678    0.183854251063704    0.627907766676079    6.30862266071211e-07    5.51713355117882e-06
8.99999999999985    -0.507549976191081    -0.782065385126329    0.257606978331961    0.611626266643102    6.27487526316908e-07    5.50527831917194e-06
9.09999999999985    -0.584995673063701    -0.765668165409375    0.342219937503556    0.586247739551779    5.51141560343114e-07    5.51551339685133e-06
9.19999999999985    -0.660424155257206    -0.741407838022617    0.436160064847472    0.549685582312102    5.27625267993069e-07    5.54350234149062e-06
9.29999999999985    -0.732957319795237    -0.707457707161072    0.53722643264181    0.500496407452085    6.26026139783859e-07    5.52126731718861e-06
9.39999999999984    -0.801539978489386    -0.662133905131208    0.642466337116813    0.438421308355044    2.19001448999331e-07    5.54439349208109e-06
9.49999999999984    -0.864963866254162    -0.604095159613955    0.748162489925591    0.364930961899611    4.92302433749491e-07    5.5317688495706e-06
9.59999999999984    -0.921912829689885    -0.532562638451758    0.84992326554665    0.28362296390549    0    5.54905217823977e-06
9.69999999999984    -0.971029814232673    -0.44752994844874    0.94289890012927    0.20028305478923    7.28558596183785e-07    5.54061262640257e-06
9.79999999999984    -1.01100271155924    -0.349922916051304    1.0221264827802    0.122446047208707    2.34190130911793e-07    5.55512985977258e-06
9.89999999999983    -1.04066186065965    -0.241665871758993    1.08297710823228    0.0584023936038274    8.24426185704652e-07    5.54916221804288e-06
9.99999999999983    -1.05907800603782    -0.125620180910603    1.12164622287328    0.0157804298828802    4.9421560620597e-07    5.55586709013008e-06
10.0999999999998    -1.06564709118226    -0.0053828103626499    1.13560372294553    2.89746782915353e-05    5.69372569755995e-07    5.55799281568901e-06
10.1999999999998    -1.06014854674398    0.115036384982877    1.12391494116345    0.0132333699007695    2.89328215106541e-07    5.55346456437682e-06
10.2999999999998    -1.04276718068522    0.231609375503633    1.08736339311454    0.0536429028520847    5.86091293075595e-07    5.55894329193076e-06
10.3999999999998    -1.01407481539152    0.340687900846374    1.02834773121181    0.116068245813893    6.83669432816175e-07    5.54839439481735e-06
10.4999999999998    -0.974974910592533    0.439334980269482    0.950576076285167    0.193015224919105    4.98576910028506e-07    5.5424633193402e-06
10.5999999999998    -0.926619615797782    0.525538376831408    0.858623912381529    0.27619058555326    5.48617774024758e-07    5.53799706165585e-06
10.6999999999998    -0.870312413717982    0.598284436418027    0.757443697471964    0.357944266890715    5.86848517284251e-07    5.53880390971346e-06
10.7999999999998    -0.80741007422609    0.657502017022508    0.651911027962277    0.432308902419277    7.04227679873532e-07    5.53264182334207e-06
10.8999999999998    -0.739235413980848    0.703909311106048    0.546468997283764    0.495488318292286    5.71901829910144e-07    5.52221231792898e-06
10.9999999999998    -0.667008452340707    0.738806567122385    0.444900275494267    0.54583514365375    5.66685106450511e-07    5.53049927979546e-06
11.0999999999998    -0.591799264057919    0.763855722909648    0.350226368939786    0.583475565452257    5.39228532395429e-07    5.51692225368378e-06
11.1999999999998    -0.514502181594944    0.780877974564252    0.264712494866398    0.609770411190195    6.64272640665915e-07    5.53411151972064e-06
11.2999999999998    -0.435828537492569    0.791687403724289    0.18994651409329    0.626768945246125    6.15316022034852e-07    5.51543287987687e-06
11.3999999999998    -0.356313937064079    0.797966968049407    0.12695962174644    0.636751282128327    5.7944732135222e-07    5.51034786467091e-06
11.4999999999998    -0.276335882873707    0.801184555496127    0.0763615201639655    0.64189669199598    6.11742123795251e-07    5.51842128477504e-06
11.5999999999998    -0.196138078585613    0.802541877724278    0.0384701458715873    0.644073465531659    5.75566393008086e-07    5.51810943937159e-06
11.6999999999998    -0.115858575329178    0.802947168878785    0.0134232094776519    0.644724156040502    5.87403982167035e-07    5.48137953677911e-06
11.7999999999998    -0.0355598235099301    0.803003013527632    0.00126450104840462    0.644813839765103    5.89275362524184e-07    5.53565603585373e-06
11.8999999999998    0.0447405129560901    0.803002249074841    0.00200171349992215    0.644812612049548    5.89984949057799e-07    5.50417913412856e-06
11.9999999999998    0.125038525837593    0.802927116966002    0.0156346329439819    0.644691955189802    5.86029133604322e-07    5.51969866103857e-06
12.0999999999998    0.205313000339976    0.802449292886266    0.0421534281089537    0.643924867683994    5.92385585073017e-07    5.50697204626629e-06
12.1999999999998    0.285494395094568    0.800930939957092    0.0815070496307724    0.641490370610991    5.99459287604711e-07    5.51725428897133e-06
12.2999999999998    0.365434078238102    0.797429440251567    0.133542065538134    0.635893712210397    6.34984446241198e-07    5.52000036030296e-06
12.3999999999998    0.444874422167044    0.790710901572075    0.197913251498799    0.62522372989522    5.8112140600339e-07    5.5042497305894e-06
12.4999999999998    0.523420981954367    0.77927972011762    0.273969524350434    0.607276882216987    5.99945251321715e-07    5.51286578517008e-06
12.5999999999998    0.600518794421707    0.761432995260832    0.360622822454018    0.579780206302251    5.63393967610883e-07    5.510750809262e-06
12.6999999999998    0.675435737624199    0.735348751721661    0.456213435660378    0.540737786689347    6.57595520127303e-07    5.54451363625889e-06
12.7999999999998    0.747256703636401    0.699214804533381    0.558392581130054    0.488901342909139    7.16651359582606e-07    5.52130250628542e-06
12.8999999999998    0.814892785048839    0.651399771827904    0.664050251124851    0.424321662768007    4.44044602684717e-07    5.52827557596604e-06
12.9999999999998    0.877109405993136    0.590658718843708    0.769320910081741    0.348877722176667    3.30019512628765e-07    5.52963098720476e-06
13.0999999999998    0.932575991647171    0.516353830759318    0.869697980197074    0.266621278570557    6.07576460774991e-07    5.54384780450789e-06
13.1999999999998    0.979937160692902    0.428657710041079    0.960276838907443    0.183747432408462    7.59666985066586e-07    5.54981740987628e-06
13.2999999999998    1.01790166691332    0.328697556526883    1.03612380350524    0.108042083697598    5.6506649332817e-07    5.55471889178454e-06
13.3999999999998    1.04534101004135    0.218597719329163    1.0927378272739    0.0477849629267669    0    5.55474637387522e-06
13.4999999999998    1.06138585686564    0.101389842041145    1.12653993715423    0.0102799000999879    0    5.55513470001985e-06
13.5999999999998    1.0655064605981    -0.0192158079538646    1.13530401757631    0.000369247306212183    1.42148018094442e-07    5.55809116159766e-06
13.6999999999998    1.05756418499163    -0.139172540815214    1.11844200537745    0.0193689961478115    6.68064110620615e-07    5.55420763764624e-06
13.7999999999998    1.0378252962991    -0.254498510471716    1.07708134563869    0.0647694918631632    6.11492530366277e-07    5.55348455587967e-06
13.8999999999997    1.00693458659311    -0.361666459165217    1.01391726167749    0.130802627716005    2.30847796571697e-07    5.5587498114047e-06
13.9999999999997    0.965853462439107    -0.457914544480273    0.932872910906206    0.209685730077405    7.70477936911286e-07    5.55236242143311e-06
14.0999999999997    0.915772937525574    -0.541432097223462    0.838640073104374    0.293148715934579    3.93119631954221e-07    5.54821180232159e-06
14.1999999999997    0.858015062147343    -0.611405347311083    0.736189846871747    0.373816498751327    1.92565440883042e-07    5.54442853440188e-06
14.2999999999997    0.793936253776352    -0.667938426011269    0.630334775060928    0.446141740972996    7.07216708367126e-07    5.53025336105027e-06
14.3999999999997    0.724843323389421    -0.711885614312104    0.525397843462428    0.506781127895377    4.55400550065521e-07    5.55474637387522e-06
14.4999999999997    0.651928907763171    -0.744638323752415    0.425011300777648    0.554486233231264    6.04829303699803e-07    5.51886387380288e-06
14.5999999999997    0.576228789467994    -0.767906270935016    0.332039617812066    0.589680040971888    5.62506499534156e-07    5.5286521124199e-06
14.6999999999997    0.498600152304802    -0.783521328279526    0.248602111878772    0.613905671899388    6.32202727663411e-07    5.52040260034024e-06
14.7999999999997    0.419717620655343    -0.793279586383933    0.176162881088939    0.629292502203949    5.97000290184428e-07    5.5213779107377e-06
14.8999999999997    0.340082966002035    -0.79882588745854    0.115656423765087    0.638122798504245    5.88206705025217e-07    5.5064075284545e-06
14.9999999999997    0.260044362330482    -0.801577239086632    0.0676230703802033    0.642526070252369    5.80117534935379e-07    5.5335999290949e-06
15.0999999999997    0.179821671202692    -0.802677292256396    0.0323358334344745    0.644290835534866    5.87793675759912e-07    5.55036751121953e-06
15.1999999999997    0.0995351042287676    -0.802972779066794    0.00990723697417155    0.644765283952663    5.83019833473743e-07    5.51481889929095e-06
15.2999999999997    0.0192354997944985    -0.803003486668491    0.000370004452692135    0.644814599631915    5.89901558539711e-07    5.49198261097042e-06
15.3999999999997    -0.0610647897725059    -0.802999132863661    0.00372890855030778    0.644807607410526    5.89437434594038e-07    5.54382277167938e-06
15.4999999999997    -0.141360853303573    -0.802878806552011    0.0199828908470606    0.644614378040786    5.88569341549246e-07    5.5140840457774e-06
15.5999999999997    -0.221624160276161    -0.8022511123696    0.0491172684184564    0.643606847328417    5.85659000241641e-07    5.49151763843914e-06
15.6999999999997    -0.301771566502724    -0.800415675606669    0.0910660783498511    0.640665253787399    5.85736007246259e-07    5.52443343820258e-06
15.7999999999997    -0.381634659000159    -0.796369168343455    0.145645012950502    0.634203852318812    5.78128568368147e-07    5.54672582624245e-06
15.8999999999997    -0.460930151090376    -0.78882142810342    0.212456604184568    0.622239245465198    6.09583174260937e-07    5.48432576678641e-06
15.9999999999997    -0.539232704668627    -0.776229330046025    0.290771909784558    0.602531972854029    5.61073737250696e-07    5.5071938052889e-06
16.0999999999997    -0.61595239731941    -0.756857378428472    0.379397355763917    0.57283309131167    6.23003988276925e-07    5.48184536922869e-06
16.1999999999997    -0.690319954166268    -0.728873758601326    0.476541639120481    0.531256956008181    6.03082965160849e-07    5.52790905585311e-06
16.2999999999997    -0.76138362853358    -0.690487887267613    0.579705029799309    0.476773522493933    5.90432070379226e-07    5.53547051610686e-06
16.3999999999998    -0.828021947224915    -0.640129431335233    0.685620345086406    0.409765688892172    5.15330328517872e-07    5.53200968368085e-06
16.4999999999998    -0.888976075804802    -0.576659021799053    0.790278463353542    0.332535627453044    4.86061168619993e-07    5.55013247458954e-06
16.5999999999998    -0.942903972396783    -0.499588404498633    0.889067901161896    0.24958857394027    5.13495830896878e-07    5.5479716715356e-06
16.6999999999998    -0.988455631519619    -0.40927528219468    0.977044535483525    0.167506256646255    8.2206615006904e-07    5.5425835053575e-06
16.7999999999998    -1.02436478433692    -0.307050094204338    1.04932321139044    0.0942797603817669    9.04072005278916e-07    5.55646748120414e-06
16.8999999999998    -1.04954812304554    -0.195233519517916    1.10155126258898    0.0381161271741927    7.49070568535138e-07    5.55338147392198e-06
16.9999999999999    -1.06319960424162    -0.0770179451599746    1.13039339846    0.00593176390753072    6.84480910173407e-07    5.55570636601431e-06
17.0999999999999    -1.06486595047116    0.0437873890101698    1.1339394924737    0.00191733546722553    9.29383404821913e-07    5.55855971803102e-06
17.1999999999999    -1.05449103692776    0.163115783452457    1.11195134696141    0.0266067588421419    6.57848717410687e-07    5.55273857416975e-06
17.2999999999999    -1.03242148219106    0.277047913592022    1.06589411689042    0.07675554645653    9.1043534102381e-07    5.55313594373446e-06
17.3999999999999    -0.999372453681575    0.38219052677787    0.998745301177905    0.146069598789547    6.11310943864763e-07    5.54994243769669e-06
17.4999999999999    -0.956359662896999    0.475964644589093    0.914623804816799    0.226542342929453    5.80189297614449e-07    5.53453028664876e-06
17.6    -0.904608868431365    0.556763000171677    0.818317204844752    0.309985038391036    2.77777789269496e-07    5.55602538986235e-06
17.7    -0.845456656829875    0.623968317847781    0.714796958578232    0.389336461708454    5.32286497935407e-07    5.53758106300546e-06
17.8    -0.780255600578915    0.677852920644784    0.608798802235131    0.459484582057445    6.05838041015152e-07    5.54798668001422e-06
17.9    -0.710293828761746    0.7193982412696    0.504517323177365    0.517533829572281    5.87510287872443e-07    5.52148850207163e-06
18    -0.636734835444109    0.750077716118849    0.40543125066835    0.562616580248787    5.59835654323375e-07    5.54250087775056e-06
18.1    -0.560579223334474    0.771640683848596    0.314249065634594    0.595429345000726    5.58197180090557e-07    5.5134397100666e-06
18.2    -0.482646877906702    0.785923153626385    0.232948008753486    0.617675203436187    6.3182944223864e-07    5.49036514548964e-06
18.3000000000001    -0.403576130382639    0.794698466597031    0.162873693014928    0.631545652842087    5.51267446359316e-07    5.51492962215328e-06
18.4000000000001    -0.323835725913849    0.799570211531389    0.10486957737855    0.639312523198619    6.33058256651049e-07    5.50161687831411e-06
18.5000000000001    -0.243745563627684    0.801902665253608    0.0594118997885273    0.643047884571179    5.91418433858935e-07    5.50802028298865e-06
18.6000000000001    -0.163502853282411    0.802780472587533    0.0267331830318275    0.644456487198557    5.81199014224997e-07    5.5401868044315e-06
18.7000000000001    -0.0832112214404011    0.802988471346667    0.00692410737395066    0.644790485145822    5.8922402734171e-07    5.49230604690601e-06
18.8000000000001    -0.00291117233577971    0.803003536522987    8.47492471649955e-06    0.644814679698706    5.89822419972374e-07    5.50289815535082e-06
18.9000000000002    0.0773889699348622    0.802992249347741    0.00598905266792844    0.644796552542923    5.91129447230797e-07    5.51169761309646e-06
19.0000000000002    0.157682007461802    0.802810549980164    0.0248636154775336    0.644504779189701    5.91477094101872e-07    5.49969944981386e-06
19.1000000000002    0.237930812294432    0.802004023736787    0.0566110714394263    0.643210454120072    5.81461611344962e-07    5.48408283863202e-06
19.2000000000002    0.318037368290414    0.799809988606266    0.101147767629422    0.639696017904621    5.74009092378449e-07    5.50140498485605e-06
19.3000000000002    0.397812253394555    0.795165047194254    0.158254588951128    0.632287452309863    5.23346940542339e-07    5.51565429872839e-06
19.4000000000002    0.476945391386229    0.78672413633735    0.227476906364947    0.618934866726438    6.18846856939944e-07    5.53981606218165e-06
19.5000000000002    0.554979609408882    0.772899084291433    0.308002366860019    0.597372994528709    6.19474445366139e-07    5.49300339083731e-06
19.6000000000003    0.631289402477743    0.75192574831559    0.398526309681043    0.565392331010391    5.80571882092302e-07    5.51652982257825e-06
19.7000000000003    0.705068199605927    0.721968157362584    0.497121166095807    0.521238020276067    5.13495830896878e-07    5.52642264299595e-06
19.8000000000003    0.775328129192576    0.681264759091855    0.601133707917274    0.464121672011057    1.20598182501187e-07    5.52929969513987e-06
19.9000000000003    0.840916482076339    0.628315050745188    0.707140529828188    0.394779803023494    7.3651542402848e-07    5.52867721393836e-06
20.0000000000003    0.900552405082589    0.562094443892057    0.810994634300324    0.315950163884947    5.37475609686119e-07    5.53407139667486e-06
20.1000000000003    0.952885514000748    0.482272442732896    0.907990802792735    0.23258670905041    5.13928066521303e-07    5.55484630760424e-06
20.2000000000004    0.996574998719101    0.389397231781418    0.993161728072391    0.151630204149823    6.43430000763658e-07    5.54900716132773e-06
20.3000000000004    1.03038371046434    0.285003307189476    1.06169059079058    0.081226885139799    5.68201421646405e-07    5.55518731791972e-06
20.4000000000004    1.05327747839074    0.171602782957715    1.1093934464847    0.0294475151496883    0    5.55477604188867e-06
20.5000000000004    1.0645167112354    0.0525381500677371    1.13319582849977    0.00276025724341015    5.80571882092302e-07    5.55608545359523e-06
20.6000000000004    1.0637264615729    -0.0682974338154865    1.13151398505052    0.00466453949666221    3.50414991864706e-07    5.55710792050154e-06
20.7000000000004    1.0509333504799    -0.186834235629277    1.10446090715109    0.0349070316340234    4.21204984936195e-07    5.55403491868059e-06
20.8000000000005    1.02656291521884    -0.299231323075024    1.05383141890273    0.0895393847400274    3.58248212342599e-07    5.54958234994833e-06
20.9000000000005    0.991397849405025    -0.40224149566664    0.982869695805407    0.161798220866965    7.0588107599777e-07    5.55240491172321e-06
21.0000000000005    0.946504382589933    -0.493475171578027    0.895870546262515    0.243517744994697    7.5180751648056e-07    5.54373765921692e-06
21.1000000000005    0.893138873497679    -0.571529168986438    0.79769704735317    0.326645591033043    6.84075291820647e-07    5.54209523344881e-06
21.2000000000005    0.832648491743002    -0.635978424216711    0.693303510801985    0.404468556099615    2.98581494532732e-07    5.51761648649679e-06
21.3000000000005    0.766378621742609    -0.687255844545068    0.587336191864474    0.472320595891742    6.11401743856926e-07    5.51243278474151e-06
21.4000000000005    0.695596217974449    -0.726460915257376    0.483854098460867    0.527745461427284    7.1335175287998e-07    5.5407078056621e-06
21.5000000000006    0.62143405631554    -0.75514008100251    0.386180286349173    0.570236541967246    6.22112326179388e-07    5.54690596575688e-06
21.6000000000006    0.544856834818779    -0.77507444016395    0.296868970448974    0.600740387825955    4.85489802290348e-07    5.52221231792898e-06
21.7000000000006    0.466647120244316    -0.788097960786858    0.217759534832646    0.621098395827095    5.76734616767276e-07    5.53995634595078e-06
21.8000000000006    0.387407458807371    -0.795956826268676    0.150084539139961    0.633547269314137    6.13169656203982e-07    5.51672101045014e-06
21.9000000000006    0.307574437618965    -0.800210525805521    0.094602034676959    0.64033688564047    5.79890227863129e-07    5.52461430459857e-06
22.0000000000006    0.227440770059693    -0.80216896993343    0.0517293038856867    0.643475056354255    5.8373646702872e-07    5.49505448372899e-06
22.1000000000007    0.147182222155496    -0.80285699076198    0.0216626065189844    0.644579347645678    5.9555147711866e-07    5.50417913412856e-06
22.2000000000007    0.066887097068702    -0.802997215379507    0.00447388375462706    0.644804527937523    5.90846925281212e-07    5.50275692684394e-06
22.3000000000007    -0.0134131552525048    -0.803003523019505    0.000179912734176062    0.644814658011897    5.90139041179376e-07    5.49176023771498e-06
22.4000000000007    -0.0937129553185686    -0.802979348449878    0.00878211799488839    0.644775834067559    5.9021608363491e-07    5.52882280049803e-06
22.5000000000007    -0.174001534790683    -0.802717491056766    0.0302765341098696    0.644355370478873    5.96878236919649e-07    5.51393303635072e-06
22.6000000000007    -0.254231887854555    -0.801700590976081    0.0646338528024441    0.642723837601559    5.94040729560782e-07    5.49187142546822e-06
22.7000000000007    -0.334289862564004    -0.799103950926442    0.111749712213439    0.638567124416485    6.15485153183983e-07    5.49861934051807e-06
22.8000000000008    -0.413963814045119    -0.793804864471749    0.171366039339128    0.630126162889554    5.88006127046215e-07    5.52654317785068e-06
22.9000000000008    -0.49291577583313    -0.784404930546158    0.242965962065475    0.615291095095806    5.46336398357709e-07    5.53919476278395e-06
23.0000000000008    -0.570655851763712    -0.769273676111971    0.325648101152325    0.591781988789199    3.96073873639167e-07    5.51117386937531e-06
23.1000000000008    -0.646522414614059    -0.746622596957343    0.417991232598555    0.557445302317758    4.01156861364001e-07    5.51645938327094e-06
23.2000000000008    -0.719671573350156    -0.714617613611959    0.517927173488546    0.510678333714593    5.07515262541962e-07    5.49013259565294e-06
23.3000000000008    -0.789079999625138    -0.671533956580124    0.622647245808555    0.450957854870668    3.83976063928757e-07    5.52379533445297e-06
23.4000000000009    -0.853565258594524    -0.615949915683504    0.728573650680185    0.379394298661126    8.05283346831135e-07    5.53264684003462e-06
23.5000000000009    -0.911826904906176    -0.546964823975671    0.831428304511151    0.299170518697493    6.12127658916823e-07    5.54580502178704e-06
23.6000000000009    -0.96250949929787    -0.464413720392573    0.926424536239341    0.215680103719653    8.38976398721888e-07    5.54813426122481e-06
23.7000000000009    -1.00428534803901    -0.369039855355452    1.00858906028624    0.136190414871592    6.2815066898936e-07    5.55153254586859e-06
23.8000000000009    -1.03595057067164    -0.262581501208651    1.07319358487501    0.0689490448078463    3.47232228449912e-07    5.55495873090046e-06
23.9000000000009    -1.05652396600081    -0.147736103728957    1.11624289073442    0.0218259563758804    5.86091293075595e-07    5.55582337737776e-06
24.000000000001    -1.06533533013174    -0.0279845693232804    1.13493936562745    0.000783136151081798    7.34855413790819e-07    5.55628598331454e-06
24.100000000001    -1.06208959372333    0.0927117025816162    1.12803430509538    0.00859545982646922    0    5.55762156097916e-06
24.200000000001    -1.04689601251181    0.210296944483248    1.09599126101345    0.0442248048898427    5.62309094193971e-07    5.55449153472819e-06
24.300000000001    -1.02025729179329    0.321023905132182    1.0409249414574    0.103056347697168    1.30757158806803e-07    5.55446654986876e-06
24.400000000001    -0.98302056759107    0.421802456826254    0.966329436307751    0.177917312615497    8.26309361041294e-07    5.55270733321841e-06
24.500000000001    -0.936298680071485    0.510437740512832    0.876655218303974    0.260546686970639    6.07302304277266e-07    5.54921223541386e-06
24.600000000001    -0.881374440862415    0.585730228406659    0.776820905005853    0.343079900500032    5.63787949454564e-07    5.54214030650408e-06
24.7000000000011    -0.819601745069208    0.647441963380871    0.671747020520906    0.419181095977243    6.44464454809007e-07    5.54671581832011e-06
24.8000000000011    -0.752315605365423    0.696158380762874    0.565978770076772    0.48463649113716    6.55481739280306e-07    5.54736129233632e-06
24.9000000000011    -0.680759495027892    0.733087822804449    0.463433490070984    0.537417755974618    5.95067755557461e-07    5.51829051304171e-06
25.0000000000011    -0.606034077986136    0.759840891805308    0.367277303680785    0.577358180890018    5.27572660657778e-07    5.52561901010388e-06
25.1000000000011    -0.529067579513973    0.778222899492783    0.27991250369314    0.605630881325526    6.04783412026783e-07    5.52923443830227e-06
25.2000000000011    -0.450605349159295    0.790059959612587    0.203045180691372    0.624194739813378    6.34437827984626e-07    5.50774816378236e-06
25.3000000000012    -0.371214742408859    0.797067030560477    0.13780038498203    0.635315851236729    5.9483449626601e-07    5.49847800210975e-06
25.4000000000012    -0.291301111628505    0.800756932777409    0.0848563376363362    0.641211665421408    5.77480078463129e-07    5.50674019773965e-06
25.5000000000012    -0.211131104752232    0.802383773824702    0.0445763433942381    0.643819720527481    5.8341542889125e-07    5.50547998067324e-06
25.6000000000012    -0.130860267237646    0.80291189136287    0.0171244095418526    0.64466750532205    5.8696674532447e-07    5.49072911676547e-06
25.7000000000012    -0.0505628462397153    0.803001450439144    0.0025566014202089    0.644811329437519    5.89752253174721e-07    5.49095153177938e-06
25.8000000000012    0.029737481278687    0.803003275472933    0.000884317793148939    0.64481426045054    5.90490002361922e-07    5.50281745379072e-06
25.9000000000012    0.110036596663032    0.802957649647176    0.0121080526055336    0.644740987157081    5.92262580812192e-07    5.49215443868281e-06
26.0000000000013    0.190318877675477    0.802594245699023    0.0362212752000023    0.644157523259305    5.90954813238497e-07    5.48835275766941e-06
26.1000000000013    0.270526161984215    0.801332861420324    0.0731844043182429    0.642134354822235    5.77371925998754e-07    5.49093131260494e-06
26.2000000000013    0.350526904631176    0.798287148191658    0.122869110870624    0.637262370998576    5.56765791211306e-07    5.53223545613743e-06
26.3000000000013    0.430086040960283    0.792275984791354    0.184974002629278    0.627701236107536    6.23338032726376e-07    5.51607698276451e-06
26.4000000000013    0.508836647416047    0.781849404190159    0.258914733753959    0.61128849086281    5.97070023705041e-07    5.50484472192801e-06
26.5000000000013    0.586255274662719    0.765337664257907    0.343695247070272    0.585741740362189    6.41875193817611e-07    5.51728447300662e-06
26.6000000000014    0.661643724198226    0.740932531948201    0.437772417771186    0.548981016929615    5.36700441344142e-07    5.51755612189368e-06
26.7000000000014    0.7341208876531    0.706808230459387    0.538933477688805    0.499577874675625    4.79275644900661e-07    5.52226257939614e-06
26.8000000000014    0.802628808834288    0.661284827605981    0.644213004771129    0.437297623252502    6.16645267503219e-07    5.53452777915667e-06
26.9000000000014    0.865957021205886    0.60302850603445    0.749881562576005    0.363643379120855    4.83427292034278e-07    5.54199506979133e-06
27.0000000000014    0.922788098386753    0.53127152277151    0.851537874524918    0.282249430938637    8.23280727658347e-07    5.53874878718954e-06
27.1000000000014    0.971764986562081    0.446021729509505    0.944327189108467    0.198935383225461    6.82694386777598e-07    5.55076255036626e-06
27.2000000000015    1.01157711393203    0.348221158368302    1.02328825743128    0.121257975166147    4.64572229031321e-07    5.54839064297722e-06
27.3000000000015    1.04105799941475    0.239810437962241    1.0838017581456    0.0575090461864968    3.86569552751566e-07    5.55472201475624e-06
27.4000000000015    1.05928310786053    0.123665043431818    1.12208070259897    0.0152930429978731    5.42410454845467e-07    5.55695277332513e-06
27.5000000000015    1.06565431018637    0.00339162604552073    1.13561910881925    1.15031581015728e-05    6.7550104598064e-07    5.55598040795418e-06
27.6000000000015    1.05995763904865    -0.116996357885343    1.12351019657806    0.0136881477893221    6.93664658803188e-07    5.5575925324275e-06
27.7000000000015    1.04238452879539    -0.233474000101347    1.08656550587253    0.0545101087541602    7.40724117853437e-07    5.55305784661547e-06
27.8000000000015    1.01351279805013    -0.342402329182439    1.0272081918119    0.117239355060353    7.07765942039366e-07    5.54918222504537e-06
27.9000000000016    0.974250728323547    -0.440858224670475    0.949164481639119    0.194355974290417    3.96494111289086e-07    5.55100756052078e-06
28.0000000000016    0.925753766971115    -0.526845668252801    0.8570200370617    0.277566358187443    7.0035457611084e-07    5.54092821451236e-06
28.1000000000016    0.869327051035035    -0.599367288026478    0.755729521661381    0.35924114598673    3.33200093731253e-07    5.52404656519892e-06
28.2000000000016    0.806327455130865    -0.658366378056022    0.650163964898198    0.433446287785429    6.16645267503219e-07    5.55197749457774e-06
28.3000000000016    0.738076604264438    -0.704572473091882    0.544757073763065    0.496422369869101    7.36289279376295e-07    5.5036345024214e-06
28.4000000000016    0.665792371356814    -0.739293542244201    0.443279481757139    0.546554941634682    4.5758940377188e-07    5.54112857858653e-06
28.5000000000017    0.590542092558028    -0.76419570050528    0.348739963083109    0.583995068701386    5.42256920722984e-07    5.53451273418023e-06
28.6000000000017    0.513217102302978    -0.781101259814628    0.263391794096571    0.610119178114346    5.53252643815785e-07    5.50886679011403e-06
28.7000000000017    0.434525748892801    -0.791823031117192    0.188812626451178    0.626983712637845    5.73404350125407e-07    5.49800348230784e-06
28.8000000000017    0.355000870662345    -0.798041010876205    0.126025618171362    0.636869455070593    5.81813544194539e-07    5.50255516554625e-06
28.9000000000017    0.275017558059148    -0.801219043089957    0.0756346572411454    0.64195195504029    5.73125954414176e-07    5.504814469683e-06
29.0000000000017    0.194817541177121    -0.802554178684433    0.0379538743506607    0.644093209754242    6.01141127873967e-07    5.51333902580955e-06
29.1000000000017    0.114537380764895    -0.802949690437915    0.0131188115928313    0.644728205404572    5.90668536670044e-07    5.49804386856625e-06
29.2000000000018    0.0342385398864346    -0.803003085281237    0.00117227761390307    0.644813955001393    5.90001120399757e-07    5.49614539362052e-06
29.3000000000018    -0.0460617951841815    -0.803002092581673    0.00212168897593714    0.644812360720947    5.89621344368823e-07    5.51371154837699e-06
29.4000000000018    -0.126359682787018    -0.802923842144852    0.0159667694343855    0.644686696314708    5.91350967385918e-07    5.48234153851752e-06
29.5000000000018    -0.20663336368478    -0.802434903218783    0.0426973469880367    0.643901773934329    5.91588532538765e-07    5.53097101167904e-06
29.6000000000018    -0.286812242810486    -0.800892369941425    0.0822612626263187    0.641428588260682    5.8113334640439e-07    5.50356389806878e-06
29.7000000000018    -0.366746133200922    -0.797348689354358    0.134502726218216    0.635764932445334    6.22647476666456e-07    5.49746833637436e-06
29.8000000000019    -0.446175373103501    -0.790565368016232    0.199072463564356    0.624993601136995    5.55455649483675e-07    5.50949150956546e-06
29.9000000000019    -0.524703053296549    -0.77904287011704    0.275313294139079    0.606907793510558    5.98091847908183e-07    5.51029749452522e-06
