0 0 0
2.99999999999998 1.6830173842928e-18 5.46891103313145e-20
5.99999999999992 1.0686459583621e-18 1.27264605260601e-20
8.99999999999985 8.97116816826669e-19 5.59751699400824e-21
11.9999999999998 6.55312526538567e-19 2.52531376923005e-21
14.9999999999997 7.68142388485241e-19 2.02663034069992e-21
18 6.67948658829325e-19 1.28234754774305e-21
21.0000000000005 6.42231571957905e-19 9.42562796978062e-22
24.000000000001 1.08042739521796e-18 1.24967663645685e-21
27.0000000000014 1.0965172197293e-18 1.02807870227154e-21
30.0000000000019 1.39654725313498e-18 1.08037671978258e-21
33.000000000002 4.89464037515058e-18 3.17926061590267e-21
36.0000000000014 1.03685599468581e-17 5.7205600155573e-21
39.0000000000008 1.94127159307383e-17 9.20271804255712e-21
42.0000000000002 1.98301999517269e-17 8.14563830054855e-21
44.9999999999996 2.69369505235197e-17 9.6667109364716e-21
47.999999999999 5.37060780145691e-17 1.69524010345062e-20
50.9999999999984 1.23125445242225e-16 3.44080249495201e-20
53.9999999999978 4.21286730720551e-16 1.04850133138917e-19
56.9999999999972 3.84407960616171e-15 8.56928520479499e-19
59.9999999999966 5.13081149100481e-14 1.0300821596379e-17
62.999999999996 5.93247690498921e-13 1.07835316439778e-16
65.9999999999969 5.33907729505854e-12 8.83189901669793e-16
68.9999999999984 3.34918217444893e-11 5.06658517016128e-15
71.9999999999999 1.44416654834955e-10 2.0071628165697e-14
75.0000000000015 4.34277366574575e-10 5.56787195752606e-14
78.000000000003 1.03302657069141e-09 1.22643250731496e-13
81.0000000000045 1.55148211920944e-09 1.71156452382611e-13
84.0000000000061 9.40240637036717e-10 9.67304327887779e-14
87.0000000000076 1.02661518323173e-09 9.87772292313359e-14
90.0000000000091 2.21871053463348e-09 2.00192412495387e-13
93.0000000000107 1.66170872518544e-09 1.40905083800355e-13
96.0000000000122 2.35499770291638e-09 1.8807124229265e-13
99.0000000000137 2.37193633891038e-09 1.78651622715611e-13
102.000000000015 3.01660708827701e-09 2.14642674150854e-13
105.000000000017 3.71683799106769e-09 2.50103051451125e-13
108.000000000018 5.25246590754677e-09 3.34631768952841e-13
111.00000000002 5.91233503279807e-09 3.5693542158515e-13
114.000000000021 5.22699123576391e-09 2.99295057848729e-13
117.000000000023 6.83656766550644e-09 3.71581376134634e-13
120.000000000024 6.65748405483576e-09 3.43742782256678e-13
123.000000000026 7.5633811129134e-09 3.7131473811943e-13
126.000000000028 8.57151482472883e-09 4.00468310314495e-13
129.000000000028 8.15984150729204e-09 3.63156001667086e-13
132.000000000025 7.7588189443203e-09 3.29294687804094e-13
135.000000000022 8.83770783502453e-09 3.58079484068748e-13
138.000000000019 8.79548194232574e-09 3.40625129485761e-13
141.000000000017 9.7297533849433e-09 3.60618684976329e-13
144.000000000014 1.00610243815047e-08 3.5732273947191e-13
147.000000000011 8.89102125646495e-09 3.02980119592923e-13
150.000000000009 8.8331999120106e-09 2.89180711165065e-13
153.000000000006 9.40233787425185e-09 2.96075633724273e-13
156.000000000003 9.82458219988922e-09 2.97912058199555e-13
159 1.07721729392367e-08 3.14888114053275e-13
161.999999999998 1.11324081708066e-08 3.13971084265469e-13
164.999999999995 1.02788362162152e-08 2.79945009906382e-13
167.999999999992 1.01809464800954e-08 2.67923889047233e-13
170.999999999989 9.85236206444999e-09 2.50677481890986e-13
173.999999999987 9.72191302709081e-09 2.3924322114366e-13
176.999999999984 1.04020764649696e-08 2.47676210056493e-13
179.999999999981 9.68255146766997e-09 2.2311146882676e-13
182.999999999979 9.35212949732581e-09 2.08601037707775e-13
185.999999999976 9.32227085211656e-09 2.01306107997727e-13
188.999999999973 9.69132023226915e-09 2.02634714324999e-13
191.99999999997 1.00367690645632e-08 2.03247106263777e-13
194.999999999968 1.01919217420163e-08 1.99940953163898e-13
197.999999999965 1.04402430262439e-08 1.98459766884743e-13
200.999999999962 1.08632889475921e-08 2.00168245728719e-13
203.999999999959 1.06353235059885e-08 1.90051859160736e-13
206.999999999957 9.15681938146288e-09 1.58772524472905e-13
209.999999999954 8.26164643607492e-09 1.39077348883728e-13
212.999999999951 9.29912966778471e-09 1.52079240838394e-13
215.999999999949 9.8768085891735e-09 1.5702793204672e-13
218.999999999946 1.02566493429292e-08 1.58630370765016e-13
221.999999999943 1.14484686800886e-08 1.72366486441661e-13
224.99999999994 1.15421945811481e-08 1.69277610544544e-13
227.999999999938 1.11816062169264e-08 1.59844154507778e-13
230.999999999935 1.1356668358942e-08 1.58322635638753e-13
233.999999999932 1.11412852201169e-08 1.51542033316869e-13
236.999999999929 9.63197642565805e-09 1.27869253249007e-13
239.999999999927 8.54065602875705e-09 1.10697280857395e-13
242.999999999924 8.7073979387257e-09 1.10205743317931e-13
245.999999999921 9.28468413781645e-09 1.14769372780799e-13
248.999999999919 9.88033579834175e-09 1.19286830449958e-13
251.999999999916 1.05956594504363e-08 1.24948535641628e-13
254.999999999913 1.10706171430543e-08 1.27513082701361e-13
257.99999999991 1.08538665032427e-08 1.22111053077876e-13
260.999999999908 1.07941766975856e-08 1.1862023048266e-13
263.999999999905 1.06832659193782e-08 1.14684457421281e-13
266.999999999902 1.03932180525197e-08 1.09001195088958e-13
269.999999999899 1.01911202912818e-08 1.0443737921454e-13
272.999999999897 1.02823619469539e-08 1.02987272263685e-13
275.999999999894 1.0196603926619e-08 9.98461170000808e-14
278.999999999891 1.01426401125127e-08 9.71328710924078e-14
281.999999999889 9.54716279438511e-09 8.94545776882804e-14
284.999999999886 8.83847725553847e-09 8.10601670625073e-14
287.999999999883 8.80279887329229e-09 7.90600295697753e-14
290.99999999988 8.94452260553508e-09 7.87049317226825e-14
293.999999999878 9.34201013010695e-09 8.05717070429049e-14
296.999999999875 1.03692760594815e-08 8.76924358798385e-14
299.999999999872 1.11531275148942e-08 9.25179603040382e-14
302.999999999869 1.1376648084198e-08 9.25959122545642e-14
305.999999999867 1.17299053041705e-08 9.36946880818456e-14
308.999999999864 1.14016579314943e-08 8.93948633936425e-14
311.999999999861 1.07623293029871e-08 8.28349593604698e-14
314.999999999859 9.89030233778745e-09 7.47319348307401e-14
317.999999999856 9.39651147880582e-09 6.97020705248709e-14
320.999999999853 9.10370841319362e-09 6.6293194309066e-14
323.99999999985 8.85629585185038e-09 6.33067452323515e-14
326.999999999848 8.87200157274936e-09 6.22517396643596e-14
329.999999999845 8.98584804844493e-09 6.18889383338362e-14
332.999999999842 9.22432605682692e-09 6.23616319782244e-14
335.999999999839 9.87561071800651e-09 6.55389058926321e-14
338.999999999837 1.05915383451277e-08 6.90066847578489e-14
341.999999999834 1.11319796133057e-08 7.1214753570976e-14
344.999999999831 1.18557794349122e-08 7.44881624457572e-14
347.999999999829 1.19113975654865e-08 7.35176129284611e-14
350.999999999826 1.12389379461359e-08 6.8163891192461e-14
353.999999999823 1.06279679091287e-08 6.33604611299472e-14
356.99999999982 9.95387049366113e-09 5.83503740100717e-14
359.999999999818 9.53913431305804e-09 5.50036131712658e-14
362.999999999815 9.21122939374164e-09 5.22597013131095e-14
365.999999999812 8.74386613905566e-09 4.88257828662258e-14
368.999999999809 8.41569377879944e-09 4.62631587902473e-14
371.999999999807 8.48037227628494e-09 4.5904264741118e-14
374.999999999804 8.74478221290912e-09 4.66162116244264e-14
377.999999999801 9.2903485054735e-09 4.87772590824371e-14
380.999999999798 1.00589335550937e-08 5.20173567546042e-14
383.999999999796 1.10030827663492e-08 5.60435657684192e-14
386.999999999793 1.18448351592329e-08 5.94203076233873e-14
389.99999999979 1.21689120933173e-08 6.01214564581854e-14
392.999999999788 1.19532635229308e-08 5.81576559400165e-14
395.999999999785 1.16904832997862e-08 5.60106321917358e-14
398.999999999782 1.1421488898717e-08 5.38846190847011e-14
401.999999999779 1.11969136173795e-08 5.20169724980663e-14
404.999999999777 1.07258189894461e-08 4.9067699810497e-14
407.999999999774 9.72127572739094e-09 4.3796713844867e-14
410.999999999771 8.81218168911865e-09 3.91025858660275e-14
413.999999999768 8.18721286911698e-09 3.57874196370123e-14
416.999999999766 7.64593695480425e-09 3.29295787030021e-14
419.999999999763 7.36789763852537e-09 3.12724462442951e-14
422.99999999976 7.8246988237044e-09 3.27387570508077e-14
425.999999999758 8.45806410715215e-09 3.48946150457417e-14
428.999999999755 9.26734119482291e-09 3.77096333705162e-14
431.999999999752 9.89302035002867e-09 3.9713675058581e-14
434.999999999749 1.03888383525616e-08 4.11518727975477e-14
437.999999999747 1.10542966794268e-08 4.32155645381761e-14
440.999999999744 1.1638013369318e-08 4.49095313188524e-14
443.999999999741 1.1904402191895e-08 4.53473916098334e-14
446.999999999738 1.21792762763096e-08 4.58011287047335e-14
449.999999999736 1.19724516272593e-08 4.44474957647028e-14
452.999999999733 1.13890255468977e-08 4.17397248093071e-14
455.99999999973 1.08361731740597e-08 3.92025013433864e-14
458.999999999728 1.0024580464483e-08 3.57974320713068e-14
461.999999999725 9.11516731954975e-09 3.21267475945623e-14
464.999999999722 8.28800520249795e-09 2.88299271927035e-14
467.999999999719 7.75684960683708e-09 2.66288170738808e-14
470.999999999717 7.45748543012934e-09 2.52655254356673e-14
473.999999999714 7.41393733008432e-09 2.4789349430851e-14
476.999999999711 7.57481787657427e-09 2.49975064529603e-14
479.999999999708 7.89746803783373e-09 2.57258273717988e-14
482.999999999706 8.15430979835466e-09 2.62233760821286e-14
485.999999999703 8.56543056424063e-09 2.71985693706964e-14
488.9999999997 9.04776753373065e-09 2.83740551930371e-14
491.999999999698 9.70617166655913e-09 3.00679262093144e-14
494.999999999695 1.04011300848943e-08 3.18349029865487e-14
497.999999999692 1.10028388617043e-08 3.32804328302011e-14
500.999999999689 1.11688410016791e-08 3.33913831306202e-14
503.999999999687 1.104913520943e-08 3.26566855457607e-14
506.999999999684 1.09140793326668e-08 3.1893589053383e-14
509.999999999681 1.07428042745565e-08 3.10420517177202e-14
512.999999999678 1.02657740516795e-08 2.93333956632332e-14
515.999999999676 9.62054214325524e-09 2.71842951332967e-14
518.999999999673 8.9296116248354e-09 2.49510781776906e-14
521.99999999967 8.33332286178646e-09 2.30248626290259e-14
524.999999999668 7.69301623292259e-09 2.10169358514711e-14
527.999999999665 7.16120082811476e-09 1.93429763768618e-14
530.999999999662 6.83936198312959e-09 1.82636189789199e-14
533.999999999659 6.7556949739817e-09 1.78340695449401e-14
536.999999999657 6.84427330356603e-09 1.78607787828278e-14
539.999999999654 7.14883228634539e-09 1.84415353212803e-14
542.999999999651 7.43674565643981e-09 1.89646682172528e-14
545.999999999648 7.67953016654411e-09 1.9360910147121e-14
548.999999999646 8.04483765196332e-09 2.00530765482157e-14
551.999999999643 8.72868894354421e-09 2.15150762561617e-14
554.99999999964 9.54139602214964e-09 2.32597973505285e-14
557.999999999638 1.01087669824752e-08 2.43763285416993e-14
560.999999999635 1.03795421391989e-08 2.47630942393717e-14
563.999999999632 1.04774461756801e-08 2.47353070219336e-14
566.999999999629 1.0416568172012e-08 2.43387073977529e-14
569.999999999627 1.02711411328226e-08 2.37556203238891e-14
572.999999999624 9.97585978988482e-09 2.28417737450631e-14
575.999999999621 9.43852971310418e-09 2.13970609432985e-14
578.999999999618 8.62155426988214e-09 1.93523829998706e-14
581.999999999616 7.932520911622e-09 1.76306501872636e-14
584.999999999613 7.40361837484729e-09 1.62932617240748e-14
587.99999999961 6.93051419659393e-09 1.51014807368123e-14
590.999999999608 6.61881216260657e-09 1.42791538032018e-14
593.999999999605 6.38975249757633e-09 1.36472156578396e-14
596.999999999602 6.29363373385999e-09 1.33066560976505e-14
599.999999999599 6.3321414768316e-09 1.32524945808706e-14
602.999999999597 6.49651924375515e-09 1.34581873438877e-14
605.999999999594 6.7703421173602e-09 1.38823797833656e-14
608.999999999591 7.14188965114098e-09 1.44949277693985e-14
611.999999999588 7.59827375171276e-09 1.52645138646362e-14
614.999999999586 8.13353797647838e-09 1.61749041126377e-14
617.999999999583 8.637384068544e-09 1.7005189516768e-14
620.99999999958 9.09140772719498e-09 1.77223383240704e-14
623.999999999578 9.34684561817212e-09 1.80429353754434e-14
626.999999999575 9.37731244408604e-09 1.79283016365072e-14
629.999999999572 9.35240724328894e-09 1.77122320371945e-14
632.999999999569 9.2768155391099e-09 1.74061898190573e-14
635.999999999567 9.09503164721457e-09 1.69093114858753e-14
638.999999999564 8.77934695976421e-09 1.61752934703294e-14
641.999999999561 8.48057875312541e-09 1.54855545545293e-14
644.999999999558 8.19711104747935e-09 1.48353800746427e-14
647.999999999556 7.88522540415878e-09 1.41450685033993e-14
650.999999999553 7.57367201328075e-09 1.34663540949915e-14
653.99999999955 7.2231843979466e-09 1.27296135245883e-14
656.999999999548 6.81259801538084e-09 1.18992945028499e-14
659.999999999545 6.33106793520874e-09 1.09593070502094e-14
662.999999999542 5.98681205933342e-09 1.02699755201142e-14
665.999999999539 5.92316077043596e-09 1.00685553746373e-14
668.999999999537 6.00012134733024e-09 1.01062520999472e-14
671.999999999534 6.15607002565664e-09 1.02738755338178e-14
674.999999999531 6.32211961491231e-09 1.04541076526551e-14
677.999999999528 6.49822851383817e-09 1.06467690153726e-14
680.999999999526 6.76949449759552e-09 1.09899568334651e-14
683.999999999523 7.09572531710794e-09 1.14151972376699e-14
686.99999999952 7.43727687779882e-09 1.18573722833123e-14
689.999999999518 7.70484353111919e-09 1.21752268412223e-14
692.999999999515 7.93048649911137e-09 1.24225302294856e-14
695.999999999512 8.21773127528955e-09 1.27620173060984e-14
698.999999999509 8.52579212082281e-09 1.31286559443074e-14
701.999999999507 8.83218664236145e-09 1.34873713816576e-14
704.999999999504 9.10781817646772e-09 1.37942480672769e-14
707.999999999501 9.18688046438985e-09 1.38011633060336e-14
710.999999999498 8.91480254084841e-09 1.32847800111518e-14
713.999999999496 8.45609344824039e-09 1.25003602526546e-14
716.999999999493 7.93277867763957e-09 1.16330697775328e-14
719.99999999949 7.39529812358667e-09 1.07580464691034e-14
722.999999999487 6.93908308635341e-09 1.00132274547238e-14
725.999999999485 6.5031129251788e-09 9.30814295184276e-15
728.999999999482 6.05324626869791e-09 8.59355930912065e-15
731.999999999479 5.73890303111121e-09 8.08031538172614e-15
734.999999999477 5.55338065147484e-09 7.75437654428404e-15
737.999999999474 5.45663027976489e-09 7.55586434083224e-15
740.999999999471 5.4936714932322e-09 7.54363996495753e-15
743.999999999468 5.6251099800972e-09 7.6596046147947e-15
746.999999999466 5.77072931567925e-09 7.79243241491472e-15
749.999999999463 5.90662329910302e-09 7.90988224361218e-15
752.99999999946 6.11491770208333e-09 8.12159788373854e-15
755.999999999457 6.42069834868767e-09 8.4585212674395e-15
758.999999999455 6.69676187328709e-09 8.75159086596456e-15
761.999999999452 6.97819317511264e-09 9.04751096407999e-15
764.999999999449 7.36319727255853e-09 9.47262521142318e-15
767.999999999447 7.77851571090599e-09 9.93050363927556e-15
770.999999999444 8.09049670385841e-09 1.0251013581886e-14
773.999999999441 8.246104520608e-09 1.03704750207326e-14
776.999999999438 8.26762860985633e-09 1.03209020129149e-14
779.999999999436 8.16596886993644e-09 1.01193247522109e-14
782.999999999433 7.96787159770186e-09 9.80166349290334e-15
785.99999999943 7.69781260025808e-09 9.40019593266835e-15
788.999999999427 7.40186774744719e-09 8.97241646402073e-15
791.999999999425 7.12176779784235e-09 8.56910506719048e-15
794.999999999422 6.87401479479933e-09 8.20942083480549e-15
797.999999999419 6.62202952144285e-09 7.84913286899973e-15
800.999999999417 6.30748312568067e-09 7.41974265183878e-15
803.999999999414 5.98178166050022e-09 6.98302604252993e-15
806.999999999411 5.72887969725588e-09 6.63663850471135e-15
809.999999999408 5.55618428435885e-09 6.38725585111458e-15
812.999999999406 5.47644521423265e-09 6.2473944970643e-15
815.999999999403 5.48539439230276e-09 6.20989691248577e-15
818.9999999994 5.55008952494684e-09 6.23558776428059e-15
821.999999999397 5.67449592924218e-09 6.32760580200882e-15
824.999999999395 5.79926628897607e-09 6.41891231019662e-15
827.999999999392 5.8473814858839e-09 6.42498777052301e-15
830.999999999389 5.89794811559316e-09 6.43403512471549e-15
833.999999999387 6.09514184484326e-09 6.60214828286013e-15
836.999999999384 6.3969806129295e-09 6.88082981397315e-15
839.999999999381 6.66317021731968e-09 7.11785010370341e-15
842.999999999378 6.85912730014334e-09 7.27730269303568e-15
845.999999999376 6.96282126670459e-09 7.33736208444361e-15
848.999999999373 6.98162748638729e-09 7.30761974555004e-15
851.99999999937 7.04559835393815e-09 7.3248866268898e-15
854.999999999367 7.19865025498886e-09 7.43344366255048e-15
857.999999999365 7.33271971733866e-09 7.52043070193175e-15
860.999999999362 7.31477392826527e-09 7.45067632699585e-15
863.999999999359 7.15536995480737e-09 7.23799664845593e-15
866.999999999357 7.02079620534638e-09 7.05244522891485e-15
869.999999999354 6.93890216678358e-09 6.9213197095115e-15
872.999999999351 6.81864544122724e-09 6.75341916613272e-15
875.999999999348 6.64382591067508e-09 6.53372564155495e-15
878.999999999346 6.43427568800638e-09 6.2828757670097e-15
881.999999999343 6.20267166913948e-09 6.01398652973869e-15
884.99999999934 5.96545434373062e-09 5.74340833309857e-15
887.999999999337 5.73296713780664e-09 5.48118898597227e-15
890.999999999335 5.53388453064439e-09 5.25447290982902e-15
893.999999999332 5.3874307897281e-09 5.08071714144029e-15
896.999999999329 5.25441325707459e-09 4.92214974959883e-15
