0 0 0
2.99999999999998 5.21277327991626e-19 1.78517918088919e-20
5.99999999999992 3.39994496569838e-19 4.13797387263264e-21
8.99999999999985 2.91946289191612e-19 1.81805790537777e-21
11.9999999999998 2.36268065482285e-19 8.9914315842825e-22
14.9999999999997 2.48832679494871e-19 6.43809748361461e-22
18 2.04237596671947e-19 3.82663247163801e-22
21.0000000000005 1.77214048677169e-19 2.53640727499073e-22
24.000000000001 1.62998772175372e-19 1.83599737459538e-22
27.0000000000014 1.40482358338653e-19 1.28608414025627e-22
30.0000000000019 1.38741303446134e-19 1.04905494776886e-22
33.000000000002 1.26294174889878e-19 8.05243610949734e-23
36.0000000000014 1.65335402428703e-19 8.97684521508896e-23
39.0000000000008 2.20773600405422e-19 1.03473067514154e-22
42.0000000000002 2.94384941923469e-19 1.19926784948277e-22
44.9999999999996 2.07862583604213e-19 7.42764213521625e-23
47.999999999999 1.54057305105315e-19 4.85572836861661e-23
50.9999999999984 1.78201755994579e-19 4.98649357934596e-23
53.9999999999978 1.32086045121155e-19 3.29772804581617e-23
56.9999999999972 1.57963577081478e-19 3.53703489252688e-23
59.9999999999966 1.52901037923202e-19 3.08500019155146e-23
62.999999999996 1.40382601211322e-19 2.56419987148478e-23
65.9999999999969 1.15375468457554e-19 1.91650373281095e-23
68.9999999999984 1.9325155613311e-19 2.93238969586404e-23
71.9999999999999 1.35079507021924e-19 1.88056134638378e-23
75.0000000000015 1.17445700336583e-19 1.50648463665008e-23
78.000000000003 1.10959661917974e-19 1.31681354571036e-23
81.0000000000045 1.71226380296233e-19 1.88699686548959e-23
84.0000000000061 1.53749148906492e-19 1.57944114882913e-23
87.0000000000076 1.31038038487353e-19 1.25854164492546e-23
90.0000000000091 1.28167985822911e-19 1.15465458758598e-23
93.0000000000107 1.16543314334075e-19 9.86942354805505e-24
96.0000000000122 9.97118372276406e-20 7.95829336282764e-24
99.0000000000137 1.04305846446671e-19 7.85699634026196e-24
102.000000000015 1.01547612035789e-19 7.23310422828382e-24
105.000000000017 9.46244801835493e-20 6.37880419812065e-24
108.000000000018 1.11488232605382e-19 7.12215731246047e-24
111.00000000002 9.83771602673656e-20 5.95906025704601e-24
114.000000000021 8.78958383372506e-20 5.05290233668256e-24
117.000000000023 1.02233958366624e-19 5.58078039373114e-24
120.000000000024 9.74129584734732e-20 5.05320540194949e-24
123.000000000026 1.07498161195674e-19 5.30272491711708e-24
126.000000000028 1.18066716094246e-19 5.54285321412483e-24
129.000000000028 1.05174679650288e-19 4.70351454895933e-24
132.000000000025 9.99772239965855e-20 4.26356227651424e-24
135.000000000022 9.08674395149553e-20 3.69951130390301e-24
138.000000000019 8.06389189824218e-20 3.13830183504965e-24
141.000000000017 7.78152379593625e-20 2.89878011070084e-24
144.000000000014 8.51126405437057e-20 3.03904998515339e-24
147.000000000011 9.83489548757934e-20 3.37075294883218e-24
150.000000000009 9.97427049449858e-20 3.28556795187526e-24
153.000000000006 1.02628604642785e-19 3.25357906543243e-24
156.000000000003 8.95137569380167e-20 2.73401581584939e-24
159 6.75353000602576e-20 1.98958701466945e-24
161.999999999998 7.03743861745607e-20 2.00115008867262e-24
164.999999999995 6.45713741350198e-20 1.77382545769503e-24
167.999999999992 6.46503056208066e-20 1.71640379533943e-24
170.999999999989 7.81196542193228e-20 2.00549743755124e-24
173.999999999987 8.94875812333722e-20 2.22181345725091e-24
176.999999999984 8.14057394617558e-20 1.95527309999896e-24
179.999999999981 6.32765711559102e-20 1.47037405055466e-24
182.999999999979 6.73022143191966e-20 1.51326884125547e-24
185.999999999976 6.74739560971142e-20 1.46812449352744e-24
188.999999999973 6.52121054435329e-20 1.37332562605544e-24
191.99999999997 6.0786080662823e-20 1.23926772607008e-24
194.999999999968 6.80632392993331e-20 1.34378366741141e-24
197.999999999965 8.91837258041813e-20 1.70584137386552e-24
200.999999999962 9.15397617715976e-20 1.69716179767057e-24
203.999999999959 7.67804035678252e-20 1.38066432065281e-24
206.999999999957 7.23093432691033e-20 1.26197733129166e-24
209.999999999954 7.68965473083583e-20 1.30348832318433e-24
212.999999999951 7.90625872931503e-20 1.30268350547944e-24
215.999999999949 7.36783604972654e-20 1.18091554405015e-24
218.999999999946 6.0691997145594e-20 9.46937808122779e-25
221.999999999943 5.42698504959799e-20 8.24852136815535e-25
224.99999999994 5.46263439177808e-20 8.09240319899175e-25
227.999999999938 6.0220823276078e-20 8.700191785434e-25
230.999999999935 6.55040270246286e-20 9.23198419378268e-25
233.999999999932 6.79245438346992e-20 9.34239187647059e-25
236.999999999929 6.95935759893725e-20 9.34234622406363e-25
239.999999999927 6.81830783414218e-20 8.93494749421131e-25
242.999999999924 6.53807373752722e-20 8.36347045040678e-25
245.999999999921 6.28762087808485e-20 7.85161336768274e-25
248.999999999919 6.03259592318088e-20 7.35339600397935e-25
251.999999999916 5.29686216152393e-20 6.3024965348886e-25
254.999999999913 4.91321661780053e-20 5.70649078483333e-25
257.99999999991 4.59335736289998e-20 5.20799613880462e-25
260.999999999908 5.04294591119636e-20 5.58232902883799e-25
263.999999999905 6.07003877287632e-20 6.56146546840331e-25
266.999999999902 6.33964383952125e-20 6.69381961293286e-25
269.999999999899 5.76631433024721e-20 5.94923980602607e-25
272.999999999897 5.06512845265354e-20 5.10847364716934e-25
275.999999999894 4.81282167418438e-20 4.74723647884483e-25
278.999999999891 5.29003140687928e-20 5.10577748943821e-25
281.999999999889 6.00451040770875e-20 5.67361031339381e-25
284.999999999886 5.82743578268748e-20 5.39341760452747e-25
287.999999999883 5.02891615598914e-20 4.56093733806687e-25
290.99999999988 4.65341717807014e-20 4.13751565984997e-25
293.999999999878 4.61940596262737e-20 4.02784265045956e-25
296.999999999875 5.24008569089901e-20 4.48208112335747e-25
299.999999999872 5.92175638224014e-20 4.96944777916511e-25
302.999999999869 5.94162302553958e-20 4.89267932417757e-25
305.999999999867 5.44058434088585e-20 4.39614893082827e-25
308.999999999864 5.21968302577145e-20 4.13871715591991e-25
311.999999999861 5.69789772220711e-20 4.43299780764337e-25
314.999999999859 6.33605704347198e-20 4.83661753650278e-25
317.999999999856 6.49978145659173e-20 4.86772605142157e-25
320.999999999853 6.23096802241176e-20 4.57794359154322e-25
323.99999999985 5.80885694285444e-20 4.18684986101272e-25
326.999999999848 5.19689334824714e-20 3.67486327744027e-25
329.999999999845 4.62486298627785e-20 3.20878976666221e-25
332.999999999842 4.23408333854087e-20 2.88283267104621e-25
335.999999999839 3.95601249449769e-20 2.64384165885572e-25
338.999999999837 3.9937739745417e-20 2.62061600970299e-25
341.999999999834 4.38801284322227e-20 2.82797459019014e-25
344.999999999831 4.69238550653756e-20 2.97128774069987e-25
347.999999999829 4.93053268996856e-20 3.06871196693296e-25
350.999999999826 5.3277761017278e-20 3.26043436930644e-25
353.999999999823 5.51934367703509e-20 3.32234456853595e-25
356.99999999982 5.21911126344379e-20 3.09105657139726e-25
359.999999999818 4.8350700623236e-20 2.81833160595365e-25
362.999999999815 4.5006367807809e-20 2.58236006538125e-25
365.999999999812 4.44690130531504e-20 2.51204638619412e-25
368.999999999809 4.80197962973472e-20 2.67077649423626e-25
371.999999999807 4.97618868295731e-20 2.72509336446965e-25
374.999999999804 4.56648092623095e-20 2.46212847783493e-25
377.999999999801 4.05590002835092e-20 2.15298961502495e-25
380.999999999798 3.81801945914436e-20 1.99515616095423e-25
383.999999999796 3.88171759841847e-20 1.9967083854252e-25
386.999999999793 4.15042717965452e-20 2.10137082621648e-25
389.99999999979 4.27171300054316e-20 2.12870152505054e-25
392.999999999788 4.32199703452803e-20 2.11982266685937e-25
395.999999999785 4.37052342160705e-20 2.10995254344342e-25
398.999999999782 4.2737576110443e-20 2.03103966096913e-25
401.999999999779 3.88551008462844e-20 1.81800246100144e-25
404.999999999777 3.67464708856989e-20 1.69313052403222e-25
407.999999999774 4.07360969078169e-20 1.84880125599938e-25
410.999999999771 4.61102637129357e-20 2.06189709216843e-25
413.999999999768 4.98956094364117e-20 2.19895204041453e-25
416.999999999766 4.97156559362048e-20 2.16004518072772e-25
419.999999999763 4.4531836003723e-20 1.90797600801719e-25
422.99999999976 3.90890699786031e-20 1.65198816224423e-25
425.999999999758 3.57684002127992e-20 1.49136603166706e-25
428.999999999755 3.49813540662665e-20 1.43924613922436e-25
431.999999999752 3.53630257290462e-20 1.43582087142499e-25
434.999999999749 3.82573830223465e-20 1.5330397178766e-25
437.999999999747 4.24152206084283e-20 1.67742153638649e-25
440.999999999744 4.44180299067566e-20 1.73362669118486e-25
443.999999999741 4.4467755879606e-20 1.71270707597699e-25
446.999999999738 4.51616829269533e-20 1.71639947047314e-25
449.999999999736 4.62310871956465e-20 1.7336098830214e-25
452.999999999733 4.57942313626714e-20 1.69420156870235e-25
455.99999999973 4.50754380562889e-20 1.64515131887338e-25
458.999999999728 4.51952194556843e-20 1.62727347577764e-25
461.999999999725 4.65975842016129e-20 1.65516593971026e-25
464.999999999722 4.67328036793612e-20 1.63771462055849e-25
467.999999999719 4.41890160117415e-20 1.52797968378207e-25
470.999999999717 3.97231116506818e-20 1.35550480153551e-25
473.999999999714 3.54488707185502e-20 1.19398637930809e-25
476.999999999711 3.2990648427582e-20 1.09704048073058e-25
479.999999999708 3.27159943491238e-20 1.074316631188e-25
482.999999999706 3.48610651888108e-20 1.13072240719558e-25
485.999999999703 3.66060853699201e-20 1.17305169497426e-25
488.9999999997 3.74665399786136e-20 1.18643240361607e-25
491.999999999698 3.96001650615597e-20 1.23941333640405e-25
494.999999999695 4.10878464464002e-20 1.27117742875325e-25
497.999999999692 4.06899844550233e-20 1.2445217826018e-25
500.999999999689 4.0008567053216e-20 1.20977405330254e-25
503.999999999687 3.85363523977704e-20 1.15203966074476e-25
506.999999999684 3.67260108069066e-20 1.08541582995915e-25
509.999999999681 3.56523217143827e-20 1.04163152418398e-25
512.999999999678 3.531417596945e-20 1.01986038131729e-25
515.999999999676 3.61724567148631e-20 1.03252393305628e-25
518.999999999673 3.68996595695764e-20 1.04096973813363e-25
521.99999999967 3.71783455858716e-20 1.03650820537421e-25
524.999999999668 3.83947305893094e-20 1.05780363831344e-25
527.999999999665 3.94862878050707e-20 1.07505354956125e-25
530.999999999662 3.88999307976802e-20 1.04664588395396e-25
533.999999999659 3.65954461092743e-20 9.73150423652176e-26
536.999999999657 3.39454066275758e-20 8.92253226937727e-26
539.999999999654 3.22537803119241e-20 8.38125232866711e-26
542.999999999651 3.14328397884014e-20 8.07630504388438e-26
545.999999999648 3.06341443414702e-20 7.78432561499372e-26
548.999999999646 3.04056380853752e-20 7.64269632095989e-26
551.999999999643 3.10354906870607e-20 7.71813381968598e-26
554.99999999964 3.27377112384301e-20 8.05650232536329e-26
557.999999999638 3.52578161517295e-20 8.58740182824882e-26
560.999999999635 3.76114089586896e-20 9.06761108297983e-26
563.999999999632 3.79442616305353e-20 9.05560430252132e-26
566.999999999629 3.65017115678508e-20 8.62397527676833e-26
569.999999999627 3.47189197847444e-20 8.12045419681846e-26
572.999999999624 3.33144502171367e-20 7.71362906847158e-26
575.999999999621 3.33457762921399e-20 7.64275955556176e-26
578.999999999618 3.43879655783062e-20 7.80134794022763e-26
581.999999999616 3.49915911271083e-20 7.85673713832588e-26
584.999999999613 3.48445098868609e-20 7.74274291004524e-26
587.99999999961 3.37841682957366e-20 7.42892005156508e-26
590.999999999608 3.21314309319586e-20 6.99158410654765e-26
593.999999999605 3.10392274809827e-20 6.68317874268418e-26
596.999999999602 3.00753922844496e-20 6.40794887062008e-26
599.999999999599 2.88096426029927e-20 6.0744383255664e-26
602.999999999597 2.84613894203697e-20 5.93916564384782e-26
605.999999999594 2.95645508682611e-20 6.10655809733223e-26
608.999999999591 3.20438907811897e-20 6.55226982347016e-26
611.999999999588 3.51222907587494e-20 7.11090683348534e-26
614.999999999586 3.78723753631972e-20 7.59339063170797e-26
617.999999999583 3.97684363362318e-20 7.89769879076081e-26
620.99999999958 4.06812043156375e-20 8.0033552533638e-26
623.999999999578 4.03323388408e-20 7.86162484324094e-26
626.999999999575 3.88078572176266e-20 7.49554861527901e-26
629.999999999572 3.68059270945924e-20 7.04473264978805e-26
632.999999999569 3.5018045949401e-20 6.64224991332933e-26
635.999999999567 3.33515869335674e-20 6.2693647534234e-26
638.999999999564 3.15783415467891e-20 5.88254210028497e-26
641.999999999561 3.0295612935955e-20 5.59248972176521e-26
644.999999999558 2.98125087720426e-20 5.45306534351825e-26
647.999999999556 2.94976733590484e-20 5.34582059343527e-26
650.999999999553 2.91418171665798e-20 5.23229660575645e-26
653.99999999955 2.91964031619985e-20 5.19308392379513e-26
656.999999999548 2.97239266886266e-20 5.23721730778812e-26
659.999999999545 3.04218589724607e-20 5.30968160373539e-26
662.999999999542 3.03009024748363e-20 5.23877437799776e-26
665.999999999539 2.89952657270875e-20 4.96603919066384e-26
668.999999999537 2.77484477705689e-20 4.70828258232116e-26
671.999999999534 2.76466870657665e-20 4.64785398187724e-26
674.999999999531 2.84681629616325e-20 4.74253241121772e-26
677.999999999528 2.95093895728666e-20 4.87208933413539e-26
680.999999999526 3.05846361422965e-20 5.00530675501009e-26
683.999999999523 3.16502807836849e-20 5.13502718419024e-26
686.99999999952 3.27633138430789e-20 5.2705497492696e-26
689.999999999518 3.37956454115157e-20 5.3911838784619e-26
692.999999999515 3.42604165736834e-20 5.4202463156373e-26
695.999999999512 3.41183495963096e-20 5.35359269027122e-26
698.999999999509 3.35923413803671e-20 5.22817118451604e-26
701.999999999507 3.3117624624405e-20 5.11235346845809e-26
704.999999999504 3.28456031300848e-20 5.02904106533462e-26
707.999999999501 3.24045206064787e-20 4.92081300641693e-26
710.999999999498 3.184531999441e-20 4.79595003162438e-26
713.999999999496 3.12227086002085e-20 4.66297847271093e-26
716.999999999493 3.05883884429434e-20 4.52982727303069e-26
719.99999999949 3.02799923304764e-20 4.4461365106655e-26
722.999999999487 2.9995126647968e-20 4.36673995726337e-26
725.999999999485 2.88459228906993e-20 4.16348948977509e-26
728.999999999482 2.66203914996452e-20 3.80936591866357e-26
731.999999999479 2.42239117309392e-20 3.436841809764e-26
734.999999999477 2.25099980558031e-20 3.16659589560699e-26
737.999999999474 2.16098975253953e-20 3.01445651628321e-26
740.999999999471 2.12827804626489e-20 2.94422543397423e-26
743.999999999468 2.15872251658004e-20 2.96197502178004e-26
746.999999999466 2.28819412479157e-20 3.114424996731e-26
749.999999999463 2.48220472701482e-20 3.35184792780885e-26
752.99999999946 2.69901787568821e-20 3.61634177516591e-26
755.999999999457 2.93247131116726e-20 3.89912652203144e-26
758.999999999455 3.128864698865e-20 4.12884802220746e-26
761.999999999452 3.23605163419369e-20 4.23837150532617e-26
764.999999999449 3.25151390349783e-20 4.22692859368193e-26
767.999999999447 3.21980288777464e-20 4.15462559876561e-26
770.999999999444 3.19902447873808e-20 4.09706778501418e-26
773.999999999441 3.18235836495468e-20 4.04522225318957e-26
776.999999999438 3.10847744483902e-20 3.92149067661223e-26
779.999999999436 2.9409875333838e-20 3.68195273828719e-26
782.999999999433 2.73352101193737e-20 3.39591313272011e-26
785.99999999943 2.58443857465701e-20 3.18581908754047e-26
788.999999999427 2.52490472203118e-20 3.08813881012344e-26
791.999999999425 2.51755475723479e-20 3.05501079754082e-26
794.999999999422 2.51185111527635e-20 3.02416266475985e-26
797.999999999419 2.46677252267931e-20 2.94662615262683e-26
800.999999999417 2.37060613997429e-20 2.80969649140914e-26
803.999999999414 2.27152738268978e-20 2.67148554368188e-26
806.999999999411 2.25891580449634e-20 2.63639582467081e-26
809.999999999408 2.34928531598218e-20 2.72125981341252e-26
812.999999999406 2.46577893559568e-20 2.83508151259019e-26
815.999999999403 2.56446760256331e-20 2.9271100204673e-26
818.9999999994 2.6569333555537e-20 3.01097007814367e-26
821.999999999397 2.7387326303143e-20 3.08180011323071e-26
824.999999999395 2.78234529710197e-20 3.10910908694437e-26
827.999999999392 2.78098681930638e-20 3.08617298093141e-26
830.999999999389 2.77290648289049e-20 3.05613750761599e-26
833.999999999387 2.79493731349702e-20 3.05934870561428e-26
836.999999999384 2.8567589177198e-20 3.10560670647204e-26
839.999999999381 2.96649039101598e-20 3.20268333306452e-26
842.999999999378 3.0950474457782e-20 3.31829610558645e-26
845.999999999376 3.17939914490002e-20 3.38485560091045e-26
848.999999999373 3.19490700917012e-20 3.3773161072858e-26
851.99999999937 3.14987693755779e-20 3.30595148256627e-26
854.999999999367 3.07092580170093e-20 3.19991292743436e-26
857.999999999365 3.00324614387203e-20 3.10676964750032e-26
860.999999999362 2.94925842622792e-20 3.0288178703619e-26
863.999999999359 2.87125897174631e-20 2.92737594182036e-26
866.999999999357 2.77096213798342e-20 2.80477044558958e-26
869.999999999354 2.67688463335005e-20 2.69018785364734e-26
872.999999999351 2.58358828630533e-20 2.57808645189789e-26
875.999999999348 2.48257236442498e-20 2.46002838718795e-26
878.999999999346 2.4115172750642e-20 2.37322862756688e-26
881.999999999343 2.40615768825737e-20 2.35198386403486e-26
884.99999999934 2.43384340245857e-20 2.36325647625381e-26
887.999999999337 2.42527577031031e-20 2.33955115641861e-26
890.999999999335 2.35972554110757e-20 2.26162774502945e-26
893.999999999332 2.27565433782375e-20 2.16712518065623e-26
896.999999999329 2.20048987659321e-20 2.08223789542636e-26
