0    0
0.1    7.75374339700985e-06
0.2    1.41931656808536e-05
0.3    1.85035123639876e-05
0.4    2.04563522315793e-05
0.5    2.02988903331702e-05
0.6    1.85588641036238e-05
0.7    1.58514207503346e-05
0.8    1.27396635059007e-05
0.900000000000001    9.66257619317012e-06
1    6.91882962011725e-06
1.1    4.68538550446596e-06
1.2    3.05104523778965e-06
1.3    2.05100658001722e-06
1.4    1.69463470467424e-06
1.5    1.98304331444632e-06
1.6    2.91542097841102e-06
1.7    4.48391033913698e-06
1.8    6.65718558112705e-06
1.9    9.35365289911338e-06
2    1.24073345461051e-05
2.1    1.55336734737332e-05
2.2    1.83085005589501e-05
2.29999999999999    2.01795209461286e-05
2.39999999999999    2.05316711537895e-05
2.49999999999999    1.8819543713966e-05
2.59999999999999    1.47565764501145e-05
2.69999999999999    8.51356624742561e-06
2.79999999999998    8.42840851889015e-07
2.89999999999998    6.96421187940111e-06
2.99999999999998    1.3334869942927e-05
3.09999999999998    1.68423323905209e-05
3.19999999999998    1.66549630198354e-05
3.29999999999997    1.28179511527104e-05
3.39999999999997    6.23767874130543e-06
3.49999999999997    1.62382344226497e-06
3.59999999999997    9.20439377150029e-06
3.69999999999997    1.52575129094279e-05
3.79999999999996    1.90891958014028e-05
3.89999999999996    2.05808432952592e-05
3.99999999999996    2.00535139427416e-05
4.09999999999996    1.80670983901399e-05
4.19999999999995    1.52352565382374e-05
4.29999999999995    1.20996095506198e-05
4.39999999999995    9.07047359632873e-06
4.49999999999995    6.41952842517224e-06
4.59999999999995    4.30290291941748e-06
4.69999999999994    2.7958443156173e-06
4.79999999999994    1.92635266171859e-06
4.89999999999994    1.70104974983598e-06
4.99999999999994    2.12051746573128e-06
5.09999999999994    3.18329885962143e-06
5.19999999999993    4.87845358543293e-06
5.29999999999993    7.16691053070928e-06
5.39999999999993    9.95282572979761e-06
5.49999999999993    1.30486940719265e-05
5.59999999999993    1.61425379843205e-05
5.69999999999992    1.87817603944929e-05
5.79999999999992    2.03939270156939e-05
5.89999999999992    2.03652080819072e-05
5.99999999999992    1.81862354439177e-05
6.09999999999991    1.36483608941251e-05
6.19999999999991    7.03471378737941e-06
6.29999999999991    7.82584421266108e-07
6.39999999999991    8.42718753979455e-06
6.49999999999991    1.43180303042723e-05
6.5999999999999    1.71156634305447e-05
6.6999999999999    1.61523947084241e-05
6.7999999999999    1.16602737181282e-05
6.8999999999999    4.69094068900056e-06
6.9999999999999    3.2349083857186e-06
7.09999999999989    1.05899944899956e-05
7.19999999999989    1.62280830735551e-05
7.29999999999989    1.95766935343622e-05
7.39999999999989    2.06211174057502e-05
7.49999999999988    1.97476885194225e-05
7.59999999999988    1.75406615452456e-05
7.69999999999988    1.46069935430537e-05
7.79999999999988    1.1464427821517e-05
7.89999999999988    8.49438699268568e-06
7.99999999999987    5.94257520147856e-06
8.09999999999987    3.94576405904346e-06
8.19999999999987    2.56705836543247e-06
8.29999999999987    1.82833588091569e-06
8.39999999999987    1.7341130854609e-06
8.49999999999986    2.28460492290861e-06
8.59999999999986    3.47739899175803e-06
8.69999999999986    5.29770068946611e-06
8.79999999999986    7.69749663231956e-06
8.89999999999985    1.05652256232602e-05
8.99999999999985    1.36904497306523e-05
9.09999999999985    1.67330355063111e-05
9.19999999999985    1.92127428765287e-05
9.29999999999985    2.05401997215304e-05
9.39999999999984    2.01088888714951e-05
9.49999999999984    1.74537761523652e-05
9.59999999999984    1.24523319240399e-05
9.69999999999984    5.50435175672437e-06
9.79999999999984    2.4016201527477e-06
9.89999999999983    9.81688263368419e-06
9.99999999999983    1.51710452096498e-05
10.0999999999998    1.72304512509047e-05
10.1999999999998    1.55011556346452e-05
10.2999999999998    1.03986209094575e-05
10.3999999999998    3.10468891195903e-06
10.4999999999998    4.8210541047089e-06
10.5999999999998    1.19026452938265e-05
10.6999999999998    1.71021310471087e-05
10.7999999999998    1.99676230683288e-05
10.8999999999998    2.05814933605941e-05
10.9999999999998    1.93867044234741e-05
11.0999999999998    1.69845190073348e-05
11.1999999999998    1.39705687592917e-05
11.2999999999998    1.08368352926824e-05
11.3999999999998    7.935947020421e-06
11.4999999999998    5.48880041750799e-06
11.5999999999998    3.61430226691883e-06
11.6999999999998    2.36477375625821e-06
11.7999999999998    1.75696395332547e-06
11.8999999999998    1.7938239320614e-06
11.9999999999998    2.47527218089072e-06
12.0999999999998    3.79753772494773e-06
12.1999999999998    5.74110389928162e-06
12.2999999999998    8.24774909335968e-06
12.3999999999998    1.11887040845637e-05
12.4999999999998    1.43292710143017e-05
12.5999999999998    1.73006586732249e-05
12.6999999999998    1.95961938280753e-05
12.7999999999998    2.06133419489163e-05
12.8999999999998    1.97595284805452e-05
12.9999999999998    1.66225752473714e-05
13.0999999999998    1.11738242949411e-05
13.1999999999998    3.93277986532325e-06
13.2999999999998    4.00083720530908e-06
13.3999999999998    1.11202629098361e-05
13.4999999999998    1.58853455292096e-05
13.5999999999998    1.71855124078135e-05
13.6999999999998    1.47078643306653e-05
13.7999999999998    9.0451246104184e-06
13.8999999999997    1.4926555196304e-06
13.9999999999997    6.37076918597046e-06
14.0999999999997    1.31354867529687e-05
14.1999999999997    1.78779038020327e-05
14.2999999999997    2.02642988473833e-05
14.3999999999997    2.0466620171411e-05
14.4999999999997    1.8975871542426e-05
14.5999999999997    1.64034643781452e-05
14.6999999999997    1.33296723686671e-05
14.7999999999997    1.02193096848113e-05
14.8999999999997    7.39659787174496e-06
14.9999999999997    5.05890875790449e-06
15.0999999999997    3.30878196563855e-06
15.1999999999997    2.18905009419235e-06
15.2999999999997    1.71223917588836e-06
15.3999999999997    1.88018134461565e-06
15.4999999999997    2.69247008044537e-06
15.5999999999997    4.14347667732073e-06
15.6999999999997    6.20800839656876e-06
15.7999999999997    8.81630278448675e-06
15.8999999999997    1.1820884662006e-05
15.9999999999997    1.49615758591182e-05
16.0999999999997    1.78406962156874e-05
16.1999999999997    1.99268101594985e-05
16.2999999999997    2.06085844222104e-05
16.3999999999998    1.93145316585985e-05
16.4999999999998    1.56939653622734e-05
16.5999999999998    9.8192355951765e-06
16.6999999999998    2.33114658287903e-06
16.7999999999998    5.56656098837927e-06
16.8999999999998    1.23248839467571e-05
16.9999999999999    1.64536947906413e-05
17.0999999999999    1.69813100525662e-05
17.1999999999999    1.37805219413423e-05
17.2999999999999    7.61258211046112e-06
17.3999999999999    1.3160416145741e-07
17.4999999999999    7.87337212404537e-06
17.6    1.42827184023142e-05
17.7    1.85545947908317e-05
17.8    2.04696569559015e-05
17.9    2.02814025607179e-05
18    1.85204709992615e-05
18.1    1.58020966218864e-05
18.2    1.26877457485852e-05
18.3000000000001    9.61409860600337e-06
18.4000000000001    6.87760712869689e-06
18.5000000000001    4.65349415923466e-06
18.6000000000001    3.0294095243466e-06
18.7000000000001    2.03992667258124e-06
18.8000000000001    1.69416266326827e-06
18.9000000000002    1.99318022908734e-06
19.0000000000002    2.93612419399736e-06
19.1000000000002    4.51491445663255e-06
19.2000000000002    6.6976408482633e-06
19.3000000000002    9.40161014362229e-06
19.4000000000002    1.24591563664955e-05
19.5000000000002    1.5583534420327e-05
19.6000000000003    1.83482548594682e-05
19.7000000000003    2.01992871800005e-05
19.8000000000003    2.0521454777267e-05
19.9000000000003    1.87719663303776e-05
20.0000000000003    1.46702526149234e-05
20.1000000000003    8.39601361235509e-06
20.2000000000004    7.11355372495781e-07
20.3000000000004    7.08503175594899e-06
20.4000000000004    1.34190619578423e-05
20.5000000000004    1.68702958183164e-05
20.6000000000004    1.66199472431128e-05
20.7000000000004    1.27283913711196e-05
20.8000000000005    6.11428365737687e-06
20.9000000000005    1.75486528608548e-06
21.0000000000005    9.31907547219168e-06
21.1000000000005    1.53396016483454e-05
21.2000000000005    1.91322886518019e-05
21.3000000000005    2.05871799420221e-05
21.4000000000005    2.00309382668573e-05
21.5000000000006    1.8025710645686e-05
21.6000000000006    1.51848011111788e-05
21.7000000000006    1.20479790221006e-05
21.8000000000006    9.02322668028255e-06
21.9000000000006    6.38008094788756e-06
22.0000000000006    4.27304863559463e-06
22.1000000000007    2.77634279444161e-06
22.2000000000007    1.91742848976162e-06
22.3000000000007    1.70273476207683e-06
22.4000000000007    2.1328091430739e-06
22.5000000000007    3.20612990112323e-06
22.6000000000007    4.91147503856038e-06
22.7000000000007    7.20909469809072e-06
22.8000000000008    1.00019285061981e-05
22.9000000000008    1.31006657303478e-05
23.0000000000008    1.61910746505622e-05
23.1000000000008    1.88182863578579e-05
23.2000000000008    2.0408368631708e-05
23.3000000000008    2.03478500443444e-05
23.4000000000009    1.81306385406144e-05
23.5000000000009    1.35547563900884e-05
23.6000000000009    6.91263051033619e-06
23.7000000000009    9.14043957411792e-07
23.8000000000009    8.54257238080969e-06
23.9000000000009    1.43920367461359e-05
24.000000000001    1.71308776342194e-05
24.100000000001    1.61051338154472e-05
24.200000000001    1.15618657008376e-05
24.300000000001    4.56383518088188e-06
24.400000000001    3.36437682901813e-06
24.500000000001    1.06990518258243e-05
24.600000000001    1.63024480076546e-05
24.7000000000011    1.96119001528716e-05
24.8000000000011    2.06208215465242e-05
24.9000000000011    1.97204508504134e-05
25.0000000000011    1.7496687223062e-05
25.1000000000011    1.45557343966818e-05
25.2000000000011    1.14133138985339e-05
25.3000000000012    8.44851025505466e-06
25.4000000000012    5.90497446661953e-06
25.5000000000012    3.91797691268181e-06
25.6000000000012    2.54969901325452e-06
25.7000000000012    1.82156809203082e-06
25.8000000000012    1.73795479341265e-06
25.9000000000012    2.29904935200587e-06
26.0000000000013    3.50234520907211e-06
26.1000000000013    5.3326992351943e-06
26.2000000000013    7.74131941794209e-06
26.3000000000013    1.06153077300553e-05
26.4000000000013    1.3742311317122e-05
26.5000000000013    1.67798910877259e-05
26.6000000000014    1.92456180726497e-05
26.7000000000014    2.05489055341568e-05
26.8000000000014    2.00841111909211e-05
26.9000000000014    1.73901599712645e-05
27.0000000000014    1.23518387979971e-05
27.1000000000014    5.37853825510748e-06
27.2000000000015    2.53197922361892e-06
27.3000000000015    9.92575927472039e-06
27.4000000000015    1.52341253321087e-05
27.5000000000015    1.72327590279853e-05
27.6000000000015    1.5442131872323e-05
27.7000000000015    1.02923178042502e-05
27.8000000000015    2.97498728896173e-06
27.9000000000016    4.9479909478567e-06
28.0000000000016    1.20054838609329e-05
28.1000000000016    1.71685939335253e-05
28.2000000000016    1.9995105900894e-05
28.3000000000016    2.05749302361058e-05
28.4000000000016    1.93552347471648e-05
28.5000000000017    1.69383523737077e-05
28.6000000000017    1.39188132608492e-05
28.7000000000017    1.0786447149469e-05
28.8000000000017    7.89156429370497e-06
28.9000000000017    5.4531080465603e-06
29.0000000000017    3.58860564908525e-06
29.1000000000017    2.34956190514612e-06
29.2000000000018    1.7523527167107e-06
29.3000000000018    1.79982278336599e-06
29.4000000000018    2.4918659596862e-06
29.5000000000018    3.8245819070637e-06
29.6000000000018    5.77803037982161e-06
29.7000000000018    8.29310664907101e-06
29.8000000000019    1.12395820653921e-05
29.9000000000019    1.43807415317054e-05
