0 0 0
1 2.65618851150919e-22 8.56370197846146e-23
2 2.72996508924634e-22 8.80151352967767e-23
2.99999999999998 2.62280535742975e-22 8.45624406971116e-23
3.99999999999996 2.66756202802117e-22 8.60025787497396e-23
4.99999999999994 2.71929304174016e-22 8.76719662055805e-23
5.99999999999992 2.68409466244552e-22 8.65357548215739e-23
6.9999999999999 2.64463247309002e-22 8.52647606802881e-23
7.99999999999987 2.71823254353242e-22 8.76374400222065e-23
8.99999999999985 2.73053202350143e-22 8.80333005190434e-23
9.99999999999983 2.66236558138028e-22 8.58380681340418e-23
10.9999999999998 2.69776488620589e-22 8.69763811861783e-23
11.9999999999998 2.75549568338858e-22 8.88391339306875e-23
12.9999999999998 2.71578119454715e-22 8.75574719380929e-23
13.9999999999997 2.67902980470411e-22 8.63734833330139e-23
14.9999999999997 2.75611866251846e-22 8.8858989638898e-23
15.9999999999997 2.76632429222323e-22 8.91871423204417e-23
16.9999999999999 2.6959953163716e-22 8.69224452491619e-23
18 2.73445465598408e-22 8.81593417328923e-23
19.0000000000002 2.78982183673493e-22 8.99457919931651e-23
20.0000000000003 2.74506259010588e-22 8.85016843161227e-23
21.0000000000005 2.71469644668296e-22 8.7523138624031e-23
22.0000000000006 2.79224736341393e-22 9.00238723008431e-23
23.0000000000008 2.79648307377242e-22 9.01593598205855e-23
24.000000000001 2.72990602664706e-22 8.8015830881371e-23
25.0000000000011 2.77774315623424e-22 8.95550629569667e-23
26.0000000000013 2.82525588485929e-22 9.1088158717686e-23
27.0000000000014 2.77901415359519e-22 8.95965011633179e-23
28.0000000000016 2.7596184830464e-22 8.89712079892705e-23
29.0000000000017 2.83399020097188e-22 9.13697510892006e-23
