0    1.00000000000002    -0.380546675183187    1.00000000000107    0.144815772583638    1.01874259919746e-06    2.43034912682705e-05
0.1    0.960733871673693    -0.405078290906608    0.923009572182327    0.164088422138919    1.09688134808934e-06    1.93675252308421e-05
0.2    0.918960044760472    -0.430650924808666    0.84448756386709    0.185460219334429    9.60055808296479e-07    1.72008711237231e-05
0.3    0.874594727966031    -0.456823503993729    0.764915938186736    0.208687714062338    8.71558714860067e-07    1.61626003175052e-05
0.4    0.827608814180361    -0.482934991342756    0.684936349309566    0.23322620607369    7.36816842262513e-07    1.45073030711482e-05
0.5    0.778051810188538    -0.508068384384089    0.605364619338079    0.258133483376918    6.46614252142523e-07    1.28942021797402e-05
0.6    0.726078216547447    -0.53104140619248    0.527189576545015    0.282004975224533    5.42000933869875e-07    1.15605211864435e-05
0.7    0.671972587553913    -0.550446621974729    0.451547158424196    0.302991483752925    5.42563945521042e-07    1.04658913220649e-05
0.8    0.616167190698678    -0.564762777856302    0.379662006893723    0.318956995339303    4.71451640711915e-07    9.34538652724703e-06
0.900000000000001    0.559244548907896    -0.572545529582012    0.312754465483414    0.327808383514903    4.66599116082525e-07    8.3997820536884e-06
1    0.50191765371758    -0.572676698222002    0.251921331113498    0.327958600744158    3.7096110834195e-07    7.59631543831259e-06
1.1    0.444984551244975    -0.564614611653289    0.198011250846833    0.318789659740745    3.75940674887385e-07    6.95346365573557e-06
1.2    0.389261146534686    -0.548564510245884    0.151524240201625    0.300923021941659    3.56306052244256e-07    6.35234858823724e-06
1.3    0.335503964068425    -0.525499711214893    0.112562909905726    0.276149946521382    3.15618061720954e-07    5.86903378056518e-06
1.4    0.284339289863775    -0.497014767174093    0.080848831760333    0.247023678819017    3.1134602589014e-07    5.46802064212695e-06
1.5    0.236213750853563    -0.465056016637261    0.0557969360923886    0.216277098636886    2.81512179623768e-07    5.13506911476834e-06
1.6    0.191374486726204    -0.431615354584952    0.0366241941697862    0.18629181433677    2.60969813708117e-07    4.82453715688601e-06
1.7    0.149878254424846    -0.398470025586055    0.0224634911494946    0.158778361311503    2.36152260852405e-07    4.57730407413487e-06
1.8    0.111622138459068    -0.367015248678163    0.01245950179423    0.134700192781271    2.33689601281756e-07    4.35624558840111e-06
1.9    0.0763860352691364    -0.3381939690949    0.00583482638418797    0.11437516074957    2.24090997549158e-07    4.17227856788875e-06
2    0.0438782420213544    -0.312499568262238    0.00192530012293068    0.0976559801800762    2.14774374518235e-07    3.99887833601491e-06
2.1    0.013778506238156    -0.290018317262936    0.000189847234197593    0.0841106243628397    2.06616371607734e-07    3.84895868692958e-06
2.2    -0.0142239475444876    -0.27048335378758    0.0002023206837882    0.073161244690011    1.99663646619022e-07    3.71939222013362e-06
2.29999999999999    -0.0403976107440272    -0.253323188490194    0.00163196695386312    0.0641726378398154    1.92819200440305e-07    3.60239809498523e-06
2.39999999999999    -0.0649402128134352    -0.237699888989296    0.00421723124028932    0.0565012372377117    1.87263010407478e-07    3.49113767160832e-06
2.49999999999999    -0.0879537570322298    -0.222543023546668    0.00773586337611723    0.0495253973408183    1.80909260292326e-07    3.39494046127267e-06
2.59999999999999    -0.109423342046128    -0.206594707636029    0.0119734677845744    0.0426813732341632    1.74681956545122e-07    3.30862198415678e-06
2.69999999999999    -0.129201943092878    -0.188487851089921    0.0166931420990066    0.0355276700189084    1.76666761955312e-07    3.22676809631831e-06
2.79999999999998    -0.147005670861745    -0.166881078707556    0.0216106672655409    0.0278492944404784    1.70470195839518e-07    3.14341443467178e-06
2.89999999999998    -0.162426022169038    -0.140664406222125    0.0263822126776865    0.0197864751872357    1.71999924881694e-07    3.06801970154712e-06
2.99999999999998    -0.174965906420135    -0.109223909271755    0.0306130684094463    0.0119298623656145    1.63605572137144e-07    3.0016600264922e-06
3.09999999999998    -0.184103058297338    -0.0727116517594472    0.0338939360744602    0.00528698431016482    1.64314443005181e-07    2.9287708082684e-06
3.19999999999998    -0.189376810352695    -0.0322239207878506    0.0358635762993856    0.00103838107911665    1.57765054537801e-07    2.8591931049411e-06
3.29999999999997    -0.190483439353941    0.0102222818429372    0.0362839406681275    0.000104495053851779    1.44999477684711e-07    2.78842874879657e-06
3.39999999999997    -0.187356117882232    0.0519763830428214    0.0351023149079205    0.00270154440162637    1.40082803941989e-07    2.72254979552186e-06
3.49999999999997    -0.180204323676775    0.0902598476701866    0.0324735982718205    0.00814684010845376    1.28455010425796e-07    2.6473508878943e-06
3.59999999999997    -0.169497940921818    0.122733748261618    0.028729551976755    0.0150635729690097    1.37179737087503e-07    2.5813506626696e-06
3.69999999999997    -0.155899775289291    0.147932103153246    0.0243047399352676    0.0218839071496621    1.2667356532752e-07    2.51388374846e-06
3.79999999999996    -0.140167427574741    0.165428682616702    0.019646907752935    0.0273666490382852    1.2198548264826e-07    2.44699897887746e-06
3.89999999999996    -0.123052688656731    0.175728687329254    0.0151419641856674    0.0308805715561325    1.30757158806803e-07    2.38116508261757e-06
3.99999999999996    -0.105221830197158    0.179980459104885    0.0110716335500549    0.0323929656649928    1.24177119381784e-07    2.32112342758157e-06
4.09999999999996    -0.087208300616466    0.179636566840473    0.00760528769642692    0.032269296151369    1.22514059911054e-07    2.26653225619983e-06
4.19999999999995    -0.0693974617022119    0.176164496322713    0.00481600769072375    0.0310339297695502    1.17420535627562e-07    2.21702585928743e-06
4.29999999999995    -0.0520356573877033    0.170852621162618    0.00270770963978373    0.0291906181628282    1.15309244046144e-07    2.16591594467615e-06
4.39999999999995    -0.0352538081373161    0.164710916466613    0.00124283098819555    0.0271296860077669    1.13410274544221e-07    2.12021960905556e-06
4.49999999999995    -0.0190971842585559    0.158441582582326    0.000364702446617674    0.025103735095517    1.11524663112332e-07    2.07968230501619e-06
4.59999999999995    -0.00355587412939876    0.152449761997015    1.2644240836078e-05    0.0232409299370953    1.09318783488314e-07    2.0368899799103e-06
4.69999999999994    0.0114067914403588    0.146870406747374    0.000130114890975367    0.0215709163821362    1.07350329815822e-07    1.99925956570009e-06
4.79999999999994    0.0258286697546198    0.141596886741342    0.000667120181304368    0.0200496783387052    1.05637908445508e-07    1.96589908365261e-06
4.89999999999994    0.0397259398578186    0.136306313315837    0.00157815029759793    0.0185794110534889    1.04468076790181e-07    1.93232445264522e-06
4.99999999999994    0.0530727002398601    0.130484620533312    0.00281671151076039    0.0170262361993309    1.01740331143326e-07    1.89958667277961e-06
5.09999999999994    0.0657834402345825    0.12346107407464    0.00432746100910676    0.0152426368151615    9.93813267695393e-08    1.87025851867076e-06
5.19999999999993    0.0777000152867844    0.114466484746493    0.00603729237557687    0.0131025761336114    1.01706224427267e-07    1.84179299876285e-06
5.29999999999993    0.0885862579555262    0.102729910706284    0.00784752509857135    0.0105534345570173    9.12696123123169e-08    1.81552874041051e-06
5.39999999999993    0.0981345554510344    0.0876213740974242    0.00963039097358129    0.00767750520191883    9.56681820630748e-08    1.7883161402916e-06
5.49999999999993    0.105988657813955    0.0688297262955151    0.0112335955852138    0.00473753122502766    1.00289215341e-07    1.76412753439389e-06
5.59999999999993    0.111784542893966    0.0465367395670095    0.012495784030021    0.00216566813254593    9.05827910884308e-08    1.73731430327484e-06
5.69999999999992    0.115205866699313    0.021522319827442    0.0132723917219469    0.000463210253686834    8.36014406856159e-08    1.7123468389116e-06
5.79999999999992    0.116043565835714    -0.0048674662435622    0.0134661091718757    2.36922304749985e-05    9.00064366187868e-08    1.68605485562274e-06
5.89999999999992    0.114243849950266    -0.0309204741130311    0.0130516572514668    0.000956075722134598    8.90375554764056e-08    1.66131596810197e-06
5.99999999999992    0.109929118140469    -0.0548865934661488    0.0120844110151493    0.0030125381449867    9.02758599523651e-08    1.63352784899154e-06
6.09999999999991    0.10338389232433    -0.0753279743755508    0.0106882291921355    0.00567430372610971    8.23365006793303e-08    1.60812469748604e-06
6.19999999999991    0.0950097585841888    -0.0913705377968148    0.00902685422623374    0.00834857517977972    8.89498385267237e-08    1.58131168488248e-06
6.29999999999991    0.0852634215785578    -0.102784411471832    0.00726985105929059    0.0105646352440331    8.78311749760235e-08    1.55633003070809e-06
6.39999999999991    0.0745953313671118    -0.109899248041839    0.00556446346177531    0.0120778447225038    7.80701667274031e-08    1.53040642967285e-06
6.49999999999991    0.0634024719891174    -0.11341929272707    0.00401987345433692    0.0128639359649769    7.81423485405856e-08    1.5059978466772e-06
6.5999999999999    0.0520013244544617    -0.114217110841886    0.00270413774502476    0.0130455484112654    8.09768778059041e-08    1.48249938901905e-06
6.6999999999999    0.0406200235839631    -0.113162761270395    0.0016499863159679    0.0128058105404795    7.85961213925561e-08    1.46254714458718e-06
6.7999999999999    0.0294047394031064    -0.111011415529099    0.000864638699370575    0.0123235343798511    7.7327820489731e-08    1.44109040538767e-06
6.8999999999999    0.0184344389423043    -0.10834608881403    0.000339828539123374    0.011738874963316    7.63446674559278e-08    1.42067756491291e-06
6.9999999999999    0.00773926220195586    -0.105559527341011    5.98961794362896e-05    0.0111428138144207    7.52790926915643e-08    1.40106516447889e-06
7.09999999999989    -0.0026805075207581    -0.102857710723876    7.18512057435241e-06    0.010579708657272    7.42408309895851e-08    1.38400488406265e-06
7.19999999999989    -0.0128363271197156    -0.100271666574944    0.000164771293929686    0.0100544071195849    7.30709958796195e-08    1.36676466471847e-06
7.29999999999989    -0.0227345482753197    -0.0976703760430648    0.000516859685288063    0.0095395023582141    7.22608198327935e-08    1.34923025653037e-06
7.39999999999989    -0.0323608425031164    -0.0947735452189547    0.00104722412751664    0.0089820248751478    7.16573896321332e-08    1.33362205858722e-06
7.49999999999988    -0.041666046847556    -0.0911683561359653    0.00173605945990754    0.00831166916227441    6.93679038311319e-08    1.31916903271884e-06
7.59999999999988    -0.0505542217166972    -0.0863386985124967    0.00255572933338564    0.00745437086253702    6.83269679901178e-08    1.3058401248758e-06
7.69999999999988    -0.058874709128156    -0.0797178410691501    0.00346623137492947    0.00635493418638868    6.70455233936234e-08    1.28933966926143e-06
7.79999999999988    -0.0664210394956102    -0.0707738299126291    0.0044117544876818    0.00500893500213302    6.62091098248073e-08    1.27721477375405e-06
7.89999999999988    -0.0729400978699974    -0.0591281582293582    0.00532025787728971    0.00349613909719609    7.00599748449596e-08    1.26494229522973e-06
7.99999999999987    -0.078154220550354    -0.0446910343141693    0.00610808218983775    0.00199728854963571    6.61370187162645e-08    1.25117980079382e-06
8.09999999999987    -0.0817961433239485    -0.027774971807718    0.00669060906267561    0.000771449060451068    6.07362286585583e-08    1.23755284733991e-06
8.19999999999987    -0.0836520699879996    -0.00913466421472946    0.00699766881328109    8.34420918148682e-05    6.24958391107903e-08    1.22434036582e-06
8.29999999999987    -0.0836031754556872    0.0101087353111133    0.0069894909462781    0.000102186531057745    6.06433324370522e-08    1.21144402817984e-06
8.39999999999987    -0.0816534668614553    0.0286603055402035    0.00666728865049876    0.000821413115092057    6.30622991071276e-08    1.19759623223031e-06
8.49999999999986    -0.0779345278653073    0.0453078821266484    0.00607379063359265    0.00205280418420125    6.55044923484537e-08    1.18278608633679e-06
8.59999999999986    -0.0726850247051448    0.0591547987304568    0.00528311281639082    0.0034992902142089    5.75162383043934e-08    1.16963511457301e-06
8.69999999999986    -0.0662114848541018    0.0697520428360258    0.00438396072658873    0.00486534748113388    6.14955053449391e-08    1.15546621227535e-06
8.79999999999986    -0.0588422911759353    0.0771020795848315    0.00346241523083715    0.00594473067760881    5.99926456474698e-08    1.14154392838397e-06
8.89999999999985    -0.050886793285611    0.0815606303121153    0.00258946573089601    0.0066521364181818    5.91847985454556e-08    1.12794891226801e-06
8.99999999999985    -0.0426070908042061    0.0836913738020974    0.0018153641868011    0.00700424605012707    5.68812457944729e-08    1.11564864552824e-06
9.09999999999985    -0.0342044751149859    0.0841253081792624    0.00116994611789542    0.00707706747747195    6.10762310121837e-08    1.10276183166852e-06
9.19999999999985    -0.0258183470405147    0.0834548766783856    0.000666587043907819    0.00696471644259439    5.80210974178142e-08    1.09079742661818e-06
9.29999999999985    -0.0175336065280226    0.0821700836978874    0.00030742735788284    0.0067519226560824    5.76325217695527e-08    1.0791517231977e-06
9.39999999999984    -0.00939260070442056    0.0806292809470065    8.82209479959536e-05    0.00650108094717174    5.72016371170543e-08    1.06791231072886e-06
9.49999999999984    -0.0014087754609966    0.0790521534711486    1.98464830272613e-06    0.00624924296954433    5.67445585674114e-08    1.05749699627437e-06
9.59999999999984    0.00641959515379421    0.0775235315207766    4.12112019417657e-05    0.00600989794054878    5.61028856157641e-08    1.04687078675557e-06
9.69999999999984    0.0140962717636786    0.0760005329609174    0.000198704877638557    0.0057760810114195    5.54576983176333e-08    1.03730773581661e-06
9.79999999999984    0.0216146509264231    0.0743200616381099    0.000467193134674197    0.00552347156294809    5.5455743275653e-08    1.02744509337507e-06
9.89999999999983    0.028946172152351    0.072207993898027    0.000837880882276432    0.00521399438381604    5.37571620395168e-08    1.0190869340079e-06
9.99999999999983    0.0360299273321037    0.0692952004009509    0.00129815566355975    0.00480182479962871    5.5443033822392e-08    1.01033305199234e-06
10.0999999999998    0.0427645378016812    0.0651483798374823    0.00182880569339438    0.00424431139645291    5.44365812467809e-08    1.00201436836254e-06
10.1999999999998    0.0490042161423632    0.0593242057080126    0.00240141319973031    0.00351936138387372    5.3467974418429e-08    9.93541147111562e-07
10.2999999999998    0.0545616289701868    0.0514512893508872    0.00297697135588304    0.00264723517684079    5.20291839669027e-08    9.8593658418834e-07
10.3999999999998    0.0592201590670981    0.0413339108974119    0.00350702723993505    0.00170849219103044    5.14929590626772e-08    9.77369574960431e-07
10.4999999999998    0.06275677655724    0.0290551685073022    0.00393841300385761    0.000844202817928516    4.75704401326259e-08    9.69943231442475e-07
10.5999999999998    0.0649736709272698    0.0150418285172552    0.00422157791376756    0.000226256606067865    4.92105067283768e-08    9.61952941923432e-07
10.6999999999998    0.0657327465293833    5.09674328033044e-05    0.00432079396629921    2.59858865194446e-09    5.53255779306559e-08    9.53648459921225e-07
10.7999999999998    0.0649839404329572    -0.0149403181796295    0.00422291251419677    0.000223213108201514    5.13073374362265e-08    9.44958420034482e-07
10.8999999999998    0.0627783857515832    -0.0289202350962713    0.00394112571757692    0.000836379998901022    4.83301682223719e-08    9.36707687064313e-07
10.9999999999998    0.0592616756040327    -0.0410428321235942    0.0035119461954    0.00168451406958796    4.89099547471884e-08    9.28671400263573e-07
11.0999999999998    0.0546492398473806    -0.0507748017718877    0.00298653941589934    0.00257808049581889    5.30118102981065e-08    9.18911967131182e-07
11.1999999999998    0.0491916580850004    -0.0579464584028145    0.00241981922515416    0.00335779204225889    5.07164789196235e-08    9.10921320882742e-07
11.2999999999998    0.0431397596705158    -0.0627088845143625    0.00186103886443199    0.00393240419784725    4.61756645042602e-08    9.00885035774655e-07
11.3999999999998    0.0367173016142408    -0.0654327949350585    0.00134816023783326    0.00428145065381183    4.6170968275974e-08    8.93539824916735e-07
11.4999999999998    0.0301048156766276    -0.0665932074892355    0.0009062999269259    0.00443465528448909    4.66882048035915e-08    8.85843954425873e-07
11.5999999999998    0.0234342812809101    -0.0666721512721834    0.000549165539155092    0.00444517575603138    4.77546945295016e-08    8.77763497895486e-07
11.6999999999998    0.0167919895957916    -0.0660929655477784    0.000281970914587332    0.00436828009565582    4.64571528901446e-08    8.69477787795039e-07
11.7999999999998    0.010226407006303    -0.0651849582585017    0.0001045794002607    0.00424907878390758    4.62193752175698e-08    8.63116982352957e-07
11.8999999999998    0.00375839533584025    -0.0641699302882602    1.41255355025746e-05    0.00411777995393259    4.59227274047895e-08    8.55817544996791e-07
11.9999999999998    -0.00260790923332883    -0.063160977797447    6.80119057135748e-06    0.00398930911704986    4.55599155646325e-08    8.48685293972205e-07
12.0999999999998    -0.0088743934039721    -0.0621662472420739    7.87548582905201e-05    0.00386464229687197    4.53491100885653e-08    8.42209942535228e-07
12.1999999999998    -0.0150387106346085    -0.0610937590035802    0.000226162817553488    0.00373244738988631    4.47250031099098e-08    8.35927512036745e-07
12.2999999999998    -0.0210845323211018    -0.0597569635001869    0.000444557503201602    0.00357089468745234    4.49019193348574e-08    8.30460397228538e-07
12.3999999999998    -0.0269725010921833    -0.0578839894901371    0.000727515815169726    0.00335055623997385    4.35685800042602e-08    8.24348065114142e-07
12.4999999999998    -0.0326325219484018    -0.0551363102353172    0.0010648814887149    0.00304001270703534    4.4455412718887e-08    8.18659560531565e-07
12.5999999999998    -0.0379586889834729    -0.05114401008667    0.00144086206934591    0.0026157097684071    4.33640432611958e-08    8.13450426451405e-07
12.6999999999998    -0.0428088252371138    -0.0455634027612698    0.0018325955181834    0.00207602367183776    4.05232354390237e-08    8.07506620473416e-07
12.7999999999998    -0.0470109224599109    -0.0381564744805143    0.00221002683053359    0.00145591654542602    4.28104584461495e-08    8.02422768812242e-07
12.8999999999998    -0.0503781659040881    -0.0288798169215473    0.00253795959986165    0.000834043826058075    4.27344139931108e-08    7.97488426379699e-07
12.9999999999998    -0.0527322813257956    -0.0179566091180386    0.00278069349382477    0.000322439811645535    4.38167229153132e-08    7.92154761767173e-07
13.0999999999998    -0.0539318046260086    -0.00589735674295424    0.00290863955021942    3.47788171719597e-05    3.81103297054956e-08    7.86315383804357e-07
13.1999999999998    -0.0538987088213855    0.00655617582371507    0.00290507081261407    4.29834420419125e-05    3.96878938240232e-08    7.81310775635824e-07
13.2999999999998    -0.0526355349707876    0.0185612931619514    0.00277049954166251    0.000344521604445299    3.87591347967923e-08    7.75495473823173e-07
13.3999999999998    -0.0502272155179901    0.0293413044492318    0.00252277317869211    0.000860912147373635    3.85234465449051e-08    7.68845989020833e-07
13.4999999999998    -0.0468267480130211    0.0383317336774472    0.00219274432947632    0.00146932180730143    3.67842943559056e-08    7.63343707369498e-07
13.5999999999998    -0.0426293609620577    0.0452586453124747    0.00181726241603508    0.00204834497609379    4.08138238567122e-08    7.57227968782695e-07
13.6999999999998    -0.0378429898991562    0.0501349009582372    0.00143209188450921    0.0025135082946569    3.96851619091121e-08    7.51432469824784e-07
13.7999999999998    -0.0326625269242986    0.0531937948611065    0.00106684066508204    0.0028295798122812    3.87982769756451e-08    7.45460166121254e-07
13.8999999999997    -0.0272523689246653    0.0547956980087938    0.000742691612007552    0.00300256852081794    3.85740723999827e-08    7.39603242127142e-07
13.9999999999997    -0.0217382721942455    0.0553396463422679    0.000472552477992652    0.00306247645782659    3.92973709601511e-08    7.34376934883604e-07
14.0999999999997    -0.016206999463789    0.0551975886948477    0.000262666831620771    0.00304677379825618    3.89015345758399e-08    7.2842197149346e-07
14.1999999999997    -0.0107112145383752    0.0546748614524341    0.000114730116888613    0.00298934047536607    3.88990958375009e-08    7.23328631908117e-07
14.2999999999997    -0.00527720856910032    0.053991829310212    2.78489302832724e-05    0.00291511763277957    3.85568090708505e-08    7.18684197737915e-07
14.3999999999997    8.62690077612769e-05    0.0532788118596786    7.44234316740938e-09    0.00283863179368846    3.83052754989941e-08    7.13747417388232e-07
14.4999999999997    0.00537903802136105    0.0525773361182738    2.89340500366985e-05    0.00276437627379667    3.80879639777674e-08    7.09034415407308e-07
14.5999999999997    0.0106007615655551    0.0518433151181984    0.000112376145771175    0.00268772932294151    3.77566315564904e-08    7.04767551285013e-07
14.6999999999997    0.0157425617646449    0.0509507089285184    0.000247828250915073    0.00259597474080886    3.76084557528751e-08    7.00178382888915e-07
14.7999999999997    0.0207790732632193    0.049697091902585    0.000431769885679622    0.00246980094405792    3.72645426983806e-08    6.95658689490527e-07
14.8999999999997    0.0256613050609902    0.0478151223363064    0.000658502577434561    0.00228628592451542    3.68682012531813e-08    6.92439117113333e-07
14.9999999999997    0.0303111820235326    0.044995736904312    0.000918767755665066    0.00202461634003502    3.66144232001315e-08    6.87719451707162e-07
15.0999999999997    0.0346192417322567    0.0409288938201469    0.00119849189811789    0.00167517434980943    3.82636461112167e-08    6.84521933954165e-07
15.1999999999997    0.0384474077512574    0.035364211559401    0.00147820316279273    0.00125062745968124    3.57953925448984e-08    6.80563453644613e-07
15.2999999999997    0.0416386245970834    0.0281856135131163    0.00173377505833788    0.000794428809569602    3.22317005706433e-08    6.77373691796032e-07
15.3999999999997    0.0440339721406529    0.0194822147326948    0.00193899070248523    0.000379556691343943    3.78591504398321e-08    6.73137108346246e-07
15.4999999999997    0.0454955489545786    0.00958768227270794    0.00206984497467971    9.1923651810077e-05    3.53350707065135e-08    6.69088117048474e-07
15.5999999999997    0.0459305476826254    -0.000938909573922828    0.00210961521042748    8.81551630948054e-07    3.95016932123313e-08    6.65540462540948e-07
15.6999999999997    0.0453099873569973    -0.0114000287546772    0.00205299495429233    0.000129960656044989    3.28084732476781e-08    6.61454689084245e-07
15.7999999999997    0.043676072944949    -0.0210942014613444    0.00190759934789385    0.000444965335722982    3.66602920475687e-08    6.56656801106504e-07
15.8999999999997    0.0411355243381857    -0.0294534960998709    0.00169213136257879    0.000867508432930335    3.63633465121587e-08    6.52090259706458e-07
15.9999999999997    0.0378410112224955    -0.0361372518679449    0.0014319421303423    0.00130590097298788    3.56588321161953e-08    6.48530605821412e-07
16.0999999999997    0.0339665642746538    -0.0410572707184657    0.00115372748862545    0.00168569947926426    3.55125888529003e-08    6.44111068527647e-07
16.1999999999997    0.029683762477867    -0.0443403993602115    0.000881125754843576    0.00196607101583155    3.39230332646731e-08    6.39142127216635e-07
16.2999999999997    0.0251437223441631    -0.0462552608867133    0.000632206773321394    0.00213954916010127    3.20089214594744e-08    6.35105321970982e-07
16.3999999999998    0.020466934903976    -0.0471330941478014    0.000418895424364658    0.00222152856434405    3.26685538168757e-08    6.31299670916065e-07
16.4999999999998    0.015740411210746    -0.0473030848699974    0.000247760545084513    0.0022375818386109    3.36889126294962e-08    6.26673874194998e-07
16.5999999999998    0.0110202087647702    -0.0470497371269287    0.000121445001220234    0.00221367776410075    3.34128198381322e-08    6.22621356952948e-07
16.6999999999998    0.00633717182744252    -0.0465903883903219    4.01597467716329e-05    0.0021706642907446    3.3193170629973e-08    6.1932110915184e-07
16.7999999999998    0.00170416260516935    -0.0460667153614497    2.90417018595051e-06    0.00212214226457174    3.30592676400648e-08    6.15558781183025e-07
16.8999999999998    -0.00287628468612739    -0.045543788482289    8.27301359672996e-06    0.00207423666969409    3.2848775437919e-08    6.12052909598208e-07
16.9999999999999    -0.00740438848991518    -0.0450119982215363    5.48249689106628e-05    0.00202607998426608    3.27787179879436e-08    6.08681826886385e-07
17.0999999999999    -0.0118757777431977    -0.0443896306785925    0.000141034097006892    0.00197043931214859    3.25975373946979e-08    6.05599262550292e-07
17.1999999999999    -0.0162744414274575    -0.0435263829396978    0.000264857443776804    0.0018945460121765    3.25205321166642e-08    6.0272888104991e-07
17.2999999999999    -0.0205661770587646    -0.0422104597132963    0.000422967638813484    0.00178172290956736    3.20689876783026e-08    5.99626743681344e-07
17.3999999999999    -0.0246931114517143    -0.0401838181454866    0.000609749753167813    0.00161473924110513    3.20681424563772e-08    5.96317961031491e-07
17.4999999999999    -0.0285703777295601    -0.0371709203255699    0.000816266483610699    0.00138167731820271    3.09515918751878e-08    5.9400970152283e-07
17.6    -0.0320865139212238    -0.0329247159014994    0.00102954437561787    0.00108403691754374    3.14312745457258e-08    5.9100930017961e-07
17.7    -0.0351092832848667    -0.0272880933391693    0.00123266177277792    0.000744640038432788    2.99366249897432e-08    5.87856201949629e-07
17.8    -0.0374979950272171    -0.0202596004158142    0.00140609963106212    0.000410451409351118    3.04073611596869e-08    5.85372032215989e-07
17.9    -0.0391217550835333    -0.0120420192689414    0.00153051172081695    0.00014501022841306    3.14829735902797e-08    5.82669629379082e-07
18    -0.0398806468439442    -0.0030483786617407    0.00159046599269217    9.29261280146186e-06    2.77801207048346e-08    5.7974634929016e-07
18.1    -0.0397246390971525    0.00615060396023951    0.00157804695139973    3.78299294080335e-05    2.66934012024971e-08    5.7647162959247e-07
18.2    -0.0386644805329321    0.0149307270426236    0.00149494205488255    0.000222926610349965    3.26428230261838e-08    5.73264058044282e-07
18.3000000000001    -0.0367708416870447    0.0227381305976084    0.00135209479837446    0.000517022583398896    2.74897965474901e-08    5.70088671827075e-07
18.4000000000001    -0.0341618815286737    0.0291900455009271    0.0011670341495801    0.000852058756667145    3.11192766700007e-08    5.66525998566299e-07
18.5000000000001    -0.0309832803618198    0.0341214493005035    0.000959963661980146    0.00116427330268391    3.18578350435757e-08    5.63099840664531e-07
18.6000000000001    -0.0273866440653415    0.0375723775170983    0.000750028273162594    0.00141168355260094    2.98205067340012e-08    5.59988628272873e-07
18.7000000000001    -0.0235114710011027    0.039733629697959    0.000552789268636602    0.00157876132928389    3.01135633405759e-08    5.56205654424667e-07
18.8000000000001    -0.0194735202082598    0.0408774750837419    0.000379217989302408    0.00167096796952807    3.00522945826176e-08    5.53292032128143e-07
18.9000000000002    -0.015359911834937    0.0412951314782643    0.000235926891577922    0.0017052878841101    2.97422351636679e-08    5.50427596765934e-07
19.0000000000002    -0.0112296430608866    0.041251882394509    0.000126104883275788    0.00170171780138955    2.94703266060883e-08    5.46938361142434e-07
19.1000000000002    -0.00711763403732843    0.0409609413605251    5.0660714290185e-05    0.00167779871743675    2.91346641837945e-08    5.44403453906988e-07
19.2000000000002    -0.00304061907788952    0.0405717219632268    9.24536437767079e-06    0.0016460646233541    2.90703709219802e-08    5.4103509503525e-07
19.3000000000002    0.000996268276208615    0.0401667455885079    9.9255047901664e-07    0.00161336745146171    2.89301773414216e-08    5.38321769159937e-07
19.4000000000002    0.00499282701350182    0.0397624133083076    2.49283215875764e-05    0.00158104951238859    2.86862211614066e-08    5.36571743928267e-07
19.5000000000002    0.00894726591663208    0.0393108583702983    8.00535673837576e-05    0.00154534358609357    2.88357720745161e-08    5.32843496078468e-07
19.6000000000003    0.0128498869080835    0.0387023034650328    0.00016511959355133    0.00149786829378173    2.81686591788377e-08    5.31256675110718e-07
19.7000000000003    0.0166770855562274    0.037769484984918    0.000278125182650536    0.00142653399630576    2.83938855294625e-08    5.28972366042686e-07
19.8000000000003    0.020386034040979    0.03629760105258    0.00041559038392069    0.00131751584244907    2.7111526383377e-08    5.26128843331265e-07
19.9000000000003    0.0239108269256387    0.034044446072632    0.000571727644268608    0.00115902430866736    2.7535115384162e-08    5.24417727182362e-07
20.0000000000003    0.0271613336354498    0.0307749499912501    0.000737738044856946    0.000947097547235715    2.7028418818361e-08    5.21316806083812e-07
20.1000000000003    0.0300262830621882    0.026310924530877    0.000901577674531555    0.000692264749940253    3.01027602681778e-08    5.20332472858371e-07
20.2000000000004    0.0323818591080933    0.0205896766652596    0.00104858479929696    0.000423934785448842    2.34778275079197e-08    5.18562090540278e-07
20.3000000000004    0.034105986809937    0.0137157821219958    0.00116321833628047    0.000188122679483374    2.96345028592224e-08    5.15087718330011e-07
20.4000000000004    0.0350965357980809    0.00598373945524776    0.00123176682502673    3.58051381317006e-05    2.74345247478326e-08    5.13236582814267e-07
20.5000000000004    0.0352894911433588    -0.00214758113319154    0.00124534818515768    4.6121049850163e-06    2.1965198991952e-08    5.11249486776954e-07
20.6000000000004    0.0346719451314718    -0.0101314948301212    0.00120214377920054    0.000102647187751376    2.73831010386146e-08    5.08531228737685e-07
20.7000000000004    0.033285639192787    -0.0174406529176594    0.00110793377647306    0.000304176374450069    2.57801460766539e-08    5.05775097755726e-07
20.8000000000005    0.0312197489543136    -0.02366842685292    0.00097467272477095    0.000560194429945721    2.42121480803111e-08    5.03683129287011e-07
20.9000000000005    0.0285952806156392    -0.0285908814740636    0.000817690073487817    0.000817438503714493    2.57654223759843e-08    5.00538232525871e-07
21.0000000000005    0.0255459297718665    -0.0321752506590748    0.000652594527909801    0.00103524675522206    2.5754900293471e-08    4.97761422877981e-07
21.1000000000005    0.0222004766387435    -0.0345437960080145    0.00049286116298813    0.00119327384288907    2.71205227422734e-08    4.95733129766138e-07
21.2000000000005    0.0186701272055372    -0.0359151444896338    0.000348573649871624    0.00128989760395361    2.61745554459592e-08    4.92279529201128e-07
21.3000000000005    0.0150419070160619    -0.0365450498113445    0.000226258966680542    0.00133554066595375    2.62675895843105e-08    4.89996279839429e-07
21.4000000000005    0.0113774031505173    -0.0366800970613437    0.000129445302450086    0.00134542952066802    2.61647158738951e-08    4.88285551478878e-07
21.5000000000006    0.00771529018859238    -0.0365283235863085    5.95257026948666e-05    0.00133431842426135    2.60153734097153e-08    4.85071788166429e-07
21.6000000000006    0.00407603253782411    -0.0362443394092965    1.66140412500723e-05    0.00131365213944926    2.59124790364728e-08    4.8267606295458e-07
21.7000000000006    0.000467551943808265    -0.035924024499118    2.18604820824638e-07    0.00129053553644486    2.5802145088832e-08    4.81285889949146e-07
21.8000000000006    -0.00310885280963919    -0.0356040946104421    9.66496579266083e-06    0.00126765155325876    2.567785950969e-08    4.790034287479e-07
21.9000000000006    -0.00665264615707977    -0.035263353766831    4.42577008919681e-05    0.00124350411911121    2.56887758527038e-08    4.75965520367923e-07
22.0000000000006    -0.010158345180919    -0.0348243794885251    0.000103191976815341    0.00121273740698666    2.53288280525173e-08    4.75236717552443e-07
22.1000000000007    -0.0136100197881438    -0.0341563297616049    0.000185232638634313    0.00116665486300682    2.54521275743323e-08    4.72576925821138e-07
22.2000000000007    -0.0169762262453707    -0.0330813660401497    0.000288192257534625    0.00109437677930417    2.47381874085278e-08    4.70957173675295e-07
22.3000000000007    -0.0202059214694183    -0.0313885820428315    0.000408279262428934    0.000985243082879871    2.51661816543036e-08    4.69368098619945e-07
22.4000000000007    -0.0232263232860536    -0.0288596348040394    0.000539462093388843    0.000832878521241387    2.38557691206476e-08    4.67831682442334e-07
22.5000000000007    -0.0259440304613076    -0.025308371975737    0.000673092716577892    0.000640513692279361    2.52339441209799e-08    4.65931292575544e-07
22.6000000000007    -0.0282507181790409    -0.0206316102579563    0.000798103077632191    0.000425663342051669    2.44859919420162e-08    4.6418022458697e-07
22.7000000000007    -0.0300340557436271    -0.0148602171226565    0.000902044504412    0.000220826053146376    2.64956771320222e-08    4.62475598975191e-07
22.8000000000008    -0.0311930024705533    -0.00819205438778518    0.000973003403128533    6.71097553047326e-05    2.42300531654576e-08    4.60762608122134e-07
22.9000000000008    -0.0316546525853828    -0.000987159951214315    0.00100201703030175    9.7448497990354e-07    2.15717308631176e-08    4.5893582331529e-07
23.0000000000008    -0.0313882449977431    0.00628423789093891    0.000985221924038993    3.9491646078615e-05    2.54968159310591e-08    4.56839874013248e-07
23.1000000000008    -0.0304119519207231    0.0131305828310888    0.000924886819628999    0.000172412205691084    2.5044180098036e-08    4.54971661417074e-07
23.2000000000008    -0.0287900812525184    0.0191360114069792    0.000828868778527229    0.000366186932772972    2.48049336400145e-08    4.52696842235814e-07
23.3000000000008    -0.0266215810491423    0.0240322516536719    0.000708708577556559    0.00057754911974846    2.24919704268376e-08    4.50606643423066e-07
23.4000000000009    -0.0240235492834761    0.0277248801654998    0.000577130920176161    0.000768668980392226    2.358839873581e-08    4.48221062044699e-07
23.5000000000009    -0.0211144617912138    0.0302744888151618    0.000445820496733144    0.000916544673218409    2.27173993692742e-08    4.46156127919214e-07
23.6000000000009    -0.0180008832273039    0.0318494370501972    0.000324031796963581    0.00101438664061201    2.34130864776234e-08    4.44452903264611e-07
23.7000000000009    -0.01476944232711    0.0326711127093211    0.00021813642665442    0.00106740160586011    2.43227242597682e-08    4.41530642687963e-07
23.8000000000009    -0.0114839774870946    0.0329671468298976    0.000131881738924641    0.00108683277029715    2.33603522761594e-08    4.39450801297421e-07
23.9000000000009    -0.00818665217490132    0.0329392332240786    6.70212738333619e-05    0.0010849930855823    2.33530992651375e-08    4.3823972315508e-07
24.000000000001    -0.00490155354498954    0.0327451729147298    2.40252271549456e-05    0.00107224634940601    2.33681105048673e-08    4.36410842057981e-07
24.100000000001    -0.00163953087747869    0.0324912512106951    2.68806149875044e-06    0.00105568140542482    2.33321344655137e-08    4.33966090705294e-07
24.200000000001    0.00159653151590899    0.0322304666019347    2.54891288183119e-06    0.00103880297756522    2.32496437338638e-08    4.32194386968526e-07
24.300000000001    0.0048064073749206    0.0319631686003445    2.31015518542231e-05    0.00102164414716014    2.30658827426479e-08    4.31385610663574e-07
24.400000000001    0.00798732397207557    0.0316383138108306    6.3797344235426e-05    0.00100098290097653    2.30860711889131e-08    4.28878343222926e-07
24.500000000001    0.0111289055881829    0.0311553129606516    0.000123852539591221    0.000970653525858884    2.30555247200173e-08    4.27478203073666e-07
24.600000000001    0.0142083936401391    0.0303681359422664    0.000201878449833701    0.000922223680789815    2.35694312219718e-08    4.26431214842041e-07
24.7000000000011    0.0171865148977075    0.0290947966056031    0.000295376294329635    0.000846507189701878    2.26480914825707e-08    4.24813785855425e-07
24.8000000000011    0.0200047283593841    0.0271360974491554    0.000400189156733293    0.000736367784948988    2.33887623898222e-08    4.23001443654715e-07
24.9000000000011    0.0225849462442039    0.0243066874444672    0.000510079796854044    0.000590815054701294    2.15717308631176e-08    4.22223848186021e-07
25.0000000000011    0.0248329819452246    0.0204780041800013    0.000616676992292409    0.000419348655373161    2.35861004556139e-08    4.20724522109831e-07
25.1000000000011    0.0266466338196484    0.0156262115902349    0.000710043093918875    0.000244178488838442    2.10888532441561e-08    4.1910492441518e-07
25.2000000000011    0.0279282392801377    0.00987066357745007    0.000779986549289078    9.74299996338452e-05    2.1283319000204e-08    4.17906521753519e-07
25.3000000000012    0.0285998312376513    0.00348443361296704    0.000817950346822548    1.21412777764073e-05    2.02629554290646e-08    4.16212409006204e-07
25.4000000000012    0.0286173439408178    -0.00313646214164574    0.000818952374227515    9.83739493822172e-06    2.13316584397971e-08    4.15023744942271e-07
25.5000000000012    0.0279796750673999    -0.00954316452911828    0.000782862216877763    9.10719894007822e-05    2.19133097042375e-08    4.13474152251723e-07
25.6000000000012    0.026729562612881    -0.015322781254099    0.000714469517476439    0.000234787625530196    2.26193502381459e-08    4.11374192292691e-07
25.7000000000012    0.0249459127792152    -0.0201753699747174    0.000622298564388814    0.000407045553784262    2.44992718807718e-08    4.09311172547135e-07
25.8000000000012    0.0227301041682209    -0.0239545638756456    0.000516657635498619    0.000573821130638485    2.10785685065319e-08    4.07550472432556e-07
25.9000000000012    0.0201904161696435    -0.0266649781309913    0.000407652905103841    0.000711021058891225    2.09948182469861e-08    4.06176511260477e-07
26.0000000000013    0.0174284882840811    -0.0284270444966322    0.000303752203868782    0.000808096858976809    2.0698369222179e-08    4.04104798382887e-07
26.1000000000013    0.0145301498367827    -0.0294280319571521    0.000211125254279856    0.000866009065032856    2.23717417264195e-08    4.02107891330361e-07
26.2000000000013    0.0115611229350957    -0.0298758045071329    0.000133659563520865    0.00089256369510925    2.16457378908553e-08    4.01030761110321e-07
26.3000000000013    0.00856680248332469    -0.0299643714447878    7.33901047887531e-05    0.000897863556240537    2.132975238087e-08    3.99151453640703e-07
26.4000000000013    0.0055747954623746    -0.029852968817141    3.10783444477679e-05    0.00089119974735504    2.13421387210447e-08    3.9730228128263e-07
26.5000000000013    0.00259897639797121    -0.0296560016093999    6.75467831766354e-06    0.000879478431613405    2.12635102906817e-08    3.95823461662124e-07
26.6000000000014    -0.000355824874915134    -0.0294397644391012    1.2661134205646e-07    0.000866699730385336    2.11681248161458e-08    3.94424319010233e-07
26.7000000000014    -0.00328899301571621    -0.0292223666867029    1.08174750578765e-05    0.00085394671492657    2.11290201172216e-08    3.92997987776284e-07
26.8000000000014    -0.00619935119110972    -0.0289746489617311    3.84319551911533e-05    0.000839530282608857    2.09722129572217e-08    3.91547078312833e-07
26.9000000000014    -0.00908049369289909    -0.0286214694673221    8.24553657072159e-05    0.000819188514621348    2.08750558843859e-08    3.90510507631931e-07
27.0000000000014    -0.0119162989591556    -0.0280443179840971    0.000141998180884423    0.000786483771344743    2.12425267844592e-08    3.89346862517959e-07
27.1000000000014    -0.0146768645904822    -0.0270876566460398    0.000215410354207778    0.000733741142724015    2.07003334181018e-08    3.87649946589212e-07
27.2000000000015    -0.0173154022118743    -0.0255723967027516    0.000299823153759419    0.000653947473272376    2.0908139944676e-08    3.86619332537406e-07
27.3000000000015    -0.0197669797893311    -0.0233198318611639    0.00039073348999228    0.000543814558181956    2.13443611494561e-08    3.86008771825746e-07
27.4000000000015    -0.0219502445041203    -0.0201871800170198    0.000481813233791182    0.000407522237187289    2.27293276449028e-08    3.84350293464652e-07
27.5000000000015    -0.023773150804729    -0.0161109385914393    0.000565162699184898    0.000259562342444121    2.26121592189725e-08    3.83396502251999e-07
27.6000000000015    -0.0251429992234083    -0.0111473309448551    0.00063217040994874    0.00012426298734043    2.07180028015977e-08    3.82498976020403e-07
27.7000000000015    -0.0259797096293359    -0.00549359048447799    0.000674945312425001    3.01795365563845e-05    1.9791974255213e-08    3.81100194319249e-07
27.8000000000015    -0.0262296032798828    0.00052511502698504    0.000687992088220307    2.7574593572075e-07    1.6304796002816e-08    3.79677825225282e-07
27.9000000000016    -0.0258759084859865    0.0065074921291269    0.000669562639975497    4.23474539538822e-05    1.86089810009003e-08    3.78462343858874e-07
28.0000000000016    -0.0249426057902392    0.0120539255533225    0.00062213358360769    0.00014529712138724    2.04414167140126e-08    3.77094259994013e-07
28.1000000000016    -0.023490248980401    0.0168442286205926    0.000551791797161623    0.000283728037963757    1.97673079341567e-08    3.75454916565778e-07
28.2000000000016    -0.0216051416262671    0.0206891360244922    0.000466782144691476    0.000428040349579851    2.03577081331024e-08    3.74044874721984e-07
28.3000000000016    -0.0193852932565956    0.0235425403177609    0.000375789594644567    0.000554251204752128    1.88362724801347e-08    3.72464995915798e-07
28.4000000000016    -0.0169269961319724    0.025478841713496    0.000286523198052215    0.000649171375198737    2.01502782510769e-08    3.70610220286613e-07
28.5000000000017    -0.0143147855426438    0.0266509675234634    0.000204913085132275    0.000710274070073244    1.98152420314672e-08    3.69517269068714e-07
28.6000000000017    -0.0116158517485401    0.0272458123492978    0.000134928011844434    0.000742334290708486    1.93038930447531e-08    3.67884353033991e-07
28.7000000000017    -0.00887854546511776    0.0274481712403316    7.88285695765469e-05    0.00075340210457287    1.95906614623578e-08    3.66474989342224e-07
28.8000000000017    -0.0061338778966834    0.0274170464262394    3.7624458051807e-05    0.000751694434871944    1.96414418519785e-08    3.65206869587868e-07
28.9000000000017    -0.00339881014241257    0.0272730642639    1.15519103845467e-05    0.000743820034475056    1.94978722288502e-08    3.63646583835803e-07
29.0000000000017    -0.000680387913124703    0.0270935012243927    4.62927712705341e-07    0.00073405780872755    1.94718260901222e-08    3.62463549276599e-07
29.1000000000017    0.00201985514530419    0.0269113466669048    4.07981480838898e-06    0.000724220579556738    1.94211978101093e-08    3.61121003830631e-07
29.2000000000018    0.00470149128216229    0.0267158682929532    2.21040202766204e-05    0.000713737618776434    1.92988024250083e-08    3.60567250990525e-07
29.3000000000018    0.00736087150277183    0.0264535628243756    5.41824292806892e-05    0.000699790986232075    1.92559177066808e-08    3.59006279939738e-07
29.4000000000018    0.00998692110955593    0.0260298403925544    9.97385932488568e-05    0.000677552590990112    1.90505413233421e-08    3.58128800985426e-07
29.5000000000018    0.0125572070956823    0.0253131822096762    0.000157683450044219    0.000640757193707601    1.90992099557219e-08    3.56836642490768e-07
29.6000000000018    0.0150346607403053    0.024144642721454    0.000226041023576458    0.000582963772273463    1.95203189912468e-08    3.56091006765004e-07
29.7000000000018    0.0173656550271481    0.0223559643189053    0.000301565974522264    0.00049978914075425    1.86744110691599e-08    3.55082380500072e-07
29.8000000000019    0.0194804223224851    0.0197984046952933    0.000379486853862715    0.000391976828604133    1.84744917087978e-08    3.5429220202881e-07
29.9000000000019    0.0212968513515072    0.0163807960661878    0.000453555877488616    0.000268330479886728    2.05656817899771e-08    3.53119738554037e-07
