0    0    0.999733122838395    0.999733122838395
0.1    -6.74763631495017e-06    1.30318640676409    1.30320399373861
0.2    -1.38473515714237e-05    1.69523021115672    1.6952771607043
0.3    -2.13661358662707e-05    2.19355563142951    2.19364936904762
0.4    -2.92102579928921e-05    2.81216624198317    2.81233053498511
0.5    -3.70705964015106e-05    3.55517007538237    3.55543366970397
0.6    -4.43844234968222e-05    4.40852403641219    4.408915393378
0.7    -5.03494213536302e-05    5.33184214680166    5.33237908416983
0.8    -5.40328600195297e-05    6.2546596026623    6.25533555347942
0.900000000000001    -5.46007270391965e-05    7.0826683568025    7.08344183671838
1    -5.16344299275339e-05    7.71684287491702    7.71763982563249
1.1    -4.54202175327674e-05    8.08118271614963    8.08191684764783
1.2    -3.70452005561396e-05    8.14699229996071    8.1475959362499
1.3    -2.81832643060526e-05    7.94063676000698    7.94108435875091
1.4    -2.06119052411511e-05    7.53067358889228    7.53098403835207
1.5    -1.56700673616622e-05    7.00251977639828    7.00273923975048
1.6    -1.39126098796192e-05    6.4341677709225    6.43434680554554
1.7    -1.50952248562393e-05    5.88211947275247    5.88229705926533
1.8    -1.8429522385174e-05    5.37862336080157    5.37882161537457
1.9    -2.2925336729351e-05    4.93611094823832    4.93633727743824
2    -2.76504783250869e-05    4.55406229531483    4.5543141462802
2.1    -3.18384396301308e-05    4.22530491433561    4.22557397713302
2.2    -3.48731452743304e-05    3.9406802659102    3.94095512332613
2.29999999999999    -3.62297732700499e-05    3.69214098335634    3.69240852391069
2.39999999999999    -3.54605461568903e-05    3.47471001835347    3.47495645732231
2.49999999999999    -3.23073482275228e-05    3.28767686124923    3.287889300355
2.59999999999999    -2.69915126372071e-05    3.13520193845453    3.13537119070839
2.69999999999999    -2.06192406143228e-05    3.026305021943    3.02642982473918
2.79999999999998    -1.53968145038643e-05    2.97409380567412    2.97418539022551
2.89999999999998    -1.41116288229979e-05    2.99402821887555    2.99411272129784
2.99999999999998    -1.86010471399766e-05    3.10093667462311    3.10105203810752
3.09999999999998    -2.80371922346284e-05    3.3044361726771    3.30462147209678
3.19999999999998    -3.87456176017296e-05    3.60279214228991    3.60307133792081
3.29999999999997    -4.61809857326025e-05    3.97673930506217    3.97710662150742
3.39999999999997    -4.74565280948248e-05    4.38700101672017    4.38741742015524
3.49999999999997    -4.2461318253745e-05    4.77973162169679    4.780137546344
3.59999999999997    -3.32742964240437e-05    5.10033375791517    5.10067318924415
3.69999999999997    -2.28331252184456e-05    5.30980477712143    5.31004726153283
3.79999999999996    -1.37434580122418e-05    5.39490971147212    5.39505800294035
3.89999999999996    -7.59670247826089e-06    5.36746241157412    5.36754396222365
3.99999999999996    -4.82450868851888e-06    5.25508874023983    5.25513944692703
4.09999999999996    -4.95294682610101e-06    5.08977923511145    5.08982965417298
4.19999999999995    -7.03735891668789e-06    4.89938932949336    4.89945828750102
4.29999999999995    -1.00632737429828e-05    4.70377305615259    4.70386772781708
4.39999999999995    -1.31864164059993e-05    4.51460516151718    4.51472422601435
4.49999999999995    -1.57971835764109e-05    4.33713854915235    4.33727558046478
4.59999999999995    -1.74692966822501e-05    4.17251316340004    4.17265894768751
4.69999999999994    -1.78719610035057e-05    4.01989846460123    4.02004215410643
4.79999999999994    -1.67133232727165e-05    3.87824818982114    3.8783778288193
4.89999999999994    -1.37685941114808e-05    3.7476802151654    3.74778341716184
4.99999999999994    -9.03483631268394e-06    3.63052970800345    3.63059531107944
5.09999999999994    -3.01979210772046e-06    3.53204625917504    3.5320675913303
5.19999999999993    2.9360819456662e-06    3.46058707476045    3.46056675368565
5.29999999999993    6.60470851287988e-06    3.42706073757636    3.4270154684009
5.39999999999993    5.521835115322e-06    3.44335448787686    3.44331646081539
5.49999999999993    -1.52829128462058e-06    3.51958027093468    3.51959102883882
5.59999999999993    -1.30187279775492e-05    3.66027290142268    3.66036820685789
5.69999999999992    -2.47135360192605e-05    3.8602911375123    3.86048194511597
5.79999999999992    -3.18125116331254e-05    4.10209438621229    4.10235539036625
5.89999999999992    -3.16852436101651e-05    4.35666597926823    4.35694207206206
5.99999999999992    -2.50342381813778e-05    4.58940743749169    4.58963722788212
6.09999999999991    -1.49449084768402e-05    4.7694760848022    4.7696186456999
6.19999999999991    -4.9839439168997e-06    4.87826171052148    4.87831033672938
6.29999999999991    2.30577958700718e-06    4.91282644675066    4.91280379101303
6.39999999999991    5.95095748472676e-06    4.88335663476164    4.88329851381209
6.49999999999991    6.29278616946239e-06    4.8070874994318    4.80702699986505
6.5999999999999    4.3754446778894e-06    4.7021621036274    4.70212095570713
6.6999999999999    1.37103418232336e-06    4.58360355405703    4.58359098551996
6.7999999999999    -1.76173657984478e-06    4.46176664629471    4.46178236723743
6.8999999999999    -4.37409249112696e-06    4.34256070437322    4.34259869406373
6.9999999999999    -6.06763392739084e-06    4.22854092412332    4.22859223891143
7.09999999999989    -6.58178777468674e-06    4.12022870980025    4.12028294709913
7.19999999999989    -5.70429204084683e-06    4.01735141689361    4.01739724944648
7.29999999999989    -3.25296282072827e-06    3.91991289912511    3.91993840186991
7.39999999999989    8.3728800201208e-07    3.82909362064224    3.82908720853932
7.49999999999988    6.3042006879126e-06    3.74796383962291    3.74791658408839
7.59999999999988    1.22629468133176e-05    3.68191530549957    3.6818250043438
7.69999999999988    1.69985682629345e-05    3.63861923309046    3.63849553255836
7.79999999999988    1.81913923091694e-05    3.62725594024728    3.62712397297632
7.89999999999988    1.39032667350952e-05    3.65680210075448    3.65670041917818
7.99999999999987    4.1136321956969e-06    3.73337474013657    3.73334402480187
8.09999999999987    -8.31867358470898e-06    3.85706765315242    3.85713182505984
8.19999999999987    -1.85680726970222e-05    4.01933588545999    4.01948515087339
8.29999999999987    -2.24661112845313e-05    4.20247867688809    4.20266750783764
8.39999999999987    -1.88658548982944e-05    4.38248238159478    4.38264774326788
8.49999999999986    -9.93031197115125e-06    4.53494347087165    4.53503353857292
8.59999999999986    5.2643482639222e-07    4.64171684426147    4.64171195714124
8.69999999999986    9.11306853794833e-06    4.69512834188548    4.69504276861256
8.79999999999986    1.40616158040473e-05    4.69803059481734    4.69789847287267
8.89999999999985    1.52880772908153e-05    4.66046952853933    4.66032703148111
8.99999999999985    1.37657552011158e-05    4.59521332870132    4.59508681727928
9.09999999999985    1.07899651334672e-05    4.51413861073396    4.51404119698861
9.19999999999985    7.48363218607396e-06    4.42629614817627    4.42622989912742
9.29999999999985    4.61446049154899e-06    4.33747584998369    4.33743581994652
9.39999999999984    2.63017512873838e-06    4.25068723775688    4.25066487771198
9.49999999999984    1.78284905323865e-06    4.1670214313932    4.16700657307926
9.59999999999984    2.24622634195019e-06    4.08657378460818    4.08655542591005
9.69999999999984    4.17125093820122e-06    4.00929585806356    4.00926241064486
9.79999999999984    7.64816368704574e-06    3.93574852810077    3.93568832606326
9.89999999999983    1.25552281758214e-05    3.86774688514628    3.8676497654763
9.99999999999983    1.8304736149119e-05    3.80884356833642    3.80870413113567
10.0999999999998    2.35862543180449e-05    3.7645174458912    3.76433986834786
10.1999999999998    2.63605452933427e-05    3.74185828430578    3.74166101465635
10.2999999999998    2.44539177474154e-05    3.74852421221472    3.74834088449228
10.3999999999998    1.6854869593073e-05    3.79086959386775    3.79074180679628
10.4999999999998    5.06547751795997e-06    3.87145272567559    3.87141350436077
10.5999999999998    -6.80623954834522e-06    3.98661624497339    3.98667051307306
10.6999999999998    -1.39422205598168e-05    4.12529333646198    4.12540836956494
10.7999999999998    -1.35865887082133e-05    4.27019650195241    4.2703125383361
10.8999999999998    -6.51119728114673e-06    4.40166388939844    4.40172120997556
10.9999999999998    3.84074745881695e-06    4.50288630153288    4.50285171276748
11.0999999999998    1.35341140802336e-05    4.56415497150681    4.56403142959071
11.1999999999998    1.99547780671694e-05    4.58424517492174    4.58406222338235
11.2999999999998    2.23846337363574e-05    4.56878665362222    4.56858211696898
11.3999999999998    2.15431363361085e-05    4.52701251091478    4.52681746302129
11.4999999999998    1.87624089876109e-05    4.46859317314503    4.46842549314568
11.5999999999998    1.53261757889088e-05    4.40157178421112    4.40143686775305
11.6999999999998    1.21600049321302e-05    4.33155140594066    4.3314460638487
11.7999999999998    9.80934078557352e-06    4.26178573519216    4.26170212539505
11.8999999999998    8.55871125484466e-06    4.19373507869189    4.19366329337104
11.9999999999998    8.570382305659e-06    4.12777234863591    4.12770159606809
12.0999999999998    9.97274331780806e-06    4.06388128437458    4.06380022909307
12.1999999999998    1.2863695517004e-05    4.00229652016006    4.00219355283699
12.2999999999998    1.72088029734308e-05    3.94407523870197    3.94393949541056
12.3999999999998    2.26313705693034e-05    3.89157240190282    3.89139626265485
12.4999999999998    2.81493362623206e-05    3.84873294319855    3.84851627074213
12.5999999999998    3.20372731233606e-05    3.82104081884423    3.82079599523105
12.6999999999998    3.21271205523214e-05    3.81492080768678    3.81467569072031
12.7999999999998    2.67985727523414e-05    3.83643900382437    3.8362333871551
12.8999999999998    1.63920741134226e-05    3.88935628340865    3.88922877626586
12.9999999999998    3.98684957187492e-06    3.97296764434733    3.97293596522493
13.0999999999998    -5.61032740603683e-06    4.08058936110047    4.080635148242
13.1999999999998    -8.46569734622344e-06    4.19972534234276    4.19979645015211
13.2999999999998    -3.81376503163068e-06    4.31447180778027    4.3145047166692
13.3999999999998    5.76471451658983e-06    4.40957422583226    4.40952338625224
13.4999999999998    1.61814859502308e-05    4.47442718330697    4.4742823798889
13.5999999999998    2.40608984755795e-05    4.50520285506953    4.50498606182876
13.6999999999998    2.79154651714562e-05    4.50441545734203    4.50416397865654
13.7999999999998    2.80304536443027e-05    4.47865122081436    4.4784001506011
13.8999999999997    2.56575749682702e-05    4.43584977901477    4.43562215855846
13.9999999999997    2.22054433951406e-05    4.38322134946655    4.3830266910419
14.0999999999997    1.87744087277758e-05    4.32618264794924    4.32602020795643
14.1999999999997    1.60438948361775e-05    4.26815834439101    4.26802139082104
14.2999999999997    1.43654387739064e-05    4.21090208974179    4.21078110856743
14.3999999999997    1.39135942670031e-05    4.15503633533839    4.15492071396763
14.4999999999997    1.48033488370741e-05    4.10063435238458    4.10051294794022
14.5999999999997    1.71305757565425e-05    4.04777342540808    4.04763474640512
14.6999999999997    2.09140359473007e-05    3.99704224066157    3.99687505558787
14.7999999999997    2.59296041993932e-05    3.94998792134957    3.94978308341415
14.8999999999997    3.14632133625784e-05    3.90944934989018    3.90920334995208
14.9999999999997    3.61020536979849e-05    3.87966025958524    3.879380142292
15.0999999999997    3.78217908431818e-05    3.86594918892138    3.86565676573808
15.1999999999997    3.46745241650443e-05    3.87386607375421    3.87359743414359
15.2999999999997    2.60789978200484e-05    3.90769105189496    3.90748723987733
15.3999999999997    1.39929183671513e-05    3.96856628983547    3.96845522774129
15.4999999999997    2.73197283593138e-06    4.05287560397906    4.05285345934744
15.5999999999997    -3.08842370315451e-06    4.15175846747092    4.15178411232865
15.6999999999997    -1.24456044924734e-06    4.25245189282256    4.25246247770261
15.7999999999997    6.89670055727204e-06    4.34134342744924    4.34128354597096
15.8999999999997    1.75203983385005e-05    4.40757136681557    4.40741692470935
15.9999999999997    2.66886539174402e-05    4.44555120122607    4.44531391600393
16.0999999999997    3.20899001258956e-05    4.45542160858195    4.45513566968882
16.1999999999997    3.34101092083594e-05    4.44161202748151    4.44131524791115
16.2999999999997    3.1679894231985e-05    4.41057965818411    4.41030021364274
16.3999999999998    2.83673949963029e-05    4.36878357343285    4.36853571844529
16.4999999999998    2.47448948353003e-05    4.32144628211481    4.32123241993923
16.5999999999998    2.16530782132501e-05    4.27212148760519    4.2719364824497
16.6999999999998    1.95425746859717e-05    4.22281651458543    4.22265146839662
16.7999999999998    1.86244126394426e-05    4.1743916711921    4.17423618290197
16.8999999999998    1.90116316740225e-05    4.12704717280094    4.12689025198276
16.9999999999999    2.07938491526217e-05    4.08080711416926    4.08063740632304
17.0999999999999    2.40194313088756e-05    4.0359729359565    4.03577905706396
17.1999999999999    2.85727602996641e-05    3.99353689995059    3.99330869372589
17.2999999999999    3.39557154433097e-05    3.95552458798597    3.95525597177235
17.3999999999999    3.90486671962181e-05    3.92518534973357    3.92487881519052
17.4999999999999    4.20496806930057e-05    3.90689190176104    3.90656334846266
17.6    4.08944087975841e-05    3.90558448446003    3.90526506438552
17.7    3.432689195075e-05    3.92565862742908    3.92538912536117
17.8    2.32272047135522e-05    3.96939841728745    3.9692140255111
17.9    1.11005078083736e-05    4.0353835594929    4.03529397087395
18    2.74951656810179e-06    4.11760068180531    4.11757803904497
18.1    1.6075704254631e-06    4.20598899205024    4.20597546922495
18.2    7.714257226295e-06    4.28862055298837    4.28855438645461
18.3000000000001    1.7942082387304e-05    4.35480957633981    4.35465331043914
18.4000000000001    2.80851308422271e-05    4.3977936298631    4.39754661158162
18.5000000000001    3.50448458737869e-05    4.41583162346213    4.41552213003099
18.6000000000001    3.7775494613921e-05    4.41150430010974    4.41117101918574
18.7000000000001    3.69313102915976e-05    4.38992055133669    4.38959631227519
18.8000000000001    3.39458203303021e-05    4.35681273314328    4.35651695201931
18.9000000000002    3.02385895478952e-05    4.31718395442321    4.31692287121079
19.0000000000002    2.68286616816977e-05    4.2746799699063    4.27445060817435
19.1000000000002    2.42957200363362e-05    4.23153334917425    4.23132773787057
19.2000000000002    2.2913037888234e-05    4.1888349243957    4.18864297092727
19.3000000000002    2.28063009321426e-05    4.14693667334212    4.14674752508446
19.4000000000002    2.4059444033046e-05    4.10587763697201    4.1056800714589
19.5000000000002    2.67343335721409e-05    4.06579228566203    4.06557489897932
19.6000000000003    3.07894322539158e-05    4.02729095570508    4.0270429673364
19.7000000000003    3.58965017829454e-05    3.99179524446077    3.9915086717775
19.8000000000003    4.11987862090356e-05    3.96177460218026    3.96144817501898
19.9000000000003    4.51551397080066e-05    3.94077759020341    3.94042171354778
20.0000000000003    4.57394763503812e-05    3.93311080480182    3.93275102440071
20.1000000000003    4.12542680111655e-05    3.94303807838119    3.94271275750274
20.2000000000004    3.16339677047704e-05    3.9735059434488    3.9732545558838
20.3000000000004    1.93997027772633e-05    4.02466405270283    4.02450790115932
20.4000000000004    9.10006568920171e-06    4.0927539222609    4.09267943427966
20.5000000000004    5.01363957966592e-06    4.1700661380476    4.17002432383996
20.6000000000004    8.61067897275917e-06    4.24636739681789    4.24629426923466
20.7000000000004    1.78040741145164e-05    4.31146841235666    4.31131489168364
20.8000000000005    2.84797661453788e-05    4.35787523030521    4.35762701483943
20.9000000000005    3.68877518310621e-05    4.38234844293524    4.38202514489737
21.0000000000005    4.11709860466415e-05    4.3858434642755    4.3854823401432
21.1000000000005    4.14504357867436e-05    4.37219778904026    4.37183534505632
21.2000000000005    3.90044080273987e-05    4.3464073181916    4.34606827332686
21.3000000000005    3.53503731320623e-05    4.3132147758086    4.31290983908478
21.4000000000005    3.16895752691919e-05    4.27631767364501    4.27604665285196
21.5000000000006    2.87571878381634e-05    4.23814746548565    4.23790371808964
21.6000000000006    2.69160259177924e-05    4.20001834329406    4.19979225377433
21.7000000000006    2.63224601503636e-05    4.16245067142777    4.16223154531185
21.8000000000006    2.70598734751237e-05    4.1255451750261    4.12532190760679
21.9000000000006    2.91936965133568e-05    4.08935287951807    4.08911411983455
22.0000000000006    3.2729682373677e-05    4.05422525640157    4.05395987807749
22.1000000000007    3.7468922345939e-05    4.02113476976549    4.02083344588291
22.2000000000007    4.27813048902113e-05    3.99193208712362    3.99159054160794
22.3000000000007    4.73962145363392e-05    3.96946161700286    3.96908535992724
22.4000000000007    4.94326557785242e-05    3.9574113579431    3.95702012657584
22.5000000000007    4.69568947489802e-05    3.95976363537501    3.95939177642783
22.6000000000007    3.91406581572443e-05    3.97979108757511    3.97947955648365
22.7000000000007    2.74746155442259e-05    4.01874158092031    4.01852076022746
22.8000000000008    1.59020196968502e-05    4.07463695447606    4.07450736662255
22.9000000000008    9.1236226254008e-06    4.1418121488497    4.14173657287717
23.0000000000008    9.90406676513629e-06    4.21170572324383    4.21162229804072
23.1000000000008    1.74444829662782e-05    4.2748695124313    4.27472036925624
23.2000000000008    2.81085650872002e-05    4.3234476923278    4.32320464733773
23.3000000000008    3.77256129948829e-05    4.35302831477416    4.35269988584123
23.4000000000009    4.361974409412e-05    4.36312877499447    4.36274815447581
23.5000000000009    4.52373284757024e-05    4.35636685482121    4.35597273185353
23.6000000000009    4.35600193341226e-05    4.33697341977565    4.3365955989415
23.7000000000009    4.0126909517697e-05    4.30937727856965    4.30903144846248
23.8000000000009    3.63080934574319e-05    4.27728113103471    4.27697054246549
23.9000000000009    3.30145793726247e-05    4.24328681755472    4.24300664614558
24.000000000001    3.07266468656777e-05    4.20892290165333    4.20866425742523
24.100000000001    2.96527614669267e-05    4.17488895797869    4.17464137134748
24.200000000001    2.98853120287675e-05    4.14138064921612    4.14113312370763
24.300000000001    3.14888475986879e-05    4.10842572396966    4.10816699293381
24.400000000001    3.44962475869856e-05    4.07620715266446    4.07592593466312
24.500000000001    3.88029634019815e-05    4.04536582113309    4.04505188895078
24.600000000001    4.39671161225587e-05    4.01726283659624    4.01690959720389
24.7000000000011    4.89783408700273e-05    3.99414638816311    3.99375515399854
24.8000000000011    5.21672341867138e-05    3.97912333724272    3.97870819918134
24.9000000000011    5.15331811826102e-05    3.97580902394359    3.97539927288581
25.0000000000011    4.56886065078921e-05    3.98756448105666    3.98720012517458
25.1000000000011    3.51493637900531e-05    4.0163713793117    4.01608904343817
25.2000000000011    2.30137058827344e-05    4.06163699416766    4.06145005183153
25.3000000000012    1.3979079355641e-05    4.11945696200111    4.11934179117954
25.4000000000012    1.18343406411194e-05    4.18288497613732    4.18278597393761
25.5000000000012    1.71804179008869e-05    4.24339644960543    4.24325064546176
25.6000000000012    2.72240846883531e-05    4.29308940803494    4.29285566353918
25.7000000000012    3.76838814146274e-05    4.32667634566257    4.32635026603385
25.8000000000012    4.5144170637604e-05    4.34241366528438    4.34202161365626
25.9000000000012    4.82710660002437e-05    4.34174555107687    4.34132640993716
26.0000000000013    4.75971829907625e-05    4.32810150943675    4.32768951816728
26.1000000000013    4.45798221998557e-05    4.30553391792752    4.30515005516698
26.2000000000013    4.07233171016218e-05    4.27769687734199    4.27734848751678
26.3000000000013    3.71253055948324e-05    4.24732968765972    4.24701433254214
26.4000000000013    3.44104185068853e-05    4.21616317821171    4.21587302831698
26.5000000000013    3.28635507020701e-05    4.18508234549406    4.18480728120195
26.6000000000014    3.25999480486125e-05    4.1544020272759    4.15413116952533
26.7000000000014    3.36839282312606e-05    4.12417136559672    4.12389353837044
26.8000000000014    3.61613431956902e-05    4.09447289429113    4.09417678171989
26.9000000000014    3.99927430681826e-05    4.06570694578029    4.06538176123877
27.0000000000014    4.48866951192173e-05    4.03885000979333    4.03848744480963
27.1000000000014    5.00696682120803e-05    4.0156502721482    4.01524816772787
27.2000000000015    5.41175423433845e-05    3.99868338238318    3.99825060796934
27.3000000000015    5.50928525819023e-05    3.99115624340058    3.99071649926224
27.4000000000015    5.12489565588037e-05    3.99635239304993    3.99594279626097
27.5000000000015    4.22556783600934e-05    4.01670373820959    4.01636429547051
27.6000000000015    3.02432081115945e-05    4.05266867823104    4.05242355423989
27.7000000000015    1.9526736908896e-05    4.10183517472847    4.10167498694381
27.8000000000015    1.45571225908033e-05    4.15878256836311    4.1586614903103
27.9000000000016    1.72973338646601e-05    4.21603602783852    4.21589017799581
28.0000000000016    2.60948930822336e-05    4.26591734175799    4.26569471025367
28.1000000000016    3.69176309523459e-05    4.3025425491699    4.30222488154147
28.2000000000016    4.57817525831756e-05    4.32308718743769    4.32269136854295
28.3000000000016    5.05239123158731e-05    4.32787516760295    4.3274378673261
28.4000000000016    5.10786628782838e-05    4.31949935864854    4.31905811268371
28.5000000000017    4.86937717535433e-05    4.30156798981507    4.30114909107308
28.6000000000017    4.49484902805502e-05    4.27762568167733    4.27724115332854
28.7000000000017    4.11242396409524e-05    4.25051046963586    4.25016088598992
28.8000000000017    3.80134269347273e-05    4.22213918733595    4.22181820357863
28.9000000000017    3.60037498084926e-05    4.19358430780547    4.19328234915667
29.0000000000017    3.52512328033763e-05    4.16529763068319    4.16500397728189
29.1000000000017    3.58254554183063e-05    4.13738368313902    4.13708724644962
29.2000000000018    3.77766677853329e-05    4.10987694550538    4.10956644232314
29.3000000000018    4.1106992283186e-05    4.08300879630529    4.08267312968137
29.4000000000018    4.56402861138652e-05    4.05745707516977    4.05708672506905
29.5000000000018    5.08088054859354e-05    4.0345550916664    4.03414513064628
29.6000000000018    5.54420035604333e-05    4.01640329663732    4.01595796643558
29.7000000000018    5.77571272367675e-05    4.00578914672221    4.00532644769951
29.8000000000019    5.58286507501523e-05    4.00580678330993    4.00535953070368
29.9000000000019    4.86529431051917e-05    4.01911901003257    4.01872794512197
