0    1    0.999866552515082    0.999866552515082
0.1    1.10691546255537    1.14157190170575    1.03130902071814
0.2    1.2289337423792    1.30201006568948    1.0594631921887
0.3    1.3679337439275    1.48106570800539    1.08270280967927
0.4    1.52570497993903    1.67695147275739    1.09913220105266
0.5    1.70374585282419    1.88551586452683    1.10668845438499
0.6    1.90299560970528    2.09964855068942    1.10333862042624
0.7    2.12352347228133    2.30907820283369    1.08738058842976
0.8    2.36423252677812    2.500931746902    1.05781970198599
0.900000000000001    2.62267004705079    2.66132830684275    1.01474003938674
1    2.89504755545727    2.77792060270214    0.95954230439692
1.1    3.1765381197635    2.84274211214272    0.894918305703935
1.2    3.46183000099673    2.85429366042822    0.824504282303408
1.3    3.74580893077647    2.81791354729115    0.7522843795204
1.4    4.02417815527865    2.74420727877693    0.681929868134009
1.5    4.29385001458012    2.64622746119797    0.616283161315019
1.6    4.55304118665802    2.53656613769925    0.557114691853055
1.7    4.80111450748765    2.42530811913713    0.505155233301497
1.8    5.03827600689543    2.31918592631155    0.460313393537292
1.9    5.2652407108098    2.22173602127668    0.421962858548014
2    5.48294636180097    2.13402490503622    0.389211340804592
2.1    5.69235143101292    2.05555464883219    0.361108177129256
2.2    5.89432227165336    1.98511467323936    0.336784210592973
2.29999999999999    6.0895987492546    1.92149446612691    0.315537122435548
2.39999999999999    6.27882402159787    1.8640574074726    0.296880021013589
2.49999999999999    6.46262563674897    1.81319520770634    0.280566337835788
2.59999999999999    6.64173581555122    1.77065014569636    0.266594485970141
2.69999999999999    6.81713445365568    1.73962784006896    0.25518461633628
2.79999999999998    6.99018714091773    1.72455611844733    0.246711008400973
2.89999999999998    7.16273439311562    1.73032604409561    0.241573392105491
2.99999999999998    7.33707545351283    1.76094766379444    0.240006754046851
3.09999999999998    7.5157948132977    1.81781081872595    0.241865413290647
3.19999999999998    7.7014164818093    1.89810224758571    0.246461446679194
3.29999999999997    7.89594072873433    1.99417634753353    0.252557157664123
3.39999999999997    8.10039418076303    2.09451689339575    0.258569749404275
3.49999999999997    8.31455817983112    2.18625973335667    0.262943584742717
3.59999999999997    8.5369937213786    2.25839185216277    0.264541819505763
3.69999999999997    8.76536489719769    2.30430136421464    0.262887100678641
3.79999999999996    8.99694068325637    2.32269449378779    0.258164922450851
3.89999999999996    9.229098581748    2.31677845543637    0.251029765790796
3.99999999999996    9.45968638569925    2.29239803268102    0.242333407177914
4.09999999999996    9.6871843928164    2.25605390784694    0.232890571332567
4.19999999999995    9.91069259618034    2.21345642141276    0.223340235804089
4.29999999999995    10.1298101993209    2.16881835480812    0.214102565806565
4.39999999999995    10.3444769215582    2.12476002445386    0.205400431608658
4.49999999999995    10.5548252097546    2.08257978218179    0.197310684051604
4.59999999999995    10.7610684291258    2.04267304368566    0.18982065369615
4.69999999999994    10.9634325596901    2.0049684447894    0.182877801625851
4.79999999999994    11.1621298676819    1.96932683671887    0.176429306956974
4.89999999999994    11.3573700959057    1.93589261457484    0.170452542994326
4.99999999999994    11.5494043536082    1.90539489555405    0.164977763113712
5.09999999999994    11.73859575366    1.87937390084439    0.160102105931914
5.19999999999993    11.9255063640614    1.8602653237537    0.155990468409776
5.29999999999993    12.1109810337987    1.85123222140723    0.15285567835016
5.39999999999993    12.2961967708584    1.8556277880752    0.150910710250911
5.49999999999993    12.4826378364638    1.87605444242289    0.15029310847605
5.59999999999993    12.6719622898684    1.9131839695708    0.150977719614937
5.69999999999992    12.8657552192696    1.96476236158786    0.152712555781036
5.79999999999992    13.0652152470402    2.02536277891451    0.155019472746408
5.89999999999992    13.270871211052    2.08726279592873    0.157281520009813
5.99999999999992    13.4824390467463    2.14229023185275    0.15889485755693
6.09999999999991    13.6988832256495    2.18391302134545    0.159422705148427
6.19999999999991    13.9186613967867    2.20867872505747    0.158684708399284
6.29999999999991    14.1400564551013    2.21648966763905    0.156752533108834
6.39999999999991    14.3614803787872    2.20983181141951    0.153872146403763
6.49999999999991    14.5816707264999    2.19250712642668    0.150360488009247
6.5999999999999    14.7997603345201    2.16844693355115    0.146519057372389
6.6999999999999    15.0152473592743    2.14093520547845    0.142584078320633
6.7999999999999    15.227911053107    2.11228943241562    0.138711700183239
6.8999999999999    15.437713934101    2.0838811636879    0.13498638286623
6.9999999999999    15.644716486103    2.05634163604284    0.13144000646285
7.09999999999989    15.849016549581    2.0298346508522    0.128073224259827
7.19999999999989    16.0507165183883    2.00433316015417    0.124874995945379
7.29999999999989    16.2499173305232    1.97987699090754    0.121839203894817
7.39999999999989    16.4467370806922    1.95680699626771    0.11897843241897
7.49999999999988    16.6413515412327    1.93596586737032    0.116334653623147
7.59999999999988    16.8340518331822    1.91883175539169    0.1139851400249
7.69999999999988    17.0253094125627    1.90751650925764    0.112040049495378
7.79999999999988    17.2158302735322    1.90453562325499    0.110626998117137
7.89999999999988    17.4065714106551    1.91227667996932    0.109859468292461
7.99999999999987    17.5986895292122    1.9321942811572    0.109791940925484
8.09999999999987    17.7934034292505    1.96394186603179    0.110374716891052
8.19999999999987    17.9917820711446    2.00482814362229    0.111430214955619
8.29999999999987    18.194511691535    2.0499947992344    0.112671053446747
8.39999999999987    18.401723693186    2.09343793354252    0.113763143521045
8.49999999999986    18.6129549138943    2.12954067133541    0.114411746076155
8.59999999999986    18.827259998403    2.15446439846693    0.114433241940127
8.69999999999986    19.0434305388618    2.16682448340549    0.113783305953393
8.79999999999986    19.2602374234342    2.16749408184136    0.112537246254511
8.89999999999985    19.4766201835785    2.1588120642009    0.110841205704729
8.99999999999985    19.6917861120654    2.1436448700056    0.108859849371011
9.09999999999985    19.905223587507    2.12465023256393    0.106738325406071
9.19999999999985    20.1166582822273    2.10387645744142    0.10458379458084
9.29999999999985    20.3259850137863    2.08266076209826    0.102462968495041
9.39999999999984    20.5331999946894    2.06171948571014    0.100409068544765
9.49999999999984    20.7383473326207    2.04132834972554    0.0984325470581063
9.59999999999984    20.941485184814    2.02152758690258    0.096532197647974
9.69999999999984    21.1426723346054    2.00232261587976    0.0947052758606321
9.79999999999984    21.3419742320698    1.98387210477409    0.0929563536719577
9.89999999999983    21.539487049908    1.96665881259213    0.0913048118571854
9.99999999999983    21.735377335036    1.95162587816836    0.0897902920241678
10.0999999999998    21.929931935664    1.94023644071829    0.088474348502785
10.1999999999998    22.1236073027482    1.93438834888597    0.0874354856518215
10.2999999999998    22.3170598766445    1.93611058883906    0.0867547338018865
10.3999999999998    22.5111337312395    1.94701556076672    0.0864912262532907
10.4999999999998    22.7067844472035    1.96760075362752    0.086652549074153
10.5999999999998    22.9049354640558    1.99665125772464    0.0871712238987942
10.6999999999998    23.1062938763953    2.03108181432014    0.0879016697868208
10.7999999999998    23.3111829567831    2.06644537841009    0.0886460966927805
10.8999999999998    23.5194566000144    2.09801427292534    0.0892033480452118
10.9999999999998    23.7305334663832    2.12200054230268    0.0894206843393858
11.0999999999998    23.9435376812349    2.13638830073253    0.0892260921996861
11.1999999999998    24.1574896081467    2.14108504616742    0.0886302790934606
11.2999999999998    24.3714796282509    2.13747202405604    0.0877038266309578
11.3999999999998    24.5847799820051    2.12767772722158    0.0865445096022392
11.4999999999998    24.796884326664    2.11390472187018    0.0852488036005838
11.5999999999998    25.0074909693149    2.0979923222479    0.0838945548284794
11.6999999999998    25.2164556226962    2.08123795034125    0.0825349121812356
11.7999999999998    25.4237365828752    2.06440929449374    0.0812000741025723
11.8999999999998    25.6293470286586    2.0478610984859    0.0799029759203773
11.9999999999998    25.8333214179699    2.03169199157646    0.0786461778841646
12.0999999999998    26.0356980322891    2.01590706243482    0.0774285774836811
12.1999999999998    26.236517503631    2.00057404765734    0.0762515088894885
12.2999999999998    26.4358364958332    1.98596959662075    0.0751241443384541
12.3999999999998    26.633755209879    1.97270687176347    0.0740679208101963
12.4999999999998    26.8304557450384    1.96181878449528    0.0731191002917672
12.5999999999998    27.0262446402718    1.95474827505851    0.0723277799441564
12.6999999999998    27.2215871626063    1.95318222592947    0.0717512250208727
12.7999999999998    27.4171150443946    1.95868297685572    0.0714401560369922
12.8999999999998    27.6135879194129    1.97214509694613    0.0714193716043567
12.9999999999998    27.8117974714485    1.99323045439993    0.0716685232749219
13.0999999999998    28.0124247863061    2.02004687101574    0.0721125317221108
13.1999999999998    28.2158888134882    2.04932314248943    0.0726301112127215
13.2999999999998    28.4222405171272    2.07713066699721    0.0730811726734047
13.3999999999998    28.6311471690302    2.09989862275117    0.0733431535367397
13.4999999999998    28.8419747174037    2.11528418499902    0.0733404770555682
13.5999999999998    29.0539342703004    2.12254631399872    0.073055383627285
13.6999999999998    29.266237202076    2.12236082166582    0.0725190876781136
13.7999999999998    29.4782116726668    2.11628240573284    0.071791410864151
13.8999999999997    29.6893599864131    2.10614571647234    0.0709394112044243
13.9999999999997    29.8993622801386    2.09361442234872    0.0700220427022102
14.0999999999997    30.1080459342112    2.07994775125464    0.0690827878966147
14.1999999999997    30.3153414220331    2.06595216411005    0.0681487348385437
14.2999999999997    30.5212396972046    2.05204826691328    0.0672334507795639
14.3999999999997    30.725759351047    2.03839062383499    0.0663414238374398
14.4999999999997    30.9289267072727    2.02500230922944    0.0654727636815564
14.5999999999997    31.1307693645914    2.01190790679099    0.064627632013469
14.6999999999997    31.3313227551972    1.99926042342201    0.0638102782650751
14.7999999999997    31.530648935376    1.98745765271856    0.0630325641819798
14.8999999999997    31.728865923322    1.97723275056079    0.062316527648328
14.9999999999997    31.9261834929789    1.96968531993952    0.0616949821256489
15.0999999999997    32.1229370166112    1.96620171623396    0.061208653343784
15.1999999999997    32.3196056004088    1.96821392987506    0.0608984513675551
15.2999999999997    32.516797343092    1.97678806448617    0.0607928278922624
15.3999999999997    32.7151878983992    1.99212607277639    0.0608930041595103
15.4999999999997    32.915412582092    2.01317550252805    0.0611620923027208
15.5999999999997    33.1179349643229    2.03758643190195    0.0615251655665424
15.6999999999997    33.3229348907468    2.06214739842295    0.0618837267840888
15.7999999999997    33.5302605712442    2.08358907355775    0.0621405571582301
15.8999999999997    33.7394660629876    2.09942167437025    0.0622245079531157
15.9999999999997    33.9499187290942    2.10844758085803    0.06210464295018
16.0999999999997    34.160933819127    2.11078696428179    0.0617894983625987
16.1999999999997    34.371890402066    2.10751323305015    0.0613150224906884
16.2999999999997    34.5823011529809    2.10013800931846    0.0607286947166452
16.3999999999998    34.7918325754945    2.09016352791662    0.0600762700090946
16.4999999999998    35.0002887639445    2.07880886137105    0.0593940488717491
16.5999999999998    35.2075768415022    2.0669110981378    0.0587064286600193
16.6999999999998    35.413669179208    2.05494927299567    0.0580270082322384
16.7999999999998    35.6185716725573    2.04313280801619    0.0573614469103021
16.8999999999998    35.8223022953475    2.03151351774999    0.056710858531665
16.9999999999999    36.0248811124691    2.02010076832055    0.0560751543360775
17.0999999999999    36.2263316564643    2.00897310483652    0.055456156143208
17.1999999999999    36.4266931855154    1.9983835717776    0.0548604168267525
17.2999999999999    36.6260428479916    1.98885006674359    0.0543015273311909
17.3999999999999    36.8245252673413    1.98120805311647    0.0538013196024431
17.4999999999999    37.0223839297482    1.97658592066245    0.0533889423331876
17.6    37.2199842308699    1.97625516683955    0.0530966148341478
17.7    37.4178139250227    1.98132749121115    0.0529514496806604
17.8    37.6164467372652    1.99233491594346    0.0529644633864296
17.9    37.8164632645921    2.0088264134795    0.0531204200515594
18    38.0183408475536    2.02918719732934    0.0533739019665797
18.1    38.2223441220455    2.05085079712061    0.0536558090359963
18.2    38.4284571936004    2.07089848930081    0.0538897119618343
18.3000000000001    38.6363864005048    2.08681805060715    0.0540117294866861
18.4000000000001    38.8456330807698    2.09709170754717    0.0539852627240439
18.5000000000001    39.0556063410873    2.1013880230605    0.0538050287763629
18.6000000000001    39.2657342835548    2.10035813615434    0.0534908661324591
18.7000000000001    39.47554205878    2.09521372450084    0.0530762496277067
18.8000000000001    39.6846857906088    2.08729795025609    0.0525970637960813
18.9000000000002    39.8929492636262    2.07778342336809    0.0520839762845657
19.0000000000002    40.1002184724548    2.06752991995432    0.0515590687211472
19.1000000000002    40.3064487162003    2.05706911628517    0.0510357320430062
19.2000000000002    40.5116343458736    2.04666434092054    0.0505204091112904
19.3000000000002    40.7157863992446    2.03640287599044    0.0500150692417479
19.4000000000002    40.9189200124079    2.02629653233973    0.0495197950416407
19.5000000000002    41.121051865366    2.01638098722985    0.0490352482672783
19.6000000000003    41.3222073807163    2.00681114101578    0.0485649549775092
19.7000000000003    41.522437093626    1.99794775819108    0.0481173047161478
19.8000000000003    41.7218407005507    1.9904207098451    0.0477069246328536
19.9000000000003    41.9205950976598    1.98513918660718    0.0473547472783371
20.0000000000003    42.1189790770362    1.98320720168161    0.0470858326849352
20.1000000000003    42.3173832384525    1.98570845754889    0.0469241788028268
20.2000000000004    42.516291772317    1.99336548165378    0.0468847446133976
20.3000000000004    42.7162269443786    2.0061565374374    0.0469647410584659
20.4000000000004    42.9176597942396    2.02305559050188    0.0471380685759901
20.5000000000004    43.1209086643624    2.04207397957263    0.0473569329317106
20.6000000000004    43.3260605856324    2.06067158878311    0.0475619421874339
20.7000000000004    43.5329476946478    2.0764075737573    0.0476973805753241
20.8000000000005    43.741189367051    2.08755244971359    0.0477250957260455
20.9000000000005    43.9502824240067    2.09340594317854    0.0476312284636213
21.0000000000005    44.1597041817827    2.09424054594392    0.0474242430910094
21.1000000000005    44.3689951184112    2.09098010249745    0.0471270556594099
21.2000000000005    44.5778040746819    2.0848039040139    0.0467677568980562
21.3000000000005    44.7858968049654    2.07682805638998    0.046372367297549
21.4000000000005    44.9931394658025    2.06792593524164    0.0459609167040541
21.5000000000006    45.199470823208    2.05867614390551    0.0455464656203113
21.6000000000006    45.4048738642579    2.04939462849254    0.0451360053244371
21.7000000000006    45.6093530112448    2.0402084872453    0.0447322391690647
21.8000000000006    45.8129195831241    2.03114380953838    0.0443356116139472
21.9000000000006    46.0155861659247    2.02221484504443    0.0439463019715245
22.0000000000006    46.2173697908578    2.01351067948535    0.0435661027141281
22.1000000000007    46.4183035599576    2.00527673146763    0.0432001296401849
22.2000000000007    46.6184558314627    1.99798200370364    0.0428581764039298
22.3000000000007    46.8179545942317    1.99235077659605    0.0425552716658304
22.4000000000007    47.0170118460537    1.98932434709453    0.0423107353910137
22.5000000000007    47.2159390538389    1.98991548448044    0.0421449943463243
22.6000000000007    47.4151419089058    1.99494137447072    0.0420739302711232
22.7000000000007    47.6150838282218    2.0046799198177    0.0421017828520448
22.8000000000008    47.8162160857705    2.01857299954103    0.0422152391966818
22.9000000000008    48.0188876165407    2.03514425750356    0.042382161655959
23.0000000000008    48.2232625573356    2.05224407009591    0.0425571386352359
23.1000000000008    48.4292775445125    2.06757575736206    0.0426926822408553
23.2000000000008    48.6366573192773    2.07929018954253    0.0427515027583607
23.3000000000008    48.8449822421119    2.08639121805431    0.0427145455333081
23.4000000000009    49.0537802327128    2.08881037315369    0.0425820469542675
23.5000000000009    49.2626106417394    2.08719113998244    0.0423686668812878
23.6000000000009    49.4711183837103    2.0825401364141    0.0420960795804412
23.7000000000009    49.6790533700554    2.07590396660579    0.0417863027933029
23.8000000000009    49.8862628877898    2.0681588747083    0.0414574825811317
23.9000000000009    50.0926692756266    2.05992398344083    0.0411222642599946
24.000000000001    50.2982438479313    2.05156596327131    0.0407880237225357
24.100000000001    50.5029841428969    2.04325450151925    0.040458094431369
24.200000000001    50.7068979359637    2.03503824269131    0.0401333610520071
24.300000000001    50.9099951529656    2.02692518953455    0.0398138947655444
24.400000000001    51.1122877847031    2.01896189975553    0.0395005190974795
24.500000000001    51.3137975815068    2.01130947920331    0.0391962702820532
24.600000000001    51.5145709984712    2.00431106283337    0.0389076531937508
24.7000000000011    51.7146999044777    1.99853606126162    0.0386454154225611
24.8000000000011    51.9143444757969    1.99477400655882    0.0384243319780105
24.9000000000011    52.1137515018582    1.99394308442934    0.0382613614826452
25.0000000000011    52.3132581343648    1.99688870021758    0.0381717517018084
25.1000000000011    52.5132704172692    2.00408866553147    0.0381634708637841
25.2000000000011    52.7142108954087    2.01535034030505    0.038231632534607
25.3000000000012    52.9164414351    2.02964454080046    0.0383556506400707
25.4000000000012    53.1201821681444    2.04521025230594    0.0385015669907177
25.5000000000012    53.3254559977785    2.05995059397196    0.0386297792569796
25.6000000000012    53.5320819356205    2.07197717362787    0.038705335169286
25.7000000000012    53.7397204887866    2.08006642818506    0.038706312747181
25.8000000000012    53.9479521274173    2.08384588328513    0.0386269691639709
25.9000000000012    54.1563591345373    2.0836855691483    0.0384753628649948
26.0000000000013    54.3645862590951    2.08040897648437    0.0382677238923404
26.1000000000013    54.5723699620584    2.07497805239658    0.0380225021167162
26.2000000000013    54.7795396315094    2.06825938347732    0.0377560563193863
26.3000000000013    54.9860011405024    2.06090506517397    0.0374805409090918
26.4000000000013    55.1917135846361    2.05332977824112    0.0372035880910338
26.5000000000013    55.3966670180136    2.04574738066411    0.0369290697579131
26.6000000000014    55.6008654453341    2.03823502748724    0.0366583327644639
26.7000000000014    55.8043167500426    2.03080559522489    0.0363915502150349
26.8000000000014    56.007029913321    2.02348039137797    0.0361290429881677
26.9000000000014    56.2090194148496    2.0163598254727    0.0358725316054883
27.0000000000014    56.4103164937213    2.00968903310769    0.0356262676408025
27.1000000000014    56.6109863590004    2.00390874845842    0.0353978772910009
27.2000000000015    56.8111489447816    1.99967081850568    0.035198563233588
27.3000000000015    57.0109982039641    1.99778783743434    0.0350421480130378
27.4000000000015    57.2108118037745    1.99908789027645    0.0349424842481357
27.5000000000015    57.4109412379766    2.00417158402408    0.0349092270707861
27.6000000000015    57.6117746548991    2.01312410899851    0.0349429282652261
27.7000000000015    57.8136732735805    2.02529878653212    0.0350314842813773
27.8000000000015    58.0168955619786    2.03930933611434    0.0351502664243001
27.9000000000016    58.2215344466176    2.05329881601254    0.0352669993247117
28.0000000000016    58.4274927647649    2.06540972733208    0.0353499633408477
28.1000000000016    58.634507803364    2.07425710777857    0.0353760470665972
28.2000000000016    58.8422145770699    2.07920349832278    0.0353352353113681
28.3000000000016    59.0502226510423    2.08035457737448    0.0352302579732569
28.4000000000016    59.2581807884408    2.07834053000189    0.0350726347375028
28.5000000000017    59.4658147504691    2.0740221767896    0.0348775541963501
28.6000000000017    59.6729371926668    2.0682421719125    0.0346596341526602
28.7000000000017    59.8794375179754    2.06167661616362    0.0344304606325788
28.8000000000017    60.0852619707765    2.0547844625011    0.0341978114949467
28.9000000000017    60.2903923363859    2.04782428635991    0.0339660136051897
29.0000000000017    60.494828308711    2.04090608080901    0.0337368687186625
29.1000000000017    60.6985758187082    2.03405596853652    0.0335107692577787
29.2000000000018    60.9016419969885    2.0272831438912    0.0332878240621401
29.3000000000018    61.104036784967    2.02064563847927    0.0330689385644058
29.4000000000018    61.3057809959371    2.01431305292146    0.0328568206814779
29.5000000000018    61.5069202783223    2.00862019597195    0.0326568162880344
29.6000000000018    61.7075434117242    2.00409662856793    0.0324773361207433
29.7000000000018    61.9078013359511    2.00144676339947    0.0323294757721785
29.8000000000019    62.1079204773749    2.00145116935436    0.0322253772783048
29.9000000000019    62.3082015093074    2.00477405460879    0.0321751231145602
