0.75 2.431997253895287e-14 1.680830104204425e-14 18
1.5 5.687090014827061e-14 9.958598710243925e-14 62
2.25 1.042534292472847e-13 5.78415041079106e-13 98
3 2.741964767932102e-13 1.502676425502035e-12 210
3.75 3.967244408464987e-13 4.345961817050064e-12 350
4.5 5.255160302457421e-13 9.456565723499305e-12 450
5.25 6.421229247135408e-13 1.723961697491991e-11 602
6 8.598045653253911e-13 2.95509379493175e-11 762
6.75 1.360662071597362e-12 5.901793545060608e-11 1142
7.5 1.419070500805454e-12 7.149855805408968e-11 1250
8.25 1.626715854304777e-12 1.009189552398231e-10 1458
9 2.080415429124318e-12 1.580442323883488e-10 1814
9.75 2.335998634136534e-12 2.326925422694455e-10 2178
10.5 2.853722407263756e-12 3.033718778915081e-10 2498
11.25 2.893646680856198e-12 3.776564293148443e-10 2622
12 3.738949746624061e-12 5.198189874746607e-10 3338
12.75 4.216926922399037e-12 6.434534781597878e-10 3722
13.5 4.75004777647658e-12 8.48211266511959e-10 4170
14.25 4.750135064231201e-12 9.98483745201103e-10 4358
15 5.581406003760876e-12 1.241698385300251e-09 5034
15.75 6.381276737925247e-12 1.614347631848612e-09 5714
16.5 6.666584518839257e-12 1.828962820610191e-09 5982
17.25 7.359462846578604e-12 2.144451408111618e-09 6602
18 8.171164150586772e-12 2.556777064683281e-09 7130
18.75 9.121164182101487e-12 3.159150501894974e-09 8034
19.5 9.494576860350826e-12 3.657184735821656e-09 8606
20.25 1.0535034296579e-11 4.117091181174698e-09 9066
21 1.12733440804727e-11 5.016857576134232e-09 9962
21.75 1.181737290564893e-11 5.473971843731772e-09 10550
22.5 1.277616201386466e-11 6.279099562942398e-09 11226
23.25 1.366648122686027e-11 7.467518953689665e-09 12146
24 1.413733736846553e-11 7.879367900947675e-09 12303
24.75 1.406035824686599e-11 8.577583394195128e-09 12584
25.5 1.370348204861898e-11 8.538752810954691e-09 12120
26.25 1.235594851698612e-11 8.446520372854049e-09 11180
27 1.230251190858986e-11 8.958846289061006e-09 11096
27.75 1.155570998844729e-11 8.594488020415027e-09 10056
28.5 1.085102344827906e-11 8.772366989211098e-09 9716
29.25 9.439373222375218e-12 8.105672268886135e-09 8604
30 8.91839462296173e-12 7.85594902845249e-09 8060
30.75 8.428903523659696e-12 7.595346023986106e-09 7320
31.5 7.189855848149489e-12 6.726933199750678e-09 6356
32.25 6.079081876268808e-12 5.942409801187076e-09 5348
33 4.773682024427928e-12 4.924086924506782e-09 4308
33.75 4.330109279086103e-12 4.25471858589136e-09 3563
34.5 2.673815468209906e-12 2.938221318868221e-09 2448
35.25 2.00317330103685e-12 2.243642650637233e-09 1868
36 1.535412963534365e-12 1.771262731600646e-09 1358
36.75 1.138744030102857e-12 1.516511446162156e-09 1062
37.5 8.033096058943155e-13 1.073602625478604e-09 776
38.25 5.231863417366993e-13 6.462770128734778e-10 432
39 2.279075255026144e-13 3.056539561314183e-10 200
39.75 1.972816229660321e-13 2.55836405427757e-10 168
40.5 5.367944497605472e-14 4.284240714993975e-11 56
41.25 5.943595320755848e-15 4.323442232945495e-12 7


0.75 1.974848087832592e-14 1.618632368935467e-14 18
1.5 5.82467773332308e-14 9.527934241395166e-14 62
2.25 1.029292979077555e-13 5.868484124755456e-13 98
3 2.173286138565951e-13 2.042656570499688e-12 210
3.75 3.576620980375587e-13 4.881028702335004e-12 350
4.5 4.94938349978313e-13 9.961800048243719e-12 450
5.25 6.54103984356168e-13 1.677937824097952e-11 602
6 8.615746714619951e-13 2.924915532755115e-11 762
6.75 1.401660128273449e-12 5.655127002339621e-11 1142
7.5 1.352681628387923e-12 7.408045662973963e-11 1250
8.25 1.595083603597241e-12 1.019552331255881e-10 1458
9 2.016205357790692e-12 1.610006920898224e-10 1814
9.75 2.39566159020073e-12 2.249257974093837e-10 2178
10.5 2.939432783436727e-12 2.921014438542998e-10 2498
11.25 3.032074766266338e-12 3.579228915168212e-10 2622
12 3.758074536271125e-12 5.122885988972343e-10 3338
12.75 4.378572971919159e-12 6.126912099272288e-10 3722
13.5 5.107285353751538e-12 7.850106173651213e-10 4170
14.25 5.300101653906796e-12 8.953704637876065e-10 4358
15 6.178934091203809e-12 1.123425378326393e-09 5034
15.75 7.208887896525057e-12 1.433691430362434e-09 5714
16.5 7.628746613839761e-12 1.607042341465366e-09 5982
17.25 8.142858306350741e-12 1.948560264402682e-09 6602
18 9.20089167549289e-12 2.283104102142005e-09 7130
18.75 1.051385558662945e-11 2.778403694808509e-09 8034
19.5 1.132082004575011e-11 3.133556896616443e-09 8606
20.25 1.266612393814306e-11 3.485213454100188e-09 9066
21 1.425395324788116e-11 4.098505408066935e-09 9962
21.75 1.477791011014649e-11 4.526650307509433e-09 10550
22.5 1.610038722332416e-11 5.176254071617868e-09 11226
23.25 1.765646371152603e-11 6.129977530658287e-09 12146
24 1.86252744541189e-11 6.339169683687079e-09 12303
24.75 1.893386914637081e-11 6.722545854512814e-09 12584
25.5 1.766498849528291e-11 6.95045940615417e-09 12120
26.25 1.642521471042605e-11 6.725454610455224e-09 11180
27 1.625321326166253e-11 7.206830108573826e-09 11096
27.75 1.534921227279869e-11 6.830320273498036e-09 10056
28.5 1.442925151990293e-11 7.034542879618703e-09 9716
29.25 1.322045326000557e-11 6.222464154852555e-09 8604
30 1.209759738795807e-11 6.226671054364072e-09 8060
30.75 1.159158531099601e-11 5.907689552844255e-09 7320
31.5 9.940099430783629e-12 5.23218426604793e-09 6356
32.25 8.470992385456323e-12 4.617328008720737e-09 5348
33 6.797741375184286e-12 3.722323999015054e-09 4308
33.75 5.55890752912979e-12 3.496025828155196e-09 3563
34.5 3.752747014100329e-12 2.253067936246113e-09 2448
35.25 2.739875038747173e-12 1.757291950739131e-09 1868
36 2.226983210717293e-12 1.308405305323179e-09 1358
36.75 1.781675465965455e-12 1.076962845200679e-09 1062
37.5 1.060411155332593e-12 8.912130440507411e-10 776
38.25 7.625584737492469e-13 4.764638016428079e-10 432
39 3.526592131909118e-13 2.170019767506144e-10 200
39.75 1.869348642022287e-13 2.609537930934354e-10 168
40.5 5.182824560677107e-14 4.37171323498584e-11 56
41.25 4.471066304101537e-15 5.309408845138458e-12 7


0.75 1.55534344075798e-14 2.400897444079166e-14 18
1.5 4.190367706959825e-14 1.373011528629942e-13 62
2.25 1.07042075600068e-13 5.491545326683834e-13 98
3 2.100969447245676e-13 2.062522737464437e-12 210
3.75 3.616878309373079e-13 4.781650624497228e-12 350
4.5 4.715156957737747e-13 1.034519214986437e-11 450
5.25 6.531504007218152e-13 1.660138067144939e-11 602
6 8.295141858604647e-13 3.008235820869178e-11 762
6.75 1.330522173566107e-12 5.890273876332025e-11 1142
7.5 1.389841157875937e-12 7.133548005746305e-11 1250
8.25 1.570312242371537e-12 1.023718055290884e-10 1458
9 1.965044343448958e-12 1.63612716354184e-10 1814
9.75 2.39145932006122e-12 2.228077135891271e-10 2178
10.5 2.824762420974755e-12 3.000758297175571e-10 2498
11.25 3.069885788464184e-12 3.501730972373429e-10 2622
12 3.92294472814228e-12 4.855238476015087e-10 3338
12.75 4.32250912036144e-12 6.150410792122739e-10 3722
13.5 4.967858844976108e-12 7.98675702842968e-10 4170
14.25 5.305918408302315e-12 8.859280301087884e-10 4358
15 6.255518469036398e-12 1.095673246702963e-09 5034
15.75 7.045434185007619e-12 1.452876248138621e-09 5714
16.5 7.675159954484711e-12 1.5809781162359e-09 5982
17.25 8.088040669897719e-12 1.94075965181886e-09 6602
18 9.226982094158718e-12 2.255453653605585e-09 7130
18.75 1.058625938397269e-11 2.726789285544792e-09 8034
19.5 1.147615258923669e-11 3.05505084468546e-09 8606
20.25 1.247011358987942e-11 3.500917057987599e-09 9066
21 1.373320402050311e-11 4.23059144021709e-09 9962
21.75 1.437543930690433e-11 4.616253453692283e-09 10550
22.5 1.554071985909404e-11 5.297537508077405e-09 11226
23.25 1.796868529518009e-11 5.952909943629468e-09 12146
24 1.797842187294605e-11 6.471386938445316e-09 12303
24.75 1.852950101344017e-11 6.828035834991322e-09 12584
25.5 1.759096020757363e-11 6.887510827029863e-09 12120
26.25 1.617027057663128e-11 6.754265596718261e-09 11180
27 1.654966906539268e-11 6.999805574561776e-09 11096
27.75 1.534400215955675e-11 6.758641337915238e-09 10056
28.5 1.474525842186359e-11 6.809999987770012e-09 9716
29.25 1.290842965264496e-11 6.300773678134349e-09 8604
30 1.240674510910831e-11 6.007881481134731e-09 8060
30.75 1.184246712671536e-11 5.721735434016613e-09 7320
31.5 9.642831192986873e-12 5.313674895849448e-09 6356
32.25 8.303629276401346e-12 4.650580756683394e-09 5348
33 6.589111162221084e-12 3.813323377491161e-09 4308
33.75 5.786011767052067e-12 3.326630920005425e-09 3563
34.5 3.756831207879208e-12 2.219519800056658e-09 2448
35.25 2.68709956532247e-12 1.775940400908596e-09 1868
36 2.062575279546902e-12 1.399747151774054e-09 1358
36.75 1.628806921968854e-12 1.165894905702855e-09 1062
37.5 1.257589302154561e-12 7.491536596254734e-10 776
38.25 6.807921012516482e-13 5.277831754558955e-10 432
39 3.70401296376896e-13 2.0228733541373e-10 200
39.75 2.151661552822974e-13 2.393064015602381e-10 168
40.5 5.07136982722972e-14 4.408202654109241e-11 56
41.25 5.259168003388705e-15 4.714070271172185e-12 7


0.75 2.504317396600748e-14 1.362668414312917e-14 18
1.5 4.366167585895045e-14 1.285843663530803e-13 62
2.25 9.061226066821456e-14 6.264758049618892e-13 98
3 2.070676730922247e-13 2.051550193567761e-12 210
3.75 3.674996116773415e-13 4.604483065007575e-12 350
4.5 5.166743555957687e-13 9.300787750946495e-12 450
5.25 6.35554617425865e-13 1.697684993125021e-11 602
6 8.339618949558092e-13 2.953103529709108e-11 762
6.75 1.275411911558599e-12 6.077585689298077e-11 1142
7.5 1.317005326596162e-12 7.441600994499957e-11 1250
8.25 1.559840328403308e-12 1.022729927678209e-10 1458
9 2.120492838142226e-12 1.501220095326996e-10 1814
9.75 2.466438347695381e-12 2.146969661070323e-10 2178
10.5 2.892427386317224e-12 2.906297755775037e-10 2498
11.25 3.017196148675788e-12 3.529006970801836e-10 2622
12 3.75633832315447e-12 5.020065339489655e-10 3338
12.75 4.308752957160375e-12 6.103393044731937e-10 3722
13.5 4.886720374876921e-12 8.037984653189457e-10 4170
14.25 5.086110251250054e-12 9.143045970510789e-10 4358
15 5.913761656638681e-12 1.147664372696597e-09 5034
15.75 7.234580832768421e-12 1.40070296259747e-09 5714
16.5 7.380056630172429e-12 1.628697758466687e-09 5982
17.25 8.14198241292739e-12 1.90806019397853e-09 6602
18 9.183455273654025e-12 2.242941806629476e-09 7130
18.75 1.056479141986046e-11 2.708752600565389e-09 8034
19.5 1.115060800767467e-11 3.121406458378792e-09 8606
20.25 1.205208245683312e-11 3.585342998405941e-09 9066
21 1.392401995392722e-11 4.135813877155593e-09 9962
21.75 1.411916086561403e-11 4.635906142987191e-09 10550
22.5 1.601660436460817e-11 5.108659652045988e-09 11226
23.25 1.758614203580963e-11 6.005938951684417e-09 12146
24 1.801846140305642e-11 6.39606745003676e-09 12303
24.75 1.84678263194677e-11 6.785061719669092e-09 12584
25.5 1.739205243696825e-11 6.906710446598177e-09 12120
26.25 1.628052045239543e-11 6.664059277896382e-09 11180
27 1.644365472219985e-11 6.958764223809087e-09 11096
27.75 1.509477458089534e-11 6.798152749552498e-09 10056
28.5 1.499008933731323e-11 6.635375430748845e-09 9716
29.25 1.288085940928903e-11 6.244940742917387e-09 8604
30 1.240606990153202e-11 5.952635400153047e-09 8060
30.75 1.134199048312648e-11 5.90219538215481e-09 7320
31.5 1.002851640651977e-11 5.079755618659165e-09 6356
32.25 8.474498408322427e-12 4.501202914314429e-09 5348
33 6.467257126409841e-12 3.84685873031581e-09 4308
33.75 5.753489136786616e-12 3.311864816446574e-09 3563
34.5 3.621671155495428e-12 2.284581491426942e-09 2448
35.25 2.792601914861162e-12 1.692290046750816e-09 1868
36 2.049082804777634e-12 1.393459653934439e-09 1358
36.75 1.747352704976645e-12 1.076522903352065e-09 1062
37.5 1.18614562974563e-12 7.892535451556545e-10 776
38.25 6.569953618992369e-13 5.391214712317014e-10 432
39 3.293584890133632e-13 2.282405992614831e-10 200
39.75 2.600211468172227e-13 2.061820920062335e-10 168
40.5 5.358674876450542e-14 4.166407925314421e-11 56
41.25 7.104712490871578e-15 3.37926286097342e-12 7


0.75 1.542573215753483e-14 2.019569851469932e-14 18
1.5 3.996186212925747e-14 1.394754541782867e-13 62
2.25 8.985421751815689e-14 6.301565175120766e-13 98
3 1.797386652837029e-13 2.310408969124174e-12 210
3.75 3.601524143629907e-13 4.616754241158328e-12 350
4.5 4.967260315672701e-13 9.612439952331145e-12 450
5.25 6.160537393141445e-13 1.732783134247621e-11 602
6 8.346820195407107e-13 2.917168626893724e-11 762
6.75 1.294689861069892e-12 5.93343683594981e-11 1142
7.5 1.33624576977004e-12 7.257068736934186e-11 1250
8.25 1.588206088925657e-12 9.917400566271505e-11 1458
9 1.987151007395159e-12 1.584373454785351e-10 1814
9.75 2.396474611829663e-12 2.18251244111796e-10 2178
10.5 2.81894472723919e-12 2.945712904263548e-10 2498
11.25 2.955372214744264e-12 3.563234069812618e-10 2622
12 3.787383151630443e-12 4.926706928281535e-10 3338
12.75 4.261223434475549e-12 6.111090442853937e-10 3722
13.5 4.957735786582558e-12 7.844838979759262e-10 4170
14.25 5.155889652006209e-12 8.924273798952493e-10 4358
15 6.047609155343813e-12 1.111684874328576e-09 5034
15.75 7.190187992069852e-12 1.398397813283871e-09 5714
16.5 7.520538079143057e-12 1.579445717705972e-09 5982
17.25 8.171571875188963e-12 1.885136844534967e-09 6602
18 9.151819570940682e-12 2.22157935042318e-09 7130
18.75 1.06438653661954e-11 2.660801250444985e-09 8034
19.5 1.112576566251712e-11 3.095470711809267e-09 8606
20.25 1.227957147342064e-11 3.485710712324332e-09 9066
21 1.379658851688935e-11 4.118967791352614e-09 9962
21.75 1.463724521268567e-11 4.42939933122304e-09 10550
22.5 1.56829122759468e-11 5.171567044166846e-09 11226
23.25 1.76967538953923e-11 5.912779537297328e-09 12146
24 1.808958967211471e-11 6.316001638546068e-09 12303
24.75 1.891136123364448e-11 6.538790113533865e-09 12584
25.5 1.735298478887955e-11 6.861746746063041e-09 12120
26.25 1.607078470406016e-11 6.656441619667851e-09 11180
27 1.627575138184111e-11 6.950933602282377e-09 11096
27.75 1.504693070828848e-11 6.75631842447995e-09 10056
28.5 1.461055346986708e-11 6.743136250032265e-09 9716
29.25 1.281624620003335e-11 6.22259448974348e-09 8604
30 1.219577382876418e-11 5.99040380183294e-09 8060
30.75 1.109706177050402e-11 5.988805522220826e-09 7320
31.5 9.482610727181475e-12 5.291186050338446e-09 6356
32.25 8.353888580359413e-12 4.532676807620776e-09 5348
33 6.750011897602331e-12 3.642874316072028e-09 4308
33.75 5.523533337846242e-12 3.408309077239282e-09 3563
34.5 3.475202563981038e-12 2.352396057291455e-09 2448
35.25 2.723901025096858e-12 1.716924499460671e-09 1868
36 1.983058150270103e-12 1.424653053043991e-09 1358
36.75 1.637689489019147e-12 1.138756174445664e-09 1062
37.5 1.174411026328892e-12 7.897911595591887e-10 776
38.25 7.004787678657355e-13 5.04028714697333e-10 432
39 3.268374842658493e-13 2.276404516607072e-10 200
39.75 2.729430700033121e-13 1.951463403450562e-10 168
40.5 6.096601667555539e-14 3.60991298318381e-11 56
41.25 7.292810365441758e-15 3.204443609030615e-12 7


0.75 1.991300603745297e-14 2.051615621644987e-14 18
1.5 3.847442497223105e-14 1.455696215297137e-13 62
2.25 1.023021162123568e-13 5.596017113730869e-13 98
3 2.215823564625036e-13 1.869720320743201e-12 210
3.75 3.666194420553324e-13 4.491144380170822e-12 350
4.5 4.879322289993838e-13 9.740119490168179e-12 450
5.25 6.015672858698226e-13 1.752833965341449e-11 602
6 8.786752169866552e-13 2.732555404875114e-11 762
6.75 1.355444530863836e-12 5.625774460722662e-11 1142
7.5 1.333145660865305e-12 7.207480341170877e-11 1250
8.25 1.626122618046792e-12 9.580861583445463e-11 1458
9 2.027628525937894e-12 1.540639849795036e-10 1814
9.75 2.449779254961744e-12 2.114428544715557e-10 2178
10.5 2.888702015121281e-12 2.850214920601195e-10 2498
11.25 2.965814356784874e-12 3.517283270565436e-10 2622
12 3.889739194397815e-12 4.742562008930453e-10 3338
12.75 4.126975102820308e-12 6.236540657052851e-10 3722
13.5 4.803735842436809e-12 7.987511587457561e-10 4170
14.25 5.019690336527798e-12 9.061874046301618e-10 4358
15 6.086518393817605e-12 1.090716876105873e-09 5034
15.75 7.054291691853038e-12 1.407787714978956e-09 5714
16.5 7.321956968043676e-12 1.605937475537121e-09 5982
17.25 8.236782764538503e-12 1.845233912932379e-09 6602
18 8.957055088003392e-12 2.249688521887956e-09 7130
18.75 1.047223637475365e-11 2.678973801214689e-09 8034
19.5 1.123650308324551e-11 3.027941467786012e-09 8606
20.25 1.204327868111508e-11 3.510204541319635e-09 9066
21 1.33049972121448e-11 4.231952877458481e-09 9962
21.75 1.445576508364327e-11 4.449965632814563e-09 10550
22.5 1.544316792757896e-11 5.195885700713528e-09 11226
23.25 1.748537912770423e-11 5.936987752442613e-09 12146
24 1.780240937598381e-11 6.361247267499846e-09 12303
24.75 1.837724116255546e-11 6.673567136913387e-09 12584
25.5 1.691561000935064e-11 6.935945533531583e-09 12120
26.25 1.61152449145293e-11 6.572776683651656e-09 11180
27 1.602039036329621e-11 7.005774304027312e-09 11096
27.75 1.473842620558779e-11 6.821563763043889e-09 10056
28.5 1.434807493658167e-11 6.794674775729156e-09 9716
29.25 1.262326066241352e-11 6.240734197591578e-09 8604
30 1.179931098414035e-11 6.113593920142502e-09 8060
30.75 1.143934179929276e-11 5.757561711649245e-09 7320
31.5 9.739801530426286e-12 5.122931851388514e-09 6356
32.25 8.09962435373882e-12 4.590405823195942e-09 5348
33 6.716581306290454e-12 3.641210997674876e-09 4308
33.75 5.620012532560679e-12 3.314710271256304e-09 3563
34.5 3.68429036282567e-12 2.203224566817763e-09 2448
35.25 2.818001166923401e-12 1.635714343005286e-09 1868
36 2.119347175245532e-12 1.322221917190188e-09 1358
36.75 1.625415443022556e-12 1.134213717808351e-09 1062
37.5 1.208051787961379e-12 7.578457075861127e-10 776
38.25 6.724493202206918e-13 5.181142512011581e-10 432
39 2.660830847891964e-13 2.673979725738873e-10 200
39.75 2.777241506326686e-13 1.898139437521364e-10 168
40.5 6.888346787850468e-14 3.015907688816006e-11 56
41.25 5.524292099860824e-15 4.398886857364597e-12 7


0.75 2.180908163667551e-14 1.378901979695855e-14 18
1.5 5.49390791754965e-14 9.738896485287358e-14 62
2.25 1.161425969403142e-13 4.70184666666491e-13 98
3 2.040346934646123e-13 2.026702073112117e-12 210
3.75 3.367681440562013e-13 4.885089091250117e-12 350
4.5 4.883517040638215e-13 9.555278781496833e-12 450
5.25 6.156840129798705e-13 1.696390021020147e-11 602
6 7.99667301138424e-13 2.981672450347085e-11 762
6.75 1.298062099075552e-12 5.805171291879504e-11 1142
7.5 1.251884638937524e-12 7.570938192118451e-11 1250
8.25 1.570945352644515e-12 9.829634272440384e-11 1458
9 2.000399738469644e-12 1.544513394297546e-10 1814
9.75 2.491483002000653e-12 2.055659869129686e-10 2178
10.5 2.795888998399358e-12 2.914889914694656e-10 2498
11.25 3.03315028683662e-12 3.40008842727079e-10 2622
12 3.853539883167961e-12 4.745163680633666e-10 3338
12.75 4.208400359241649e-12 6.05335065381789e-10 3722
13.5 4.985457725735241e-12 7.648217611298936e-10 4170
14.25 5.261582433618727e-12 8.568205824590556e-10 4358
15 5.918335888737903e-12 1.111576026130016e-09 5034
15.75 7.162106090607385e-12 1.372444364527381e-09 5714
16.5 7.253280705495347e-12 1.608435598179014e-09 5982
17.25 8.041866484527975e-12 1.873462663553298e-09 6602
18 8.998588093121398e-12 2.21646777343216e-09 7130
18.75 1.023505797662175e-11 2.704211040447584e-09 8034
19.5 1.076660567349793e-11 3.115699269678437e-09 8606
20.25 1.207369686049551e-11 3.466246739436049e-09 9066
21 1.36607888344802e-11 4.05508167351642e-09 9962
21.75 1.425423897466191e-11 4.475800677163707e-09 10550
22.5 1.571711427707431e-11 5.05147336880614e-09 11226
23.25 1.745815672618829e-11 5.860105115852701e-09 12146
24 1.788683492135795e-11 6.248881958375817e-09 12303
24.75 1.846925955224323e-11 6.535973302129938e-09 12584
25.5 1.716972104321297e-11 6.795675177897557e-09 12120
26.25 1.602069028613681e-11 6.558811679201001e-09 11180
27 1.619051116801368e-11 6.853988994191756e-09 11096
27.75 1.51517870737358e-11 6.561204285062297e-09 10056
28.5 1.470151168857936e-11 6.558748021016417e-09 9716
29.25 1.281332203953896e-11 6.086874711636143e-09 8604
30 1.217541199020027e-11 5.878989576310251e-09 8060
30.75 1.151420982909308e-11 5.659738873773813e-09 7320
31.5 9.416578834174877e-12 5.237436442654387e-09 6356
32.25 8.578990779995328e-12 4.3019174483364e-09 5348
33 6.247068002271961e-12 3.850263334634173e-09 4308
33.75 5.66854694894242e-12 3.256601520656916e-09 3563
34.5 3.524161156800294e-12 2.27341876178723e-09 2448
35.25 2.790904432504494e-12 1.637196726682294e-09 1868
36 2.109433514744953e-12 1.313295531871941e-09 1358
36.75 1.621290624159501e-12 1.125769273210795e-09 1062
37.5 1.202169098213782e-12 7.546449789580259e-10 776
38.25 7.204470911958751e-13 4.802763096561924e-10 432
39 3.643802404924182e-13 1.970757420152847e-10 200
39.75 2.719388351666108e-13 1.918682192132117e-10 168
40.5 7.152384188684502e-14 2.790785815710231e-11 56
41.25 4.323217685819072e-15 5.19662163530221e-12 7


0.75 1.513366323249784e-14 2.217321223666084e-14 18
1.5 5.031096892850731e-14 1.060857013801041e-13 62
2.25 1.091671194847682e-13 5.008030028041923e-13 98
3 1.760269909891498e-13 2.301245665071679e-12 210
3.75 3.252429048455018e-13 4.994023811364742e-12 350
4.5 4.582358657455501e-13 1.013317048821314e-11 450
5.25 5.657866327246741e-13 1.804730436013457e-11 602
6 8.246779300484355e-13 2.860414013884328e-11 762
6.75 1.249042565052661e-12 5.946794912817769e-11 1142
7.5 1.284759300484286e-12 7.32866030700969e-11 1250
8.25 1.616489903453544e-12 9.421004518016402e-11 1458
9 2.030481946309103e-12 1.505966187715809e-10 1814
9.75 2.36559773011232e-12 2.142805540959601e-10 2178
10.5 2.78020957573001e-12 2.902627936587822e-10 2498
11.25 3.084394660701816e-12 3.302343311724213e-10 2622
12 3.755160056283495e-12 4.829838471195735e-10 3338
12.75 4.287182970855443e-12 5.885845490923824e-10 3722
13.5 4.941153964302096e-12 7.637872436112676e-10 4170
14.25 5.201594846994492e-12 8.575080681886192e-10 4358
15 5.869784404610358e-12 1.108037930335817e-09 5034
15.75 6.915860674007838e-12 1.40526492107441e-09 5714
16.5 7.339318265526243e-12 1.571998086308313e-09 5982
17.25 7.917722728596591e-12 1.884117959037559e-09 6602
18 8.708632875430263e-12 2.264582062560924e-09 7130
18.75 1.036588141109573e-11 2.644491374505741e-09 8034
19.5 1.105128228474829e-11 3.017189736497234e-09 8606
20.25 1.202691224246991e-11 3.454755759143091e-09 9066
21 1.36302762503327e-11 4.039707848902761e-09 9962
21.75 1.433959413547187e-11 4.397152790294795e-09 10550
22.5 1.533813258596692e-11 5.11366071543435e-09 11226
23.25 1.698370519269449e-11 5.942932834562871e-09 12146
24 1.813755627127259e-11 6.132652723915697e-09 12303
24.75 1.778013503054689e-11 6.728787206378918e-09 12584
25.5 1.698510323282172e-11 6.781540735793946e-09 12120
26.25 1.607973030047979e-11 6.467791100907473e-09 11180
27 1.589254559219177e-11 6.918746338684374e-09 11096
27.75 1.463771848060692e-11 6.725426334384259e-09 10056
28.5 1.402332464456247e-11 6.802480919122802e-09 9716
29.25 1.213432180956751e-11 6.357241834605659e-09 8604
30 1.19423669208531e-11 5.926433500184547e-09 8060
30.75 1.114975167147912e-11 5.762680886770539e-09 7320
31.5 9.835861947058141e-12 4.947418008545001e-09 6356
32.25 8.510323759532495e-12 4.292630081885708e-09 5348
33 6.582928398602513e-12 3.628319529550839e-09 4308
33.75 5.550069397063248e-12 3.287345845660085e-09 3563
34.5 3.672700063115499e-12 2.155071007907175e-09 2448
35.25 2.646316126837587e-12 1.710339809525901e-09 1868
36 2.059872764841965e-12 1.33278594691193e-09 1358
36.75 1.721938237969919e-12 1.048270301854401e-09 1062
37.5 1.032725700274095e-12 8.60549866116423e-10 776
38.25 6.72733482456776e-13 5.076251879768797e-10 432
39 3.460022945171395e-13 2.072929776787813e-10 200
39.75 2.471216334861307e-13 2.070464363762615e-10 168
40.5 6.622878777255723e-14 3.120397301370844e-11 56
41.25 5.371013684810803e-15 4.421265596832227e-12 7


0.75 2.211391454805316e-14 1.683626958199744e-14 18
1.5 3.914554852543127e-14 1.366911074372712e-13 62
2.25 1.026545186696324e-13 5.397685010935752e-13 98
3 2.272521035819488e-13 1.773251465154472e-12 210
3.75 3.425529641258028e-13 4.699614495561961e-12 350
4.5 4.763925550706242e-13 9.639130166073866e-12 450
5.25 5.924218857352435e-13 1.71891137126071e-11 602
6 8.132925371870911e-13 2.886261324523633e-11 762
6.75 1.308939672324762e-12 5.620543417874294e-11 1142
7.5 1.275469979998233e-12 7.319637187879751e-11 1250
8.25 1.556529208323951e-12 9.708048396455668e-11 1458
9 1.909537478813703e-12 1.578984993335902e-10 1814
9.75 2.426000998310126e-12 2.069665214027507e-10 2178
10.5 2.740643341936985e-12 2.909153477924449e-10 2498
11.25 2.885467990485154e-12 3.50200600525544e-10 2622
12 3.729719242440803e-12 4.807842627821148e-10 3338
12.75 4.1194509423436e-12 6.06075668210772e-10 3722
13.5 4.953219921852554e-12 7.540090688413354e-10 4170
14.25 5.092369368365367e-12 8.68001094210581e-10 4358
15 5.941208324164371e-12 1.085866063113432e-09 5034
15.75 6.828857359569372e-12 1.409408526890949e-09 5714
16.5 7.533218702253961e-12 1.512936862194759e-09 5982
17.25 8.062243317955892e-12 1.830155395412262e-09 6602
18 9.088148991996212e-12 2.148759378997779e-09 7130
18.75 1.01493483297887e-11 2.674672286547202e-09 8034
19.5 1.100124970840931e-11 3.003681607937043e-09 8606
20.25 1.176508130935174e-11 3.489071274684778e-09 9066
21 1.337888589762409e-11 4.078934119471706e-09 9962
21.75 1.408899460462602e-11 4.428513742599048e-09 10550
22.5 1.594961909826321e-11 4.874677410135468e-09 11226
23.25 1.739899822803625e-11 5.772086954232542e-09 12146
24 1.753798686508722e-11 6.218903104999009e-09 12303
24.75 1.820882959727879e-11 6.504800661861024e-09 12584
25.5 1.713705726909882e-11 6.653548394371125e-09 12120
26.25 1.621049450358668e-11 6.353162863917864e-09 11180
27 1.596207063631153e-11 6.813063050032942e-09 11096
27.75 1.504181871146426e-11 6.486040691870216e-09 10056
28.5 1.439045899253693e-11 6.56639892328963e-09 9716
29.25 1.243299767807544e-11 6.166134342526159e-09 8604
30 1.195005510039432e-11 5.858899013248727e-09 8060
30.75 1.147609551033588e-11 5.52720824651576e-09 7320
31.5 9.40497050229407e-12 5.119251760156939e-09 6356
32.25 8.115813459128239e-12 4.467432639220043e-09 5348
33 6.34824064071318e-12 3.720683551272256e-09 4308
33.75 5.79805258538457e-12 3.117128335296877e-09 3563
34.5 3.704100738519949e-12 2.128306548637901e-09 2448
35.25 2.450319111736998e-12 1.822959246613462e-09 1868
36 2.064340644845842e-12 1.315156867327714e-09 1358
36.75 1.666250763460547e-12 1.073662031360676e-09 1062
37.5 1.24025557794223e-12 7.132717903820623e-10 776
38.25 7.006387811198313e-13 4.836233738035791e-10 432
39 2.919081933878715e-13 2.426540279634055e-10 200
39.75 2.572275379389781e-13 1.981125461364774e-10 168
40.5 5.614112420887221e-14 3.785192878651202e-11 56
41.25 7.091373551222007e-15 3.175704999014749e-12 7


0.75 1.810312495696311e-14 1.598905091554101e-14 18
1.5 5.136684135283835e-14 1.048904981230284e-13 62
2.25 1.031636329824899e-13 5.332436703069423e-13 98
3 2.055454327838717e-13 1.987614400848524e-12 210
3.75 3.288905661098994e-13 4.866190849879602e-12 350
4.5 4.842291869076948e-13 9.324152335994289e-12 450
5.25 5.980189148221019e-13 1.691022123039609e-11 602
6 8.258300991538838e-13 2.810468310235459e-11 762
6.75 1.286652800653804e-12 5.665294490455137e-11 1142
7.5 1.294941637584862e-12 7.131639234531648e-11 1250
8.25 1.546014604168337e-12 9.690449928547827e-11 1458
9 1.948628885942493e-12 1.533928113836615e-10 1814
9.75 2.486409231221301e-12 1.992560358674393e-10 2178
10.5 2.644994662128981e-12 2.974506627378056e-10 2498
11.25 2.992685603773551e-12 3.344158378734021e-10 2622
12 3.687222727812472e-12 4.80817870030788e-10 3338
12.75 4.13438027782293e-12 5.991623731997086e-10 3722
13.5 4.836822079453714e-12 7.641082271150511e-10 4170
14.25 5.120490884059868e-12 8.523889745924355e-10 4358
15 5.658181132152391e-12 1.12314206966673e-09 5034
15.75 6.985918750891346e-12 1.366804380082454e-09 5714
16.5 7.429300472556201e-12 1.520072287561408e-09 5982
17.25 7.96353831484137e-12 1.836265630598462e-09 6602
18 8.75096456009678e-12 2.207351289418802e-09 7130
18.75 1.018515727103765e-11 2.636745886003872e-09 8034
19.5 1.086934573287997e-11 3.00427301648792e-09 8606
20.25 1.196459773373967e-11 3.386869134713108e-09 9066
21 1.335031429308269e-11 4.048889151309724e-09 9962
21.75 1.407047984825364e-11 4.379115664010349e-09 10550
22.5 1.522731360561434e-11 5.040302213252243e-09 11226
23.25 1.719804108733949e-11 5.762833030814337e-09 12146
24 1.774197635185606e-11 6.102029301515813e-09 12303
24.75 1.765986331240294e-11 6.637101710404879e-09 12584
25.5 1.675400366623021e-11 6.745551121256747e-09 12120
26.25 1.568556200955876e-11 6.488133761933104e-09 11180
27 1.55988708621481e-11 6.903472670582177e-09 11096
27.75 1.458613361570321e-11 6.61266872108599e-09 10056
28.5 1.404122610743833e-11 6.644033307882645e-09 9716
29.25 1.18680382119704e-11 6.356897765130525e-09 8604
30 1.141397300917203e-11 6.077612750495081e-09 8060
30.75 1.10574146309311e-11 5.7010376485533e-09 7320
31.5 9.052006370903331e-12 5.271710017771335e-09 6356
32.25 8.035195749244714e-12 4.462063672904515e-09 5348
33 6.451593918744402e-12 3.631847500164152e-09 4308
33.75 5.302482074989233e-12 3.377388817006079e-09 3563
34.5 3.671175624459031e-12 2.122073743186852e-09 2448
35.25 2.723733433834878e-12 1.626300835911257e-09 1868
36 2.185612453354886e-12 1.22557996487179e-09 1358
36.75 1.67370426474351e-12 1.057257625201611e-09 1062
37.5 1.228057989761912e-12 7.121188577221827e-10 776
38.25 6.314147343957299e-13 5.265730824231885e-10 432
39 2.826179366055376e-13 2.466923525809772e-10 200
39.75 2.7644417887304e-13 1.828155474264666e-10 168
40.5 4.773602230462924e-14 4.332734185497697e-11 56
41.25 6.9550088679835e-15 3.229536754641503e-12 7


