0    1.08953681696781e-23    -8.49798832427525e-25    1.11462382851958e-12    5.91611949199458e-10    1.05575746671268e-06    2.4323074419149e-05
0.1    -1.6274282628224e-17    -3.21991316005985e-16    1.47443844302517e-12    4.5418043131827e-10    1.21426456879264e-06    2.13115093627427e-05
0.2    -3.9659959420948e-17    -7.56355987241924e-17    1.40648815474186e-12    4.48938783655564e-10    1.18595453316805e-06    2.11881755622225e-05
0.3    -3.09861345963439e-17    -8.34895278685414e-17    1.35692236536074e-12    4.87870564760013e-10    1.16487010664741e-06    2.20877922110838e-05
0.4    -5.94379549084728e-17    -2.98586397135499e-17    1.35921894557004e-12    4.88218187633909e-10    1.16585545655113e-06    2.20956599275493e-05
0.5    -5.42103023795576e-17    -9.86610796323424e-17    1.38176515683855e-12    4.79293519835569e-10    1.17548507299691e-06    2.18927732330915e-05
0.6    -7.22450403978191e-17    -2.64648537375948e-16    1.37947618746228e-12    4.81169992754461e-10    1.17451104186478e-06    2.19355873583194e-05
0.7    -1.35468908407255e-16    -9.94867148056663e-16    1.36331884980661e-12    4.90131039765905e-10    1.16761245702785e-06    2.21389033099182e-05
0.8    -2.34296250476261e-16    -9.85269571149095e-16    1.38063535683693e-12    4.83531357548145e-10    1.17500440715639e-06    2.1989346455685e-05
0.900000000000001    -3.32398059359645e-16    -9.15359840303844e-16    1.38323717526634e-12    4.79547837892792e-10    1.17611103866359e-06    2.18985807278187e-05
1    -4.32395940715754e-16    -1.09022755121411e-15    1.38783181934259e-12    4.7874452024808e-10    1.17806273998569e-06    2.18802312658728e-05
1.1    -5.33487745767752e-16    -9.30732652147773e-16    1.37704332716074e-12    4.83171823988567e-10    1.17347489413312e-06    2.19811697593319e-05
1.2    -6.25015438940624e-16    -8.7695729895423e-16    1.38851901698938e-12    4.79302563965233e-10    1.17835436817172e-06    2.18929797872568e-05
1.3    -7.0794285818341e-16    -8.12027359005442e-16    1.38617056510195e-12    4.79343829693213e-10    1.17735745001336e-06    2.18939222089879e-05
1.4    -7.88946315042081e-16    -8.1030026390378e-16    1.38890500607756e-12    4.80049058692093e-10    1.17851813990178e-06    2.19100218779465e-05
1.5    -8.70137092207939e-16    -8.17228049395678e-16    1.3789015010802e-12    4.8360779724675e-10    1.17426636717578e-06    2.19910844945571e-05
1.6    -9.4909063047259e-16    -7.43744061820227e-16    1.38955423096021e-12    4.79979918707071e-10    1.17879354891355e-06    2.19084440046999e-05
1.7    -1.02424924176645e-15    -8.34218323315682e-16    1.38369905721464e-12    4.81574006194353e-10    1.17630738211347e-06    2.19447945124659e-05
1.8    -1.11464457723653e-15    -8.89160468029139e-16    1.38348930764236e-12    4.82363109161935e-10    1.17621822279812e-06    2.19627664277963e-05
1.9    -1.20327598824759e-15    -8.02679982289862e-16    1.38080044621795e-12    4.82418945293896e-10    1.1750746555934e-06    2.1964037545358e-05
2    -1.25640358276266e-15    -4.75662828365999e-16    1.38447544669783e-12    4.803149664045e-10    1.1766373471456e-06    2.19160892132812e-05
2.1    -1.3069681506319e-15    -2.63740458224838e-16    1.37987934022545e-12    4.81335085180754e-10    1.1746826551139e-06    2.19393501540213e-05
2.2    -1.33415199221026e-15    -2.33824151421013e-16    1.37644916350873e-12    4.82717709266845e-10    1.17322170262433e-06    2.19708377006168e-05
2.29999999999999    -1.33732392092016e-15    -1.72431235906404e-16    1.37578947628284e-12    4.82269285112547e-10    1.17294052546701e-06    2.19606303441533e-05
2.39999999999999    -1.32814495903876e-15    4.58025058280944e-16    1.37525592408118e-12    4.81574756219497e-10    1.17271306127338e-06    2.19448116013671e-05
2.49999999999999    -1.26983534923899e-15    8.27712980813271e-16    1.37016691305133e-12    4.83731034190731e-10    1.17054129062213e-06    2.19938862912113e-05
2.59999999999999    -1.15821254749427e-15    1.37787718896196e-15    1.36654628968894e-12    4.84933252346884e-10    1.16899370814771e-06    2.2021200066002e-05
2.69999999999999    -1.00817704278198e-15    1.61490822899996e-15    1.36522765246578e-12    4.84296440645854e-10    1.16842956675436e-06    2.2006736256107e-05
2.79999999999998    -8.56016505690959e-16    1.59198162554861e-15    1.36619043354281e-12    4.83707633195554e-10    1.1688414920522e-06    2.19933542961403e-05
2.89999999999998    -6.39385102944721e-16    2.74554953075758e-15    1.36422598460667e-12    4.84812338096746e-10    1.16800084957446e-06    2.20184544892857e-05
2.99999999999998    -3.14846397438599e-16    3.59235948115482e-15    1.35998509952481e-12    4.85967592636807e-10    1.16618399042553e-06    2.20446726588717e-05
3.09999999999998    2.73900780035546e-17    3.3270134184072e-15    1.36544138185815e-12    4.83526341245145e-10    1.16852102328463e-06    2.1989232393268e-05
3.19999999999998    4.1703944675457e-16    3.96865280685168e-15    1.36318537620389e-12    4.83918881690654e-10    1.16755529899183e-06    2.19981563248072e-05
3.29999999999997    7.54579160880128e-16    3.04717030230282e-15    1.3639127163363e-12    4.8440177278118e-10    1.1678667374047e-06    2.20091293053855e-05
3.39999999999997    1.03270216710899e-15    2.34142386011097e-15    1.3636895862372e-12    4.84953776365098e-10    1.16777120457614e-06    2.20216660669691e-05
3.49999999999997    1.20069535798027e-15    1.41865178098351e-15    1.36785524179063e-12    4.84172832817821e-10    1.16955343691113e-06    2.20039276679829e-05
3.59999999999997    1.33930511118927e-15    1.04477291996034e-15    1.36687763677347e-12    4.8416641228202e-10    1.16913542276909e-06    2.20037817722777e-05
3.69999999999997    1.3931460314901e-15    1.98121019579899e-16    1.36782579789362e-12    4.84070732576377e-10    1.16954084917698e-06    2.20016074998255e-05
3.79999999999996    1.39199283894951e-15    -1.58645816079567e-16    1.37007605315837e-12    4.83836045071547e-10    1.17050247892022e-06    2.19962734360061e-05
3.89999999999996    1.36965944727771e-15    -5.1786021931892e-16    1.37456703018825e-12    4.8222006991332e-10    1.17241930647199e-06    2.1959509783083e-05
3.99999999999996    1.31446853415077e-15    -7.53221434077104e-16    1.37543281820482e-12    4.82258550020497e-10    1.17278847973742e-06    2.19603859260373e-05
4.09999999999996    1.18505843161161e-15    -1.38311748241733e-15    1.37441313358423e-12    4.82668886191956e-10    1.17235367256824e-06    2.19697265843696e-05
4.19999999999995    1.0436785924952e-15    -1.44749975207072e-15    1.37710645381153e-12    4.81940311273742e-10    1.17350179114117e-06    2.19531389845221e-05
4.29999999999995    8.96429756107256e-16    -1.73394772186431e-15    1.37941849593926e-12    4.81193924188038e-10    1.17448648180354e-06    2.19361328448758e-05
4.39999999999995    7.15446004557112e-16    -1.77787671033446e-15    1.38271483977288e-12    4.81022277639853e-10    1.17588895724591e-06    2.19322200800524e-05
4.49999999999995    5.22979607416189e-16    -1.99313400411892e-15    1.38088345150903e-12    4.8202915763719e-10    1.17510997421902e-06    2.19551624370486e-05
4.59999999999995    3.31362179310436e-16    -1.94152034845843e-15    1.38331432066561e-12    4.81136626189477e-10    1.17614383502427e-06    2.19348267873142e-05
4.69999999999994    1.3012833423014e-16    -2.03280657020487e-15    1.3851518512672e-12    4.80977641678608e-10    1.17692474324708e-06    2.19312024676854e-05
4.79999999999994    -7.25528902330037e-17    -2.03103166497096e-15    1.38877002996723e-12    4.80458256853591e-10    1.17846087332895e-06    2.19193580392673e-05
4.89999999999994    -2.74505990949902e-16    -2.01124597644025e-15    1.38571723087739e-12    4.81334934770645e-10    1.177164912354e-06    2.19393467261595e-05
4.99999999999994    -4.7568158785612e-16    -2.0262573124721e-15    1.38731850283825e-12    4.81125517063366e-10    1.17784485516483e-06    2.19345735555393e-05
5.09999999999994    -6.83164704435586e-16    -2.10077571116268e-15    1.38702561473417e-12    4.80950391780748e-10    1.1777205163935e-06    2.19305812002498e-05
5.19999999999993    -8.94098648622708e-16    -2.13209340708265e-15    1.38747525401653e-12    4.80862864309222e-10    1.17791139480715e-06    2.19285855519507e-05
5.29999999999993    -1.1073225389584e-15    -2.06404739622366e-15    1.38509657172652e-12    4.81689783569499e-10    1.17690125827383e-06    2.19474322773644e-05
5.39999999999993    -1.30892066972333e-15    -1.92197868351805e-15    1.38538560866204e-12    4.81021171291261e-10    1.17702404761417e-06    2.19321948580451e-05
5.49999999999993    -1.46855643641984e-15    -1.31611936293823e-15    1.38404791206291e-12    4.81339666492493e-10    1.17645565664963e-06    2.19394545623289e-05
5.59999999999993    -1.57956980769162e-15    -8.26485590545745e-16    1.38070528669062e-12    4.82480818943013e-10    1.17503416405253e-06    2.19654460219458e-05
5.69999999999992    -1.63485665340695e-15    -3.34895197513219e-16    1.38064235675755e-12    4.82245290756908e-10    1.17500738583106e-06    2.19600840334665e-05
5.79999999999992    -1.6633792175724e-15    -3.2955026548257e-16    1.37629055215574e-12    4.83006872152743e-10    1.17315410418058e-06    2.19774173221683e-05
5.89999999999992    -1.68342389582516e-15    -3.07841375843203e-17    1.37438175011957e-12    4.8319013597603e-10    1.17234028768083e-06    2.19815862934418e-05
5.99999999999992    -1.63429995005723e-15    1.22507762401761e-15    1.37127083209252e-12    4.83299785532224e-10    1.17101273780114e-06    2.19840802748767e-05
6.09999999999991    -1.44263873109067e-15    2.55919123259867e-15    1.36765228091494e-12    4.83815161062081e-10    1.16946666515765e-06    2.19957987138926e-05
6.19999999999991    -1.1394094253017e-15    3.4093432422239e-15    1.36790935880448e-12    4.83478854634189e-10    1.1695765724417e-06    2.1988152597119e-05
6.29999999999991    -8.01264305373364e-16    3.49088636807374e-15    1.36454816817009e-12    4.84495848753756e-10    1.16813876237803e-06    2.20112664050426e-05
6.39999999999991    -4.31802661514163e-16    3.76998957265661e-15    1.36351774104634e-12    4.84771761635056e-10    1.16769762397906e-06    2.2017533050618e-05
6.49999999999991    -1.24495749094038e-17    4.34707753073728e-15    1.36188359086311e-12    4.84837755640496e-10    1.16699768245833e-06    2.20190316690016e-05
6.5999999999999    3.75913265360633e-16    3.51886651593049e-15    1.36633336051998e-12    4.83922772644054e-10    1.16890263089788e-06    2.19982447627999e-05
6.6999999999999    7.12546886730839e-16    3.24078412125189e-15    1.36214666631409e-12    4.85421690328114e-10    1.16711039165714e-06    2.20322874511049e-05
6.7999999999999    1.05442992748463e-15    3.52960086419963e-15    1.36673325565385e-12    4.84512505933845e-10    1.16907367417706e-06    2.2011644780294e-05
6.8999999999999    1.3433023561729e-15    2.26761295894729e-15    1.36480861432955e-12    4.84936378505234e-10    1.16825023617783e-06    2.20212710465412e-05
6.9999999999999    1.55859748469632e-15    2.20530236423402e-15    1.36812325558966e-12    4.84132190407564e-10    1.1696680108431e-06    2.20030041223367e-05
7.09999999999989    1.77303661481596e-15    1.76648530899959e-15    1.36926206736675e-12    4.83731113428404e-10    1.17015471941395e-06    2.1993888092568e-05
7.19999999999989    1.90625230924855e-15    1.11992939736267e-15    1.37060456981709e-12    4.83413858591905e-10    1.17072822201273e-06    2.19866745687451e-05
7.29999999999989    1.99846512675935e-15    8.26987604910963e-16    1.37208995564581e-12    4.83073269120031e-10    1.1713624356474e-06    2.19789278428232e-05
7.39999999999989    2.06665760129919e-15    1.88366870079274e-16    1.37441724726134e-12    4.82679811065965e-10    1.17235542701919e-06    2.19699752176912e-05
7.49999999999988    2.05393549464018e-15    -2.29209567962434e-16    1.37472793519947e-12    4.82848743762998e-10    1.17248792539602e-06    2.1973819507837e-05
7.59999999999988    2.02518180099058e-15    -3.10974250573742e-16    1.37804043992353e-12    4.82120699772754e-10    1.17389967200078e-06    2.19572470900328e-05
7.69999999999988    1.95367420365883e-15    -1.10714432219769e-15    1.38037336998115e-12    4.8158231997042e-10    1.1748929185169e-06    2.19449839364357e-05
7.79999999999988    1.86289240224895e-15    -7.55610706720476e-16    1.37884864297077e-12    4.82244687887157e-10    1.17424386009498e-06    2.19600703069721e-05
7.89999999999988    1.77491666589945e-15    -9.15930841440868e-16    1.38289589251809e-12    4.81503474382794e-10    1.17596594020324e-06    2.19431874253216e-05
7.99999999999987    1.67372751836961e-15    -1.12202641178956e-15    1.38527504125368e-12    4.80774610343452e-10    1.17697707762457e-06    2.19265731554991e-05
8.09999999999987    1.56510928736699e-15    -1.15306158446616e-15    1.38522882895388e-12    4.80937156971653e-10    1.17695744568522e-06    2.19302794549375e-05
8.19999999999987    1.44602014087722e-15    -1.14824187697536e-15    1.3853406361885e-12    4.81443553158893e-10    1.17700494314531e-06    2.194182201092e-05
8.29999999999987    1.33010352657954e-15    -1.164002913851e-15    1.38904263743559e-12    4.80426357049438e-10    1.17857653015644e-06    2.19186303643599e-05
8.39999999999987    1.2140656144923e-15    -1.16151558331819e-15    1.38602248197262e-12    4.8116901266606e-10    1.1772945604107e-06    2.19355650181631e-05
8.49999999999986    1.09926739917821e-15    -1.12302345955587e-15    1.39123548311984e-12    4.80377081910654e-10    1.17950645743033e-06    2.19175062885962e-05
8.59999999999986    9.83180947249301e-16    -1.14868908321996e-15    1.38802943497047e-12    4.81697607166165e-10    1.1781466101341e-06    2.19476105115378e-05
8.69999999999986    8.74700961020659e-16    -1.10948845721224e-15    1.38801028136422e-12    4.81654774492097e-10    1.1781384814037e-06    2.19466346962831e-05
8.79999999999986    7.6244838020627e-16    -1.08534474826794e-15    1.38944649267944e-12    4.80944805022699e-10    1.17874784949091e-06    2.19304538261911e-05
8.89999999999985    6.56529089568612e-16    -1.0334700685023e-15    1.38979050567127e-12    4.8104534656877e-10    1.17889376352209e-06    2.19327459878778e-05
8.99999999999985    5.51692742473113e-16    -1.23646935474363e-15    1.38715268764386e-12    4.81902315402835e-10    1.17777446382737e-06    2.19522735816324e-05
9.09999999999985    4.17942246535963e-16    -1.23124353360836e-15    1.38455273479891e-12    4.82604369958747e-10    1.1766701894749e-06    2.19682582368004e-05
9.19999999999985    2.69817842053818e-16    -1.78681071132564e-15    1.38362666877726e-12    4.82005076395336e-10    1.17627661235666e-06    2.19546140115315e-05
9.29999999999985    7.61483371490509e-17    -2.30057136215744e-15    1.38160620259643e-12    4.82260056860164e-10    1.1754174588615e-06    2.19604202341432e-05
9.39999999999984    -1.0964905280306e-16    -1.10990065739142e-15    1.37424533916966e-12    4.84116950938312e-10    1.17228210733153e-06    2.20026578153257e-05
9.49999999999984    -2.60359162767736e-16    -1.70868686120296e-15    1.37371610869994e-12    4.83274734854463e-10    1.17205635901178e-06    2.19835105216265e-05
9.59999999999984    -4.11357392621345e-16    -1.67377929103264e-15    1.37081351130801e-12    4.83349622779185e-10    1.17081745430618e-06    2.19852137305778e-05
9.69999999999984    -5.43301178809923e-16    -9.67644680170049e-16    1.36672044342583e-12    4.84235589615099e-10    1.16906819451469e-06    2.20053536580328e-05
9.79999999999984    -6.37151224532911e-16    -7.52069985639566e-16    1.36382552584562e-12    4.84757052893577e-10    1.16782940785271e-06    2.20171990247074e-05
9.89999999999983    -6.83520005449325e-16    -2.93621596578965e-16    1.36407742982791e-12    4.84433412290134e-10    1.16793725423411e-06    2.20098480751261e-05
9.99999999999983    -7.43146101942722e-16    -5.46940573139031e-16    1.36461287142009e-12    4.84396740580462e-10    1.16816645706855e-06    2.200901498433e-05
10.0999999999998    -7.64589156321146e-16    -2.73664567816682e-16    1.36356130981515e-12    4.8506324151647e-10    1.16771627967377e-06    2.20241513234102e-05
10.1999999999998    -8.16289404241934e-16    -9.08066639491621e-16    1.36425273478079e-12    4.85208250423097e-10    1.16801230078317e-06    2.20274431204145e-05
10.2999999999998    -9.03926710050382e-16    -5.58968307353925e-16    1.36919588936146e-12    4.84111562398679e-10    1.17012644161281e-06    2.20025353629685e-05
10.3999999999998    -9.32143506354973e-16    3.79732925022253e-17    1.36946599009827e-12    4.8437078978819e-10    1.17024185111381e-06    2.2008425427281e-05
10.4999999999998    -9.01198038808498e-16    6.78466391999766e-16    1.37111124239741e-12    4.84222293889105e-10    1.17094459407668e-06    2.20050515538843e-05
10.5999999999998    -7.85366992695928e-16    1.66473410570245e-15    1.37202301270992e-12    4.84082163011048e-10    1.17133386048126e-06    2.20018672619177e-05
10.6999999999998    -6.16986134459841e-16    1.49177330343807e-15    1.37333867786832e-12    4.83421364856034e-10    1.17189533571404e-06    2.1986845268388e-05
10.7999999999998    -4.70202294997096e-16    1.11181639970424e-15    1.37681301591934e-12    4.82524246360871e-10    1.17337675787419e-06    2.1966434539107e-05
10.8999999999998    -3.58161048880656e-16    1.49927063912959e-15    1.37471205522327e-12    4.83266290453165e-10    1.17248115346187e-06    2.19833184586214e-05
10.9999999999998    -2.0948471733101e-16    1.48190075567068e-15    1.37522062542784e-12    4.82724050279446e-10    1.17269801118099e-06    2.19709820053507e-05
11.0999999999998    -6.17624390590278e-17    1.5538107980758e-15    1.37878397034371e-12    4.81921712167948e-10    1.1742163217839e-06    2.19527153711779e-05
11.1999999999998    1.04968913136042e-16    1.65234375547042e-15    1.38099699929849e-12    4.81540589951873e-10    1.17515828691223e-06    2.19440331286633e-05
11.2999999999998    2.67752166612178e-16    1.51390465661779e-15    1.38058518373817e-12    4.81566305011584e-10    1.1749830567877e-06    2.19446190445764e-05
11.3999999999998    4.02615970476167e-16    1.08807007846968e-15    1.38137248006523e-12    4.81975335724584e-10    1.17531803358292e-06    2.19539366794337e-05
11.4999999999998    4.96655894664672e-16    9.53985710144521e-16    1.385456634898e-12    4.81203808072411e-10    1.17705421918364e-06    2.19363581314769e-05
11.5999999999998    5.84168924230285e-16    8.41833787296831e-16    1.38832642888626e-12    4.80468713319803e-10    1.17827264624375e-06    2.1919596559239e-05
11.6999999999998    6.6569688817726e-16    7.57375101195721e-16    1.38990164254249e-12    4.80855077123435e-10    1.17894089866392e-06    2.19284079933641e-05
11.7999999999998    7.44322386288925e-16    8.10308707682694e-16    1.39028017039395e-12    4.81272735576529e-10    1.17910142498173e-06    2.19379291542417e-05
11.8999999999998    8.25183826534173e-16    8.15322218751116e-16    1.39250049291843e-12    4.81140808647644e-10    1.18004258097682e-06    2.19349221254064e-05
11.9999999999998    9.04752021014425e-16    7.78449344897428e-16    1.39366307285866e-12    4.80866137722058e-10    1.18053507904622e-06    2.19286601898533e-05
12.0999999999998    9.82861700235496e-16    7.30194235256993e-16    1.39561727911712e-12    4.80762603235457e-10    1.18136246728814e-06    2.19262993511321e-05
12.1999999999998    1.05177340921142e-15    6.51059251705567e-16    1.39711223276831e-12    4.81379699133433e-10    1.18199502231114e-06    2.19403668869377e-05
12.2999999999998    1.10611098440686e-15    4.34018481093929e-16    1.39700652935521e-12    4.81597777943232e-10    1.18195030748133e-06    2.19453361319264e-05
12.3999999999998    1.12829293913262e-15    7.27662225676134e-17    1.3976638352675e-12    4.8144456516158e-10    1.18222833465769e-06    2.19418450719528e-05
12.4999999999998    1.12989408729911e-15    -2.03715762396359e-16    1.39583070888572e-12    4.81878786553956e-10    1.18145279587706e-06    2.19517376659333e-05
12.5999999999998    1.09164542007512e-15    -3.7852100790358e-16    1.39340358437151e-12    4.82116722042604e-10    1.18042517101742e-06    2.19571565108646e-05
12.6999999999998    1.04524448322045e-15    -6.50528264324402e-16    1.39141252396136e-12    4.82330356097525e-10    1.17958150373824e-06    2.19620207653468e-05
12.7999999999998    9.66586039265322e-16    -9.24642314072633e-16    1.38599942625601e-12    4.82994402174642e-10    1.17728476854838e-06    2.19771336205303e-05
12.8999999999998    8.65018957416475e-16    -1.06516403779071e-15    1.38335474126392e-12    4.82785081202359e-10    1.17616101842559e-06    2.19723708598403e-05
12.9999999999998    7.48580166453034e-16    -1.32881574519683e-15    1.37543438416045e-12    4.83927178899268e-10    1.17278914735789e-06    2.19983449127262e-05
13.0999999999998    6.34131979130559e-16    -8.21107255972666e-16    1.37236007567886e-12    4.83967560577056e-10    1.17147773161886e-06    2.19992627280338e-05
13.1999999999998    5.36460147211262e-16    -1.17689060778827e-15    1.3681496234825e-12    4.84433004936529e-10    1.16967928231738e-06    2.20098388212301e-05
13.2999999999998    3.84111713726554e-16    -1.84086118841549e-15    1.36568226199759e-12    4.84286861581641e-10    1.1686240892595e-06    2.20065186156657e-05
13.3999999999998    2.3239663894097e-16    -1.13001520269555e-15    1.36275729231523e-12    4.84841882807147e-10    1.16737195970917e-06    2.20191253869709e-05
13.4999999999998    1.17791808071982e-16    -1.35389934707179e-15    1.36509713525693e-12    4.84438725622883e-10    1.16837371386767e-06    2.20099687783259e-05
13.5999999999998    -2.48415315357295e-17    -1.48732236943792e-15    1.36693177769452e-12    4.84596876064441e-10    1.16915857679552e-06    2.20135611854248e-05
13.6999999999998    -1.18894865701625e-16    -2.02063115814073e-16    1.36898071558648e-12    4.85099134391369e-10    1.17003449333192e-06    2.20249661609586e-05
13.7999999999998    -8.39655306585747e-17    1.13768050854386e-15    1.37227790968594e-12    4.84954096725479e-10    1.17144266171501e-06    2.20216733407223e-05
13.8999999999997    8.14403677668065e-18    2.81109951828028e-16    1.37694418366687e-12    4.84089214865137e-10    1.1734326498214e-06    2.20020275171434e-05
13.9999999999997    4.77778532767875e-17    4.44929057349947e-16    1.37813456917494e-12    4.84101611245754e-10    1.17393976386139e-06    2.20023092253007e-05
14.0999999999997    8.49831559933663e-17    6.68633099509261e-16    1.37924551666236e-12    4.8356926771404e-10    1.17441283910828e-06    2.19902084509001e-05
14.1999999999997    1.69104942814695e-16    6.12508673488912e-16    1.37931224439002e-12    4.83337991573193e-10    1.17444124773869e-06    2.19849492056087e-05
14.2999999999997    2.02569977174448e-16    3.67496097262207e-16    1.37906981507411e-12    4.83128957675119e-10    1.1743380327121e-06    2.19801946687266e-05
14.3999999999997    2.63360857067048e-16    6.52231029615212e-16    1.37906297385142e-12    4.82835795127095e-10    1.17433511990889e-06    2.19735248680564e-05
14.4999999999997    3.27192852933423e-16    6.34701753856003e-16    1.37705896376921e-12    4.8317888227681e-10    1.17348155663786e-06    2.1981330311808e-05
14.5999999999997    4.28811322076885e-16    1.56982930679852e-15    1.38018940983459e-12    4.81405750985704e-10    1.17481462786032e-06    2.19409605757292e-05
14.6999999999997    5.7847211360158e-16    1.35753199524802e-15    1.38126927799522e-12    4.81303864764643e-10    1.17527412887174e-06    2.19386386260552e-05
14.7999999999997    7.20945001207824e-16    1.42183068528268e-15    1.38078928189523e-12    4.82161084944994e-10    1.17506990511e-06    2.19581667027326e-05
14.8999999999997    8.73240314294451e-16    1.68200851553763e-15    1.38557340971079e-12    4.81081572550069e-10    1.17710382282566e-06    2.19335718146878e-05
14.9999999999997    1.04791952129548e-15    1.83476907578146e-15    1.38758479337119e-12    4.81187630869903e-10    1.17795789117064e-06    2.19359893980167e-05
15.0999999999997    1.24369485331708e-15    1.96558995266253e-15    1.38931170279398e-12    4.81404080825004e-10    1.17869067307499e-06    2.19409225153594e-05
15.1999999999997    1.43566367968079e-15    1.94630058824082e-15    1.39447413274883e-12    4.80805593410581e-10    1.18087854275909e-06    2.19272796627986e-05
15.2999999999997    1.63360842741607e-15    1.98299470005436e-15    1.39807371360116e-12    4.80842230175083e-10    1.18240167185316e-06    2.19281150620632e-05
15.3999999999997    1.83146428072118e-15    1.97112043980951e-15    1.40113389283912e-12    4.81154834766073e-10    1.18369501681773e-06    2.19352418442577e-05
15.4999999999997    2.03031775543792e-15    1.98068304154653e-15    1.40620433469371e-12    4.81123192331147e-10    1.18583486822311e-06    2.19345205630565e-05
15.5999999999997    2.21895299112464e-15    1.79079412314003e-15    1.41218218288006e-12    4.8072229196276e-10    1.18835271821125e-06    2.19253800870763e-05
15.6999999999997    2.39073713188229e-15    1.6408927760448e-15    1.41230536377314e-12    4.81380958155129e-10    1.1884045455034e-06    2.19403955788206e-05
15.7999999999997    2.54897418130065e-15    1.48825294839444e-15    1.41548022730562e-12    4.81194159923738e-10    1.18973956280592e-06    2.19361382181034e-05
15.8999999999997    2.67946937515835e-15    1.15858335198847e-15    1.41426320311666e-12    4.81910526801285e-10    1.18922798618123e-06    2.1952460609264e-05
15.9999999999997    2.75320138372975e-15    4.6093872841967e-16    1.41525517882795e-12    4.81857684939485e-10    1.18964498016339e-06    2.19512570241316e-05
16.0999999999997    2.80612075870633e-15    1.51777603498844e-16    1.41313125604604e-12    4.82353042885699e-10    1.18875197415022e-06    2.19625372597453e-05
16.1999999999997    2.79088421928834e-15    -2.06388652147877e-16    1.40839495168449e-12    4.82599575517649e-10    1.18675816899842e-06    2.19681491145169e-05
16.2999999999997    2.69743417917005e-15    -1.65897396445916e-15    1.40278593297436e-12    4.82655409396525e-10    1.18439264307676e-06    2.19694198693667e-05
16.3999999999998    2.50979568962892e-15    -2.37894303529276e-15    1.39452783271999e-12    4.83207401205891e-10    1.18090127983671e-06    2.19819790102231e-05
16.4999999999998    2.22514330286789e-15    -2.93867366867464e-15    1.38498380511739e-12    4.83819168489543e-10    1.17685334902756e-06    2.19958898089971e-05
16.5999999999998    1.85423402543688e-15    -4.57519757413415e-15    1.37501697612495e-12    4.84243413782623e-10    1.17261117857752e-06    2.20055314360418e-05
16.6999999999998    1.35345562913632e-15    -5.7358419248116e-15    1.36918183794617e-12    4.84253592928942e-10    1.17012043736795e-06    2.20057627209089e-05
16.7999999999998    7.36330800558561e-16    -6.42057299924176e-15    1.36495964243046e-12    4.84723700563799e-10    1.16831487298179e-06    2.20164415963116e-05
16.8999999999998    3.69314109193079e-17    -7.42152294023188e-15    1.36447404343684e-12    4.8463484011509e-10    1.16810703423823e-06    2.20144234563408e-05
16.9999999999999    -7.32694921581863e-16    -8.04526827009433e-15    1.36781592647715e-12    4.84793620907606e-10    1.16953662895916e-06    2.20180294510568e-05
17.0999999999999    -1.54882574825419e-15    -7.88707785020691e-15    1.37253687731714e-12    4.84928760843063e-10    1.1715531901357e-06    2.20210980844068e-05
17.1999999999999    -2.32049388205059e-15    -7.76434529710224e-15    1.37862731853035e-12    4.84860972545227e-10    1.17414961505353e-06    2.20195588635474e-05
17.2999999999999    -3.01597913945778e-15    -6.17271230123968e-15    1.38593923807904e-12    4.84597246695552e-10    1.17725920598611e-06    2.20135696036684e-05
17.3999999999999    -3.63660428666413e-15    -5.95884626563522e-15    1.38935234912963e-12    4.84576368147212e-10    1.17870791510435e-06    2.20130953785971e-05
17.4999999999999    -4.1394235590812e-15    -4.28369009124078e-15    1.39408191972685e-12    4.8348914491164e-10    1.18071246276426e-06    2.19883865918271e-05
17.6    -4.51513096720367e-15    -2.91301247928308e-15    1.391851269955e-12    4.84032549393676e-10    1.17976746435686e-06    2.20007397465103e-05
17.7    -4.69834350731713e-15    -1.04909928334631e-15    1.39026087590275e-12    4.83396240289978e-10    1.17909324309096e-06    2.19862739064622e-05
17.8    -4.77159292335142e-15    -2.86003758505447e-16    1.38722110273115e-12    4.82726678528896e-10    1.17780350769182e-06    2.19710418171032e-05
17.9    -4.74453189964943e-15    5.86452100752061e-16    1.38369515810494e-12    4.8281674916881e-10    1.17630572476076e-06    2.19730914795531e-05
18    -4.6530324475667e-15    1.30686907909766e-15    1.38098959754301e-12    4.82605014791232e-10    1.17515513764907e-06    2.19682729132545e-05
18.1    -4.49656776867538e-15    1.85521928618754e-15    1.38186914033311e-12    4.81821272545391e-10    1.17552930220097e-06    2.19504276164587e-05
18.2    -4.28601607538676e-15    2.29215552105033e-15    1.38147752140138e-12    4.81826428510008e-10    1.17536271907925e-06    2.19505450617976e-05
18.3000000000001    -4.05299587020727e-15    2.21592377719e-15    1.38381085296348e-12    4.81931063874568e-10    1.17635490093912e-06    2.19529283667252e-05
18.4000000000001    -3.85231058005215e-15    1.9176100956395e-15    1.38955214123694e-12    4.81154180197552e-10    1.17879266253101e-06    2.19352269237761e-05
18.5000000000001    -3.66737399125534e-15    1.74616382059978e-15    1.39285516423688e-12    4.81241350709518e-10    1.18019285044305e-06    2.19372138319687e-05
18.6000000000001    -3.49404146018911e-15    1.70601166762095e-15    1.39858244728012e-12    4.8115105556905e-10    1.18261677955292e-06    2.19351556996765e-05
18.7000000000001    -3.32860243566537e-15    1.6146369579918e-15    1.40786991020769e-12    4.8039510820903e-10    1.18653694009402e-06    2.1917917515335e-05
18.8000000000001    -3.16626466900241e-15    1.63430382149842e-15    1.41337792056448e-12    4.8155344515825e-10    1.18885571898548e-06    2.19443260356351e-05
18.9000000000002    -3.00091082457632e-15    1.68111370264981e-15    1.42510110678103e-12    4.80733611504145e-10    1.19377598685056e-06    2.19256382234166e-05
19.0000000000002    -2.82541581850794e-15    1.91549492920986e-15    1.43163848462949e-12    4.81318090984309e-10    1.19651096302102e-06    2.19389628511539e-05
19.1000000000002    -2.61024528665195e-15    2.3588630239084e-15    1.43927686006223e-12    4.81810465697544e-10    1.1996986538553e-06    2.19501814502191e-05
19.2000000000002    -2.35563333498417e-15    2.84314100046297e-15    1.45230174777174e-12    4.79795281732216e-10    1.20511482762919e-06    2.19042297680657e-05
19.3000000000002    -2.04969738350787e-15    3.10540990047562e-15    1.45329021747723e-12    4.82076427348277e-10    1.20552487219353e-06    2.19562389162688e-05
19.4000000000002    -1.72067602290476e-15    3.58134049474343e-15    1.45773700756957e-12    4.82215784237161e-10    1.20736780128077e-06    2.19594122015404e-05
19.5000000000002    -1.32945636819741e-15    4.36593644758593e-15    1.45971951511393e-12    4.81194321265579e-10    1.20818852631281e-06    2.19361418956383e-05
19.6000000000003    -8.3094307552463e-16    5.44141646176381e-15    1.45214366178002e-12    4.8316319360625e-10    1.20504923624722e-06    2.19809734453743e-05
19.7000000000003    -2.50775199507913e-16    6.12432867445225e-15    1.44880564940801e-12    4.81884839563379e-10    1.20366342862447e-06    2.19518755363495e-05
19.8000000000003    3.66074168022895e-16    6.42940677864057e-15    1.43355629555441e-12    4.83112240828634e-10    1.19731211284043e-06    2.19798143947722e-05
19.9000000000003    1.04395059393564e-15    7.1846972244555e-15    1.41654636147765e-12    4.84093052387432e-10    1.19018753206276e-06    2.20021147253493e-05
20.0000000000003    1.83377322847252e-15    8.07209337096688e-15    1.40323326562941e-12    4.82767080838905e-10    1.18458147276978e-06    2.19719612424313e-05
20.1000000000003    2.61014903365404e-15    7.6893854645569e-15    1.38178877599072e-12    4.85044228175469e-10    1.17549511950953e-06    2.2023719671651e-05
20.2000000000004    3.34762295624726e-15    6.8015834620266e-15    1.37213623858546e-12    4.84712524842353e-10    1.17138219150944e-06    2.20161877908586e-05
20.3000000000004    3.97173190945644e-15    5.8111577313783e-15    1.36627187642779e-12    4.84376568025964e-10    1.16887633068165e-06    2.2008556700201e-05
20.4000000000004    4.46539255130508e-15    4.02973610419914e-15    1.36555258624307e-12    4.85370012974665e-10    1.1685686057066e-06    2.20311146557469e-05
20.5000000000004    4.81920480412915e-15    2.8492021647479e-15    1.3728934767838e-12    4.85385419623858e-10    1.17170537115087e-06    2.203146430957e-05
20.6000000000004    5.00424755062128e-15    9.7488829976222e-16    1.38944922625486e-12    4.8401265523625e-10    1.17874900901543e-06    2.20002876171256e-05
20.7000000000004    5.00825056702529e-15    -1.08622352114424e-15    1.40070238957851e-12    4.851356556531e-10    1.18351273317126e-06    2.20257952331601e-05
20.8000000000005    4.82549409872763e-15    -2.18412611321774e-15    1.41136876369462e-12    4.85468316916404e-10    1.18801042238468e-06    2.20333455679432e-05
20.9000000000005    4.54654924483136e-15    -3.67049033231448e-15    1.42375117855206e-12    4.83342711630167e-10    1.19321045023586e-06    2.1985056552808e-05
21.0000000000005    4.12705579604952e-15    -4.53957136763915e-15    1.42365321098328e-12    4.83796893763867e-10    1.1931693974383e-06    2.19953834648061e-05
21.1000000000005    3.63474860324013e-15    -5.08439870645868e-15    1.4188843665237e-12    4.84218077318874e-10    1.19116932739376e-06    2.20049557445334e-05
21.2000000000005    3.10430153069562e-15    -5.57085768818056e-15    1.41356656656922e-12    4.82921245624821e-10    1.18893505565662e-06    2.19754691787188e-05
21.3000000000005    2.57598622206344e-15    -5.18490131804545e-15    1.4027243266909e-12    4.83362755105881e-10    1.18436663524894e-06    2.19855123912517e-05
21.4000000000005    2.05735974192688e-15    -4.92867060876723e-15    1.39261638956835e-12    4.83290360501846e-10    1.18009168693299e-06    2.19838659134795e-05
21.5000000000006    1.58923306068915e-15    -4.37865664520236e-15    1.38912815698044e-12    4.81293776390165e-10    1.17861281046001e-06    2.19384087023231e-05
21.6000000000006    1.16831106714543e-15    -4.19076361943128e-15    1.38274707757059e-12    4.82209559596485e-10    1.17590266500701e-06    2.1959270470498e-05
21.7000000000006    7.62403370376598e-16    -3.78944420827281e-15    1.38081713664715e-12    4.82988641502424e-10    1.17508175743101e-06    2.1977002559549e-05
21.8000000000006    4.16802368459607e-16    -3.20026785310456e-15    1.38854493602648e-12    4.8086382349781e-10    1.17836536610106e-06    2.19286074226753e-05
21.9000000000006    1.16289165408894e-16    -2.77349933867071e-15    1.39580978397486e-12    4.80938310195079e-10    1.18144394025906e-06    2.19303057478704e-05
22.0000000000006    -1.34996499517635e-16    -2.32360048484779e-15    1.4032734319357e-12    4.82576679940981e-10    1.18459842644489e-06    2.1967627999877e-05
22.1000000000007    -3.54852712969915e-16    -2.06690203261949e-15    1.42323575723324e-12    4.8028324489523e-10    1.19299444979147e-06    2.19153654976418e-05
22.2000000000007    -5.54682996504681e-16    -1.95942188461264e-15    1.43610351099774e-12    4.80810150370983e-10    1.19837536314702e-06    2.19273835733081e-05
22.3000000000007    -7.49918083747795e-16    -1.95128114693638e-15    1.45333502489841e-12    4.81770863160816e-10    1.20554345624636e-06    2.19492793312404e-05
22.4000000000007    -9.48268477488943e-16    -2.03539513077752e-15    1.47374001523696e-12    4.81502348229912e-10    1.21397694180613e-06    2.19431617646572e-05
22.5000000000007    -1.15880167626932e-15    -2.20055078107059e-15    1.49653906974596e-12    4.79972252233757e-10    1.22333113658811e-06    2.19082690378258e-05
22.6000000000007    -1.39151355533597e-15    -2.43268052103916e-15    1.51398793137755e-12    4.8092582239668e-10    1.23044216905044e-06    2.1930021030466e-05
22.7000000000007    -1.64527929291773e-15    -2.74603884114321e-15    1.52891953311676e-12    4.82133287460278e-10    1.23649485769928e-06    2.19575337290024e-05
22.8000000000008    -1.9466318055908e-15    -3.05520244900012e-15    1.54200401090177e-12    4.82296867959137e-10    1.241774541091e-06    2.19612583418878e-05
22.9000000000008    -2.25754860858056e-15    -3.39681429020074e-15    1.55366755675944e-12    4.81148890947362e-10    1.24646201577081e-06    2.19351063582414e-05
23.0000000000008    -2.60565037005819e-15    -3.57144174511087e-15    1.55622065424549e-12    4.81233745464531e-10    1.24748573308295e-06    2.19370404901056e-05
23.1000000000008    -3.01874859759421e-15    -4.63107031237834e-15    1.54351010547006e-12    4.83488792456249e-10    1.24238082143522e-06    2.1988378577245e-05
23.2000000000008    -3.49444723307213e-15    -4.83985390139021e-15    1.52894338838435e-12    4.82252465646052e-10    1.2365045039887e-06    2.19602473949191e-05
23.3000000000008    -4.00378273906409e-15    -5.33436759370029e-15    1.50351314154429e-12    4.82250922526439e-10    1.22617826662533e-06    2.19602122605051e-05
23.4000000000009    -4.54659640592677e-15    -5.37238899242262e-15    1.46669947419682e-12    4.84309747065803e-10    1.21107368652647e-06    2.20070385800953e-05
23.5000000000009    -5.05393248060071e-15    -5.02097690109296e-15    1.43033455328051e-12    4.85152394225402e-10    1.1959659498834e-06    2.20261752064539e-05
23.6000000000009    -5.54752772619721e-15    -4.64854941527697e-15    1.39820359907692e-12    4.85010828812276e-10    1.18245659500758e-06    2.20229613996909e-05
23.7000000000009    -5.94280263134723e-15    -2.95667384937553e-15    1.3780539945618e-12    4.83756279867395e-10    1.1739054453242e-06    2.19944602085933e-05
23.8000000000009    -6.1363537164483e-15    -7.12780296978977e-16    1.36521639638648e-12    4.85307373108028e-10    1.16842474998884e-06    2.20296929871487e-05
23.9000000000009    -6.07892333360696e-15    1.82753226242847e-15    1.37120488053566e-12    4.860185225883e-10    1.17098457741153e-06    2.20458277818797e-05
24.000000000001    -5.77648571304758e-15    3.86026959660875e-15    1.39320467371633e-12    4.85368052470205e-10    1.18034091419231e-06    2.20310701617104e-05
24.100000000001    -5.26386902579267e-15    6.59791569003051e-15    1.42333363441552e-12    4.84875050399705e-10    1.19303547072814e-06    2.20198785282686e-05
24.200000000001    -4.51684155192823e-15    8.07749585756378e-15    1.453135996396e-12    4.84925355474293e-10    1.20546090620808e-06    2.2021020763677e-05
24.300000000001    -3.66658386753494e-15    9.09883795267759e-15    1.47628460115987e-12    4.84914066489786e-10    1.21502452697872e-06    2.20207644392693e-05
24.400000000001    -2.70916635049618e-15    9.53405439556929e-15    1.4912371751239e-12    4.84048908143012e-10    1.22116222309892e-06    2.20011115206258e-05
24.500000000001    -1.81862888808209e-15    8.36128881550284e-15    1.48970831659528e-12    4.84052740435519e-10    1.2205360775476e-06    2.20011986136101e-05
24.600000000001    -1.00981097925995e-15    7.94122402829135e-15    1.47799238980514e-12    4.83459280403573e-10    1.21572710334398e-06    2.19877074840369e-05
24.7000000000011    -2.74247898718124e-16    6.51580958032049e-15    1.45966517969852e-12    4.83031221770909e-10    1.20816603978862e-06    2.19779712842407e-05
24.8000000000011    3.15764301190853e-16    5.21995292492582e-15    1.4329594513859e-12    4.83747221751097e-10    1.19706284354076e-06    2.19942542894979e-05
24.9000000000011    7.51529912029449e-16    3.44051327356425e-15    1.41322807663811e-12    4.8278677720313e-10    1.1887926970831e-06    2.19724094537475e-05
25.0000000000011    1.03467896605045e-15    2.63757591112075e-15    1.39653125908512e-12    4.82522757519784e-10    1.18174923697251e-06    2.19664006500788e-05
25.1000000000011    1.23753063989421e-15    1.22969680235059e-15    1.38735861135797e-12    4.82283395056059e-10    1.17786188127385e-06    2.19609515972341e-05
25.2000000000011    1.33243095713296e-15    5.90421634714172e-16    1.38533453112185e-12    4.82022572065876e-10    1.17700234966709e-06    2.19550124587957e-05
25.3000000000012    1.35011361519457e-15    -8.4744519640919e-17    1.39616759339451e-12    4.81228994629947e-10    1.18159535941646e-06    2.19369322064401e-05
25.4000000000012    1.31009555323139e-15    -7.151781463657e-16    1.40854306920574e-12    4.82685646313799e-10    1.18682057161381e-06    2.19701080178e-05
25.5000000000012    1.22011154043306e-15    -1.0201075994141e-15    1.43585104661089e-12    4.81903321196126e-10    1.19827002241185e-06    2.19522964902565e-05
25.6000000000012    1.11260039322055e-15    -1.14627739946892e-15    1.46918407575155e-12    4.80755477455002e-10    1.21209903710528e-06    2.19261368566148e-05
25.7000000000012    9.93283388842244e-16    -1.20286875082786e-15    1.50714760419064e-12    4.80418275976741e-10    1.22765940072589e-06    2.19184460210285e-05
25.8000000000012    8.72309710946699e-16    -1.20663152621211e-15    1.54587118164266e-12    4.81947095398545e-10    1.24333068072925e-06    2.19532934977544e-05
25.9000000000012    7.51184651711048e-16    -1.21540330563228e-15    1.59154508070771e-12    4.81089205611063e-10    1.26156453687781e-06    2.19337458180554e-05
26.0000000000013    6.34829654168397e-16    -1.12037033065563e-15    1.63378290829594e-12    4.81310854937966e-10    1.27819517613545e-06    2.19387979373977e-05
26.1000000000013    5.15126087328026e-16    -1.23839836825779e-15    1.67771256558122e-12    4.81472725501088e-10    1.29526544213193e-06    2.19424867665697e-05
26.2000000000013    4.03003553411698e-16    -1.16271170049795e-15    1.71782181381686e-12    4.81171822688455e-10    1.31065701608653e-06    2.19356290698137e-05
26.3000000000013    2.80619850506884e-16    -1.05600119981347e-15    1.74545976266038e-12    4.82184020154747e-10    1.32115849263454e-06    2.19586889443506e-05
26.4000000000013    1.8437679331566e-16    -1.03810275444508e-15    1.76611172912442e-12    4.8135685207908e-10    1.32895136446915e-06    2.19398462182186e-05
26.5000000000013    9.39132531575296e-17    -6.4859784214145e-16    1.76483959160092e-12    4.82097969800477e-10    1.32847265368954e-06    2.19567294878012e-05
26.6000000000014    6.83138162788711e-17    2.4804791022129e-16    1.74529346144731e-12    4.82533677323981e-10    1.32109555348858e-06    2.19666492056477e-05
26.7000000000014    9.54395587707669e-17    4.18673736530238e-16    1.70427064708417e-12    4.82618214183493e-10    1.30547717218041e-06    2.19685733306351e-05
26.8000000000014    2.07722722888051e-16    1.57842170746248e-15    1.6436408958578e-12    4.83479956089506e-10    1.28204559039755e-06    2.19881776436681e-05
26.9000000000014    4.21449136417171e-16    2.67766673153694e-15    1.56849867360563e-12    4.84985271895448e-10    1.25239717087098e-06    2.20223811586179e-05
27.0000000000014    7.28989039205263e-16    3.71891056410261e-15    1.49383246859565e-12    4.84958065818981e-10    1.2222243937165e-06    2.20217634584286e-05
27.1000000000014    1.11025498282002e-15    3.72800517542361e-15    1.42728892832305e-12    4.84983963204968e-10    1.19469198052178e-06    2.20223514458599e-05
27.2000000000015    1.54523664583848e-15    4.91694969919686e-15    1.38199440849287e-12    4.85844757841077e-10    1.17558258259166e-06    2.20418864401638e-05
27.3000000000015    2.05329021170036e-15    5.36156002098553e-15    1.36703162952596e-12    4.86890904401544e-10    1.16920127844865e-06    2.20656045555417e-05
27.4000000000015    2.60519155865677e-15    5.35278258644757e-15    1.39018185164385e-12    4.86430673660052e-10    1.17905973200845e-06    2.20551733990022e-05
27.5000000000015    3.13759481541674e-15    5.21211590565378e-15    1.44054463356734e-12    4.86137042934801e-10    1.20022690919982e-06    2.20485156628468e-05
27.6000000000015    3.59619236556333e-15    4.30826024281658e-15    1.50964354168954e-12    4.85059168891053e-10    1.22867552335413e-06    2.2024058865047e-05
27.7000000000015    3.97057887674444e-15    2.64280383550652e-15    1.57354932147243e-12    4.85000853687763e-10    1.25441194249434e-06    2.20227349275189e-05
27.8000000000015    4.12442669790344e-15    6.06073786696577e-16    1.62079042164958e-12    4.84961876740825e-10    1.27310267521892e-06    2.20218499845228e-05
27.9000000000016    4.11555747079332e-15    -9.30878439118282e-16    1.64431829133318e-12    4.84418364738238e-10    1.28230974859165e-06    2.20095062356755e-05
28.0000000000016    3.93043577090837e-15    -2.29725051880676e-15    1.63686719100414e-12    4.83594121879919e-10    1.27940110637913e-06    2.1990773562563e-05
28.1000000000016    3.65958483296026e-15    -3.42591703814688e-15    1.60234595839257e-12    4.83451840202029e-10    1.26583804587813e-06    2.19875382933613e-05
28.2000000000016    3.28002178519948e-15    -4.15107366340412e-15    1.55066514698442e-12    4.84231822154003e-10    1.24525706060412e-06    2.20052680545819e-05
28.3000000000016    2.84271669745266e-15    -4.41169642920079e-15    1.49774167939083e-12    4.83335208738295e-10    1.22382256859025e-06    2.19848859159718e-05
28.4000000000016    2.4195779834053e-15    -3.73648147154943e-15    1.44894859291637e-12    4.82736538682169e-10    1.20372280568093e-06    2.19712662057099e-05
28.5000000000017    2.09647438944104e-15    -2.95615933617312e-15    1.41032837728296e-12    4.83535190295204e-10    1.18757247243398e-06    2.19894336056026e-05
28.6000000000017    1.82384428800484e-15    -2.33565740719325e-15    1.39306586473129e-12    4.82712190253733e-10    1.18028211234912e-06    2.19707121016533e-05
28.7000000000017    1.62440399450219e-15    -1.83592853249176e-15    1.39223719900779e-12    4.82836374254948e-10    1.1799310145122e-06    2.19735380459076e-05
28.8000000000017    1.44856853645204e-15    -1.60523106157801e-15    1.41459322894969e-12    4.82518560451595e-10    1.18936673442202e-06    2.19663051160543e-05
28.9000000000017    1.3284754830984e-15    -8.06757995894959e-16    1.45426505352413e-12    4.81888909121865e-10    1.20592912458574e-06    2.19519682288825e-05
29.0000000000017    1.26461615465113e-15    -4.74998318328441e-16    1.51302335736195e-12    4.81477914939662e-10    1.23005014424695e-06    2.19426050171729e-05
29.1000000000017    1.23118882814393e-15    -2.62211050334377e-16    1.58229099109823e-12    4.82401358067344e-10    1.25789148621741e-06    2.19636371775566e-05
29.2000000000018    1.20891871929484e-15    -1.94053250305786e-16    1.66837222409136e-12    4.81576411621643e-10    1.29165483937907e-06    2.19448493187272e-05
29.3000000000018    1.19001201325821e-15    -1.90480461234715e-16    1.76041572012373e-12    4.81669219084178e-10    1.32680658730794e-06    2.19469637782582e-05
29.4000000000018    1.17119339558483e-15    -2.39545832379074e-16    1.85934737512746e-12    4.81268843769518e-10    1.36357888482019e-06    2.19378404536435e-05
29.5000000000018    1.1474065174792e-15    -1.52708102319017e-16    1.95907146311416e-12    4.813996545171e-10    1.3996683403986e-06    2.19408216463536e-05
29.6000000000018    1.13912524591885e-15    1.56099273589658e-17    2.05376607615906e-12    4.81769621426258e-10    1.43309667369618e-06    2.19492510447682e-05
29.7000000000018    1.15815404865662e-15    4.73458042528734e-16    2.1396068102873e-12    4.81414991664386e-10    1.46273948818212e-06    2.19411711552594e-05
29.8000000000019    1.24740177075866e-15    1.24777133938868e-15    2.20243109970452e-12    4.8170223983098e-10    1.48405899468469e-06    2.19477160504454e-05
29.9000000000019    1.42289022581668e-15    2.38453149872593e-15    2.23424811983981e-12    4.82354317996384e-10    1.49474015127707e-06    2.19625662889468e-05
