0 0 0
1 6.11014432707996e-21 1.96994509717879e-21
2 6.83937124801048e-21 2.20503987930691e-21
2.99999999999998 6.71894131379246e-21 2.16626856391005e-21
3.99999999999996 6.76923156538465e-21 2.18240988547251e-21
4.99999999999994 9.51081614596575e-21 3.06635564314384e-21
5.99999999999992 7.81408432489353e-21 2.51927660558433e-21
6.9999999999999 7.74590281492481e-21 2.49733208720035e-21
7.99999999999987 8.03836689590584e-21 2.59161749174816e-21
8.99999999999985 8.86710488555673e-21 2.85878541891938e-21
9.99999999999983 8.88833225109079e-21 2.86571190252115e-21
10.9999999999998 8.94637988340737e-21 2.88432752339141e-21
11.9999999999998 1.15957154535636e-20 3.73854087364616e-21
12.9999999999998 1.01275970831477e-20 3.26516290813017e-21
13.9999999999997 1.01710321813268e-20 3.27920011140335e-21
14.9999999999997 1.05298324333919e-20 3.39488385983817e-21
15.9999999999997 1.20425430559801e-20 3.88255278109532e-21
16.9999999999999 1.17763833679798e-20 3.79686135915288e-21
18 1.1949480479564e-20 3.85253541025896e-21
19.0000000000002 1.61818966540476e-20 5.21715580349699e-21
20.0000000000003 1.50332681659624e-20 4.84677313097324e-21
21.0000000000005 1.4717499203077e-20 4.74499361297318e-21
22.0000000000006 1.55869981141637e-20 5.02534966635606e-21
23.0000000000008 2.36485925876351e-20 7.62436933514866e-21
24.000000000001 2.34942145219782e-20 7.57484983798699e-21
25.0000000000011 2.34978744999668e-20 7.57576753017615e-21
26.0000000000013 7.31607669985454e-20 2.35875257501324e-20
27.0000000000014 5.79618741044282e-20 1.86871344395313e-20
28.0000000000016 6.44073316684196e-20 2.07651825438921e-20
29.0000000000017 6.21391286925063e-20 2.00340733388942e-20
30.0000000000019 3.69077488458298e-19 1.18991430090997e-19
31.000000000002 3.58675418494877e-19 1.15641768965304e-19
32.0000000000022 3.52975049760258e-19 1.13800079235103e-19
33.000000000002 6.1186758870145e-18 1.97270113368527e-18
34.0000000000018 3.04840850897627e-18 9.82821285917916e-19
35.0000000000016 5.04310508661618e-18 1.62591358575558e-18
36.0000000000014 4.06759352449374e-18 1.31142029105808e-18
37.0000000000012 7.55114737998717e-17 2.43450414380302e-17
38.000000000001 7.16524793092197e-17 2.31017021932603e-17
39.0000000000008 7.0178996188616e-17 2.26259169683152e-17
40.0000000000006 1.98144529485044e-15 6.38830395915264e-16
41.0000000000004 8.80694913139824e-16 2.83940785061037e-16
42.0000000000002 1.65955765297015e-15 5.35045127649707e-16
43 1.34284659347076e-15 4.32943237921785e-16
43.9999999999998 2.99370695811879e-14 9.65177210821103e-15
44.9999999999996 2.70290065394503e-14 8.71444654821833e-15
45.9999999999994 2.74858614178574e-14 8.86154352141771e-15
46.9999999999992 9.23025834045165e-13 2.97589389465077e-13
47.999999999999 4.10749182286392e-13 1.32431345403687e-13
48.9999999999988 7.43872344847447e-13 2.39809022287785e-13
49.9999999999986 6.26262858393482e-13 2.01911682510404e-13
50.9999999999984 1.87053073179481e-11 6.03047503462088e-12
51.9999999999982 2.92990911513707e-11 9.44247916387418e-12
52.999999999998 4.02337553415565e-11 1.29707382676658e-11
53.9999999999978 5.39360298767163e-10 1.73895132107316e-10
54.9999999999976 1.43884661225858e-08 4.64083677774332e-09
55.9999999999974 1.37131440941285e-08 4.42005309606323e-09
56.9999999999972 1.68844386102897e-08 5.44365638754771e-09
57.999999999997 1.7105489198231e-06 5.51103886970905e-07
58.9999999999968 1.14423096322762e-05 3.68070021145381e-06
59.9999999999966 2.7414026584276e-05 8.8367137948208e-06
60.9999999999964 0.000125397298635042 4.04241589495688e-05
61.9999999999962 0.000164507573222831 5.29808687481758e-05
62.999999999996 0.000192394119306249 6.19668970471194e-05
63.9999999999958 0.000283395823695615 9.13671973465619e-05
64.9999999999963 0.000228769772078046 7.37007950289507e-05
65.9999999999969 0.000310653452588531 9.99621277547896e-05
66.9999999999974 0.00033112677019656 0.000106738574656739
67.9999999999979 0.000369329571102443 0.00011905396836647
68.9999999999984 0.000466405241851378 0.000150027671347122
69.9999999999989 0.000468325416279265 0.000150813465756592
70.9999999999994 0.000600805970689214 0.00019369951598433
71.9999999999999 0.000564333136803999 0.0001817395903875
73.0000000000004 0.000703978054831104 0.000226337046482066
74.000000000001 0.000671928258064864 0.000216584959397934
75.0000000000015 0.00076316283531737 0.000245999924235515
76.000000000002 0.000936593741828843 0.000301105875060069
77.0000000000025 0.000667461846176623 0.000214874631342926
78.000000000003 0.00120681771098933 0.000389074631862694
79.0000000000035 0.000940292044301303 0.000302778299874287
80.000000000004 0.00127565758889296 0.000409935009157349
81.0000000000045 0.0013520863828093 0.000435808181699412
82.000000000005 0.00129541003846374 0.000417558618562542
83.0000000000056 0.00184732401168609 0.000593693029425242
84.0000000000061 0.00146679728166382 0.000472129412338273
85.0000000000066 0.00234594713188309 0.000756318147729805
86.0000000000071 0.00227971047008123 0.000734133783502653
87.0000000000076 0.00248225701072736 0.000797047094324844
88.0000000000081 0.00357838813208606 0.00115332026393986
89.0000000000086 0.00269138213863146 0.000867541047099621
90.0000000000091 0.00441389675861194 0.00141826512967732
91.0000000000096 0.00284027857404856 0.000913831269093704
92.0000000000102 0.00598220164330798 0.00192859974517109
93.0000000000107 0.00506168105873705 0.00163034219401166
94.0000000000112 0.00552347090189006 0.00177223178187551
95.0000000000117 0.00674721309597362 0.00217444597393394
96.0000000000122 0.00535935300251044 0.00172765886289113
97.0000000000127 0.00888015675918429 0.00285414128015471
98.0000000000132 0.00548330681790257 0.00176328342491476
99.0000000000137 0.0130254850507142 0.00419918665452193
100.000000000014 0.00929392885668189 0.00299443061411264
101.000000000015 0.0105645396157003 0.00338939635905612
102.000000000015 0.00991915632735047 0.00319581461615752
103.000000000016 0.00769333110692404 0.00248014709806033
104.000000000016 0.0135971035725013 0.00437307506308676
105.000000000017 0.0088564948674482 0.00284564439374445
106.000000000017 0.0186160382266084 0.0060011182841942
107.000000000018 0.0143763132694696 0.00463305315994403
108.000000000018 0.0136904215450905 0.00439220269200196
109.000000000019 0.0131955420878796 0.00424908008504759
110.000000000019 0.00755198098711678 0.00243462549638397
111.00000000002 0.018136109522027 0.00583622505543829
112.00000000002 0.0122042140201228 0.00391854109915038
113.000000000021 0.0233491150060717 0.00752569386203937
114.000000000021 0.017877060769288 0.0057619745011535
115.000000000022 0.0156697225442376 0.00503013272442447
116.000000000022 0.0154272412080255 0.00496444243002849
117.000000000023 0.00891017869385888 0.00287247022879106
118.000000000023 0.0212817370142863 0.00685056321687058
119.000000000024 0.0162504469252453 0.00521566017329832
120.000000000024 0.0244071438848106 0.00786473849280055
121.000000000025 0.0184309137444676 0.00594099708753481
122.000000000026 0.0135924400665409 0.00436514515305707
123.000000000026 0.017459129412041 0.00561363070093268
124.000000000027 0.012777808292186 0.00411918644407384
125.000000000027 0.0248368889474757 0.00799777519365899
126.000000000028 0.0202103122897826 0.00648462259040775
127.000000000028 0.0220249720179672 0.0070948312341888
128.000000000029 0.0190509177261372 0.00614090106012657
129.000000000028 0.0100139118669292 0.0032177410347978
130.000000000027 0.0221213581103756 0.0071080877251401
131.000000000026 0.0144970077225435 0.00467313656036882
132.000000000025 0.0293322487567587 0.00944736178754857
133.000000000024 0.0196238113504372 0.00629709710339692
134.000000000023 0.02190731801157 0.00705371210487323
135.000000000022 0.0205882931185401 0.00663672694599594
136.000000000021 0.0149529639298609 0.00480648501384944
137.00000000002 0.0282102083738124 0.00906071893584392
138.000000000019 0.0219821874920969 0.0070853290124043
139.000000000019 0.0307500252379646 0.0099063153792549
140.000000000018 0.0205522953550952 0.00659432221601743
141.000000000017 0.0193904649160242 0.00624058311492323
142.000000000016 0.0240013117990141 0.00773723477942963
143.000000000015 0.0201980326683807 0.00649577515208937
144.000000000014 0.0328192007701998 0.0105324220973114
145.000000000013 0.0247741368235503 0.00798395890691623
146.000000000012 0.027586337255385 0.0088890008420119
147.000000000011 0.0214035965897512 0.00686977469409977
148.00000000001 0.0192099397793362 0.00617860244555521
149.000000000009 0.0308089956718126 0.00993173419648272
150.000000000009 0.0240494232358145 0.00773863902922084
151.000000000008 0.0337716095487122 0.0108352669422342
152.000000000007 0.0227648740292377 0.00733440428680282
153.000000000006 0.0270652871428243 0.00872235044116781
154.000000000005 0.0220200081002242 0.00707038651821626
155.000000000004 0.0277786584431858 0.00892849965749427
156.000000000003 0.0327723650617151 0.0105642792584693
157.000000000002 0.0342228272583142 0.0110171367193411
158.000000000001 0.0279808238472614 0.00897529372654698
159 0.0327009241659822 0.0105307110729536
159.999999999999 0.0235874932946967 0.00760284826022168
160.999999999999 0.0369361512006374 0.011865715627636
161.999999999998 0.0293113627082042 0.00941389162013505
162.999999999997 0.0433286598877299 0.0139657776526787
163.999999999996 0.0324895974232929 0.0104638242929207
164.999999999995 0.0308500817957001 0.00989343892368247
165.999999999994 0.0302730408112093 0.00974330724574216
166.999999999993 0.0320965543664995 0.0103463266595056
167.999999999992 0.0402171950164455 0.0129296257606372
168.999999999991 0.0357256891764478 0.01146327817187
169.99999999999 0.040637992379231 0.0130958386896529
170.999999999989 0.0336743687240907 0.0108492241141965
171.999999999989 0.0325213430539594 0.0104349880226432
172.999999999988 0.0346955913004124 0.0111570227390838
173.999999999987 0.0447519326086577 0.0144258515319686
174.999999999986 0.0407884844881559 0.0131226390120737
175.999999999985 0.0444076239110366 0.0142442935915392
176.999999999984 0.0332678903308036 0.010716790162366
177.999999999983 0.0461266513745714 0.0148649100677589
178.999999999982 0.031636042773221 0.0101559748885466
179.999999999981 0.0501125578108742 0.0161006600172723
180.99999999998 0.0415266907413621 0.0133856167258714
181.999999999979 0.0495482416731788 0.0159510327784939
182.999999999979 0.0366866076477867 0.0117617935062249
183.999999999978 0.0433200311081645 0.0139463242613324
184.999999999977 0.0425270254062711 0.0137078085509072
185.999999999976 0.0491414136302186 0.0157902340285756
186.999999999975 0.0477873749691961 0.0153349130641097
187.999999999974 0.0574672123828729 0.0185200710003716
188.999999999973 0.0460164864353926 0.014823080706975
189.999999999972 0.0481563423254879 0.0154446887912856
190.999999999971 0.0431875839254733 0.0138895090922669
191.99999999997 0.0565695890735636 0.0182349079828286
192.999999999969 0.0552912524410452 0.0177841976723561
193.999999999969 0.0513455931658683 0.0164645028228728
194.999999999968 0.0548323032693784 0.0176633330995954
195.999999999967 0.0477968869356671 0.0154029079550694
196.999999999966 0.0525280874670539 0.0168634278781596
197.999999999965 0.0512939439439877 0.0164757813328538
198.999999999964 0.0613280619797859 0.0197672001524296
199.999999999963 0.0605242238913526 0.0194861625519665
200.999999999962 0.0486667143289976 0.015606943188665
201.999999999961 0.0552706566734356 0.017788232598194
202.99999999996 0.0498001182611201 0.0160515819550068
203.999999999959 0.0573211172459813 0.0184230824055165
204.999999999959 0.0542913032773783 0.017420194656362
205.999999999958 0.0578436122986945 0.0186381611204514
206.999999999957 0.0585556781138675 0.0188647476926723
207.999999999956 0.0437388075111193 0.014031212946806
208.999999999955 0.0539899482406774 0.0173540840143301
209.999999999954 0.051913908714795 0.0167337198736705
210.999999999953 0.0623428302360893 0.020061744953455
211.999999999952 0.0542524361400962 0.0173893647947234
212.999999999951 0.0575531271603999 0.0185307851077971
213.99999999995 0.0554083360650357 0.0178583208136691
214.999999999949 0.0507683692322884 0.0163083217145512
215.999999999949 0.0520801965279947 0.0167109905074235
216.999999999948 0.0641241918041749 0.0206641054277694
217.999999999947 0.0593932565223282 0.0191309897274523
218.999999999946 0.0620227765077015 0.019893122294133
219.999999999945 0.0466484167721774 0.0149986578849914
220.999999999944 0.0654501740293568 0.0210964975603832
221.999999999943 0.0535994539322997 0.017242959929861
222.999999999942 0.0651907779613189 0.0209000748452248
223.999999999941 0.0587466649602185 0.0189184078889961
224.99999999994 0.0631352109368051 0.0203471141031237
225.999999999939 0.0558550995452953 0.0179397678736217
226.999999999939 0.0490523382649318 0.0157435734101915
227.999999999938 0.0574779384211152 0.0185228539136612
228.999999999937 0.0584896276020118 0.018839172382968
229.999999999936 0.061446270764624 0.0197109091506051
230.999999999935 0.0543118865355781 0.0174631567139759
231.999999999934 0.0581000777615014 0.0187268610526027
232.999999999933 0.0505354264194421 0.0162579276352956
233.999999999932 0.0555236191726787 0.0178053078081558
234.999999999931 0.0531399964840633 0.017111099854935
235.99999999993 0.0716076864662922 0.0230772030545587
236.999999999929 0.0511006776200895 0.0164130156561962
237.999999999929 0.0601179960076376 0.0192965123159046
238.999999999928 0.0496828362254246 0.0160099286197022
239.999999999927 0.0674513277277683 0.021725922183
240.999999999926 0.0542117343371647 0.0173868202433892
241.999999999925 0.0668066726782835 0.021477642913383
242.999999999924 0.067923202329466 0.0218930964262459
243.999999999923 0.0653687931253647 0.0210339804615243
244.999999999922 0.0549713733069748 0.0176226865719764
245.999999999921 0.0625123437771428 0.0201247567772366
246.99999999992 0.0665925655860503 0.0214623273443728
247.999999999919 0.0725384372861028 0.0233081496927815
248.999999999919 0.0582994901923242 0.0187041110577596
249.999999999918 0.0677839113402266 0.0218393234702175
250.999999999917 0.0592051858343796 0.019073065762933
251.999999999916 0.0593996467900894 0.0190619714160095
252.999999999915 0.0651704732491542 0.0209414476430953
253.999999999914 0.0677212407689661 0.0218265840529205
254.999999999913 0.0772177211125503 0.0248551299315739
255.999999999912 0.0525352719471197 0.0168450788875899
256.999999999911 0.0747327679716807 0.0240491717016773
257.99999999991 0.0608895368661156 0.0196253408908747
258.999999999909 0.0762016692303847 0.0244993799760389
259.999999999909 0.063623619454602 0.0204050541578913
260.999999999908 0.0804185209027678 0.0259034134481794
261.999999999907 0.0758637695132455 0.0244457226107362
262.999999999906 0.0687916931273511 0.0220886944062172
263.999999999905 0.0662649796560051 0.0212787788527942
264.999999999904 0.0785799315079451 0.0253232157303815
265.999999999903 0.0811762160745276 0.0261413396509356
266.999999999902 0.0791816049881126 0.0253999829647913
267.999999999901 0.0688646739656553 0.0221446623149274
268.9999999999 0.0789113999247572 0.0254339520020688
269.999999999899 0.0719812395319727 0.0231589677858841
270.999999999899 0.0708347250798471 0.0227169987722507
271.999999999898 0.0790377163067084 0.0254452383081009
272.999999999897 0.0784417303250554 0.0252800080850563
273.999999999896 0.0772472427232136 0.0248220794971543
274.999999999895 0.0630318549166376 0.0202281403553248
275.999999999894 0.0732341322645805 0.0235939935563856
276.999999999893 0.072860149761013 0.0234726138970362
277.999999999892 0.0735466737484422 0.0236029585300543
278.999999999891 0.0776858408658386 0.0249605084436555
279.99999999989 0.0807040005771039 0.0260095156583142
280.999999999889 0.077674377229617 0.0250055279820784
281.999999999889 0.0752907319504568 0.0241463623833393
282.999999999888 0.076782591883303 0.0247007805320614
283.999999999887 0.100788819381509 0.0324845286224074
284.999999999886 0.0840604531872614 0.0270336874499194
285.999999999885 0.0925923379082327 0.0297012613775421
286.999999999884 0.081887675114631 0.0263697337456376
287.999999999883 0.10100571036776 0.0325475600830903
288.999999999882 0.0844079598372093 0.0271102504920425
289.999999999881 0.090036276376894 0.0289091663169618
290.99999999988 0.0971706059836663 0.0313095434625265
291.999999999879 0.0950426573913955 0.0306099009510377
292.999999999879 0.0816043945664919 0.0261838932949026
293.999999999878 0.078850282276492 0.0253488029763915
294.999999999877 0.0843457818946503 0.0271837952083118
295.999999999876 0.0896658712442317 0.0288527611267768
296.999999999875 0.0807115219169355 0.0258889241971396
297.999999999874 0.0916158188672997 0.0294870208686725
298.999999999873 0.0893380165359022 0.0287913708575453
299.999999999872 0.0857180257079705 0.0275500280272503
300.999999999871 0.0853949258456824 0.0274046702379239
301.99999999987 0.0971480826259933 0.0312937867178402
302.999999999869 0.116311234734046 0.0374716135217325
303.999999999869 0.0964040774844433 0.0309477539119126
304.999999999868 0.103134832459818 0.0331330868752124
305.999999999867 0.100961430846531 0.0325355547612313
306.999999999866 0.118188860522179 0.0380520029248293
307.999999999865 0.103505109191768 0.0332050737532516
308.999999999864 0.111267535885937 0.035787534626884
309.999999999863 0.112130343055714 0.0361384476537419
310.999999999862 0.112937105781487 0.0363241836127917
311.999999999861 0.0894131540236412 0.0286864156139278
312.99999999986 0.097265891389399 0.0313181999039742
313.999999999859 0.0979215097734451 0.0315529617717425
314.999999999859 0.104976368384954 0.0337172465108944
315.999999999858 0.0853104631662988 0.0273914430391563
316.999999999857 0.0926952750203008 0.0298665534736816
317.999999999856 0.0926474036534393 0.0298375635027883
318.999999999855 0.0867102149296852 0.0278229833469762
319.999999999854 0.0960600683789182 0.0308797163765849
320.999999999853 0.102103718745898 0.0329064891445429
321.999999999852 0.12436042943187 0.0400144469378992
322.999999999851 0.0956788026708992 0.0306889722986422
323.99999999985 0.116212104199801 0.0374022385140876
324.999999999849 0.116027297298362 0.0373916897707639
325.999999999849 0.136602822169002 0.043902486751704
326.999999999848 0.114168025160809 0.0366414103118575
327.999999999847 0.128664427663471 0.0414450009891773
328.999999999846 0.124339816708432 0.0400552920766109
329.999999999845 0.122548132790038 0.0393377676052217
330.999999999844 0.0998551875749054 0.0320820328215531
331.999999999843 0.115071738585529 0.0370826523162403
332.999999999842 0.107066653095156 0.0344639504711357
333.999999999841 0.108337490439065 0.0347520535697861
334.99999999984 0.0900155402566013 0.0289564725319673
335.999999999839 0.09737928299276 0.0313833147283093
336.999999999839 0.0942956290771779 0.0303193569762296
337.999999999838 0.0885408800615346 0.0284091444646258
338.999999999837 0.106416557844496 0.0342691720393758
339.999999999836 0.110954428657038 0.035749578916166
340.999999999835 0.121992494332423 0.0391765316262369
341.999999999834 0.103278700746508 0.0331666084577671
342.999999999833 0.12570433602773 0.0405046786261435
343.999999999832 0.13928128026125 0.0448484090705048
344.999999999831 0.144010499882385 0.0462060877723241
345.99999999983 0.138001550657941 0.0443721690885297
346.999999999829 0.149519804578658 0.0481879290464833
347.999999999829 0.143376137089393 0.0461191651118965
348.999999999828 0.140445836738806 0.0450497193407329
349.999999999827 0.126832233062412 0.0408300254111598
350.999999999826 0.14481318757521 0.0466638995320554
351.999999999825 0.128028281666164 0.0411307221066011
352.999999999824 0.12498653168077 0.0401218190885247
353.999999999823 0.114521365053555 0.0368952184814762
354.999999999822 0.12054885992265 0.0388231982955201
355.999999999821 0.119192493330591 0.0382550641861508
356.99999999982 0.116371375134892 0.0374058181721263
357.999999999819 0.139432076612672 0.0449347167910493
358.999999999818 0.147324439533469 0.0474007615595667
359.999999999818 0.143577538604652 0.0460621198632175
360.999999999817 0.143374886653574 0.0461451484738026
361.999999999816 0.16645153145083 0.0536386731130672
362.999999999815 0.186934673188427 0.0600733395889991
363.999999999814 0.178946034256119 0.0574366020748077
364.999999999813 0.177702362402251 0.0572417667306417
365.999999999812 0.188632823653661 0.060759854430603
366.999999999811 0.185058882580107 0.0594037288811432
367.99999999981 0.175977420895766 0.05655637988355
368.999999999809 0.166127162381256 0.0535346207646082
369.999999999808 0.177147695814779 0.0570091823889574
370.999999999808 0.158027427727917 0.0507062980509223
371.999999999807 0.144015135603934 0.0463411177059361
372.999999999806 0.138821999056769 0.0447356118755363
373.999999999805 0.144074750130067 0.0463102849369152
374.999999999804 0.139294132596801 0.0447109115332828
375.999999999803 0.135513037698979 0.0436470535652316
376.999999999802 0.153494584478748 0.0494428923633492
377.999999999801 0.163753295077376 0.0525803550869644
378.9999999998 0.14804771225502 0.047575658799297
379.999999999799 0.158808376937564 0.0511734705541791
380.999999999798 0.179657357141429 0.0578187923845559
381.999999999798 0.196545476258098 0.0630792804506463
382.999999999797 0.182546213778704 0.0587374644571896
383.999999999796 0.181833732332515 0.058595451549109
384.999999999795 0.194634407414853 0.0625629483372774
385.999999999794 0.175719665590329 0.0564102463390499
386.999999999793 0.180785172123167 0.0582266036182394
387.999999999792 0.168502754228716 0.0542780885589392
388.999999999791 0.179119568695636 0.0575207934503695
389.99999999979 0.148119072895757 0.0475987212607262
390.999999999789 0.149348957026545 0.0481244915951258
391.999999999788 0.144969532035328 0.0466583091971895
392.999999999788 0.148036511307614 0.0475151297292345
393.999999999787 0.140096764632728 0.0450804023624097
394.999999999786 0.150107884517394 0.0483696225706405
395.999999999785 0.155585564266132 0.0500111252995567
396.999999999784 0.164397163563087 0.0527836721020375
397.999999999783 0.154204218767921 0.0496656685214878
398.999999999782 0.18010820467357 0.0580124723197512
399.999999999781 0.197397668650715 0.0633867457039246
400.99999999978 0.204088684677087 0.0655946738281378
401.999999999779 0.200623726747716 0.0646479649375711
402.999999999778 0.205252579920441 0.0660491108532678
403.999999999778 0.220048360955996 0.0706331863490767
404.999999999777 0.199705507748795 0.0642700442753994
405.999999999776 0.216708464400724 0.0698275776623017
406.999999999775 0.207519909111066 0.0666967004009392
407.999999999774 0.206612446946837 0.0663515742136177
408.999999999773 0.179014593517966 0.05766504633933
409.999999999772 0.184809388913551 0.0595200409022963
410.999999999771 0.182205179200868 0.0584976533975884
411.99999999977 0.178743567572153 0.0574683475051233
412.999999999769 0.168559781700146 0.0543160426915862
413.999999999768 0.180111066052349 0.0579443364272546
414.999999999768 0.170573141573353 0.054758198311601
415.999999999767 0.178536487101565 0.0574693138398868
416.999999999766 0.170033687293048 0.054784140807351
417.999999999765 0.193484930393893 0.0621702623029482
418.999999999764 0.19141243400211 0.061484115126628
419.999999999763 0.201748439126512 0.0649984955086813
420.999999999762 0.194493943523343 0.062619538797693
421.999999999761 0.193668576420606 0.0621665687183608
422.99999999976 0.200574528641814 0.0645088115919722
423.999999999759 0.195673422870596 0.0630542556643641
424.999999999758 0.203085556964205 0.0653119780764319
425.999999999758 0.190245760707213 0.0610726409123035
426.999999999757 0.180723300334444 0.058191385435968
427.999999999756 0.171239236813151 0.0551636802070572
428.999999999755 0.172851137790625 0.055515255259632
429.999999999754 0.163347894870445 0.0524931657533323
430.999999999753 0.162857236865564 0.0524749011579833
431.999999999752 0.150945328641267 0.0485775989147381
432.999999999751 0.15754984254392 0.0505684527753541
433.99999999975 0.138583111388505 0.0445928112625731
434.999999999749 0.16035173522187 0.0516705109415419
435.999999999748 0.156326604976146 0.0502429706969499
436.999999999748 0.175099903241747 0.0562253141880628
437.999999999747 0.170202523299007 0.0548272819306753
438.999999999746 0.182835787504377 0.0588765871650498
439.999999999745 0.188331771027027 0.0604600119235747
440.999999999744 0.187010673737907 0.060132660956536
441.999999999743 0.194862335060349 0.0627921223048646
442.999999999742 0.206110953932469 0.0662935925707182
443.999999999741 0.207814920193295 0.0667029926324574
444.99999999974 0.198777426471621 0.0639990770104572
445.999999999739 0.186101906432153 0.0599544751970001
446.999999999738 0.187107591745021 0.0600937992682111
447.999999999738 0.191179391061445 0.0614289151028398
448.999999999737 0.180043282358375 0.0580106870944693
449.999999999736 0.178247899525763 0.0573631079149573
450.999999999735 0.158798242387862 0.0509727480174172
451.999999999734 0.169096638581188 0.0544145135664131
452.999999999733 0.154951224771505 0.0499272284712637
453.999999999732 0.170899771028567 0.0549177998255388
454.999999999731 0.169796172051614 0.0545317909262525
455.99999999973 0.182891070633905 0.0589189115672858
456.999999999729 0.18142218337298 0.0584122765741047
457.999999999728 0.189570286634417 0.0608533704181215
458.999999999728 0.196311283650047 0.0631397323994274
459.999999999727 0.200757428124485 0.0646898722426891
460.999999999726 0.212405505346992 0.0682983983794621
461.999999999725 0.219731318531653 0.0705443902164454
462.999999999724 0.210512934857368 0.0677909028248078
463.999999999723 0.204810334720266 0.0659653687004327
464.999999999722 0.195964106818181 0.0629230288870065
465.999999999721 0.196086332771618 0.0630400192972268
466.99999999972 0.189795257713773 0.0611575990416534
467.999999999719 0.180252866007244 0.0579794044674841
468.999999999718 0.176001505062684 0.056502239072358
469.999999999718 0.153609489232597 0.0494546020336509
470.999999999717 0.159386799032727 0.0513442935703622
471.999999999716 0.14874436720173 0.0477761623560937
472.999999999715 0.160395424373869 0.0515486067814022
473.999999999714 0.15788150072761 0.0508712597816972
474.999999999713 0.160158947605952 0.0515299426059166
475.999999999712 0.160559331219276 0.0515411696550399
476.999999999711 0.16495188618235 0.0530928889476599
477.99999999971 0.179590755691804 0.0578616866746263
478.999999999709 0.184886361958531 0.0594013556517014
479.999999999708 0.188652284162252 0.0606024665729998
480.999999999708 0.20164363159997 0.0649650896290405
481.999999999707 0.193910608301494 0.0624159534881922
482.999999999706 0.196871293945804 0.0631982277879741
483.999999999705 0.188346691305667 0.0606088370820351
484.999999999704 0.192873725165402 0.0621435402920191
485.999999999703 0.194603884283291 0.0625328160778522
486.999999999702 0.179259749690971 0.0575880615300917
487.999999999701 0.173310558670464 0.0558325309490737
488.9999999997 0.156464091480045 0.0503673117728483
489.999999999699 0.169064487583309 0.0542687580310319
490.999999999698 0.160750744318872 0.0517200833026871
491.999999999698 0.167294182428532 0.053906552529307
492.999999999697 0.169264486299969 0.0544035692952136
493.999999999696 0.171319417138508 0.0550200893831809
494.999999999695 0.173409581943538 0.055861022971415
495.999999999694 0.18011119383766 0.0579912025451502
496.999999999693 0.194958652831272 0.0625872170443558
497.999999999692 0.209077528997905 0.0672522434958678
498.999999999691 0.201900026971275 0.0650589995259777
499.99999999969 0.21558011342954 0.0692971844584555
500.999999999689 0.209768881485022 0.0673592719066789
501.999999999688 0.221956045767215 0.0714965747803784
502.999999999688 0.206486496800774 0.0664859103544111
503.999999999687 0.213416083466829 0.068518352105064
504.999999999686 0.209185306996813 0.067288941135006
505.999999999685 0.203287726390348 0.0655032063331056
506.999999999684 0.186621606185755 0.0599883602068617
507.999999999683 0.177104979362032 0.0568768429799686
508.999999999682 0.177596262792373 0.0572069173040689
509.999999999681 0.183201510879726 0.0589883663032293
510.99999999968 0.170635922132845 0.0547801130669429
511.999999999679 0.173491645491343 0.0558041873729428
512.999999999678 0.16913370523761 0.0545001790697516
513.999999999678 0.175348849027372 0.0563674881659959
514.999999999677 0.183563207890552 0.0589492689174175
515.999999999676 0.189192034732876 0.0609423628053696
516.999999999675 0.204548216702348 0.0658570497916345
517.999999999674 0.189820665026339 0.0609433775032739
518.999999999673 0.207773793441524 0.0668443538126983
519.999999999672 0.197209999040601 0.0635416332209636
520.999999999671 0.216410495233932 0.0695502779750125
521.99999999967 0.202806574982876 0.0651518974694154
522.999999999669 0.209189210003326 0.0673910501073926
523.999999999668 0.197985398599196 0.0637277460205281
524.999999999668 0.195986542538017 0.0629199538863435
525.999999999667 0.171929622462657 0.0553271990658575
526.999999999666 0.180983999103731 0.0583096837260345
527.999999999665 0.172468996954404 0.0554171126789336
528.999999999664 0.174695257020753 0.056132544816943
529.999999999663 0.154462224933015 0.0497659272507523
530.999999999662 0.164953123642182 0.0530820009419793
531.999999999661 0.162740860431942 0.0522469168394539
532.99999999966 0.164711196282992 0.0530209512606791
533.999999999659 0.179906744690567 0.0579553277341096
534.999999999658 0.185703523495337 0.0596524098222326
535.999999999658 0.200368853126639 0.0644068830242846
536.999999999657 0.184434555211857 0.0594272696140304
537.999999999656 0.209680729235341 0.0674432220903084
538.999999999655 0.215788779720313 0.0692861926769854
539.999999999654 0.227665758449935 0.0733158071733476
540.999999999653 0.213833704700816 0.0688687128985886
541.999999999652 0.221351684973258 0.0710758788322392
542.999999999651 0.215519462922662 0.0693088606488299
543.99999999965 0.208568422725498 0.067206793816156
544.999999999649 0.190467314866359 0.0612418663736053
545.999999999648 0.203884678351637 0.0654788750704843
546.999999999648 0.196094480969346 0.0631619452757802
547.999999999647 0.187483332145863 0.0603611299562721
548.999999999646 0.169296531273746 0.0543640616360255
549.999999999645 0.177428071584152 0.0570910426026124
550.999999999644 0.179561688032306 0.0578520239076352
551.999999999643 0.171517272305067 0.05511634305038
552.999999999642 0.183686261099702 0.059024612824754
553.999999999641 0.189260547137466 0.0609782085685996
554.99999999964 0.198456731588245 0.0638553103708852
555.999999999639 0.182504634369562 0.0585999470069848
556.999999999638 0.20127198670738 0.0648050193552731
557.999999999638 0.21110318175239 0.0679927857324029
558.999999999637 0.222122467759319 0.071338804080013
559.999999999636 0.208130722329568 0.0669301092645554
560.999999999635 0.212369033451217 0.0684278289984624
561.999999999634 0.205633624132867 0.0661194404637578
562.999999999633 0.204543013707993 0.0657098235485605
563.999999999632 0.186061697342327 0.0599326170774119
564.999999999631 0.197339645569385 0.0635220881265346
565.99999999963 0.183924832437311 0.059065561897521
566.999999999629 0.169362758821643 0.0545106508684245
567.999999999628 0.159995882228205 0.0515425851320155
568.999999999628 0.160362413150425 0.0515163508848095
569.999999999627 0.161944950444201 0.0520604195150544
570.999999999626 0.15781418900526 0.0508507329465243
571.999999999625 0.176789763992864 0.0568637962670973
572.999999999624 0.169936380427414 0.054569914506391
573.999999999623 0.174131476918002 0.0560826515195191
574.999999999622 0.175645204970201 0.0565581921439012
575.999999999621 0.194286106514801 0.0623920223866427
576.99999999962 0.206090336380432 0.066313065747511
577.999999999619 0.207661789456866 0.066903545740359
578.999999999618 0.201713660639687 0.0648206576657656
579.999999999618 0.20991568760905 0.0674707407732768
580.999999999617 0.206827760143527 0.0666389858472642
581.999999999616 0.204491777393916 0.065782322964797
582.999999999615 0.199746648929438 0.064152215950066
583.999999999614 0.206769610975639 0.0665887560853126
584.999999999613 0.188376410142354 0.0606583833445941
585.999999999612 0.175029098339599 0.0562148887384779
586.999999999611 0.177911730048871 0.0572434043385709
587.99999999961 0.178127521314477 0.0573878000358604
588.999999999609 0.176704414800119 0.0567872110401487
589.999999999608 0.179426648667363 0.057673504740159
590.999999999608 0.184181470533446 0.0593403006989087
591.999999999607 0.18980578532144 0.0610522493948583
592.999999999606 0.178542135494691 0.0573532181316912
593.999999999605 0.198373934611546 0.0638920141798216
594.999999999604 0.209089150654056 0.0673149575383894
595.999999999603 0.224325999240333 0.0720328523109413
596.999999999602 0.217205406583766 0.069902845993109
597.999999999601 0.217845797871481 0.0701814336302913
598.9999999996 0.224662283995737 0.0721785968886195
599.999999999599 0.223833256637911 0.0719622301084736
600.999999999598 0.223172788052998 0.0719077786762379
601.999999999598 0.215099759586486 0.0691679586726634
602.999999999597 0.212478449887594 0.0682615727891122
603.999999999596 0.196678514362558 0.0633556273547938
604.999999999595 0.189358114093968 0.0609451515457603
605.999999999594 0.183240783262672 0.0588479801558968
606.999999999593 0.186669048775487 0.0600986401138409
607.999999999592 0.171467293945562 0.0552255185124086
608.999999999591 0.180082794188105 0.0578425422059303
609.99999999959 0.166552168022188 0.053575773110186
610.999999999589 0.176751955130127 0.0569457804264146
611.999999999588 0.166261885460266 0.0534393298436779
612.999999999588 0.193537196730609 0.062206104842611
613.999999999587 0.190745315672417 0.0614539304747894
614.999999999586 0.206313528287707 0.0663605133196804
615.999999999585 0.199365886192614 0.0640493776581702
616.999999999584 0.20585290274923 0.0663027188295671
617.999999999583 0.211389981032623 0.0680442013453917
618.999999999582 0.21512049840805 0.0690872100153197
619.999999999581 0.220740488340126 0.0710613319319965
620.99999999958 0.210743788060087 0.0678795945378939
621.999999999579 0.207087209845795 0.0665191741654619
622.999999999578 0.192719338937816 0.0619907922101101
623.999999999578 0.197240608371555 0.0635496739863011
624.999999999577 0.187975077460678 0.0604199050418203
625.999999999576 0.188155121491911 0.0604779055980566
626.999999999575 0.174122141028441 0.0560994823210225
627.999999999574 0.187627876381499 0.0603458628872335
628.999999999573 0.169371762704957 0.0544189284712021
629.999999999572 0.183125408480309 0.058987941720311
630.999999999571 0.1783940158548 0.0574126923015752
631.99999999957 0.204147771654823 0.0655753507065466
632.999999999569 0.199439324177797 0.064217064030193
633.999999999568 0.210226683265525 0.0676973823373506
634.999999999568 0.212620519626055 0.0682970563002674
635.999999999567 0.219425957412229 0.0706147454385918
636.999999999566 0.226292415349815 0.0728943861066755
637.999999999565 0.229704278713326 0.073803367822293
638.999999999564 0.236281886773706 0.0760042919360788
639.999999999563 0.228702843811855 0.0736834802334623
640.999999999562 0.219567228914346 0.0705809919254002
641.999999999561 0.21192496824688 0.0681319993789025
642.99999999956 0.215592234098583 0.0694596277351982
643.999999999559 0.198514985910261 0.0638513554758642
644.999999999558 0.204142057106698 0.06559999118357
645.999999999558 0.178662140847732 0.0575494228255653
646.999999999557 0.19020323279754 0.0612144774886957
647.999999999556 0.17206159732818 0.0552803856440212
648.999999999555 0.186233219478236 0.0599717143801512
649.999999999554 0.176438992760303 0.0568049937482117
650.999999999553 0.197273786186058 0.0633805577849939
651.999999999552 0.194452866491146 0.0626031697457075
652.999999999551 0.194996828388468 0.0627983421679729
653.99999999955 0.199525379208228 0.0641030942801653
654.999999999549 0.20752284493663 0.0667857728178306
655.999999999548 0.217209964555607 0.0699688557243678
656.999999999548 0.216396830744247 0.069547208434896
657.999999999547 0.216150605470456 0.0695311723777215
658.999999999546 0.206574481205254 0.0665490629606392
659.999999999545 0.203794391004322 0.0655146677625789
660.999999999544 0.197448178817613 0.0634875500510123
661.999999999543 0.203598039632766 0.0655946889061016
662.999999999542 0.186968644233089 0.060123287901161
663.999999999541 0.187658676386821 0.0603145058164082
664.99999999954 0.166108300664145 0.0535155693497676
665.999999999539 0.1766348799641 0.0568235238386209
666.999999999538 0.157249544490613 0.0505282925746919
667.999999999538 0.17291898929894 0.0557018453078107
668.999999999537 0.171299241265557 0.0551186218407968
669.999999999536 0.178786351702392 0.0574461815848439
670.999999999535 0.178198755758878 0.0573967700792197
671.999999999534 0.186656882697214 0.0600764359824492
672.999999999533 0.198401679121648 0.0637411683752342
673.999999999532 0.206209010029237 0.066406773871287
674.999999999531 0.21832545383795 0.0702904691787819
675.99999999953 0.227936678952563 0.0732278644318652
676.999999999529 0.222678166523795 0.0716913521180304
677.999999999528 0.219002457608779 0.0705255511142123
678.999999999528 0.221449813906418 0.0711545666749165
679.999999999527 0.224868326783602 0.0723808042585789
680.999999999526 0.226933387727061 0.0730876532870857
681.999999999525 0.207187018277048 0.0665737485807385
682.999999999524 0.204293818363817 0.0657488154971419
683.999999999523 0.19250850526442 0.0620075535380345
684.999999999522 0.194964976099297 0.062648057253428
685.999999999521 0.184413814643635 0.0593419280182701
686.99999999952 0.194529552152892 0.0626631197273263
687.999999999519 0.189681234882473 0.0609559701021984
688.999999999518 0.18389834174078 0.059171448403405
689.999999999518 0.188653460704305 0.0607712433449979
690.999999999517 0.196824903283346 0.063258255052146
691.999999999516 0.204392931787702 0.065756591306593
692.999999999515 0.214705182298095 0.069166736870185
693.999999999514 0.223524491761936 0.0718560278584746
694.999999999513 0.225766393581081 0.0726220460449896
695.999999999512 0.216305892778955 0.0696830483044013
696.999999999511 0.224117365987955 0.0720499254222246
697.99999999951 0.227506456952384 0.0731818489787088
698.999999999509 0.232047450083885 0.0747554350675422
699.999999999508 0.216030414910875 0.0694468695915964
700.999999999508 0.206520069562067 0.0664249010285999
701.999999999507 0.200724829642294 0.0646671425319429
702.999999999506 0.188844518913381 0.0607066438398388
703.999999999505 0.189201361799308 0.0608513880759925
704.999999999504 0.185334802355113 0.059709431588032
705.999999999503 0.180580203521856 0.0580568033810294
706.999999999502 0.178970077427936 0.0575637935919474
707.999999999501 0.173666137696641 0.055947967554605
708.9999999995 0.178417921484896 0.0573605796913196
709.999999999499 0.190552244942505 0.0612968724718619
710.999999999498 0.1940663223436 0.0625189126385627
711.999999999498 0.208759390431532 0.0671123858328357
712.999999999497 0.204871773148111 0.0659042516367864
713.999999999496 0.212493083317321 0.0684527750099663
714.999999999495 0.204436916544328 0.0657216127023644
715.999999999494 0.233757213863328 0.0752046126167097
716.999999999493 0.225049092418492 0.0724979821439099
717.999999999492 0.231188671391577 0.0743213105310459
718.999999999491 0.221562198040896 0.0712847236022744
719.99999999949 0.222541070637383 0.0716892401500091
720.999999999489 0.204003238376692 0.065582583294709
721.999999999488 0.210405083931977 0.0677066603402797
722.999999999487 0.201302834090895 0.0648420204901167
723.999999999487 0.203703308174573 0.0654759710856968
724.999999999486 0.19574707333498 0.0630017119728069
725.999999999485 0.188997831389765 0.0608781353504032
726.999999999484 0.188748503397499 0.0606653936499645
727.999999999483 0.197938881546232 0.0637155942336559
728.999999999482 0.208276232090432 0.0670809764383323
729.999999999481 0.206152694106772 0.0662641635124782
730.99999999948 0.230024027054751 0.0740576644903969
731.999999999479 0.221049904965431 0.0711832868363271
732.999999999478 0.234885620593149 0.0754967815358931
733.999999999477 0.230328515588101 0.0741703445791551
734.999999999477 0.254178821509537 0.0818336119202109
735.999999999476 0.243113996752815 0.0781481801988018
736.999999999475 0.252989319052138 0.0814792704005785
737.999999999474 0.232766281096156 0.074926344209785
738.999999999473 0.23501851608699 0.0755538614749536
739.999999999472 0.223973714463838 0.0721426412061256
740.999999999471 0.222128847704009 0.071485034979787
741.99999999947 0.21428325306804 0.0688974567820082
742.999999999469 0.213234911440746 0.0686872161480133
743.999999999468 0.194767965764808 0.06266748886421
744.999999999467 0.186928060619802 0.0601180342393867
745.999999999467 0.191400728156241 0.0616552447918201
746.999999999466 0.190078822540869 0.0611379081383281
747.999999999465 0.200919024968272 0.0646369746017854
748.999999999464 0.200456780744433 0.0645721092790761
749.999999999463 0.211367658726201 0.0679723536204559
750.999999999462 0.195583021061426 0.0629316793917965
751.999999999461 0.220052116563845 0.0708757990303102
752.99999999946 0.221622432734081 0.0712613239382824
753.999999999459 0.238390845734107 0.0767337297066373
754.999999999458 0.225513624849355 0.0726207133589134
755.999999999457 0.237909702005538 0.0764833093685603
756.999999999457 0.2275719713788 0.073275196428616
757.999999999456 0.222548186879633 0.0716489891564703
758.999999999455 0.209399284277888 0.0673191699820976
759.999999999454 0.225385954195696 0.0725870586226057
760.999999999453 0.212201849139302 0.0682937447445458
761.999999999452 0.200454880564923 0.0644532226433961
762.999999999451 0.189175574162177 0.060936062384567
763.99999999945 0.190037672732616 0.0611352912619953
764.999999999449 0.19149348196078 0.0615918843173352
765.999999999448 0.187896547622684 0.0605285588861383
766.999999999447 0.201742266547698 0.0648772653419441
767.999999999447 0.192466984970374 0.0619305578979382
768.999999999446 0.2061487987738 0.0664036099791142
769.999999999445 0.205151803301351 0.065953643780958
770.999999999444 0.228793057849305 0.073648422810652
771.999999999443 0.223015328878551 0.0718207488125939
772.999999999442 0.238390623829136 0.0766375706036911
773.999999999441 0.241155629574408 0.0776592379181252
774.99999999944 0.241445939053217 0.0777229153176806
775.999999999439 0.229455803229309 0.0737678857231789
776.999999999438 0.234423016294904 0.0755128848239899
777.999999999437 0.238041002170031 0.0765916058250574
778.999999999437 0.233955247814092 0.0752361298940825
779.999999999436 0.215918090535765 0.0695546124944978
780.999999999435 0.214030498121962 0.0688392478405536
781.999999999434 0.212023474449992 0.0682251462777332
782.999999999433 0.19928044882798 0.0641874601991925
783.999999999432 0.207049016896134 0.0665693614463088
784.999999999431 0.202613594029107 0.0652275435107678
785.99999999943 0.205359824619922 0.0661248086231914
786.999999999429 0.19730839366561 0.063438183508634
787.999999999428 0.209646899058541 0.0675181233986588
788.999999999427 0.211209537479482 0.0679700956046316
789.999999999427 0.220565348330812 0.0709359070268393
790.999999999426 0.227840228818278 0.0733913001057189
791.999999999425 0.231713759881648 0.0745306901165585
792.999999999424 0.230330949313924 0.0741173335663797
793.999999999423 0.229476588228653 0.0739133326180028
794.999999999422 0.231016296070384 0.0742759518956058
795.999999999421 0.239447087966465 0.0770918028308877
796.99999999942 0.227960140024435 0.0733990204009137
797.999999999419 0.226426595353935 0.0728000786756191
798.999999999418 0.21684615170018 0.0698437089779742
799.999999999417 0.210494939535718 0.0677342964776712
800.999999999417 0.195774866462372 0.0629668817039925
801.999999999416 0.19704498284352 0.0634762734863681
802.999999999415 0.198058146394344 0.0636980972610286
803.999999999414 0.188729713420808 0.0607328624956533
804.999999999413 0.187983217618852 0.0605440666998069
805.999999999412 0.190223638374556 0.0611680922903316
806.999999999411 0.194983438197896 0.0627853998458934
807.99999999941 0.20270275266606 0.0652496223760073
808.999999999409 0.211975014141462 0.0681691558292464
809.999999999408 0.226287236856067 0.0728894431493476
810.999999999407 0.218800292515997 0.0703896699743938
811.999999999407 0.228730132682271 0.07359731072362
812.999999999406 0.23855475655188 0.0768330697619849
813.999999999405 0.241029197318146 0.0775040176952042
814.999999999404 0.244806710808722 0.0788217466932367
815.999999999403 0.239585538341333 0.077131269963014
816.999999999402 0.247439468496668 0.0795620714671401
817.999999999401 0.227460620859957 0.073267213451753
818.9999999994 0.228085654974385 0.0733778951663724
819.999999999399 0.225428465093016 0.0725211983937956
820.999999999398 0.22686789154195 0.0730781183807935
821.999999999397 0.212285859024199 0.0682652521685602
822.999999999397 0.218036444003793 0.0701908136884949
823.999999999396 0.203994850703811 0.0656806590274989
824.999999999395 0.208628821334951 0.0670860559946359
825.999999999394 0.206584180357157 0.0665378517727808
826.999999999393 0.228788111259862 0.0736129517141215
827.999999999392 0.22137751434889 0.0712215006836328
828.999999999391 0.23337549953962 0.0751659408376312
829.99999999939 0.230327351351165 0.0740713498584304
830.999999999389 0.246688209243121 0.0794249055449798
831.999999999388 0.252903109451841 0.0814171011538227
832.999999999387 0.25504504321444 0.0820165000126914
833.999999999387 0.263086548647507 0.0847414062990684
834.999999999386 0.25038843674596 0.0805499548803162
835.999999999385 0.247191860467096 0.0795433140982253
836.999999999384 0.237174746887935 0.0763883950125033
837.999999999383 0.241147417145927 0.0775391559690468
838.999999999382 0.22572434682768 0.0726845254646615
839.999999999381 0.23067027800311 0.0742511321832221
840.99999999938 0.218686775207175 0.0703453127678936
841.999999999379 0.208729441459615 0.0672314017857247
842.999999999378 0.193867177347669 0.0623563741412075
843.999999999377 0.217912041888208 0.0701440785884209
844.999999999377 0.198088420420104 0.0637814175250279
845.999999999376 0.220078927609946 0.0707775215112623
846.999999999375 0.208987305625747 0.0673121977236269
847.999999999374 0.222182792808991 0.0714831603267368
848.999999999373 0.219434609806389 0.0706069267731528
849.999999999372 0.230182005694247 0.0741385075942074
850.999999999371 0.243838038966913 0.0784135113946817
851.99999999937 0.242908763474271 0.0782224456036966
852.999999999369 0.250773018266874 0.0807173261842114
853.999999999368 0.238119606769691 0.0765942629697814
854.999999999367 0.247174968688748 0.0796163850677492
855.999999999367 0.236770065129584 0.076153045786492
856.999999999366 0.242524536651106 0.0780753534648594
857.999999999365 0.229958746414585 0.0740363949224128
858.999999999364 0.232991243707948 0.0749317535979354
859.999999999363 0.208089742455023 0.0670246654346784
860.999999999362 0.219352720034202 0.0705629785879193
861.999999999361 0.200088588563843 0.0643974622195743
862.99999999936 0.220289462325873 0.0709415564880016
863.999999999359 0.206551206156713 0.0664158321770545
864.999999999358 0.226952603254487 0.0730918172542342
865.999999999357 0.217110536201141 0.0698640937672864
866.999999999357 0.222774232311279 0.0716810701229491
867.999999999356 0.237474969723068 0.0764806957493903
868.999999999355 0.24247439289153 0.0779772330140844
869.999999999354 0.258903886178279 0.0833727146982438
870.999999999353 0.254892373259973 0.0820310600421037
871.999999999352 0.256820752563768 0.0826306363488494
872.999999999351 0.254314994568642 0.0819115480158824
873.99999999935 0.255358281911023 0.0821176137180258
874.999999999349 0.252800097603809 0.081399380029549
875.999999999348 0.254441792012715 0.0819050728366014
876.999999999347 0.241663421794475 0.0777354510435992
877.999999999347 0.23509113333542 0.0757219756511601
878.999999999346 0.218113862774542 0.0701496601663911
879.999999999345 0.226469228551462 0.0729131172167563
880.999999999344 0.206645412176991 0.0665240008096801
881.999999999343 0.221461966920065 0.0712373720828579
882.999999999342 0.211295468352181 0.0680570079870078
883.999999999341 0.210504076477763 0.0677095090160121
884.99999999934 0.209864110626373 0.0675642274560659
885.999999999339 0.209526299865855 0.067454358921896
886.999999999338 0.224801680607529 0.0723039120409941
887.999999999337 0.23435029250538 0.0754826648875012
888.999999999337 0.236391163443279 0.0760395604785048
889.999999999336 0.243919822582149 0.0785260256391682
890.999999999335 0.239631222566545 0.0771398152351964
891.999999999334 0.247641796444873 0.0796584409463772
892.999999999333 0.242224420834484 0.078021028054247
893.999999999332 0.252349368097369 0.0811638913123524
894.999999999331 0.244512554290906 0.0787205760302282
895.99999999933 0.232535649281438 0.0748567915426025
896.999999999329 0.229775553648878 0.0739119291073359
897.999999999328 0.215854103007498 0.0695275854594006
898.999999999327 0.218044810727515 0.0701306534561573
899.999999999327 0.215666861176419 0.0694368285014124
900.999999999326 0.211748124404617 0.0681601673574435
901.999999999325 0.210568636766179 0.067744195277445
902.999999999324 0.203233777012773 0.0654595574012506
903.999999999323 0.211277533688005 0.0679532680074176
904.999999999322 0.211290581372635 0.0680347741866033
905.999999999321 0.225642763227633 0.0726238137963164
906.99999999932 0.236117957483698 0.0759686068813675
907.999999999319 0.236173292172248 0.0760659173207785
908.999999999318 0.253452998628457 0.0815168487005741
909.999999999317 0.241439114958549 0.0777510467142803
910.999999999317 0.262973471605299 0.0846255352610287
911.999999999316 0.263570554899703 0.0848139294430117
912.999999999315 0.267758062375648 0.0862315116991775
913.999999999314 0.257973982434606 0.082964918641778
914.999999999313 0.258555044527181 0.0832719884521248
915.999999999312 0.249501388749164 0.0802778392597126
916.999999999311 0.243920772940089 0.0785016306144414
917.99999999931 0.244560993107595 0.0787472495631332
918.999999999309 0.239602338142747 0.0770647147641797
919.999999999308 0.230186307131185 0.0741400995141182
920.999999999307 0.22674343045314 0.0729379222958179
921.999999999307 0.218194072676087 0.0702406289510908
922.999999999306 0.226452447316265 0.0729016754251222
923.999999999305 0.235767778970299 0.0758434746681107
924.999999999304 0.23643422699951 0.0761530294865555
925.999999999303 0.250237387485478 0.0804826614382389
926.999999999302 0.239083971315939 0.0769819874429033
927.999999999301 0.255962247016034 0.0823774219704672
928.9999999993 0.253061505189636 0.0814303937491616
929.999999999299 0.271864850475927 0.0875564096031244
930.999999999298 0.26144832144272 0.0840891183310403
931.999999999297 0.27435894455303 0.0883576744843808
932.999999999297 0.260703572958994 0.0838802657301875
933.999999999296 0.255795731237421 0.0823395950106702
934.999999999295 0.247398403650225 0.0796571301395824
935.999999999294 0.25275138870054 0.0813056013819357
936.999999999293 0.239179290476602 0.0770352201453992
937.999999999292 0.236910732636212 0.076204319310461
938.999999999291 0.221950476959692 0.0714667151432293
939.99999999929 0.219166903163518 0.0705414339162025
940.999999999289 0.215097165192926 0.0692145506730016
941.999999999288 0.221131328457826 0.0712137682162269
942.999999999287 0.231072356962909 0.0743271522143076
943.999999999287 0.225350692806375 0.072575982704445
944.999999999286 0.245116035823017 0.0788595779571056
945.999999999285 0.235790868650714 0.0759064342273752
946.999999999284 0.256908241117749 0.0827130600473654
947.999999999283 0.252406752588674 0.0812033463517991
948.999999999282 0.275335670678889 0.0886777825970861
949.999999999281 0.271838139962965 0.0874350727255264
950.99999999928 0.27780696261996 0.0894617258111764
951.999999999279 0.265114951062252 0.0853156444460177
952.999999999278 0.272803133535197 0.0878067486913271
953.999999999277 0.26527251387839 0.0854132938100399
954.999999999276 0.268402848136694 0.0863338925145917
955.999999999276 0.254479039096186 0.0819601790614506
956.999999999275 0.253802031308332 0.0816395094811459
957.999999999274 0.241187953386644 0.0776662580816041
958.999999999273 0.237494785154794 0.0764334869991016
959.999999999272 0.239085613013609 0.0769404590423505
960.999999999271 0.238438888448872 0.0767792039761259
961.99999999927 0.250795440170236 0.0806689214965663
962.999999999269 0.236872470921892 0.0762897008360538
963.999999999268 0.255476684665284 0.0821793988542208
964.999999999267 0.244425079126443 0.078703255414121
965.999999999266 0.269663624002108 0.0867871842636186
966.999999999266 0.269382123898462 0.0866843909281229
967.999999999265 0.286323450584501 0.0922022569688084
968.999999999264 0.278692921501184 0.0896404714882213
969.999999999263 0.284483407041057 0.0916241696061453
970.999999999262 0.280440363439907 0.090213913577026
971.999999999261 0.28412082964645 0.0914788954801398
972.99999999926 0.2719592802317 0.0875304513073447
973.999999999259 0.282343510042389 0.0908565923390777
974.999999999258 0.263548324558256 0.0848691660511633
975.999999999257 0.252222659370644 0.0811280924823702
976.999999999256 0.243289254974481 0.0783582980511318
977.999999999256 0.235837985275816 0.0758620307369401
978.999999999255 0.242790818569273 0.0781729952534246
979.999999999254 0.23178882654858 0.074598696863287
980.999999999253 0.237855826038981 0.0765452956644642
981.999999999252 0.224005554498142 0.0721325829845474
982.999999999251 0.237139547776587 0.0762792521536718
983.99999999925 0.231070387517286 0.0744200115298952
984.999999999249 0.246824577575346 0.0793938929968654
985.999999999248 0.254615110708501 0.0819859301290829
986.999999999247 0.260020701085116 0.083678598447148
987.999999999246 0.259648544367328 0.0835646056509087
988.999999999246 0.266177754773466 0.0857047400499747
989.999999999245 0.258261688698346 0.0830785180225389
990.999999999244 0.27428838973782 0.0883378644732393
991.999999999243 0.268535420953898 0.0863736836920404
992.999999999242 0.267337909957853 0.0860923550600134
993.999999999241 0.250576069153843 0.0806226368291649
994.99999999924 0.25068168551848 0.0806935147983111
995.999999999239 0.24253068674527 0.0780776148857657
996.999999999238 0.238513393195631 0.0767361012561051
997.999999999237 0.242056270309541 0.0779521733760638
998.999999999236 0.233448923355708 0.0750857805590159
