0 0 0
1 1.66486545965499e-20 5.36762041166551e-21
2 1.6537762051228e-20 5.33183876362452e-21
2.99999999999998 1.58214531326163e-20 5.10102929413119e-21
3.99999999999996 1.6182076241334e-20 5.21712438418177e-21
4.99999999999994 1.67371774234779e-20 5.39618656441987e-21
5.99999999999992 1.61181678009602e-20 5.19652991569934e-21
6.9999999999999 1.59033507530267e-20 5.12734912566335e-21
7.99999999999987 1.66986656295346e-20 5.38374950751689e-21
8.99999999999985 1.66965141043699e-20 5.38301413546757e-21
9.99999999999983 1.59322667485958e-20 5.13676638618573e-21
10.9999999999998 1.62907284088764e-20 5.25215749971013e-21
11.9999999999998 1.69303902141819e-20 5.45847782348963e-21
12.9999999999998 1.63461517792348e-20 5.27004065233256e-21
13.9999999999997 1.62116313912989e-20 5.22672452293725e-21
14.9999999999997 1.68810805431214e-20 5.44256597430289e-21
15.9999999999997 1.68854171855054e-20 5.44391022490055e-21
16.9999999999999 1.62161037342866e-20 5.22828576325939e-21
18 1.68002150831075e-20 5.41642152925796e-21
19.0000000000002 1.72521864650742e-20 5.5622246526009e-21
20.0000000000003 1.69231026882157e-20 5.45606173591399e-21
21.0000000000005 1.68380469376288e-20 5.42866854342601e-21
22.0000000000006 1.75176890595269e-20 5.64781698099755e-21
23.0000000000008 1.82319313754963e-20 5.87802329732658e-21
24.000000000001 1.74930609417353e-20 5.63999743152766e-21
25.0000000000011 1.80002883502653e-20 5.80333339119669e-21
26.0000000000013 1.89161906487387e-20 6.09870769696071e-21
27.0000000000014 2.0211481928523e-20 6.51626069256046e-21
28.0000000000016 2.00685480489288e-20 6.47018049267782e-21
29.0000000000017 2.0423847406558e-20 6.58478585611542e-21
