0
2.99999999999996
5.99999999999989
9.00000000000001
12.0000000000005
15.0000000000009
18.0000000000007
21.0000000000001
23.9999999999995
26.9999999999989
29.9999999999983
32.9999999999984
36
39.0000000000015
42.000000000003
45.0000000000046
48.0000000000061
51.0000000000076
54.0000000000092
57.0000000000107
60.0000000000122
63.0000000000138
66.0000000000125
69.0000000000097
72.000000000007
75.0000000000043
78.0000000000015
80.9999999999988
83.9999999999961
86.9999999999934
89.9999999999906
92.9999999999879
95.9999999999852
98.9999999999824
101.99999999998
104.999999999977
107.999999999974
110.999999999972
113.999999999969
116.999999999966
119.999999999963
122.999999999961
125.999999999958
128.999999999955
131.999999999952
134.99999999995
137.999999999947
140.999999999944
143.999999999942
146.999999999939
149.999999999936
152.999999999933
155.999999999931
158.999999999928
161.999999999925
164.999999999922
167.99999999992
170.999999999917
173.999999999914
176.999999999912
179.999999999909
182.999999999906
185.999999999903
188.999999999901
191.999999999898
194.999999999895
197.999999999892
200.99999999989
203.999999999887
206.999999999884
209.999999999882
212.999999999879
215.999999999876
218.999999999873
221.999999999871
224.999999999868
227.999999999865
230.999999999862
233.99999999986
236.999999999857
239.999999999854
242.999999999851
245.999999999849
248.999999999846
251.999999999843
254.999999999841
257.999999999838
260.999999999835
263.999999999832
266.99999999983
269.999999999827
272.999999999824
275.999999999822
278.999999999819
281.999999999816
284.999999999813
287.999999999811
290.999999999808
293.999999999805
296.999999999802
