0    1    0.0143105321916797    0.0143105321916797
0.1    1.00143004472384    0.0142903958664665    0.0142699891437821
0.2    1.00285807980439    0.0142703232124644    0.0142296537265252
0.3    1.0042841132101    0.0142503527637215    0.0141895630691315
0.4    1.00570815340871    0.0142304649601388    0.0141496963228414
0.5    1.00713020891744    0.014210660229896    0.0141100526069722
0.6    1.00855028818423    0.0141909393406063    0.0140706313873107
0.7    1.00996839948698    0.0141713010679959    0.0140314301667204
0.8    1.01138455117486    0.0141517459835909    0.013992448240535
0.900000000000001    1.01279875138599    0.0141322726665223    0.0139536829475576
1    1.01421100835847    0.0141128806589302    0.0139151325933371
1.1    1.01562133014349    0.0140935691522786    0.0138767951538468
1.2    1.01702972486191    0.0140743379596453    0.0138386692302
1.3    1.01843620042805    0.014055187326999    0.0138007538627277
1.4    1.01984076484197    0.0140361147087528    0.0137630453622117
1.5    1.02124342598442    0.0140171210537992    0.0137255434866447
1.6    1.02264419167629    0.0139982058024059    0.0136882465243952
1.7    1.02404306969843    0.0139793677129557    0.0136511521112803
1.8    1.02544006777676    0.013960607083378    0.013614259401474
1.9    1.02683519359709    0.0139419222549344    0.0135775656520835
2    1.02822845477893    0.0139233142505013    0.0135410707472541
2.1    1.02961985888015    0.0139047808817147    0.0135047714569511
2.2    1.03100941344358    0.0138863228782882    0.013468667402277
2.29999999999999    1.03239712591934    0.0138679393369628    0.0134327566290089
2.39999999999999    1.03378300374409    0.0138496295675112    0.0133970374027736
2.49999999999999    1.0351670542808    0.0138313935474298    0.0133615086475481
2.59999999999999    1.03654928484525    0.0138132302402549    0.0133261683184868
2.69999999999999    1.03792970272259    0.0137951394391995    0.0132910151843748
2.79999999999998    1.03930831512982    0.0137771208892657    0.0132560479779716
2.89999999999998    1.04068512924373    0.0137591735206353    0.0132212646592099
2.99999999999998    1.04206015219276    0.0137412976362298    0.0131866645196198
3.09999999999998    1.04343339106116    0.0137234918141996    0.0131522452048836
3.19999999999998    1.04480485290306    0.0137057565990958    0.0131180062583107
3.29999999999997    1.04617454467766    0.0136880908815762    0.013083945648662
3.39999999999997    1.04754247334453    0.0136704943893911    0.0130500621571408
3.49999999999997    1.04890864581666    0.0136529664182141    0.0130163541626489
3.59999999999997    1.05027306892785    0.0136355072340834    0.0129828209800742
3.69999999999997    1.05163574950037    0.013618115804625    0.0129494606959634
3.79999999999996    1.05299669429674    0.0136007917588113    0.0129162720381518
3.89999999999996    1.0543559100351    0.0135835345254332    0.0128832535542775
3.99999999999996    1.05571340342806    0.0135663441108549    0.0128504043491376
4.09999999999996    1.0570691810615    0.0135492199105001    0.0128177229582023
4.19999999999995    1.05842324956432    0.0135321614211858    0.0127852080221746
4.29999999999995    1.05977561548361    0.0135151681098901    0.012752858163964
4.39999999999995    1.06112628532448    0.0134982397640516    0.012720672318398
4.49999999999995    1.06247526556972    0.0134813758505156    0.0126886491266097
4.59999999999995    1.06382256262885    0.013464576197852    0.0126567875798565
4.69999999999994    1.06516818290782    0.0134478401703299    0.0126250862409525
4.79999999999994    1.06651213274297    0.0134311673487816    0.0125935438861234
4.89999999999994    1.06785441845744    0.013414557476576    0.012562159452366
4.99999999999994    1.06919504630589    0.0133980101494279    0.0125309317469423
5.09999999999994    1.07053402252314    0.0133815248109789    0.012499859443458
5.19999999999993    1.07187135330596    0.0133651012716511    0.0124689415669421
5.29999999999993    1.0732070447951    0.013348738912236    0.0124381767497478
5.39999999999993    1.074541103119    0.0133324377638812    0.0124075642385219
5.49999999999993    1.07587353433979    0.0133161971027908    0.0123771025847962
5.59999999999993    1.07720434451191    0.01330001640538    0.012346790535278
5.69999999999992    1.07853353963046    0.0132838960170741    0.0123166276513066
5.79999999999992    1.07986112565805    0.0132678348172808    0.0122866121411636
5.89999999999992    1.08118710852383    0.0132518325982249    0.0122567430685683
5.99999999999992    1.08251149412993    0.0132358892460281    0.0122270195908326
6.09999999999991    1.08383428832508    0.0132200045264886    0.0121974407609103
6.19999999999991    1.08515549692344    0.013204177481081    0.0121680049711922
6.29999999999991    1.08647512573259    0.0131884082957079    0.0121387116771911
6.39999999999991    1.08779318047532    0.0131726963914596    0.0121095596367903
6.49999999999991    1.08910966689347    0.0131570415866179    0.0120805479802107
6.5999999999999    1.09042459065286    0.0131414432884078    0.0120516754675716
6.6999999999999    1.09173795740601    0.0131259012629958    0.0120229411956906
6.7999999999999    1.09304977277035    0.0131104155115455    0.0119943444828839
6.8999999999999    1.09436004231967    0.0130949849564443    0.0119658836672138
6.9999999999999    1.09566877161082    0.0130796100040961    0.0119375584510516
7.09999999999989    1.09697596614104    0.0130642900249395    0.0119093675961719
7.19999999999989    1.09828163141118    0.0130490246621834    0.011881310120262
7.29999999999989    1.09958577285165    0.0130338135508762    0.0118533850406908
7.39999999999989    1.10088839589821    0.0130186563499992    0.0118255914028209
7.49999999999988    1.10218950592048    0.0130035532508487    0.0117979287418355
7.59999999999988    1.10348910827958    0.0129885030251591    0.0117703953103888
7.69999999999988    1.10478720829649    0.0129735061959052    0.0117429909565205
7.79999999999988    1.1060838112589    0.012958562055366    0.0117157144182564
7.89999999999988    1.10737892243408    0.0129436702109856    0.0116885647259158
7.99999999999987    1.10867254703636    0.0129288307325658    0.011661541333486
8.09999999999987    1.10996469027716    0.0129140429886886    0.0116346430673069
8.19999999999987    1.11125535732722    0.0128993066214232    0.0116078690072176
8.29999999999987    1.11254455331855    0.0128846218721114    0.0115812187778715
8.39999999999987    1.11383228335472    0.0128699877500588    0.0115546909013052
8.49999999999986    1.11511855252861    0.0128554042547308    0.0115282847958904
8.59999999999986    1.11640336588881    0.0128408712571339    0.0115019997695105
8.69999999999986    1.11768672844927    0.0128263883724397    0.0114758349061151
8.79999999999986    1.11896864520841    0.0128119552876518    0.0114497893596165
8.89999999999985    1.12024912112116    0.0127975716323628    0.0114238622383875
8.99999999999985    1.12152816114035    0.0127832371119041    0.0113980527238
9.09999999999985    1.12280577016803    0.0127689515272978    0.0113723600880559
9.19999999999985    1.12408195307808    0.0127547148777531    0.0113467837846047
9.29999999999985    1.12535671472569    0.0127405263467635    0.0113213225460418
9.39999999999984    1.12663005994252    0.0127263862163992    0.011295976087349
9.49999999999984    1.12790199351839    0.0127122934743875    0.0112707429789468
9.59999999999984    1.12917252023964    0.0126982487554101    0.0112456232575649
9.69999999999984    1.13044164482884    0.0126842511857278    0.0112206156273094
9.79999999999984    1.13170937202345    0.0126703006920806    0.0111957195065254
9.89999999999983    1.13297570650209    0.0126563969602023    0.0111709341052662
9.99999999999983    1.13424065293624    0.012642539567578    0.0111462585429732
10.0999999999998    1.13550421597532    0.0126287287857807    0.0111216925557018
10.1999999999998    1.13676640021338    0.0126149639713242    0.0110972350774585
10.2999999999998    1.13802721025185    0.0126012445668067    0.011072885123738
10.3999999999998    1.13928665066516    0.0125875711790137    0.0110486427376855
10.4999999999998    1.14054472595245    0.0125739426732175    0.0110245064372353
10.5999999999998    1.1418014406749    0.0125603591929111    0.0110004758668782
10.6999999999998    1.14305679929425    0.0125468206730721    0.0109765504923454
10.7999999999998    1.14431080627594    0.012533326620723    0.0109527294088147
10.8999999999998    1.145563466071    0.0125198767399672    0.0109290118887147
10.9999999999998    1.14681478307258    0.0125064709645837    0.0109053974095764
11.0999999999998    1.148064761705    0.0124931087826142    0.0108818850637491
11.1999999999998    1.14931340630458    0.0124797907484643    0.0108584748772669
11.2999999999998    1.15056072123455    0.0124665152751166    0.0108351650156631
11.3999999999998    1.15180671080828    0.0124532833794447    0.0108119559146392
11.4999999999998    1.15305137933407    0.0124400942298273    0.0107888464059702
11.5999999999998    1.15429473106253    0.012426947874567    0.0107658360903441
11.6999999999998    1.15553677026935    0.0124138435411548    0.0107429238606239
11.7999999999998    1.15677750117533    0.012400781514852    0.0107201095303568
11.8999999999998    1.15801692798379    0.0123877617159602    0.0106973925998892
11.9999999999998    1.15925505486963    0.0123747832616407    0.0106747718801471
12.0999999999998    1.16049188602655    0.0123618466299749    0.0106522473606438
12.1999999999998    1.16172742555143    0.0123489511720459    0.0106298180626874
12.2999999999998    1.16296167758845    0.0123360965290842    0.0106074832617569
12.3999999999998    1.16419464623795    0.0123232830487197    0.0105852428445208
12.4999999999998    1.16542633555304    0.0123105102067832    0.0105630959514411
12.5999999999998    1.1666567495919    0.012297777773665    0.0105410419799713
12.6999999999998    1.1678858924002    0.0122850851446704    0.0105190800099679
12.7999999999998    1.16911376798702    0.0122724330054934    0.010497210230125
12.8999999999998    1.17034038031884    0.0122598206679004    0.0104754316556696
12.9999999999998    1.17156573338222    0.0122472475066249    0.0104537433604072
13.0999999999998    1.17278983113148    0.0122347137919081    0.0104321451867504
13.1999999999998    1.17401267747876    0.0122222197439022    0.0104106369363489
13.2999999999998    1.17523427633167    0.0122097641667554    0.0103892172077099
13.3999999999998    1.17645463159257    0.0121973474978724    0.0103678859943463
13.4999999999998    1.17767374711689    0.0121849695177174    0.0103466427332255
13.5999999999998    1.17889162674717    0.012172629756694    0.0103254866524763
13.6999999999998    1.18010827432128    0.0121603280958697    0.0103044172814257
13.7999999999998    1.18132369364332    0.0121480646509067    0.0102834343510379
13.8999999999997    1.18253788849234    0.0121358389539955    0.010262537101004
13.9999999999997    1.18375086264592    0.0121236506474665    0.010241724867991
14.0999999999997    1.18496261985875    0.01211149969807    0.0102209972661532
14.1999999999997    1.18617316385448    0.0120993862264211    0.0102003540419883
14.2999999999997    1.18738249834177    0.0120873099782524    0.0101797946282119
14.3999999999997    1.18859062700972    0.0120752699153424    0.0101593178012194
14.4999999999997    1.18979755354111    0.0120632668841942    0.0101389239272607
14.5999999999997    1.19100328159465    0.0120513002057601    0.0101186120911644
14.6999999999997    1.19220781479509    0.0120393699530052    0.0100983820132688
14.7999999999997    1.19341115677016    0.012027475689869    0.010078232989224
14.8999999999997    1.19461331110656    0.0120156173676138    0.0100581646428197
14.9999999999997    1.19581428141959    0.0120037945622593    0.0100381762860444
15.0999999999997    1.19701407123192    0.0119920077905233    0.0100182680210114
15.1999999999997    1.19821268411579    0.0119802560852176    0.00999843871128634
15.2999999999997    1.19941012359239    0.0119685394574321    0.00997868804173904
15.3999999999997    1.20060639318792    0.0119568580047802    0.00995901577121513
15.4999999999997    1.2018014963651    0.0119452117605187    0.00993942160718507
15.5999999999997    1.20299543663299    0.0119335995094073    0.00991990422075724
15.6999999999997    1.20418821743109    0.0119220222101157    0.00990046409484813
15.7999999999997    1.20537984221655    0.0119104792103602    0.00988110037451618
15.8999999999997    1.20657031440016    0.0118989703959921    0.00986181265524305
15.9999999999997    1.20775963740059    0.0118874953761811    0.00984260030560893
16.0999999999997    1.20894781461026    0.0118760545428577    0.00982346334501315
16.1999999999997    1.21013484939768    0.01186464698777    0.00980440071920532
16.2999999999997    1.21132074513232    0.0118532732604907    0.00978541258219423
16.3999999999998    1.21250550514985    0.0118419327156912    0.00976649810280883
16.4999999999998    1.21368913277159    0.0118306255249246    0.00974765712691856
16.5999999999998    1.21487163132084    0.0118193509692881    0.00972888876863297
16.6999999999998    1.21605300408664    0.0118081097137063    0.00971019328435875
16.7999999999998    1.21723325434194    0.0117969010421018    0.00969156979569992
16.8999999999998    1.21841238534986    0.0117857249135868    0.00967301798249741
16.9999999999999    1.21959040036921    0.0117745809111528    0.00965453721805964
17.0999999999999    1.22076730261953    0.011763469404901    0.00963612752377856
17.1999999999999    1.22194309532696    0.0117523900853467    0.00961778836534285
17.2999999999999    1.22311778167285    0.0117413425023319    0.00959951909641385
17.3999999999999    1.22429136486155    0.0117303266244405    0.00958131941555189
17.4999999999999    1.22546384805861    0.0117193423987971    0.00956318900583073
17.6    1.22663523441657    0.0117083899765779    0.00954512771854854
17.7    1.22780552706341    0.011697468707895    0.00952713475388265
17.8    1.22897472914864    0.0116865783379345    0.0095092096369062
17.9    1.23014284376316    0.0116757191981124    0.00949135237205044
18    1.23130987401539    0.0116648908071872    0.0094735623041397
18.1    1.23247582297007    0.011654093610115    0.00945583953284417
18.2    1.23364069370853    0.0116433263789015    0.00943818280175223
18.3000000000001    1.23480448927505    0.0116325900260304    0.0094205925934557
18.4000000000001    1.23596721271216    0.0116218838308675    0.00940306806793431
18.5000000000001    1.23712886703764    0.0116112078333636    0.00938560900382763
18.6000000000001    1.23828945526325    0.0116005618199872    0.00936821497645799
18.7000000000001    1.23944898038375    0.0115899457641735    0.00935088571421875
18.8000000000001    1.24060744538495    0.0115793592067275    0.00933362059836302
18.9000000000002    1.24176485322803    0.0115688026828654    0.00931641981393792
19.0000000000002    1.24292120687204    0.0115582751561207    0.00929928228130288
19.1000000000002    1.24407650925013    0.011547777418849    0.00928220839553466
19.2000000000002    1.24523076329533    0.0115373084453523    0.00926519709071464
19.3000000000002    1.24638397192025    0.0115268688402295    0.00924824861352359
19.4000000000002    1.24753613801524    0.0115164581329584    0.0092313623485733
19.5000000000002    1.24868726448226    0.0115060760030949    0.00921453780331912
19.6000000000003    1.24983735418234    0.011495722855828    0.00919777506837969
19.7000000000003    1.250986409971    0.0114853979975785    0.0091810733562203
19.8000000000003    1.25213443471854    0.0114751014392362    0.00916443244515964
19.9000000000003    1.2532814312372    0.0114648336729928    0.00914785249923881
20.0000000000003    1.25442740233844    0.0114545935797646    0.00913133239788248
20.1000000000003    1.25557235086848    0.0114443815389072    0.00911487221822876
20.2000000000004    1.2567162795818    0.0114341974680823    0.00909847167085898
20.3000000000004    1.25785919129075    0.011424041216177    0.00908213041274852
20.4000000000004    1.25900108874801    0.0114139127244914    0.00906584817638383
20.5000000000004    1.26014197471063    0.0114038114103391    0.0090496242798021
20.6000000000004    1.26128185194374    0.0113937375899581    0.00903345875658123
20.7000000000004    1.2624207231553    0.0113836913593961    0.00901735146658844
20.8000000000005    1.26355859107925    0.0113736718643647    0.00900130151831748
20.9000000000005    1.2646954584226    0.0113636795506122    0.00898530905201926
21.0000000000005    1.26583132787596    0.0113537141021286    0.00896937360618168
21.1000000000005    1.266966202136    0.0113437755891611    0.00895349502617863
21.2000000000005    1.26810008386613    0.0113338634487538    0.00893767265924278
21.3000000000005    1.26923297572517    0.0113239782133806    0.00892190671843414
21.4000000000005    1.27036488036116    0.0113141190648405    0.00890619635330595
21.5000000000006    1.27149580041678    0.0113042865341397    0.00889054177798645
21.6000000000006    1.2726257385163    0.011294479894383    0.00887494221793021
21.7000000000006    1.27375469726791    0.011284699617426    0.00885939784295259
21.8000000000006    1.2748826792812    0.0112749449470796    0.00884390785937774
21.9000000000006    1.27600968713934    0.0112652166198715    0.00882847264672948
22.0000000000006    1.27713572342254    0.0112555135483461    0.00881309115540431
22.1000000000007    1.2782607907073    0.0112458363412232    0.00879776366683401
22.2000000000007    1.27938489153922    0.0112361846584383    0.00878248972044691
22.3000000000007    1.28050802846612    0.011226558186418    0.00876726887832628
22.4000000000007    1.28163020403315    0.0112169573234746    0.00875210125992354
22.5000000000007    1.28275142074588    0.0112073813631966    0.00873698612368706
22.6000000000007    1.28387168113611    0.0111978306027746    0.00872192351253169
22.7000000000007    1.28499098768161    0.011188304722778    0.00870691299007784
22.8000000000008    1.28610934290297    0.0111788037558526    0.00869195439527723
22.9000000000008    1.28722674925115    0.0111693275344338    0.00867704741292211
23.0000000000008    1.28834320921267    0.0111598758487441    0.00866219169623609
23.1000000000008    1.28945872524284    0.0111504487111638    0.0086473870724818
23.2000000000008    1.29057329978753    0.0111410463175275    0.00863263351206913
23.3000000000008    1.29168693527458    0.0111316678419308    0.00861793019495428
23.4000000000009    1.29279963415633    0.01112231369279    0.00860327725885252
23.5000000000009    1.29391139882315    0.0111129837944927    0.00858867446766469
23.6000000000009    1.29502223169838    0.0111036778358708    0.00857412140431649
23.7000000000009    1.29613213516701    0.0110943956101757    0.00855961773430308
23.8000000000009    1.29724111162238    0.0110851374751452    0.00854516355967297
23.9000000000009    1.29834916343312    0.0110759027877356    0.00853075821179602
24.000000000001    1.29945629297681    0.0110666919047465    0.00851640179401095
24.100000000001    1.30056250259356    0.0110575045932564    0.0085020939564271
24.200000000001    1.30166779463915    0.0110483402789629    0.00848783408828647
24.300000000001    1.30277217144358    0.0110391997230489    0.00847362260648888
24.400000000001    1.30387563533552    0.01103008206562    0.00845945868355895
24.500000000001    1.30497818863651    0.0110209878303302    0.00844534255537662
24.600000000001    1.30607983364041    0.0110119164179534    0.0084312735977709
24.7000000000011    1.30718057265224    0.0110028676564489    0.00841725151569869
24.8000000000011    1.30828040796529    0.0109938420953227    0.00840327656700213
24.9000000000011    1.30937934184026    0.0109848393263244    0.00838934827770063
25.0000000000011    1.31047737654993    0.0109758589637303    0.00837546619280541
25.1000000000011    1.31157451436928    0.0109669010915726    0.00836163021728613
25.2000000000011    1.31267075752544    0.010957965983779    0.00834784040168324
25.3000000000012    1.31376610826684    0.0109490526850479    0.00833409586086235
25.4000000000012    1.31486056883885    0.0109401621801277    0.00832039718841745
25.5000000000012    1.31595414142752    0.010931293597903    0.00830674356634107
25.6000000000012    1.31704682827969    0.010922447155581    0.00829313500556983
25.7000000000012    1.31813863157798    0.010913622646337    0.00827957119599169
25.8000000000012    1.31922955352281    0.0109048199482493    0.00826605189303833
25.9000000000012    1.32031959630231    0.0108960391130867    0.00825257698484684
26.0000000000013    1.32140876208581    0.0108872802597141    0.00823914641108392
26.1000000000013    1.32249705304027    0.0108785426412059    0.00822575945723084
26.2000000000013    1.32358447133536    0.0108698269084555    0.0082124164674499
26.3000000000013    1.32467101909646    0.0108611321559058    0.00819911661033702
26.4000000000013    1.32575669849618    0.0108524591048486    0.00818586028428795
26.5000000000013    1.32684151163549    0.0108438073681369    0.00817264705169691
26.6000000000014    1.32792546065887    0.0108351767587673    0.00815947662709265
26.7000000000014    1.32900854767036    0.0108265670806889    0.00814634871962786
26.8000000000014    1.33009077477606    0.0108179786849815    0.00813326345098726
26.9000000000014    1.33117214407667    0.010809410784088    0.00812022008737696
27.0000000000014    1.33225265766639    0.0108008642730348    0.00810721916063115
27.1000000000014    1.33333231761086    0.0107923383467912    0.00809425992623465
27.2000000000015    1.33441112599144    0.0107838329741311    0.00808134222211234
27.3000000000015    1.33548908487508    0.0107753480416205    0.00806846582548325
27.4000000000015    1.33656619631303    0.0107668841568166    0.00805563105405283
27.5000000000015    1.33764246234874    0.0107584400795924    0.00804283684348795
27.6000000000015    1.33871788503385    0.0107500169559654    0.00803008391547226
27.7000000000015    1.33979246637398    0.0107416135905474    0.00801737124229283
27.8000000000015    1.34086620842713    0.0107332306301388    0.00800469917332704
27.9000000000016    1.34193911317702    0.0107248677608596    0.00799206734161629
28.0000000000016    1.343011182649    0.0107165251169396    0.00797947571501377
28.1000000000016    1.34408241883068    0.0107082019924437    0.00796692363684033
28.2000000000016    1.34515282372622    0.0106998989915605    0.00795441142659211
28.3000000000016    1.34622239930338    0.0106916161543975    0.00794193898417533
28.4000000000016    1.34729114754185    0.0106833522800189    0.00792950528882409
28.5000000000017    1.34835907041606    0.0106751083364195    0.00791711093182735
28.6000000000017    1.34942616988359    0.0106668840949534    0.00790475561613988
28.7000000000017    1.35049244788569    0.0106586793323398    0.00789243904993831
28.8000000000017    1.35155790638282    0.0106504937437004    0.00788016088204781
28.9000000000017    1.35262254730159    0.01064232794387    0.00786792144275639
29.0000000000017    1.35368637256152    0.0106341808617187    0.00785571981610192
29.1000000000017    1.35474938410974    0.0106260532112818    0.00784355640675533
29.2000000000018    1.35581158383604    0.010617944615085    0.00783143081359675
29.3000000000018    1.35687297366647    0.0106098550818392    0.00781934292137145
29.4000000000018    1.35793355547677    0.0106017845344862    0.00780729255251663
29.5000000000018    1.35899333118337    0.0105937326186409    0.00779527932592298
29.6000000000018    1.36005230266336    0.0105856999106892    0.00778330354645879
29.7000000000018    1.36111047177185    0.0105776857787599    0.0077713646306682
29.8000000000019    1.3621678404141    0.0105696902229644    0.00775946246077226
29.9000000000019    1.36322441042386    0.0105617131939033    0.00774759688364101
30.0000000000019    1.36428018368233    0.0105537548523294    0.00773576790058169
30.1000000000019    1.36533516200698    0.0105458150728078    0.00772397530384115
30.2000000000019    1.36638934726431    0.0105378931527234    0.00771221846380876
30.3000000000019    1.36744274128212    0.01052999017116    0.00770049805616505
30.400000000002    1.36849534587955    0.0105221048645161    0.00768881304287774
30.500000000002    1.36954716289154    0.0105142383055422    0.00767716409513301
30.600000000002    1.37059819411079    0.0105063894293574    0.00766555032284553
30.700000000002    1.37164844136317    0.0104985585561365    0.00765397184842997
30.800000000002    1.37269790643924    0.0104907460805427    0.00764242884856989
30.900000000002    1.37374659112596    0.0104829508919756    0.00763092040387416
31.000000000002    1.37479449722467    0.0104751738264128    0.00761944701376046
31.1000000000021    1.37584162650048    0.0104674145859562    0.00760800835237155
31.2000000000021    1.3768879807326    0.0104596731019417    0.00759660426142754
31.3000000000021    1.37793356167637    0.0104519490538888    0.00758523440068701
31.4000000000021    1.37897837110972    0.0104442424490235    0.00757389866863435
31.5000000000021    1.38002241076913    0.0104365535708085    0.00756259716462998
31.6000000000021    1.38106568239894    0.0104288821842528    0.007551329612461
31.7000000000022    1.38210818775422    0.0104212277759773    0.0075400955354376
31.8000000000022    1.38314992855583    0.010413591134839    0.0075288954001624
31.9000000000022    1.38419090652903    0.0104059712633184    0.00751772838142117
32.0000000000022    1.38523112339829    0.010398369044839    0.00750659501450514
32.1000000000022    1.38627058087164    0.0103907834823301    0.0074954944768407
32.2000000000022    1.38730928065864    0.010383215122707    0.00748442706141017
32.3000000000021    1.38834722446493    0.0103756637340182    0.00747339249950023
32.4000000000021    1.38938441398322    0.0103681293068198    0.00746239068358007
32.5000000000021    1.39042085089196    0.0103606118657223    0.00745142153116873
32.6000000000021    1.39145653687091    0.0103531109668863    0.00744048462352139
32.7000000000021    1.39249147362027    0.0103456266234385    0.00742957987135201
32.800000000002    1.39352566278383    0.0103381593828931    0.00741870756957622
32.900000000002    1.39455910603902    0.0103307084110061    0.00740786702139041
33.000000000002    1.39559180503516    0.0103232743026307    0.00739705855636681
33.100000000002    1.39662376141501    0.0103158565360846    0.00738628170383762
33.200000000002    1.3976549768464    0.0103084547193862    0.00737553608734379
33.3000000000019    1.39868545295555    0.0103010699398974    0.00736482238957324
33.4000000000019    1.39971519136772    0.0102937011622607    0.00735413977482259
33.5000000000019    1.40074419372378    0.0102863486945266    0.00734348836897983
33.6000000000019    1.40177246162899    0.0102790123808705    0.00733286796697756
33.7000000000019    1.40279999671192    0.0102716920252042    0.00732227833567187
33.8000000000018    1.40382680058147    0.0102643879034036    0.00731171957904782
33.9000000000018    1.40485287482348    0.0102570999182022    0.00730119153544178
34.0000000000018    1.40587822106451    0.0102498272043041    0.00729069349729529
34.1000000000018    1.40690284087244    0.0102425715005548    0.00728022661053353
34.2000000000018    1.40792673582836    0.0102353308942916    0.00726978942428393
34.3000000000017    1.40894990753961    0.0102281059353227    0.00725938223963097
34.4000000000017    1.40997235756303    0.0102208969066988    0.00724900516799095
34.5000000000017    1.4109940874685    0.0102137039028764    0.00723865818686811
34.6000000000017    1.41201509881303    0.0102065258377751    0.00722834043797047
34.7000000000017    1.41303539317453    0.0101993637987708    0.0072180526036626
34.8000000000016    1.41405497207736    0.0101922170520034    0.00720779407679621
34.9000000000016    1.41507383709297    0.0101850857694308    0.0071975648919878
35.0000000000016    1.41609198974869    0.0101779699780283    0.00718736498173018
35.1000000000016    1.41710943157253    0.0101708693176334    0.00717719400565068
35.2000000000016    1.41812616411616    0.0101637839110319    0.00716705196491915
35.3000000000015    1.41914218889343    0.010156713998283    0.00715693894366046
35.4000000000015    1.42015750740781    0.010149659154151    0.00714685455747581
35.5000000000015    1.42117212119625    0.0101426192849323    0.00713679865630552
35.6000000000015    1.42218603175883    0.0101355943500246    0.0071267711281694
35.7000000000015    1.42319924059186    0.0101285849101508    0.007116772284068
35.8000000000014    1.42421174919546    0.0101215897987287    0.00710680122140998
35.9000000000014    1.4252235590706    0.0101146100284675    0.00709685856937652
36.0000000000014    1.42623467169262    0.0101076450407875    0.00708694385391152
36.1000000000014    1.42724508855226    0.0101006945753321    0.0070770568112992
36.2000000000014    1.4282548111205    0.0100937592068725    0.0070671977635095
36.3000000000013    1.42926384086945    0.0100868383733067    0.00705736623629315
36.4000000000013    1.43027217926057    0.0100799321656916    0.00704756221358007
36.5000000000013    1.43127982777315    0.0100730403267415    0.00703778543599934
36.6000000000013    1.43228678783699    0.0100661634802897    0.00702803626045551
36.7000000000013    1.43329306092414    0.0100593007985698    0.00701831402998907
36.8000000000012    1.43429864846829    0.0100524524170954    0.00700861876139295
36.9000000000012    1.43530355191889    0.0100456188283905    0.00699895072018762
37.0000000000012    1.43630777269631    0.0100387993897914    0.00698930938105701
37.1000000000012    1.43731131224861    0.0100319941443564    0.00697969469722032
37.2000000000012    1.43831417199617    0.0100252030907346    0.00697010659140005
37.3000000000011    1.43931635335457    0.0100184264882846    0.0069605451678048
37.4000000000011    1.44031785774381    0.0100116638175397    0.00695100998971333
37.5000000000011    1.44131868657384    0.0100049150803905    0.00694150098350088
37.6000000000011    1.44231884125457    0.00999818087212458    0.00693201848727697
37.7000000000011    1.4433183231742    0.0099914602018413    0.00692256173944203
37.800000000001    1.44431713374797    0.00998475336607066    0.00691313087186086
37.900000000001    1.44531527436303    0.00997806101649833    0.00690372626200589
38.000000000001    1.44631274638535    0.0099713821117832    0.00689434711593591
38.100000000001    1.44730955122038    0.00996471703678457    0.00688499362723217
38.200000000001    1.44830569024297    0.00995806557600889    0.00687566557467456
38.3000000000009    1.4493011648221    0.00995142813590611    0.00686636316691822
38.4000000000009    1.4502959763137    0.0099448044258124    0.00685708613154239
38.5000000000009    1.45129012609875    0.00993819369103884    0.00684783387712692
38.6000000000009    1.45228361553508    0.00993159689256146    0.00683860699544023
38.7000000000009    1.45327644596502    0.00992501396168448    0.00682940536829108
38.8000000000008    1.4542686187357    0.00991844409700783    0.00682022837406108
38.9000000000008    1.45526013521646    0.0099118875880492    0.00681107614246222
39.0000000000008    1.45625099672289    0.00990534468302904    0.00680194877484703
39.1000000000008    1.45724120459751    0.00989881526330684    0.00679284612051642
39.2000000000008    1.45823076017044    0.00989229872272052    0.00678376769501441
39.3000000000008    1.45921966478303    0.00988579543509734    0.00677471368683019
39.4000000000007    1.4602079197397    0.00987930572734131    0.00676568425207721
39.5000000000007    1.46119552635914    0.00987282921118229    0.0067566790570338
39.6000000000007    1.46218248596467    0.00986636530063283    0.00674769763373516
39.7000000000007    1.46316879986349    0.00985991465733469    0.00673874036833931
39.8000000000007    1.46415446935458    0.00985347729146996    0.00672980720115791
39.9000000000006    1.46513949574893    0.00984705271059276    0.00672089772964537
40.0000000000006    1.46612388031874    0.00984064124061491    0.00671201211078802
40.1000000000006    1.46710762438665    0.00983424216560353    0.00670314979087844
40.2000000000006    1.46809072922011    0.00982785654169672    0.00669431142509668
40.3000000000006    1.46907319610741    0.00982148332593994    0.0066854962380117
40.4000000000005    1.47005502632661    0.00981512339168466    0.00667670475996454
40.5000000000005    1.47103622114404    0.00980877553503568    0.00666793610792758
40.6000000000005    1.4720167818585    0.00980244040757964    0.00665919066167406
40.7000000000005    1.472996709702    0.00979611848068193    0.00665046867800795
40.8000000000005    1.47397600595633    0.00978980880664687    0.00664176945017173
40.9000000000004    1.47495467186508    0.00978351180270012    0.00663309319894478
41.0000000000004    1.47593270869791    0.00977722684170571    0.00662443943689771
41.1000000000004    1.47691011770407    0.00977095508810261    0.00661580889112742
41.2000000000004    1.47788690010009    0.00976469539047351    0.00660720072003628
41.3000000000004    1.47886305717048    0.00975844797052074    0.00659861501252972
41.4000000000003    1.47983859011694    0.00975221311628313    0.00659005190256085
41.5000000000003    1.48081350019267    0.00974599045030035    0.00658151107417127
41.6000000000003    1.48178778862067    0.00973978009394648    0.00657299254909695
41.7000000000003    1.48276145662452    0.00973358208239652    0.00656449629096432
41.8000000000003    1.4837345054258    0.00972739597864929    0.00655602194535319
41.9000000000002    1.4847069362483    0.00972122249482602    0.00654756993281822
42.0000000000002    1.48567875029114    0.00971506060357688    0.0065391395021791
42.1000000000002    1.48664994877812    0.00970891113773242    0.00653073115544932
42.2000000000002    1.4876205329046    0.00970277344080986    0.00652234439240028
42.3000000000002    1.4885905038817    0.00969664802966396    0.00651397950234038
42.4000000000001    1.48955986289005    0.00969053440576043    0.00650563609236811
42.5000000000001    1.49052861114618    0.00968443254662298    0.006497314089916
42.6000000000001    1.49149674982536    0.00967834287626139    0.00648901372221874
42.7000000000001    1.49246428010848    0.00967226498141121    0.00648073465497491
42.8000000000001    1.49343120319068    0.00966619869840934    0.00647247672189904
42.9    1.49439752024549    0.00966014436426979    0.0064642400923436
43    1.49536323244059    0.00965410169787237    0.00645602452195903
43.1    1.49632834096257    0.0096480705547333    0.00644782985833633
43.2    1.49729284696485    0.00964205131052094    0.00643965629707393
43.3    1.49825675160995    0.00963604375235152    0.00643150364047891
43.3999999999999    1.49922005606765    0.00963004737847703    0.00642337149873515
43.4999999999999    1.50018276148612    0.00962406295381372    0.00641526032753496
43.5999999999999    1.50114486901608    0.00961808968292252    0.00640716954202207
43.6999999999999    1.50210637982389    0.00961212810694033    0.00639909944864711
43.7999999999999    1.50306729502433    0.00960617798327383    0.00639104983194934
43.8999999999998    1.50402761577975    0.00960023914402456    0.00638302052655288
43.9999999999998    1.50498734322674    0.00959431164762144    0.00637501151807092
44.0999999999998    1.5059464784873    0.00958839564106389    0.00636702285110111
44.1999999999998    1.50690502270538    0.00958249057297427    0.00635905410665536
44.2999999999998    1.50786297700002    0.00957659716493459    0.00635110571120181
44.3999999999997    1.50882034249822    0.00957071463136231    0.00634317709126034
44.4999999999997    1.50977712031836    0.00956484363136817    0.00633526863180393
44.5999999999997    1.51073331157146    0.00955898349016169    0.00632737983398174
44.6999999999997    1.51168891737998    0.00955313455619378    0.00631951087711287
44.7999999999997    1.51264393884478    0.00954729662483446    0.0063116615745843
44.8999999999996    1.51359837707598    0.0095414698825824    0.00630383199869369
44.9999999999996    1.51455223317611    0.00953565389387533    0.00629602181093382
45.0999999999996    1.51550550824212    0.00952984928549259    0.0062882313747223
45.1999999999996    1.51645820336897    0.0095240551371604    0.00628046003246362
45.2999999999996    1.51741031965158    0.00951827231511676    0.00627270830562314
45.3999999999995    1.51836185817629    0.00951250004261302    0.0062649756323822
45.4999999999995    1.51931282002322    0.00950673896512799    0.00625726238852028
45.5999999999995    1.52026320628739    0.00950098804603266    0.00624956784242306
45.6999999999995    1.52121301803971    0.00949524856009718    0.00624189278391341
45.7999999999995    1.52216225634769    0.00948951961446763    0.00623423657687912
45.8999999999994    1.52311092229554    0.00948380120938418    0.00622659917315199
45.9999999999994    1.5240590169442    0.00947809349219369    0.00621898062136573
46.0999999999994    1.52500654135985    0.00947239667904892    0.00621138101519377
46.1999999999994    1.52595349660964    0.00946671005738905    0.00620379983952469
46.2999999999994    1.52689988374746    0.00946103443389832    0.00619623757562818
46.3999999999993    1.52784570382564    0.00945536907849445    0.00618869369781172
46.4999999999993    1.52879095790021    0.00944971423564945    0.0061811683191982
46.5999999999993    1.52973564702694    0.0094440699184975    0.00617366140146645
46.6999999999993    1.53067977223665    0.00943843616569998    0.00616617292322899
46.7999999999993    1.53162333458133    0.00943281241735375    0.00615870247232309
46.8999999999992    1.53256633510541    0.00942719957818965    0.00615125059336585
46.9999999999992    1.53350877482065    0.00942159687751028    0.00614381673728094
47.0999999999992    1.53445065479353    0.0094160041958272    0.00613640078057393
47.1999999999992    1.53539197603237    0.00941042225600004    0.00612900314896634
47.2999999999992    1.53633273956081    0.00940485033839794    0.0061216233282163
47.3999999999991    1.53727294642542    0.00939928844663715    0.0061142612757826
47.4999999999991    1.53821259762114    0.00939373712139642    0.00610691729863862
47.5999999999991    1.53915169417865    0.00938819578800385    0.00609959097827179
47.6999999999991    1.54009023710584    0.00938266460315035    0.0060922823722215
47.7999999999991    1.54102822742176    0.0093771433687768    0.0060849913076968
47.899999999999    1.54196566612813    0.00937163241485521    0.00607771795489283
47.999999999999    1.54290255422993    0.00936613134137558    0.00607046201051256
48.099999999999    1.54383889273326    0.00936064050454514    0.00606322366187625
48.199999999999    1.54477468263339    0.00935515923498439    0.00605600243204179
48.299999999999    1.5457099249325    0.00934968827952839    0.00604879876147311
48.3999999999989    1.54664462060888    0.00934422705001313    0.00604161222655953
48.4999999999989    1.54757877067132    0.00933877568546632    0.00603444287453961
48.5999999999989    1.54851237609355    0.00933333452619134    0.00602729088270939
48.6999999999989    1.54944543786027    0.00932790271540268    0.00602015565535769
48.7999999999989    1.550377956967    0.00932248085262791    0.00601303753754695
48.8999999999988    1.55130993437726    0.00931706884727794    0.00600593642882722
48.9999999999988    1.55224137106288    0.00931166676307606    0.00599885232842364
49.0999999999988    1.55317226801206    0.0093062738761807    0.00599178472848477
49.1999999999988    1.55410262618341    0.0093008912073641    0.00598473424512859
49.2999999999988    1.55503244654462    0.00929551768627394    0.00597770014826968
49.3999999999987    1.55596173006947    0.00929015415373924    0.00597068293789235
49.4999999999987    1.55689047770118    0.00928480020503296    0.00596368231292827
49.5999999999987    1.55781869040603    0.00927945569239577    0.00595669813794387
49.6999999999987    1.55874636914431    0.00927412066610557    0.00594973040495145
49.7999999999987    1.55967351486398    0.00926879523422743    0.00594277914313097
49.8999999999986    1.56060012851637    0.00926347941794959    0.00593584432596208
49.9999999999986    1.56152621104008    0.00925817287063504    0.00592892569153128
50.0999999999986    1.5624517633925    0.00925287563209719    0.00592202322586057
50.1999999999986    1.56337678650935    0.00924758810502306    0.00591513714724571
50.2999999999986    1.56430128132014    0.00924230987277248    0.00590826714977357
50.3999999999985    1.56522524876812    0.00923704087380368    0.0059014131551184
50.4999999999985    1.56614868979596    0.00923178101278855    0.00589457506361753
50.5999999999985    1.56707160531933    0.00922653098760278    0.00588775328216267
50.6999999999985    1.56799399626465    0.00922128972184035    0.00588094708513409
50.7999999999985    1.56891586357189    0.00921605780455784    0.00587415681015298
50.8999999999984    1.56983720814483    0.00921083534650733    0.00586738248954637
50.9999999999984    1.5707580309187    0.00920562157027453    0.00586062359005759
51.0999999999984    1.57167833280598    0.00920041763066107    0.00585388080920809
51.1999999999984    1.57259811470154    0.00919522221827057    0.00584715327603944
51.2999999999984    1.57351737755206    0.00919003609962924    0.00584044144077154
51.3999999999983    1.57443612223876    0.00918485908770698    0.00583374514721284
51.4999999999983    1.57535434968233    0.00917969125950379    0.00582706440703635
51.5999999999983    1.57627206076479    0.00917453232381896    0.00582039899848736
51.6999999999983    1.57718925642255    0.00916938203527806    0.00581374872922762
51.7999999999983    1.57810593752529    0.00916424146430114    0.00580711424143811
51.8999999999982    1.57902210497577    0.00915910927608196    0.00580049465249413
51.9999999999982    1.57993775966677    0.00915398612465989    0.00579389034071227
52.0999999999982    1.58085290250223    0.00914887182949082    0.00578730115560384
52.1999999999982    1.58176753434512    0.00914376664058861    0.00578072721942309
52.2999999999982    1.58268165610183    0.00913867008456262    0.00577416819695207
52.3999999999981    1.58359526864409    0.00913358226293794    0.00576762411696162
52.4999999999981    1.58450837286014    0.0091285034299323    0.00576109510450537
52.5999999999981    1.58542096962154    0.00912343322603174    0.0057545808973434
52.6999999999981    1.58633305980537    0.00911837200992589    0.00574808168660661
52.7999999999981    1.58724464428271    0.00911331914249302    0.00574159703440765
52.899999999998    1.58815572393082    0.00910827523323471    0.00573512729009404
52.999999999998    1.58906629960593    0.00910323980738011    0.00572867211999752
53.099999999998    1.58997637219152    0.00909821311916099    0.00572223164965692
53.199999999998    1.59088594253038    0.00909319523921071    0.00571580588910577
53.299999999998    1.59179501149044    0.00908818558757196    0.00570939443959083
53.3999999999979    1.59270357993998    0.00908318465817331    0.00570299757756279
53.4999999999979    1.59361164871853    0.00907819234324952    0.00569661520141973
53.5999999999979    1.59451921868871    0.00907320859562365    0.00569024724774734
53.6999999999979    1.59542629069485    0.00906823316197434    0.00568389352417208
53.7999999999979    1.59633286559773    0.00906326612275181    0.00567755404782585
53.8999999999978    1.59723894423386    0.00905830791446133    0.00567122905884711
53.9999999999978    1.59814452744152    0.00905335781370902    0.00566491807108496
54.0999999999978    1.59904961607588    0.00904841628151878    0.00565862134017074
54.1999999999978    1.5999542109655    0.00904348301156627    0.00565233864168458
54.2999999999978    1.60085831294691    0.00903855797485133    0.00564606992495974
54.3999999999977    1.60176192286503    0.0090336417290498    0.00563981550572234
54.4999999999977    1.6026650415314    0.00902873318696648    0.00563357467280825
54.5999999999977    1.60356766980591    0.00902383344434868    0.00562734807782754
54.6999999999977    1.60446980848221    0.00901894165480529    0.00562113516074012
54.7999999999977    1.60537145840942    0.0090140582613926    0.00561493616581647
54.8999999999976    1.60627262039709    0.00900918299887855    0.0056087508960038
54.9999999999976    1.6071732952715    0.0090043158074137    0.00560257928246163
55.0999999999976    1.60807348385311    0.00899945708955486    0.00559642154411454
55.1999999999976    1.60897318694612    0.00899460627252256    0.00559027729330566
55.2999999999976    1.60987240538155    0.00898976364003282    0.00558414667521566
55.3999999999975    1.61077113994876    0.0089849292565246    0.00557802969875063
55.4999999999975    1.6116693914785    0.00898010272470318    0.00557192608619632
55.5999999999975    1.6125671607605    0.00897528434969058    0.00556583599622464
55.6999999999975    1.61346444861507    0.00897047397206992    0.00555975929917129
55.7999999999975    1.61436125582545    0.00896567165543105    0.00555369600396334
55.8999999999974    1.61525758321227    0.00896087720687065    0.00554764596062142
55.9999999999974    1.61615343155544    0.00895609111660262    0.00554160944235535
56.0999999999974    1.61704880165764    0.00895131254901729    0.00553558590182391
56.1999999999974    1.61794369431618    0.00894654182588563    0.00552957550829164
56.2999999999974    1.61883811032413    0.00894177946363918    0.0055235785509453
56.3999999999973    1.61973205045293    0.00893702474955614    0.00551759455957982
56.4999999999973    1.62062551551642    0.00893227767521037    0.00551162349950048
56.5999999999973    1.62151850627367    0.00892753889580433    0.00550566574557343
56.6999999999973    1.62241102352773    0.00892280737039633    0.00549972062627805
56.7999999999973    1.62330306804884    0.00891808430632394    0.00549378885671866
56.8999999999972    1.62419464060556    0.00891336851153443    0.00548786967318841
56.9999999999972    1.62508574200129    0.00890866054735428    0.00548196339251816
57.0999999999972    1.62597637298894    0.00890396035661199    0.00547606995066254
57.1999999999972    1.62686653434088    0.00889926821645307    0.00547018948918177
57.2999999999972    1.62775622683587    0.00889458295954697    0.00546432126193539
57.3999999999971    1.62864545124266    0.00888990625407585    0.00545846626550477
57.4999999999971    1.62953420831635    0.00888523661539807    0.00545262355957436
57.5999999999971    1.63042249882947    0.00888057500918591    0.00544679370872368
57.6999999999971    1.63131032353931    0.00887592054998932    0.00544097614164057
57.7999999999971    1.63219768320897    0.00887127407688428    0.0054351713448355
57.899999999997    1.63308457859472    0.00886663491680304    0.00542937887787346
57.999999999997    1.63397101044618    0.00886200339539902    0.00542359891255298
58.099999999997    1.63485697952743    0.00885737947413901    0.00541783139752037
58.199999999997    1.63574248658262    0.00885276284607072    0.00541207611753475
58.299999999997    1.63662753237049    0.00884815401028844    0.00540633335030896
58.399999999997    1.63751211761457    0.0088435525675773    0.00540060282452143
58.4999999999969    1.63839624309111    0.00883895812827113    0.00539488427512198
58.5999999999969    1.63927990952753    0.00883437168202953    0.00538917827924564
58.6999999999969    1.6401631176601    0.00882979251622037    0.00538348437490607
58.7999999999969    1.64104586824006    0.008825220146633    0.00537780224028572
58.8999999999969    1.64192816201117    0.00882065609427291    0.00537213277557078
58.9999999999968    1.64280999966994    0.00881609898020965    0.00536647511396993
59.0999999999968    1.64369138200464    0.00881154870954764    0.00536082917147201
59.1999999999968    1.64457230970655    0.00880700651020207    0.00535519566894176
59.2999999999968    1.64545278351884    0.00880247123579473    0.00534957388261878
59.3999999999968    1.6463328041738    0.00879794286735587    0.00534396377515606
59.4999999999967    1.64721237239604    0.00879342260734054    0.00533836605085087
59.5999999999967    1.64809148888767    0.00878890893950511    0.00533277976299539
59.6999999999967    1.64897015441011    0.00878440250210434    0.00532720527331001
59.7999999999967    1.64984836965223    0.00877990345424417    0.00532164265258806
59.8999999999967    1.65072613534331    0.00877541161677253    0.00531609176645613
59.9999999999966    1.65160345219208    0.0087709267212034    0.00531055242683239
60.0999999999966    1.65248032093376    0.0087664491022013    0.00530502481097487
60.1999999999966    1.65335674224514    0.0087619786117516    0.00529950880404278
60.2999999999966    1.65423271687981    0.00875751510335575    0.00529400429213737
60.3999999999966    1.6551082455065    0.00875305874645693    0.00528851135278969
60.4999999999965    1.65598332886455    0.00874860938890345    0.00528302986896737
60.5999999999965    1.65685796763466    0.00874416732010164    0.0052775599906037
60.6999999999965    1.65773216252589    0.00873973194767818    0.00527210133533358
60.7999999999965    1.65860591425889    0.00873530353750893    0.00526665403904105
60.8999999999965    1.65947922350676    0.00873088275656005    0.00526121847919868
60.9999999999964    1.66035209097605    0.00872646795604189    0.00525579363766873
61.0999999999964    1.66122451737423    0.00872206084406676    0.00525038051921667
61.1999999999964    1.66209650337858    0.00871766060081602    0.00524497860569193
61.2999999999964    1.66296804968299    0.00871326689893003    0.00523958767613789
61.3999999999964    1.6638391570022    0.00870888021300889    0.00523420799201529
61.4999999999963    1.66470982599034    0.008704500933876    0.00522883976412986
61.5999999999963    1.66558005734186    0.00870012759187566    0.00522348208573077
61.6999999999963    1.66644985177518    0.00869576166628316    0.00521813582150104
61.7999999999963    1.66731920992816    0.00869140266273248    0.00521280065087653
61.8999999999963    1.66818813250517    0.0086870503103244    0.00520747638773739
61.9999999999962    1.66905662018766    0.00868270441846573    0.00520216289456345
62.0999999999962    1.66992467364845    0.00867836584210354    0.0051968606602734
62.1999999999962    1.67079229356431    0.00867403360214368    0.00519156907507594
62.2999999999962    1.67165948060524    0.00866970841798317    0.00518628854654312
62.3999999999962    1.67252623545432    0.00866538965099501    0.00518101866942684
62.4999999999961    1.67339255877788    0.00866107797134817    0.00517575982151705
62.5999999999961    1.6742584512323    0.00865677250471598    0.00517051145738243
62.6999999999961    1.67512391351478    0.00865247400395893    0.00516527400400137
62.7999999999961    1.67598894625769    0.00864818202579262    0.00516004717400024
62.8999999999961    1.67685355015686    0.00864389689116356    0.00515483113618061
62.999999999996    1.67771772583672    0.00863961822899797    0.00514962564676318
63.099999999996    1.67858147400077    0.0086353459814696    0.0051444306488668
63.199999999996    1.67944479527983    0.00863108058061081    0.00513924637765345
63.299999999996    1.68030769033833    0.00862682189064086    0.00513407272980096
63.399999999996    1.68117015982692    0.00862256919712246    0.00512890925806711
63.4999999999959    1.68203220442554    0.00861832327259582    0.00512375640009772
63.5999999999959    1.68289382474362    0.00861408456116661    0.00511861439771991
63.6999999999959    1.68375502146151    0.00860985118284963    0.00511348211177194
63.7999999999959    1.68461579522818    0.00860562488222641    0.00510836055710899
63.8999999999959    1.68547614668491    0.008601405109717    0.00510324938542424
63.9999999999958    1.68633607646305    0.0085971920856633    0.00509814870574031
64.0999999999959    1.68719558523095    0.0085929843592807    0.0050930576362932
64.1999999999959    1.68805467362891    0.00858878418981431    0.00508797749503604
64.299999999996    1.68891334227794    0.00858459008427566    0.00508290737563664
64.399999999996    1.68977159182746    0.00858040228918072    0.00507784740297424
64.4999999999961    1.69062942292541    0.00857622055288313    0.00507279740704094
64.5999999999961    1.69148683620271    0.00857204582991397    0.00506775793133436
64.6999999999962    1.69234383227739    0.00856787702958096    0.00506272830979694
64.7999999999962    1.69320041180433    0.00856371461351905    0.00505770879443225
64.8999999999963    1.6940565754034    0.00855955838222333    0.00505269924659102
64.9999999999963    1.69491232371467    0.00855540869994859    0.00504769986048484
65.0999999999964    1.69576765734674    0.00855126520511722    0.00504271040202337
65.1999999999965    1.69662257694657    0.00854712783287861    0.00503773081238903
65.2999999999965    1.69747708312269    0.00854299685116543    0.00503276122906453
65.3999999999966    1.69833117651793    0.00853887187837776    0.00502780140672264
65.4999999999966    1.69918485773678    0.00853475350921895    0.00502285167523608
65.5999999999967    1.70003812740017    0.00853064111977886    0.00501791164697262
65.6999999999967    1.70089098613981    0.00852653477020061    0.00501298133724117
65.7999999999968    1.7017434345659    0.00852243449857036    0.00500806074844319
65.8999999999968    1.70259547329475    0.00851834100804403    0.00500315027359957
65.9999999999969    1.7034471029257    0.00851425314918381    0.00499824921746056
66.0999999999969    1.70429832410378    0.00851017118737348    0.00499335771620185
66.199999999997    1.70514913741474    0.0085060958096416    0.00498847615319918
66.299999999997    1.70599954347759    0.00850202654848804    0.00498360423424094
66.3999999999971    1.70684954288101    0.00849796309891295    0.00497874176101613
66.4999999999971    1.70769913627226    0.00849390550324431    0.00497388873884758
66.5999999999972    1.70854832422336    0.00848985425264639    0.00496904543598761
66.6999999999972    1.70939710735368    0.00848580929616066    0.00496421180289554
66.7999999999973    1.71024548623741    0.00848176999571127    0.00495938744698658
66.8999999999973    1.71109346152457    0.00847773642139363    0.00495457239012534
66.9999999999974    1.71194103377043    0.00847370942662286    0.00494976711198989
67.0999999999974    1.71278820359875    0.008469688076409    0.0049449710469825
67.1999999999975    1.71363497158331    0.00846567287651535    0.00494018447154677
67.2999999999975    1.71448133834074    0.00846166331889681    0.00493540707015565
67.3999999999976    1.71532730445514    0.00845765983147734    0.00493063907366871
67.4999999999976    1.71617287051895    0.00845366233836172    0.00492588041891459
67.5999999999977    1.71701803711671    0.00844967078268447    0.00492113105397163
67.6999999999977    1.71786280484897    0.00844568500358389    0.00491639086645596
67.7999999999978    1.71870717429305    0.0084417047504071    0.00491165969204696
67.8999999999978    1.71955114605013    0.00843773100113753    0.00490693808120759
67.9999999999979    1.72039472067554    0.00843376287238831    0.00490222550152717
68.0999999999979    1.72123789878358    0.00842980040488766    0.00489752195837954
68.199999999998    1.72208068093888    0.00842584364171166    0.00489282745865186
68.299999999998    1.72292306774088    0.0084218929210221    0.00488814218040798
68.3999999999981    1.72376505972907    0.00841794822129546    0.00488346609289003
68.4999999999981    1.72460665752548    0.00841400877204175    0.00487879873090275
68.5999999999982    1.72544786167738    0.00841007524522816    0.0048741404663786
68.6999999999982    1.72628867278443    0.00840614748687249    0.00486949119194169
68.7999999999983    1.72712909138517    0.00840222575447633    0.0048648510388634
68.8999999999983    1.72796911808393    0.0083983092632915    0.00486021953482826
68.9999999999984    1.72880875343735    0.00839439865425077    0.00485559703325216
69.0999999999984    1.7296479980167    0.00839049384518435    0.00485098346877822
69.1999999999985    1.73048685238546    0.0083865946711323    0.00484637872837431
69.2999999999985    1.73132531712291    0.00838270091113299    0.00484178266685502
69.3999999999986    1.73216339278072    0.00837881314657422    0.00483719560261768
69.4999999999986    1.73300107992622    0.00837493088711878    0.00483261723499638
69.5999999999987    1.73383837912423    0.00837105411667443    0.00482804753745426
69.6999999999988    1.73467529094081    0.00836718302274911    0.00482348660089066
69.7999999999988    1.73551181592561    0.00836331741476151    0.00481893429823815
69.8999999999989    1.73634795464862    0.00835945786769766    0.0048143909435418
69.9999999999989    1.73718370764411    0.00835560356756616    0.00480985605080171
70.099999999999    1.73801907549431    0.0083517544863972    0.00480532958708861
70.199999999999    1.73885405875201    0.00834791108532597    0.00480081180091521
70.2999999999991    1.73968865795508    0.00834407363599316    0.004796302831451
70.3999999999991    1.74052287365848    0.00834024177384705    0.0047918024520507
70.4999999999992    1.74135670641045    0.00833641465825079    0.00478731016314004
70.5999999999992    1.74219015678344    0.00833259327170843    0.0047828265125161
70.6999999999993    1.74302322529657    0.00832877781851022    0.004778351600618
70.7999999999993    1.74385591251241    0.0083249674782585    0.0047738849399917
70.8999999999994    1.74468821896669    0.0083211626008542    0.00476942671498207
70.9999999999994    1.7455201452166    0.008317363292498    0.00476497696992543
71.0999999999995    1.74635169178652    0.00831356919111827    0.00476053548103675
71.1999999999995    1.74718285923992    0.00830978062841109    0.00475610242194461
71.2999999999996    1.74801364810091    0.0083059974175535    0.00475167766943773
71.3999999999996    1.74884405891325    0.0083022198345172    0.0047472613651307
71.4999999999997    1.74967409220676    0.00829844717806153    0.00474285309191222
71.5999999999997    1.75050374854277    0.00829468015181871    0.00473845323594636
71.6999999999998    1.75133302841673    0.00829091852027831    0.00473406164661533
71.7999999999998    1.75216193240684    0.00828716187509989    0.00472967807474069
71.8999999999999    1.75299046101357    0.00828341103506097    0.00472530297185504
71.9999999999999    1.75381861477812    0.0082796654255282    0.00472093599404273
72.1    1.75464639422702    0.00827592471441134    0.00471657693632178
72.2    1.7554737999042    0.00827218944546453    0.00471222609298753
72.3000000000001    1.75630083231914    0.00826845970887029    0.00470788349963488
72.4000000000001    1.75712749200835    0.00826473494715852    0.00470354882314895
72.5000000000002    1.75795377949394    0.00826101564736444    0.00469922232525506
72.6000000000002    1.75877969529478    0.00825730143435409    0.00469490377700211
72.7000000000003    1.75960523994718    0.0082535923767513    0.00469059320202925
72.8000000000003    1.76043041395933    0.00824988873985639    0.00468629073574219
72.9000000000004    1.76125521785775    0.00824619016891443    0.00468199616120623
73.0000000000004    1.76207965216066    0.00824249680155786    0.00467770954136548
73.1000000000005    1.76290371738369    0.00823880842231236    0.00467343073876974
73.2000000000005    1.76372741405471    0.00823512580293336    0.00466916017594876
73.3000000000006    1.76455074266406    0.00823144754633918    0.00466489704564212
73.4000000000006    1.76537370376187    0.00822777502554935    0.00466064211108199
73.5000000000007    1.76619629782239    0.00822410729674058    0.00465639482252363
73.6000000000007    1.76701852539351    0.00822044475221289    0.00465215538721205
73.7000000000008    1.76784038695842    0.00821678747790151    0.0046479238388928
73.8000000000008    1.76866188304149    0.00821313507940898    0.00464369993957535
73.9000000000009    1.76948301414533    0.00820948785855567    0.00463948384524104
74.000000000001    1.77030378078359    0.00820584579043043    0.00463527552700491
74.100000000001    1.7711241834492    0.00820220846522192    0.00463107473878451
74.2000000000011    1.77194422267034    0.00819857657402295    0.00462688185617241
74.3000000000011    1.77276389892033    0.00819494944683093    0.0046226964864424
74.4000000000012    1.77358321273277    0.00819132745653314    0.00461851882546394
74.5000000000012    1.77440216457558    0.00818771059687092    0.00461434885525478
74.6000000000013    1.77522075498687    0.00818409822151791    0.00461018619714057
74.7000000000013    1.77603898443377    0.00818049165742462    0.00460603158439831
74.8000000000014    1.77685685342838    0.00817688925267517    0.00460188407237093
74.9000000000014    1.77767436247629    0.00817329220857951    0.00459774432320337
75.0000000000015    1.77849151204879    0.00816970019057737    0.00459361213434526
75.1000000000015    1.77930830266384    0.00816611284106777    0.00458948729056235
75.2000000000016    1.78012473480652    0.00816253090761682    0.00458537019795075
75.3000000000016    1.78094080895572    0.0081589532744509    0.00458126021562448
75.4000000000017    1.78175652563605    0.00815538087867569    0.00457715785593342
75.5000000000017    1.78257188529813    0.00815181337789342    0.00457306291270832
75.6000000000018    1.78338688846348    0.0081482504598092    0.00456897519686798
75.7000000000018    1.78420153560468    0.00814469305795269    0.00456489521806872
75.8000000000019    1.78501582720136    0.00814114002659506    0.00456082232019151
75.9000000000019    1.78582976375973    0.00813759190613318    0.00455675679242852
76.000000000002    1.78664334574668    0.00813404875413101    0.00455269865331269
76.100000000002    1.78745657365257    0.00813051018804047    0.00454864767507399
76.2000000000021    1.7882694479641    0.00812697666436349    0.00454460409957562
76.3000000000021    1.78908196915388    0.00812344798134979    0.0045405678003628
76.4000000000022    1.78989413770309    0.00811992378034669    0.00453653856354137
76.5000000000022    1.79070595410419    0.00811640502142598    0.00453251691201656
76.6000000000023    1.79151741880353    0.00811289034335446    0.00452850207215551
76.7000000000023    1.79232853232932    0.00810938039933952    0.0045244943954558
76.8000000000024    1.79313929511048    0.00810587597025155    0.00452049430423761
76.9000000000024    1.79394970763927    0.00810237565639028    0.0045165010043969
77.0000000000025    1.79475977039129    0.00809888020796268    0.00451251490119872
77.1000000000025    1.79556948384213    0.00809538949136439    0.00450853590697144
77.2000000000026    1.79637884845144    0.00809190356008182    0.00450456403840282
77.3000000000026    1.79718786470566    0.00808842231230662    0.00450059922568602
77.4000000000027    1.79799653305501    0.00808494562513789    0.00449664138751179
77.5000000000027    1.7988048539969    0.00808147364036738    0.00449269058976051
77.6000000000028    1.7996128279642    0.00807800670418456    0.00448874701194632
77.7000000000028    1.80042045544839    0.00807454386641985    0.00448481011309601
77.8000000000029    1.80122773690433    0.00807108593339664    0.00448088032847417
77.9000000000029    1.80203467280335    0.00806763280182982    0.00447695758776903
78.000000000003    1.80284126359243    0.00806418399523505    0.0044730416138612
78.100000000003    1.80364750976495    0.00806073984843972    0.00446913257984106
78.2000000000031    1.80445341174984    0.00805730081784956    0.00446523072603804
78.3000000000032    1.80525897001685    0.00805386551682047    0.00446133527132968
78.4000000000032    1.80606418505088    0.00805043552863794    0.00445744708038223
78.5000000000033    1.80686905725928    0.00804700991526332    0.00445356562111328
78.6000000000033    1.80767358715118    0.00804358840399964    0.00444969073021418
78.7000000000034    1.80847777515275    0.00804017221320324    0.00444582306936237
78.8000000000034    1.80928162172279    0.00803676015480608    0.00444196196894629
78.9000000000035    1.81008512732279    0.00803335266228943    0.00443810765639028
79.0000000000035    1.8108882924034    0.00802994978998172    0.00443426014937918
79.1000000000036    1.81169111741239    0.0080265512289005    0.00443041926504817
79.2000000000036    1.81249360281113    0.00802315719836661    0.00442658511231317
79.3000000000037    1.81329574904254    0.00801976811581662    0.00442275790921103
79.4000000000037    1.81409755654667    0.00801638307616012    0.00441893714438387
79.5000000000038    1.81489902579849    0.00801300248363595    0.00441512302873737
79.6000000000038    1.81570015721234    0.0080096267657281    0.00441131578576572
79.7000000000039    1.81650095126034    0.00800625496327892    0.0044075148750811
79.8000000000039    1.81730140838395    0.00800288805309439    0.00440372082262954
79.900000000004    1.81810152900567    0.00799952534734464    0.00439993323789767
80.000000000004    1.81890131360055    0.00799616708754123    0.00439615224187874
80.1000000000041    1.81970076259094    0.00799281340116414    0.00439237789282659
80.2000000000041    1.82049987641765    0.00798946408428356    0.00438861006681589
80.3000000000042    1.82129865553148    0.00798611893101067    0.00438484863904992
80.4000000000042    1.82209710037338    0.00798277854821593    0.00438109393104249
80.5000000000043    1.82289521136048    0.0079794422335549    0.00437734554560577
80.6000000000043    1.82369298895975    0.00797611034373882    0.00437360366685867
80.7000000000044    1.82449043359035    0.00797278280814062    0.00436986824450005
80.8000000000044    1.82528754568782    0.00796946002161554    0.00436613948330667
80.9000000000045    1.82608432569058    0.00796614077180082    0.00436241670755716
81.0000000000045    1.82688077404665    0.00796282671058595    0.00435870081053391
81.1000000000046    1.82767689115023    0.0079595166743264    0.00435499114360261
81.2000000000046    1.82847267747802    0.00795621051696382    0.00435128761559493
81.3000000000047    1.82926813343514    0.00795290924711197    0.00434759076690271
81.4000000000047    1.83006325945594    0.0079496119669472    0.00434390009518608
81.5000000000048    1.83085805597651    0.0079463190025159    0.00434021576745208
81.6000000000048    1.8316525234154    0.00794303056612748    0.00433653788837441
81.7000000000049    1.83244666220805    0.0079397460434524    0.00433286611130347
81.8000000000049    1.83324047277022    0.00793646594259753    0.00432920070251597
81.900000000005    1.83403395554846    0.00793319014538818    0.00432554158628747
82.000000000005    1.83482711094022    0.00792991867320609    0.00432188876321026
82.1000000000051    1.83561993938707    0.0079266510277347    0.00431824195066299
82.2000000000051    1.83641244131472    0.00792338798453202    0.0043146015602353
82.3000000000052    1.83720461712722    0.00792012918281339    0.00431096738435039
82.4000000000052    1.83799646725881    0.00791687417974056    0.00430733917108546
82.5000000000053    1.8387879921369    0.00791362387548126    0.00430371739935316
82.6000000000054    1.83957919215549    0.00791037741968503    0.00430010159574386
82.7000000000054    1.84037006776084    0.00790713520885786    0.00429649196505265
82.8000000000055    1.84116061935016    0.00790389733611679    0.00429288854706576
82.9000000000055    1.84195084735031    0.00790066342637635    0.00428929112725328
83.0000000000056    1.84274075217061    0.00789743375812104    0.00428569984617665
83.1000000000056    1.84353033423976    0.0078942081978267    0.00428211462063201
83.2000000000057    1.84431959394798    0.00789098688158202    0.00427853551384251
83.3000000000057    1.84510853173034    0.0078877693597695    0.00427496227139136
83.4000000000058    1.84589714799076    0.00788455638037638    0.0042713952881712
83.5000000000058    1.84668544313933    0.00788134728807412    0.00426783419848483
83.6000000000059    1.8474734175788    0.0078781423980921    0.00426427916262891
83.7000000000059    1.84826107173555    0.00787494136410083    0.00426072998264587
83.800000000006    1.84904840601047    0.00787174469841503    0.00425718692535433
83.900000000006    1.84983542080088    0.00786855204279194    0.00425364978652277
84.0000000000061    1.85062211653757    0.00786536323240858    0.00425011846671557
84.1000000000061    1.85140849360213    0.00786217880412931    0.00424659324579016
84.2000000000062    1.8521945524127    0.00785899809244013    0.00424307375388989
84.3000000000062    1.85298029337156    0.00785582166566059    0.00423956028769559
84.4000000000063    1.85376571687992    0.00785264933362307    0.00423605273423649
84.5000000000063    1.85455082334631    0.00784948053976047    0.00423255078315786
84.6000000000064    1.85533561316904    0.00784631650372083    0.00422905508201763
84.7000000000064    1.85612008674069    0.00784315585885695    0.00422556488391298
84.8000000000065    1.85690424447504    0.00783999953005715    0.00422208067722607
84.9000000000065    1.85768808676396    0.0078368468561415    0.00421860209578729
85.0000000000066    1.85847161401509    0.00783369865031009    0.00421512956734698
85.1000000000066    1.85925482660861    0.00783055404863583    0.00421166261696318
85.2000000000067    1.86003772495603    0.00782741359347853    0.00420820152648441
85.3000000000067    1.86082030944662    0.00782427690436987    0.00420474608141862
85.4000000000068    1.86160258047983    0.00782114436837218    0.00420129647991585
85.5000000000068    1.86238453844755    0.0078180156274869    0.0041978525197615
85.6000000000069    1.86316618374256    0.00781489095045878    0.00419441433547324
85.7000000000069    1.86394751675876    0.00781177014593766    0.00419098181451034
85.800000000007    1.86472853788699    0.00780865300044783    0.0041875548326708
85.900000000007    1.86550924752275    0.00780554027076415    0.00418413378605831
86.0000000000071    1.86628964604389    0.00780243113889754    0.00418071822636798
86.1000000000071    1.86706973385816    0.00779932565648855    0.00417730817175844
86.2000000000072    1.867849511346    0.00779622449927418    0.00417390397455311
86.3000000000072    1.86862897888302    0.00779312713712922    0.00417050534118743
86.4000000000073    1.86940813687384    0.00779003335205716    0.0041671121454966
86.5000000000073    1.87018698570074    0.00778694368519601    0.00416372466749807
86.6000000000074    1.8709655257395    0.00778385789888161    0.00416034277050884
86.7000000000074    1.87174375738741    0.00778077575852987    0.00415696631967953
86.8000000000075    1.87252168102043    0.00777769752311683    0.00415359544402091
86.9000000000076    1.87329929702767    0.00777462306918208    0.00415023006815726
87.0000000000076    1.87407660578224    0.00777155276160711    0.00414687037745892
87.1000000000077    1.87485360767054    0.00776848582799761    0.00414351595037319
87.2000000000077    1.87563030307953    0.00776542280444884    0.00414016706367938
87.3000000000078    1.87640669237893    0.00776236378763021    0.00413682375955983
87.4000000000078    1.87718277595166    0.00775930853368573    0.00413348589870374
87.5000000000079    1.87795855417826    0.00775625664875037    0.0041301532621652
87.6000000000079    1.87873402743881    0.00775320892263104    0.00412682626140574
87.700000000008    1.87950919610096    0.00775016505934441    0.00412350472954436
87.800000000008    1.88028406054548    0.00774712462464501    0.00412018842642187
87.9000000000081    1.88105862115104    0.00774408800248011    0.00411687754725125
88.0000000000081    1.88183287829111    0.00774105535390594    0.00411357216849968
88.1000000000082    1.88260683232905    0.00773802631074832    0.00411027208542278
88.2000000000082    1.8833804836549    0.00773500067315587    0.00410697718293505
88.3000000000083    1.88415383263565    0.00773197930541096    0.00410368791097863
88.4000000000083    1.88492687962548    0.00772896150583845    0.00410040388801402
88.5000000000084    1.88569962501838    0.00772594701794428    0.00409712496913128
88.6000000000084    1.88647206917394    0.00772293654341437    0.00409385151766182
88.7000000000085    1.88724421246692    0.00771992975898681    0.00409058335322468
88.8000000000085    1.88801605525377    0.00771692680840723    0.00408732054313488
88.9000000000086    1.8887875979103    0.00771392717635599    0.00408406280562752
89.0000000000086    1.88955884081109    0.00771093112775719    0.00408081027233176
89.1000000000087    1.89032978431095    0.00770793938468407    0.00407756331654782
89.2000000000087    1.89110042877004    0.0077049508273702    0.00407432133701194
89.3000000000088    1.89187077457418    0.00770196573753765    0.00407108447418729
89.4000000000088    1.89264082207037    0.00769898460359896    0.0040678529776067
89.5000000000089    1.89341057162707    0.00769600721147654    0.00406462672533993
89.6000000000089    1.89418002359891    0.00769303312862131    0.0040614054803538
89.700000000009    1.89494917836447    0.00769006259541081    0.004058189361072
89.800000000009    1.89571803628019    0.00768709600139718    0.00405497856447096
89.9000000000091    1.89648659768903    0.007684133094305    0.00405177294881416
90.0000000000091    1.89725486296671    0.00768117330467292    0.00404857220535041
90.1000000000092    1.89802283247211    0.00767821727621597    0.00404537666505062
90.2000000000092    1.89879050656497    0.00767526491916649    0.00404218627206617
90.3000000000093    1.89955788559096    0.00767231632927693    0.00403900106834072
90.4000000000093    1.90032496991011    0.00766937093688285    0.00403582074556734
90.5000000000094    1.90109175989407    0.00766642900230425    0.00403264543250213
90.6000000000094    1.90185825588529    0.00766349125742966    0.00402947550571396
90.7000000000095    1.90262445822641    0.00766055667251396    0.00402631041527501
90.8000000000095    1.90339036729215    0.00765762525499777    0.00402315015699688
90.9000000000096    1.90415598343961    0.00765469781040634    0.0040199951458699
91.0000000000096    1.90492130699292    0.00765177405153352    0.00401684522265779
91.1000000000097    1.90568633832709    0.00764885342044262    0.00401370008621522
91.2000000000098    1.90645107778826    0.0076459363841865    0.00401055997359072
91.3000000000098    1.90721552572697    0.00764302275315406    0.00400742477714509
91.4000000000099    1.90797968249344    0.00764011300329924    0.0040042947382515
91.5000000000099    1.90874354842652    0.00763720666262059    0.00400116960128896
91.60000000001    1.90950712388634    0.00763430324245383    0.00399804910228147
91.70000000001    1.91027040922505    0.00763140374209903    0.00399493375662711
91.8000000000101    1.91103340477638    0.00762850780544729    0.0039918233696914
91.9000000000101    1.91179611088733    0.00762561525986395    0.00398871784309921
92.0000000000102    1.91255852790658    0.00762272593838812    0.00398561708160204
92.1000000000102    1.91332065619432    0.00761983994790773    0.00398252113321347
92.2000000000103    1.91408249607807    0.00761695816909798    0.00397943045020527
92.3000000000103    1.91484404788577    0.00761407916796015    0.00397634427532992
92.4000000000104    1.91560531200108    0.00761120348431266    0.0039732628828231
92.5000000000104    1.91636628873967    0.00760833160827638    0.0039701865206991
92.6000000000105    1.91712697843785    0.0076054631058169    0.00396711495448994
92.7000000000105    1.91788738145476    0.00760259793583085    0.00396404815493603
92.8000000000106    1.91864749811595    0.00759973591663251    0.00396098601962853
92.9000000000106    1.91940732877644    0.00759687760686817    0.00395792883197489
93.0000000000107    1.92016687376017    0.00759402262678154    0.00395487638629581
93.1000000000107    1.92092613340881    0.0075911710544273    0.00395182871553538
93.2000000000108    1.92168510806171    0.00758832269968838    0.00394878571304654
93.3000000000108    1.92244379806091    0.00758547776150918    0.00394574747473
93.4000000000109    1.92320220373464    0.00758263616791405    0.00394271395550058
93.5000000000109    1.92396032542508    0.00757979816242483    0.00393968527430531
93.600000000011    1.92471816345437    0.007576963282114    0.0039366611829107
93.700000000011    1.92547571817461    0.00757413155940533    0.00393364169068086
93.8000000000111    1.9262329899123    0.00757130355180706    0.00393062707962019
93.9000000000111    1.92698997899253    0.00756847885235803    0.00392761713079327
94.0000000000112    1.92774668575044    0.00756565700850955    0.00392461160194622
94.1000000000112    1.92850311053315    0.00756283888952272    0.00392161093659419
94.2000000000113    1.92925925365358    0.00756002407633603    0.00391861490985158
94.3000000000113    1.93001511544506    0.00755721249332994    0.00391562347509763
94.4000000000114    1.93077069624588    0.00755440407977011    0.00391263659349016
94.5000000000114    1.93152599637753    0.00755159909067755    0.00390965438976238
94.6000000000115    1.93228101617435    0.00754879727481593    0.00390667672643264
94.7000000000115    1.93303575595146    0.00754599895880024    0.0039037037652136
94.8000000000116    1.9337902160536    0.00754320365649672    0.00390073524722375
94.9000000000116    1.93454439679714    0.00754041171384523    0.00389777134416209
95.0000000000117    1.93529829850637    0.00753762305708554    0.00389481201058408
95.1000000000117    1.93605192151443    0.0075348375250867    0.00389185715597584
95.2000000000118    1.93680526614318    0.00753205553703101    0.00388890698961689
95.3000000000118    1.9375583327023    0.00752927660990892    0.00388596125485826
95.4000000000119    1.9383111215407    0.00752650051193668    0.00388301982498769
95.500000000012    1.93906363297055    0.00752372832707715    0.00388008325211647
95.600000000012    1.93981586729571    0.0075209591133961    0.00387715104314569
95.7000000000121    1.9405678248692    0.00751819281124958    0.00387422316030429
95.8000000000121    1.94131950599019    0.00751543003313343    0.00387129991222135
95.9000000000122    1.94207091098669    0.0075126704416856    0.00386838111790096
96.0000000000122    1.94282204017643    0.00750991400111419    0.00386546675187615
96.1000000000123    1.94357289387971    0.00750716059709113    0.00386255674831189
96.2000000000123    1.94432347241485    0.00750441062700676    0.00385965130467014
96.3000000000124    1.94507377609973    0.00750166360990114    0.0038567501665379
96.4000000000124    1.9458238052491    0.00749891989311602    0.0038538535055881
96.5000000000125    1.94657356019096    0.00749617932960074    0.00385096123922765
96.6000000000125    1.94732304121681    0.0074934420101858    0.00384807340722648
96.7000000000126    1.94807224866516    0.00749070753629927    0.00384518979798207
96.8000000000126    1.94882118284996    0.00748797639869366    0.003842310656611
96.9000000000127    1.94956984406902    0.00748524856075493    0.00383943595738647
97.0000000000127    1.95031823265176    0.00748252369520997    0.00383656552553288
97.1000000000128    1.95106634890123    0.00747980195025718    0.00383369943029848
97.2000000000128    1.9518141931366    0.00747708321064447    0.00383083760582181
97.3000000000129    1.95256176567158    0.00747436783810767    0.00382798023064682
97.4000000000129    1.95330906680043    0.00747165548765016    0.00382512712127474
97.500000000013    1.95405609685609    0.00746894606602571    0.00382227822325195
97.600000000013    1.95480285613812    0.00746624005879233    0.00381943377837217
97.7000000000131    1.95554934495124    0.0074635369130686    0.00381659349703329
97.8000000000131    1.95629556361524    0.00746083683123532    0.00381375747611862
97.9000000000132    1.9570415124368    0.00745813984225827    0.00381092572378385
98.0000000000132    1.9577871917125    0.00745544634018531    0.00380809843467408
98.1000000000133    1.95853260175882    0.00745275533982207    0.00380527509888233
98.2000000000133    1.95927774288318    0.00745006753215121    0.00380245606280814
98.3000000000134    1.96002261539161    0.00744738300262098    0.00379964136338957
98.4000000000134    1.96076721958268    0.00744470145991924    0.00379683084537884
98.5000000000135    1.96151155576385    0.00744202280671255    0.00379402445264437
98.6000000000135    1.96225562425066    0.00743934725198465    0.00379122228523389
98.7000000000136    1.96299942532859    0.0074366748875876    0.00378842438343697
98.8000000000136    1.96374295931155    0.00743400535120885    0.00378563055615745
98.9000000000137    1.96448622650468    0.00743133884972981    0.0037828409023524
99.0000000000137    1.96522922720432    0.00742867560486712    0.00378005552840008
99.1000000000138    1.96597196170755    0.00742601522736906    0.00377727422975004
99.2000000000138    1.96671443032559    0.00742335774560879    0.00377449701448515
99.3000000000139    1.96745663335087    0.00742070323161711    0.00377172391290706
99.4000000000139    1.9681985710991    0.00741805182118676    0.00376895498762826
99.500000000014    1.96894024384225    0.00741540368223088    0.00376619031756912
99.600000000014    1.96968165189939    0.00741275812900507    0.00376342954804745
99.7000000000141    1.97042279556038    0.00741011566751376    0.00376067292979442
99.8000000000142    1.97116367513057    0.00740747612479542    0.00375792036869021
99.9000000000142    1.97190429089776    0.00740483975146717    0.00375517198560177
