0 0 0
2.99999999999998 5.37355103157634e-14 2.82950607781689e-17
5.99999999999992 3.96447287727592e-14 2.22378312898792e-18
8.99999999999985 4.91137160367275e-14 4.88813893811523e-19
11.9999999999998 5.0535334084634e-14 1.75536604723091e-19
14.9999999999997 5.49920237522765e-14 8.55107308215331e-20
18 2.34644758478574e-13 1.64186331879385e-19
21.0000000000005 6.49480095702659e-13 2.6583380557685e-19
24.000000000001 1.78320164643517e-12 4.30502278137085e-19
27.0000000000014 5.12557485728836e-12 7.38777606968331e-19
30.0000000000019 6.76313719519129e-12 6.88158620104537e-19
33.000000000002 8.73577576154746e-12 5.94259265796519e-19
36.0000000000014 1.3930196505888e-11 6.53155038922461e-19
39.0000000000008 1.89171605467131e-11 6.81242879277654e-19
42.0000000000002 2.94381418400707e-11 7.66095917222796e-19
44.9999999999996 3.48711939973081e-11 6.87013507123092e-19
47.999999999999 4.31244633172908e-11 6.78126487433644e-19
50.9999999999984 1.43458438955345e-10 1.72177304627245e-18
53.9999999999978 4.74381388329524e-09 4.56854376716752e-17
56.9999999999972 3.17078835154306e-08 2.49801112482704e-16
59.9999999999966 1.62865041996728e-07 1.0213041630447e-15
62.999999999996 6.53466512202863e-07 3.41694253466121e-15
65.9999999999969 1.76994255703135e-06 7.70732485917395e-15
68.9999999999984 3.49212700153392e-06 1.2598978298098e-14
71.9999999999999 6.8767182359102e-06 2.11195110043538e-14
75.0000000000015 1.03002869394238e-05 2.69524642647785e-14
78.000000000003 1.40352176191882e-05 3.13120124775732e-14
81.0000000000045 2.06635286989652e-05 3.97007600662224e-14
84.0000000000061 2.52896827208695e-05 4.20350639140975e-14
87.0000000000076 2.76782297165764e-05 3.99867965451394e-14
90.0000000000091 2.91602554205989e-05 3.67899500053777e-14
93.0000000000107 3.10805890258179e-05 3.43946903996034e-14
96.0000000000122 3.24100828111672e-05 3.1590178917352e-14
99.0000000000137 3.37521593852419e-05 2.90901080515568e-14
102.000000000015 3.45676241006285e-05 2.64405321066311e-14
105.000000000017 3.59433843756734e-05 2.44837272795895e-14
108.000000000018 3.65202500701133e-05 2.22259072814904e-14
111.00000000002 3.73703456428059e-05 2.03826560921912e-14
114.000000000021 3.76534753055354e-05 1.84591767995452e-14
117.000000000023 3.90852609253512e-05 1.72700218904974e-14
120.000000000024 4.03442204511485e-05 1.6109771837241e-14
123.000000000026 4.12746341317617e-05 1.49312436123811e-14
126.000000000028 4.13548775244489e-05 1.3585656180116e-14
129.000000000028 4.22975247764407e-05 1.26467602846348e-14
132.000000000025 4.34354728017396e-05 1.18459553307909e-14
135.000000000022 4.3406779994732e-05 1.08200850569319e-14
138.000000000019 4.38015351949411e-05 9.99949535046307e-15
141.000000000017 4.45079793971847e-05 9.32262295668026e-15
144.000000000014 4.54995170724824e-05 8.76063948649217e-15
147.000000000011 4.61001801658538e-05 8.17339353876477e-15
150.000000000009 4.63803689604912e-05 7.58444133895807e-15
153.000000000006 4.72131698235796e-05 7.13242708505626e-15
156.000000000003 4.68357609923455e-05 6.54637888883366e-15
159 4.78649022940098e-05 6.19928434535409e-15
161.999999999998 4.84283741786117e-05 5.82014587315256e-15
164.999999999995 4.82392609093846e-05 5.38689842196952e-15
167.999999999992 4.89068401353157e-05 5.08142430253332e-15
170.999999999989 4.93900126815088e-05 4.78076998163265e-15
173.999999999987 5.00857074678373e-05 4.52217127236574e-15
176.999999999984 5.01358878768782e-05 4.22724539317641e-15
179.999999999981 5.07327000641155e-05 3.99933573372246e-15
182.999999999979 5.02792958800579e-05 3.70983495974271e-15
185.999999999976 5.07310319402803e-05 3.50730310559373e-15
188.999999999973 5.11751628930131e-05 3.31853350132802e-15
191.99999999997 5.16116501357564e-05 3.14237288107083e-15
194.999999999968 5.20149902331631e-05 2.97640613679201e-15
197.999999999965 5.24436929995009e-05 2.82296889934244e-15
200.999999999962 5.19815167761212e-05 2.63468111442653e-15
203.999999999959 5.36249551975082e-05 2.56141655664058e-15
206.999999999957 5.27539823105768e-05 2.37680788863436e-15
209.999999999954 5.31113155239457e-05 2.25899299489972e-15
212.999999999951 5.30591047382436e-05 2.13219189804949e-15
215.999999999949 5.35624351276563e-05 2.03515632740698e-15
218.999999999946 5.36701387746303e-05 1.92970869680097e-15
221.999999999943 5.39138297769822e-05 1.83566177139508e-15
224.99999999994 5.46390185428595e-05 1.76308344653525e-15
227.999999999938 5.47046551585068e-05 1.67400504349359e-15
230.999999999935 5.48320966443628e-05 1.59237994424161e-15
233.999999999932 5.46739290284532e-05 1.50784325420964e-15
236.999999999929 5.45804504525825e-05 1.43041040830789e-15
239.999999999927 5.53083388453177e-05 1.37830354075333e-15
242.999999999924 5.52008437102746e-05 1.30887126222185e-15
245.999999999921 5.56596176909815e-05 1.25646268904344e-15
248.999999999919 5.60487820289326e-05 1.20531976490451e-15
251.999999999916 5.61443543626958e-05 1.15082119677042e-15
254.999999999913 5.64360933258276e-05 1.10331564020882e-15
257.99999999991 5.67438555954747e-05 1.05855491218738e-15
260.999999999908 5.61872411094724e-05 1.00073613336693e-15
263.999999999905 5.64924821399141e-05 9.61170816848382e-16
266.999999999902 5.64478203375865e-05 9.17940761001461e-16
269.999999999899 5.6600905031447e-05 8.80149473227761e-16
272.999999999897 5.70577977822321e-05 8.48869237911291e-16
275.999999999894 5.75283124328586e-05 8.19227047355173e-16
278.999999999891 5.76472902202483e-05 7.86113657691382e-16
281.999999999889 5.73300139847087e-05 7.49018113472812e-16
284.999999999886 5.79323780646789e-05 7.25491477391589e-16
287.999999999883 5.74455091817469e-05 6.89853923312762e-16
290.99999999988 5.77252335783588e-05 6.65039874868085e-16
293.999999999878 5.75026047774203e-05 6.35817857619171e-16
296.999999999875 5.76497637974411e-05 6.12049694395125e-16
299.999999999872 5.79610093208674e-05 5.91070159200196e-16
302.999999999869 5.78853400800247e-05 5.67245922890778e-16
305.999999999867 5.81811584549914e-05 5.48094222329246e-16
308.999999999864 5.84656061495336e-05 5.29663983640708e-16
311.999999999861 5.810111200959e-05 5.06385813141784e-16
314.999999999859 5.85172359471007e-05 4.90838364570206e-16
317.999999999856 5.79607830315782e-05 4.68064113558178e-16
320.999999999853 5.90202442335658e-05 4.59031902847156e-16
323.99999999985 5.9060434274525e-05 4.42547370380559e-16
326.999999999848 5.89141577495961e-05 4.2545063045366e-16
329.999999999845 5.88307411981161e-05 4.0959354610987e-16
332.999999999842 5.89351439796948e-05 3.95711133308808e-16
335.999999999839 5.93128801507022e-05 3.84202097767891e-16
338.999999999837 5.88470614194914e-05 3.67856941912302e-16
341.999999999834 5.89768575542217e-05 3.55881046692982e-16
344.999999999831 5.93416960088635e-05 3.45775705491611e-16
347.999999999829 5.96138491613457e-05 3.35524144779116e-16
350.999999999826 6.03754760223083e-05 3.28320706647652e-16
353.999999999823 6.01196969050582e-05 3.15979963758679e-16
356.99999999982 6.01608800000368e-05 3.05683924749881e-16
359.999999999818 6.02888751913703e-05 2.96242193968806e-16
362.999999999815 5.99531066212658e-05 2.84962060951091e-16
365.999999999812 6.02495637053309e-05 2.77081804508377e-16
368.999999999809 6.00785866253092e-05 2.6740798977734e-16
371.999999999807 6.07460027960123e-05 2.61748043119029e-16
374.999999999804 6.04339998704589e-05 2.52164446719297e-16
377.999999999801 6.04651440391691e-05 2.44375113243667e-16
380.999999999798 6.05941030021625e-05 2.37258925453925e-16
383.999999999796 6.05354502990325e-05 2.2970288796512e-16
386.999999999793 6.07399614613657e-05 2.23401650422778e-16
389.99999999979 6.0446677766204e-05 2.15555983730821e-16
392.999999999788 5.96386039830025e-05 2.0624598820388e-16
395.999999999785 6.07092038604639e-05 2.03649892303874e-16
398.999999999782 6.09547620349264e-05 1.98384795526518e-16
401.999999999779 6.11982644845396e-05 1.93292333886518e-16
404.999999999777 6.09478466534954e-05 1.86850073894069e-16
407.999999999774 6.06468708480522e-05 1.80513720093735e-16
410.999999999771 6.06009604262058e-05 1.75163373322712e-16
413.999999999768 6.11038010964068e-05 1.71544500420593e-16
416.999999999766 6.0729818068117e-05 1.65633905466743e-16
419.999999999763 6.06594954867539e-05 1.60759217462332e-16
422.99999999976 6.06211904979216e-05 1.56140802135435e-16
425.999999999758 6.1515250513924e-05 1.54022511547177e-16
428.999999999755 6.1492648444674e-05 1.4969769521847e-16
431.999999999752 6.147946186141e-05 1.45545107294659e-16
434.999999999749 6.15263362261139e-05 1.41674184421421e-16
437.999999999747 6.13878880527424e-05 1.37518576994985e-16
440.999999999744 6.13806317190493e-05 1.33793820399168e-16
443.999999999741 6.09309057540841e-05 1.29257643200084e-16
446.999999999738 6.16384927962343e-05 1.27276905297837e-16
449.999999999736 6.21279958307175e-05 1.24897429084159e-16
452.999999999733 6.13270158958615e-05 1.20050485546747e-16
455.99999999973 6.24981879555266e-05 1.19148653260211e-16
458.999999999728 6.18405014077736e-05 1.14839075087341e-16
461.999999999725 6.18587150635555e-05 1.11912913217133e-16
464.999999999722 6.22294639570565e-05 1.0970349837317e-16
467.999999999719 6.18781750785989e-05 1.06309121049084e-16
470.999999999717 6.22008758359829e-05 1.04165060601386e-16
473.999999999714 6.24427292625557e-05 1.01941909207124e-16
476.999999999711 6.25551248270006e-05 9.95773300231576e-17
479.999999999708 6.21805110933014e-05 9.65268822129508e-17
482.999999999706 6.24027431884597e-05 9.44844771951789e-17
485.999999999703 6.20473979247443e-05 9.164460464794e-17
488.9999999997 6.11899036981656e-05 8.81760939180932e-17
491.999999999698 6.24170475733675e-05 8.77681049257971e-17
494.999999999695 6.15195738980498e-05 8.44261634622268e-17
497.999999999692 6.29596376711857e-05 8.43355764071789e-17
500.999999999689 6.303810902486e-05 8.24330982770954e-17
503.999999999687 6.20617508517743e-05 7.92401742417014e-17
506.999999999684 6.23310300550487e-05 7.77146179867013e-17
509.999999999681 6.30957935180713e-05 7.68290660749336e-17
512.999999999678 6.30313042583425e-05 7.49687218957976e-17
515.999999999676 6.2046844369791e-05 7.20946428561487e-17
518.999999999673 6.23166639835642e-05 7.07460293428886e-17
521.99999999967 6.23990469361515e-05 6.92225341485099e-17
524.999999999668 6.27823573843755e-05 6.80673187725391e-17
527.999999999665 6.25864767456345e-05 6.63237879047772e-17
530.999999999662 6.24512936019275e-05 6.46938940498717e-17
533.999999999659 6.26505897835694e-05 6.34540812648404e-17
536.999999999657 6.28575467186703e-05 6.22499997782702e-17
539.999999999654 6.26421981107275e-05 6.06675013235387e-17
542.999999999651 6.36877532474988e-05 6.03265282500564e-17
545.999999999648 6.28138462209494e-05 5.81999305503294e-17
548.999999999646 6.29692071373261e-05 5.70770496149371e-17
551.999999999643 6.37749388920887e-05 5.65595782675482e-17
554.99999999964 6.30868898063408e-05 5.47476785989404e-17
557.999999999638 6.27799031596681e-05 5.33178150601466e-17
560.999999999635 6.30243637420933e-05 5.23874606111258e-17
563.999999999632 6.30493711004244e-05 5.13003350387519e-17
566.999999999629 6.31179649214698e-05 5.02764963695202e-17
569.999999999627 6.30197489429417e-05 4.91476657415899e-17
572.999999999624 6.2844299526651e-05 4.79910971378819e-17
575.999999999621 6.31734484731687e-05 4.72451544763676e-17
578.999999999618 6.36377911051107e-05 4.66117333146966e-17
581.999999999616 6.35246894103357e-05 4.55752679495846e-17
584.999999999613 6.38106051970847e-05 4.48463420155229e-17
587.99999999961 6.32253583538098e-05 4.35339944152375e-17
590.999999999608 6.3303455634842e-05 4.27076772228388e-17
593.999999999605 6.32694456472941e-05 4.18282019029519e-17
596.999999999602 6.33529618161219e-05 4.10465493592722e-17
599.999999999599 6.2709904141864e-05 3.98218928078692e-17
602.999999999597 6.38480963385927e-05 3.97433958601044e-17
605.999999999594 6.40326390923016e-05 3.9073877624396e-17
608.999999999591 6.37209688869054e-05 3.81216266184866e-17
611.999999999588 6.42123720790182e-05 3.76671832081085e-17
614.999999999586 6.32672524223279e-05 3.6392731399345e-17
617.999999999583 6.38329540771511e-05 3.60088678203575e-17
620.99999999958 6.30159165068923e-05 3.48649215574985e-17
623.999999999578 6.36978948098672e-05 3.4568287751855e-17
626.999999999575 6.44839168643151e-05 3.43289029181686e-17
629.999999999572 6.45256944328129e-05 3.37009509734788e-17
632.999999999569 6.36992402136372e-05 3.26419303217428e-17
635.999999999567 6.39258098124447e-05 3.21435140769489e-17
638.999999999564 6.46047058204469e-05 3.18782182913101e-17
641.999999999561 6.40608398186945e-05 3.10220852993074e-17
644.999999999558 6.36878594716168e-05 3.02708602585261e-17
647.999999999556 6.39158017703503e-05 2.98204205368356e-17
650.999999999553 6.38351204631156e-05 2.92362150961836e-17
653.99999999955 6.48295734530918e-05 2.91497785454871e-17
656.999999999548 6.43363889328642e-05 2.84028303999313e-17
659.999999999545 6.41729607780901e-05 2.78179309848481e-17
662.999999999542 6.49524913762462e-05 2.76489693980749e-17
665.999999999539 6.45512914655443e-05 2.69856063213583e-17
668.999999999537 6.46192675897628e-05 2.65321647503901e-17
671.999999999534 6.46391616772499e-05 2.60688334273781e-17
674.999999999531 6.46061544594775e-05 2.55942295100333e-17
677.999999999528 6.4383901178829e-05 2.50572455547865e-17
680.999999999526 6.50551788624786e-05 2.48746293409841e-17
683.999999999523 6.431663274379e-05 2.41632293170751e-17
686.99999999952 6.41302207176818e-05 2.36743565950812e-17
689.999999999518 6.49845228722142e-05 2.35744096324786e-17
692.999999999515 6.48543846810733e-05 2.31222536056658e-17
695.999999999512 6.44217521029982e-05 2.25738007744359e-17
698.999999999509 6.5137123586196e-05 2.24344160589985e-17
701.999999999507 6.42563706296748e-05 2.17546356304412e-17
704.999999999504 6.46546352719775e-05 2.15189370146552e-17
707.999999999501 6.42569748805116e-05 2.10256171921794e-17
710.999999999498 6.44887544379859e-05 2.07472690201007e-17
713.999999999496 6.42592735942803e-05 2.03276490556561e-17
716.999999999493 6.42414698583933e-05 1.99831315242331e-17
719.99999999949 6.4504219314056e-05 1.97321383163434e-17
722.999999999487 6.46444477416108e-05 1.94487346926236e-17
725.999999999485 6.4732963272707e-05 1.91546494917285e-17
728.999999999482 6.45995230469074e-05 1.88020476736196e-17
731.999999999479 6.49640069003328e-05 1.85992345741084e-17
734.999999999477 6.58612078102846e-05 1.85498084634852e-17
737.999999999474 6.52283779162015e-05 1.80745432571475e-17
740.999999999471 6.55287170571468e-05 1.78645281289237e-17
743.999999999468 6.48580010289204e-05 1.7398148483499e-17
746.999999999466 6.46491951734497e-05 1.70646260155416e-17
749.999999999463 6.47009711650276e-05 1.68062676714432e-17
752.99999999946 6.50011657741749e-05 1.66164420370613e-17
755.999999999457 6.50562273105332e-05 1.63678952193008e-17
758.999999999455 6.5135300335014e-05 1.6129606499591e-17
761.999999999452 6.50401690158905e-05 1.58535719138968e-17
764.999999999449 6.5504374593478e-05 1.57173501323222e-17
767.999999999447 6.52951423307523e-05 1.5423499254418e-17
770.999999999444 6.49965662284962e-05 1.51148879892282e-17
773.999999999441 6.50497853994607e-05 1.48934838673892e-17
776.999999999438 6.5404029736979e-05 1.47444420942391e-17
779.999999999436 6.53806593085565e-05 1.45133507676559e-17
782.999999999433 6.54419043626051e-05 1.43054372648644e-17
785.99999999943 6.47310116656123e-05 1.39348164222829e-17
788.999999999427 6.47567205452489e-05 1.37292159554062e-17
791.999999999425 6.4677125445767e-05 1.35056911998156e-17
794.999999999422 6.51330349821015e-05 1.33962618431032e-17
797.999999999419 6.4230882766324e-05 1.30130821714914e-17
800.999999999417 6.4561638179658e-05 1.28845692730612e-17
803.999999999414 6.5105550517917e-05 1.27999958544857e-17
806.999999999411 6.59837305163253e-05 1.27805059613578e-17
809.999999999408 6.59780498829997e-05 1.25908509956399e-17
812.999999999406 6.47540697877486e-05 1.21755028129279e-17
815.999999999403 6.59336539116878e-05 1.22157415009218e-17
818.9999999994 6.52253697170566e-05 1.19082993683825e-17
821.999999999397 6.48476993476525e-05 1.16671718818983e-17
824.999999999395 6.49459949789612e-05 1.15155194506332e-17
827.999999999392 6.51632773468249e-05 1.13873291310698e-17
830.999999999389 6.59594661632249e-05 1.1360510903533e-17
833.999999999387 6.58652536210959e-05 1.11818755398468e-17
836.999999999384 6.59870205078863e-05 1.10424142886491e-17
839.999999999381 6.53633253939956e-05 1.0782465071993e-17
842.999999999378 6.51959363564659e-05 1.06022224970852e-17
845.999999999376 6.56441929819474e-05 1.05244179856796e-17
848.999999999373 6.55698430421293e-05 1.03644501085217e-17
851.99999999937 6.56484919909117e-05 1.02309554306674e-17
854.999999999367 6.61292963556221e-05 1.01620938882872e-17
857.999999999365 6.57083984223585e-05 9.95673358804329e-18
860.999999999362 6.59623904023895e-05 9.85635653270169e-18
863.999999999359 6.57617237797818e-05 9.69022154519474e-18
866.999999999357 6.55342056742842e-05 9.52349444505541e-18
869.999999999354 6.54080036381504e-05 9.37463739075298e-18
872.999999999351 6.54376702835708e-05 9.25051422601226e-18
875.999999999348 6.5951749998122e-05 9.19572571603017e-18
878.999999999346 6.50324718518072e-05 8.94429496615589e-18
881.999999999343 6.65945415941116e-05 9.03499026556314e-18
884.99999999934 6.52935598970015e-05 8.73882756470354e-18
887.999999999337 6.60201024428051e-05 8.71699537703839e-18
890.999999999335 6.66660049544104e-05 8.68414554571331e-18
893.999999999332 6.54007483631072e-05 8.40539104728581e-18
896.999999999329 6.60280506818663e-05 8.37295645523103e-18
899.999999999327 6.62025849535167e-05 8.28336074049403e-18
902.999999999324 6.60459779712189e-05 8.15431713721841e-18
905.999999999321 6.56937246111761e-05 8.00391754000711e-18
908.999999999318 6.50482497614258e-05 7.82098881805595e-18
911.999999999316 6.62862671624093e-05 7.86522074016325e-18
914.999999999313 6.61704792477588e-05 7.74893479558545e-18
917.99999999931 6.6600357256012e-05 7.69762756570981e-18
920.999999999307 6.58190857374465e-05 7.50855947432035e-18
923.999999999305 6.62810207052989e-05 7.46331407664958e-18
926.999999999302 6.62582584891592e-05 7.36460957771804e-18
929.999999999299 6.58408486745673e-05 7.22403785760895e-18
932.999999999297 6.65312962938632e-05 7.20617899007422e-18
935.999999999294 6.56425095064729e-05 7.01907263557288e-18
938.999999999291 6.57182088905636e-05 6.9375887384374e-18
941.999999999288 6.59928917023774e-05 6.87820988654362e-18
944.999999999286 6.60476192920693e-05 6.79665766379294e-18
947.999999999283 6.58528752703662e-05 6.69119824159334e-18
950.99999999928 6.55803304035567e-05 6.57954496672103e-18
953.999999999277 6.58456997950023e-05 6.52338375854486e-18
956.999999999275 6.63843591139544e-05 6.49462229609355e-18
959.999999999272 6.6654218859407e-05 6.43979673063937e-18
962.999999999269 6.6727969908111e-05 6.36673983568684e-18
965.999999999266 6.64080829572635e-05 6.25756233963989e-18
968.999999999264 6.6024315747165e-05 6.14490198154672e-18
971.999999999261 6.61473798530872e-05 6.08048049083937e-18
974.999999999258 6.55605842836957e-05 5.95248929998426e-18
977.999999999256 6.60594110696425e-05 5.92452721312587e-18
980.999999999253 6.55606145442033e-05 5.80803377466182e-18
983.99999999925 6.58211852115814e-05 5.76016391871099e-18
986.999999999247 6.69580805181208e-05 5.78865953653747e-18
989.999999999245 6.58239756989869e-05 5.62184467339087e-18
992.999999999242 6.62056587905935e-05 5.58624852130021e-18
995.999999999239 6.55914959904923e-05 5.46803844010274e-18
998.999999999236 6.59816029264205e-05 5.43458008682112e-18
