0 0 0
2.99999999999998 1.0467477219049e-18 5.62802573819651e-22
5.99999999999992 6.91710508546343e-19 4.81284986649382e-23
8.99999999999985 7.32825791835084e-19 1.02859588224208e-23
11.9999999999998 8.38093074300393e-19 3.54720422630313e-24
14.9999999999997 8.36344741175761e-19 1.51822931305885e-24
18 7.6019985480626e-19 7.60389863285189e-25
21.0000000000005 8.29552467809291e-19 4.34797558121705e-25
24.000000000001 1.31724124162897e-18 3.90378268957249e-25
27.0000000000014 2.25273128186337e-18 4.34534575703256e-25
30.0000000000019 1.48576937578797e-17 1.97938078504554e-24
33.000000000002 1.14927740863878e-16 1.01513483795956e-23
36.0000000000014 7.6256875749716e-15 4.65103793028974e-22
39.0000000000008 4.9865497361121e-14 2.31262620886264e-21
42.0000000000002 3.624964736781e-13 1.26671990422584e-20
44.9999999999996 1.23402149568961e-11 3.19247282991275e-19
47.999999999999 2.63611994016326e-10 5.2201862171968e-18
50.9999999999984 1.68478163204669e-09 2.72591696623977e-17
53.9999999999978 4.24443391584285e-09 5.44160693226649e-17
56.9999999999972 9.89628301951995e-09 1.00289364848191e-16
59.9999999999966 1.57854682442791e-08 1.3058868533559e-16
62.999999999996 2.87843854421552e-08 2.0158438155813e-16
65.9999999999969 5.19849367032961e-08 2.99478333000001e-16
68.9999999999984 8.42422784108395e-08 4.00709074016929e-16
71.9999999999999 1.46313950359677e-07 5.91443234715455e-16
75.0000000000015 2.97437476273463e-07 1.03971074462628e-15
78.000000000003 7.45332561525765e-07 2.20842659406027e-15
81.0000000000045 1.46893195418396e-06 3.71139870303367e-15
84.0000000000061 2.55135860985362e-06 5.60444806177238e-15
87.0000000000076 4.02380632641711e-06 7.75700612195224e-15
90.0000000000091 6.14498866271426e-06 1.031462228688e-14
93.0000000000107 7.67048097120157e-06 1.12439152543595e-14
96.0000000000122 9.08408730445404e-06 1.1727566193768e-14
99.0000000000137 1.00584037658131e-05 1.1540553926431e-14
102.000000000015 1.06429680865709e-05 1.08746136486775e-14
105.000000000017 1.19870771247585e-05 1.08985194140877e-14
108.000000000018 1.32415073604064e-05 1.07355957181115e-14
111.00000000002 1.29078239442275e-05 9.36769783218595e-15
114.000000000021 1.35368925610457e-05 8.83653256303829e-15
117.000000000023 1.50400478608435e-05 8.87247247299773e-15
120.000000000024 1.44980756915743e-05 7.74695811492529e-15
123.000000000026 1.50819951413578e-05 7.30593901375293e-15
126.000000000028 1.59244918905665e-05 7.00169133214913e-15
129.000000000028 1.64365990763011e-05 6.57094516506027e-15
132.000000000025 1.61335868054486e-05 5.87940109835326e-15
135.000000000022 1.68220218598988e-05 5.60463985593573e-15
138.000000000019 1.7626703583355e-05 5.3849367493688e-15
141.000000000017 1.72339588258344e-05 4.83883836355815e-15
144.000000000014 1.75592139048e-05 4.53700395102199e-15
147.000000000011 1.79920316831315e-05 4.28192483426651e-15
150.000000000009 1.90025790589507e-05 4.17023186770846e-15
153.000000000006 1.80965185936126e-05 3.66730815245806e-15
156.000000000003 1.85870110446335e-05 3.48401640633233e-15
159 1.97691075264312e-05 3.43353532518641e-15
161.999999999998 1.8685551949849e-05 3.01268848069681e-15
164.999999999995 1.91414086142093e-05 2.87002643762116e-15
167.999999999992 1.94382196146926e-05 2.71423268412524e-15
170.999999999989 1.96596754649596e-05 2.55945333351461e-15
173.999999999987 1.92517852685082e-05 2.33867750011493e-15
176.999999999984 1.99793138184339e-05 2.26666485007072e-15
179.999999999981 2.04186456775177e-05 2.16545204089304e-15
182.999999999979 2.01104250354338e-05 1.99582958559436e-15
185.999999999976 1.98858740155612e-05 1.84904366049099e-15
188.999999999973 2.06436031181353e-05 1.80046366291447e-15
191.99999999997 2.09488190500157e-05 1.71590176257195e-15
194.999999999968 2.03769479979356e-05 1.56925454341042e-15
197.999999999965 2.0417384729654e-05 1.4800339744155e-15
200.999999999962 2.10233731922539e-05 1.43573845859042e-15
203.999999999959 2.07266151436252e-05 1.33461339106376e-15
206.999999999957 2.05736390711227e-05 1.24990291810851e-15
209.999999999954 2.17569186168246e-05 1.24791425270132e-15
212.999999999951 2.13750458468809e-05 1.15827076511836e-15
215.999999999949 2.08573663216219e-05 1.06859543316795e-15
218.999999999946 2.1869053299641e-05 1.0601333836523e-15
221.999999999943 2.21612845030076e-05 1.0173597843419e-15
224.99999999994 2.13206559419185e-05 9.27706260102798e-16
227.999999999938 2.12495486391529e-05 8.77088197648041e-16
230.999999999935 2.20591333805757e-05 8.64392685194444e-16
233.999999999932 2.22145614800836e-05 8.26994596591707e-16
236.999999999929 2.14985896815795e-05 7.60823659754457e-16
239.999999999927 2.15715210709147e-05 7.26081932522426e-16
242.999999999924 2.25112164103111e-05 7.21034753436257e-16
245.999999999921 2.23126327313688e-05 6.80457169538689e-16
248.999999999919 2.15256240919875e-05 6.25353121428759e-16
251.999999999916 2.24670557540783e-05 6.22122735633871e-16
254.999999999913 2.26083298967019e-05 5.97064076520259e-16
257.99999999991 2.21970559230905e-05 5.59419324246066e-16
260.999999999908 2.23440979940438e-05 5.37728116385312e-16
263.999999999905 2.29555504273772e-05 5.27843999400255e-16
266.999999999902 2.22682861873955e-05 4.89515644098847e-16
269.999999999899 2.21747369214443e-05 4.66249454443734e-16
272.999999999897 2.29172260752666e-05 4.61112264320468e-16
275.999999999894 2.26656184902293e-05 4.36611913040058e-16
278.999999999891 2.2447994900963e-05 4.14145661029261e-16
281.999999999889 2.2428947950423e-05 3.96462363307347e-16
284.999999999886 2.33644387753948e-05 3.95873183913654e-16
287.999999999883 2.25507763429487e-05 3.66404137787553e-16
290.99999999988 2.24530834074942e-05 3.49991419598283e-16
293.999999999878 2.30109262434022e-05 3.44277482607391e-16
296.999999999875 2.3201664471294e-05 3.33338053480827e-16
299.999999999872 2.24858947992613e-05 3.10352702832149e-16
302.999999999869 2.29729840488348e-05 3.04738055294719e-16
305.999999999867 2.37740603154648e-05 3.03220640221592e-16
308.999999999864 2.30600632579553e-05 2.82900138217536e-16
311.999999999861 2.28231530353723e-05 2.69411594493507e-16
314.999999999859 2.33104403850493e-05 2.64851470308292e-16
317.999999999856 2.36910063987081e-05 2.59171115182624e-16
320.999999999853 2.28239390336191e-05 2.40480324931993e-16
323.99999999985 2.31477426024306e-05 2.34977970581232e-16
326.999999999848 2.37042216131678e-05 2.31911444955908e-16
329.999999999845 2.34628675769185e-05 2.21312558159511e-16
332.999999999842 2.32164995471614e-05 2.11213497618286e-16
335.999999999839 2.37981403995685e-05 2.08890521104667e-16
338.999999999837 2.39252533750683e-05 2.02688790337794e-16
341.999999999834 2.29024790068971e-05 1.87324848992177e-16
344.999999999831 2.36373875846212e-05 1.86714063596338e-16
347.999999999829 2.39541705047337e-05 1.82791712702724e-16
350.999999999826 2.38754014641264e-05 1.76051095076961e-16
353.999999999823 2.31414447758048e-05 1.64932696986522e-16
356.99999999982 2.41981855587394e-05 1.66743094688398e-16
359.999999999818 2.43052235965721e-05 1.61967264625342e-16
362.999999999815 2.34131691446565e-05 1.5092831329422e-16
365.999999999812 2.36516495100101e-05 1.47524577193155e-16
368.999999999809 2.43657142272343e-05 1.4709868234571e-16
371.999999999807 2.39807758720605e-05 1.40164717371777e-16
374.999999999804 2.34750339971556e-05 1.3287566536432e-16
377.999999999801 2.40159331027921e-05 1.31681187166657e-16
380.999999999798 2.43171475481764e-05 1.29191353282546e-16
383.999999999796 2.37708255665507e-05 1.22397233290619e-16
386.999999999793 2.38417887275033e-05 1.19006383802718e-16
389.99999999979 2.41497625921412e-05 1.16883200200991e-16
392.999999999788 2.40148755314893e-05 1.12725950783053e-16
395.999999999785 2.37400441092152e-05 1.08098195586667e-16
398.999999999782 2.44945951526135e-05 1.08218697884864e-16
401.999999999779 2.43523656525341e-05 1.04414646537468e-16
404.999999999777 2.36900251099219e-05 9.85991645090478e-17
407.999999999774 2.41622333974011e-05 9.76383261993363e-17
410.999999999771 2.49101298615532e-05 9.77548254956303e-17
413.999999999768 2.41195639886666e-05 9.19397248681367e-17
416.999999999766 2.36055132966846e-05 8.7420278807013e-17
419.999999999763 2.43445602134237e-05 8.76116731109555e-17
422.99999999976 2.47285017732262e-05 8.64982218682459e-17
425.999999999758 2.39027152778036e-05 8.12819653960042e-17
428.999999999755 2.3803950982191e-05 7.87094123873578e-17
431.999999999752 2.48128470112833e-05 7.97924392499088e-17
434.999999999749 2.46169082219824e-05 7.70044988433734e-17
437.999999999747 2.39474986749349e-05 7.28827033249775e-17
440.999999999744 2.4329614784426e-05 7.20533406372474e-17
443.999999999741 2.4513775471616e-05 7.06586029429874e-17
446.999999999738 2.42375284260176e-05 6.80078295985503e-17
449.999999999736 2.39677929142162e-05 6.54773166094057e-17
452.999999999733 2.48046401365117e-05 6.59865414383981e-17
455.99999999973 2.41891630442097e-05 6.2672256653157e-17
458.999999999728 2.38828904834904e-05 6.02778091496563e-17
461.999999999725 2.42159733657156e-05 5.95462288134264e-17
464.999999999722 2.47783580050611e-05 5.93729985879042e-17
467.999999999719 2.3631878781828e-05 5.51876197254875e-17
470.999999999717 2.39106857842326e-05 5.44298276695424e-17
473.999999999714 2.45844875270299e-05 5.45607192056503e-17
476.999999999711 2.42134253046493e-05 5.23984435886159e-17
479.999999999708 2.36271536037666e-05 4.98636487502493e-17
482.999999999706 2.44265157093955e-05 5.02827315067166e-17
485.999999999703 2.46603457543618e-05 4.95228859802154e-17
488.9999999997 2.37256564595265e-05 4.64890635346726e-17
491.999999999698 2.40140318604186e-05 4.59177003460635e-17
494.999999999695 2.44331366846155e-05 4.55974537396386e-17
497.999999999692 2.45609954350723e-05 4.47428502745688e-17
500.999999999689 2.34522977160438e-05 4.17098377315707e-17
503.999999999687 2.41873213705594e-05 4.20030773695359e-17
506.999999999684 2.48750982702016e-05 4.21852440617545e-17
509.999999999681 2.40450898850058e-05 3.98270892560746e-17
512.999999999678 2.39734579694133e-05 3.87884909625403e-17
515.999999999676 2.43821101027423e-05 3.85410538990233e-17
518.999999999673 2.44001486996864e-05 3.7685689260243e-17
521.99999999967 2.38517439760342e-05 3.59997595813259e-17
524.999999999668 2.45691235998861e-05 3.62427937593e-17
527.999999999665 2.45803838395133e-05 3.5442655535857e-17
530.999999999662 2.38844325543438e-05 3.36675813230255e-17
533.999999999659 2.42647785589895e-05 3.34420374596327e-17
536.999999999657 2.48347758916618e-05 3.34692288570096e-17
539.999999999654 2.46023527190877e-05 3.24257303267438e-17
542.999999999651 2.37692522874247e-05 3.06412152412522e-17
545.999999999648 2.43146368843267e-05 3.06611825497564e-17
548.999999999646 2.51084217910568e-05 3.09757765816219e-17
551.999999999643 2.42281549588601e-05 2.92454545357122e-17
554.99999999964 2.37561786167478e-05 2.80607292009403e-17
557.999999999638 2.47375335516141e-05 2.85967227216094e-17
560.999999999635 2.47319324703909e-05 2.79837931222078e-17
563.999999999632 2.40900613465449e-05 2.66823181553948e-17
566.999999999629 2.44306813526634e-05 2.64915451855821e-17
569.999999999627 2.46290085575683e-05 2.61488450787195e-17
572.999999999624 2.41525580572981e-05 2.51102815289738e-17
575.999999999621 2.42572013792515e-05 2.46978829043463e-17
578.999999999618 2.48439306281875e-05 2.47753538769552e-17
581.999999999616 2.43592815770812e-05 2.379526979609e-17
584.999999999613 2.40657256280051e-05 2.30300497280987e-17
587.99999999961 2.44794840742348e-05 2.29519693292997e-17
590.999999999608 2.48740050703239e-05 2.28517232375912e-17
593.999999999605 2.42874493886983e-05 2.18660052337145e-17
596.999999999602 2.40082643597269e-05 2.11833690099687e-17
599.999999999599 2.50091440509821e-05 2.16286315604339e-17
602.999999999597 2.48154399498359e-05 2.10373149659567e-17
605.999999999594 2.3840554196883e-05 1.98138371934646e-17
608.999999999591 2.47505343909022e-05 2.01679359181789e-17
611.999999999588 2.54837153030119e-05 2.03613160117222e-17
614.999999999586 2.43299357448897e-05 1.90630453084616e-17
617.999999999583 2.42412096811526e-05 1.86277242513224e-17
620.99999999958 2.51618840051278e-05 1.89642515762883e-17
623.999999999578 2.482517008784e-05 1.8353333522608e-17
626.999999999575 2.4531261180917e-05 1.77914789694073e-17
629.999999999572 2.43661362339583e-05 1.73375848659919e-17
632.999999999569 2.52743722975994e-05 1.76456378173551e-17
635.999999999567 2.47691643633537e-05 1.69688366853176e-17
638.999999999564 2.46686783336533e-05 1.65850234119509e-17
641.999999999561 2.48974418999494e-05 1.64282650553239e-17
644.999999999558 2.50448916061285e-05 1.62203965506002e-17
647.999999999556 2.43046598969594e-05 1.54514305010829e-17
650.999999999553 2.45941117945097e-05 1.53492725952498e-17
653.99999999955 2.55293279040327e-05 1.56426737046963e-17
656.999999999548 2.41071764910293e-05 1.45033140582612e-17
659.999999999545 2.46347092523846e-05 1.45531552519311e-17
662.999999999542 2.53553495166463e-05 1.47096252311799e-17
665.999999999539 2.5032335576369e-05 1.42625115150849e-17
668.999999999537 2.4250479474774e-05 1.35708838052129e-17
671.999999999534 2.47139282459659e-05 1.35850349882455e-17
674.999999999531 2.49395390602711e-05 1.34669190818538e-17
677.999999999528 2.44419961507738e-05 1.29662634817912e-17
680.999999999526 2.41309521616868e-05 1.25771781925332e-17
683.999999999523 2.49948732122607e-05 1.28004255029314e-17
686.99999999952 2.50821648688807e-05 1.26223386433553e-17
689.999999999518 2.43187043265067e-05 1.20265995261639e-17
692.999999999515 2.46070522777831e-05 1.19599902100466e-17
695.999999999512 2.51152639929978e-05 1.19979052586086e-17
698.999999999509 2.46219861435122e-05 1.15616121754501e-17
701.999999999507 2.40696496013032e-05 1.11102786308375e-17
704.999999999504 2.51650859138539e-05 1.14195625001774e-17
707.999999999501 2.46498601828757e-05 1.0997339276574e-17
710.999999999498 2.42374707356711e-05 1.06320604223875e-17
713.999999999496 2.4966030709659e-05 1.0768785112373e-17
716.999999999493 2.4865401841797e-05 1.05470487317497e-17
719.99999999949 2.45728255300184e-05 1.02502835743481e-17
722.999999999487 2.41485270035432e-05 9.9071697820551e-18
725.999999999485 2.50181677234685e-05 1.00953643591253e-17
728.999999999482 2.49201223582709e-05 9.89137582202767e-18
731.999999999479 2.41855766365623e-05 9.44339914007434e-18
734.999999999477 2.4181676081304e-05 9.28864414626386e-18
737.999999999474 2.51793781896583e-05 9.51557544955187e-18
740.999999999471 2.46264510202068e-05 9.15682836551972e-18
743.999999999468 2.40657272331556e-05 8.80484810234881e-18
746.999999999466 2.48845905484769e-05 8.95915246439699e-18
749.999999999463 2.5109382062296e-05 8.89629055328553e-18
752.99999999946 2.41925909145048e-05 8.43573966177127e-18
755.999999999457 2.46030275056598e-05 8.44346907380106e-18
758.999999999455 2.50382948824031e-05 8.45780239436182e-18
761.999999999452 2.44622964212553e-05 8.13391291753804e-18
764.999999999449 2.45624736242265e-05 8.03982592844136e-18
767.999999999447 2.49159898753023e-05 8.02886216656417e-18
770.999999999444 2.46162414562314e-05 7.80957837049147e-18
773.999999999441 2.42880881043394e-05 7.58662474222726e-18
776.999999999438 2.42488009317792e-05 7.45810990637169e-18
779.999999999436 2.51746138721751e-05 7.62448119390997e-18
782.999999999433 2.43933962579822e-05 7.27522714704553e-18
785.99999999943 2.42082610188292e-05 7.1104647159455e-18
788.999999999427 2.48497893568889e-05 7.18857780294214e-18
791.999999999425 2.52158815132565e-05 7.18445687955326e-18
794.999999999422 2.41897662169504e-05 6.78871574086306e-18
797.999999999419 2.44633108911815e-05 6.76282534696011e-18
800.999999999417 2.53310837960918e-05 6.89844431512622e-18
803.999999999414 2.40498315147701e-05 6.45230937313636e-18
806.999999999411 2.41441977702424e-05 6.38176907877421e-18
809.999999999408 2.49466661663426e-05 6.49681615791514e-18
812.999999999406 2.48450117563627e-05 6.37535631818051e-18
815.999999999403 2.43073047490268e-05 6.14614995379721e-18
818.9999999994 2.44661150658102e-05 6.096146889868e-18
821.999999999397 2.51010385975133e-05 6.16354197112548e-18
824.999999999395 2.471291367192e-05 5.98046672317063e-18
827.999999999392 2.43380821819721e-05 5.80487272187196e-18
830.999999999389 2.45573379986363e-05 5.77304216223626e-18
833.999999999387 2.51639010581673e-05 5.83095724380772e-18
836.999999999384 2.44596526842862e-05 5.58694158383947e-18
839.999999999381 2.48733978392466e-05 5.60073213422981e-18
842.999999999378 2.52519029078526e-05 5.60549209199735e-18
845.999999999376 2.47442006568801e-05 5.41527986914191e-18
848.999999999373 2.41489613164921e-05 5.21070559905485e-18
851.99999999937 2.52805317139346e-05 5.37843166954854e-18
854.999999999367 2.47274603324533e-05 5.18731847614522e-18
857.999999999365 2.40427216423673e-05 4.97352745705545e-18
860.999999999362 2.48336138826595e-05 5.06590546831403e-18
863.999999999359 2.5081545182526e-05 5.04581360477187e-18
866.999999999357 2.51657048328869e-05 4.99302152668206e-18
869.999999999354 2.44261316272821e-05 4.77978655027211e-18
872.999999999351 2.4996494692793e-05 4.8245232869032e-18
875.999999999348 2.49353231039405e-05 4.74713413693248e-18
878.999999999346 2.4613877791173e-05 4.62228317820365e-18
881.999999999343 2.44479429079144e-05 4.52900442028664e-18
884.99999999934 2.52835654718013e-05 4.62060242045782e-18
887.999999999337 2.48285908341871e-05 4.47642226752973e-18
890.999999999335 2.41272645283936e-05 4.29169729853503e-18
893.999999999332 2.54871259442075e-05 4.47307185387884e-18
896.999999999329 2.53246440319041e-05 4.38537045088531e-18
899.999999999327 2.42891177202723e-05 4.15023505827329e-18
902.999999999324 2.47729474532499e-05 4.17693464072495e-18
905.999999999321 2.52652319807953e-05 4.20382496549296e-18
908.999999999318 2.48106732962989e-05 4.07391249188357e-18
911.999999999316 2.46530692921098e-05 3.99503010230535e-18
914.999999999313 2.48649247535722e-05 3.97678575481281e-18
917.99999999931 2.52760934121638e-05 3.98995555373627e-18
920.999999999307 2.48019265290665e-05 3.86434995576407e-18
923.999999999305 2.46513576988446e-05 3.79120336195348e-18
926.999999999302 2.55617078425395e-05 3.88057154774398e-18
929.999999999299 2.49552823911002e-05 3.73985445072158e-18
932.999999999297 2.43862909265718e-05 3.60777867141031e-18
935.999999999294 2.49662664424445e-05 3.64644716667974e-18
938.999999999291 2.55421149565182e-05 3.68308722424583e-18
941.999999999288 2.44314019030509e-05 3.4782823566467e-18
944.999999999286 2.47234570193336e-05 3.47532152586294e-18
947.999999999283 2.55569290951437e-05 3.54724950240583e-18
950.99999999928 2.46954653292373e-05 3.38461377359316e-18
953.999999999277 2.45581733383525e-05 3.32360594204631e-18
956.999999999275 2.47195828787482e-05 3.30371344595733e-18
959.999999999272 2.51053147298827e-05 3.3135090455286e-18
962.999999999269 2.45414962705966e-05 3.19890312684068e-18
965.999999999266 2.44680734864192e-05 3.14988584169848e-18
968.999999999264 2.51778986216311e-05 3.20132464790544e-18
971.999999999261 2.49185786430207e-05 3.12938380211174e-18
974.999999999258 2.43722088203434e-05 3.02328664080942e-18
977.999999999256 2.49284883287402e-05 3.05450837127496e-18
980.999999999253 2.52921682979723e-05 3.06134580454317e-18
983.99999999925 2.42090920021147e-05 2.89468257478465e-18
986.999999999247 2.47968490856833e-05 2.92909600694673e-18
989.999999999245 2.54765706440882e-05 2.97305578047243e-18
992.999999999242 2.46462495747477e-05 2.84156030024439e-18
995.999999999239 2.43871621449136e-05 2.77795557037061e-18
998.999999999236 2.50966044140911e-05 2.82458488429848e-18
