0    1    0.768520307801525    0.768520307801525
0.1    1.07913117118676    0.81329481238756    0.753657047542375
0.2    1.16248723352921    0.852885274177014    0.733672809109246
0.3    1.24951917409688    0.886759954572358    0.70968095004487
0.4    1.33964551421745    0.91477294982659    0.682847021930988
0.5    1.43228348330768    0.937025032882996    0.654217578994245
0.6    1.52686870413047    0.953770649355797    0.624657933439638
0.7    1.62286731097682    0.965357400171451    0.594846783616827
0.8    1.71978316049331    0.97218679247428    0.565296145937035
0.900000000000001    1.81716184018968    0.974688364973593    0.536379503144229
1    1.91459253786178    0.973302112460041    0.508359921608712
1.1    2.01170843434565    0.968466133558048    0.481414760222478
1.2    2.10818604370164    0.960607703882558    0.455656039822692
1.3    2.20374378691027    0.950136741908721    0.431146645790819
1.4    2.29814000559041    0.937441064975083    0.407912948164464
1.5    2.39117057476563    0.922883064464948    0.385954508726507
1.6    2.48266624326563    0.906797546320053    0.365251490722843
1.7    2.57248980838186    0.889490545728644    0.345770289480038
1.8    2.66053321373069    0.871238950930984    0.32746779721998
1.9    2.7467146438947    0.852290790902717    0.310294625179633
2    2.83097567542498    0.832866053458412    0.294197530797712
2.1    2.91327853107534    0.813157912153208    0.27912123865927
2.2    2.99360347262828    0.793334253868615    0.265009798766733
2.29999999999999    3.07194635748697    0.773539411578191    0.251807590875705
2.39999999999999    3.14831637538045    0.75389602115908    0.239460057780241
2.49999999999999    3.22273397407719    0.734506934329869    0.227914230661931
2.59999999999999    3.29522897686582    0.715457132818636    0.217119094861543
2.69999999999999    3.36583888968591    0.696815600733165    0.207025833253175
2.79999999999998    3.4346073920027    0.678637122432687    0.197587975852162
2.89999999999998    3.50158300275357    0.660963982753385    0.188761477946865
2.99999999999998    3.56681791074359    0.643827553729619    0.180504743959693
3.09999999999998    3.63036695764066    0.627249758763202    0.172778610559756
3.19999999999998    3.69228676105954    0.611244409937745    0.165546299486864
3.29999999999997    3.75263496502834    0.595818418582351    0.158773348363195
3.39999999999997    3.81146960528516    0.580972882005803    0.152427525907644
3.49999999999997    3.86884857726226    0.566704051633648    0.146478736584379
3.59999999999997    3.92482919522822    0.553004189238283    0.140898918584947
3.69999999999997    3.97946783178182    0.539862319113117    0.135661938212324
3.79999999999996    4.03281962769827    0.52726488436481    0.130743482982339
3.89999999999996    4.08493826296644    0.515196315919039    0.126120955263816
3.99999999999996    4.13587578070415    0.503639522469029    0.121773367763788
4.09999999999996    4.18568245646498    0.492576309681327    0.117681241901311
4.19999999999995    4.23440670624213    0.48198773628193    0.113826509761429
4.29999999999995    4.28209502723626    0.471854414339482    0.110192420144404
4.39999999999995    4.32879196613462    0.462156760401048    0.10676344902149
4.49999999999995    4.37454011031341    0.452875203742975    0.103525214610623
4.59999999999995    4.41938009794646    0.443990357198907    0.100464397123301
4.69999999999994    4.46335064354471    0.435483155728714    0.0975686632101264
4.79999999999994    4.50648857592146    0.427334967100037    0.0948265950086555
4.89999999999994    4.54882888600752    0.419527678858527    0.092227623718496
4.99999999999994    4.59040478232161    0.412043764993102    0.0897619675240729
5.09999999999994    4.63124775222316    0.404866335453434    0.0874205737015655
5.19999999999993    4.67138762737917    0.397979171324608    0.0851950647366616
5.29999999999993    4.71085265212508    0.39136674790588    0.083077688224728
5.39999999999993    4.74966955361981    0.38501424786197    0.0810612703716501
5.49999999999993    4.78786361289441    0.378907566202703    0.0791391728833399
5.59999999999993    4.82545873605147    0.373033308565424    0.0773052530277496
5.69999999999992    4.86247752501581    0.367378784169251    0.075553826681812
5.79999999999992    4.89894134736066    0.361931994538203    0.0738796341648786
5.89999999999992    4.93487040483324    0.356681618911909    0.072277808665973
5.99999999999992    4.9702838002901    0.351616997158643    0.0707438470893997
6.09999999999991    5.00519960282701    0.346728110851144    0.0692735831464756
6.19999999999991    5.03963491094706    0.342005563039365    0.0678631625272026
6.29999999999991    5.07360591366035    0.337440557183444    0.0665090199999389
6.39999999999991    5.10712794945121    0.333024875624532    0.0652078582954471
6.49999999999991    5.14021556308139    0.328750857877299    0.0639566286360612
6.5999999999999    5.1728825602233    0.324611378975022    0.0627525127809995
6.6999999999999    5.20514205993858    0.320599828057302    0.0615929064693163
6.7999999999999    5.23700654503345    0.316710087339059    0.0604754041484659
6.8999999999999    5.26848791033417    0.312936511556495    0.0593977848829581
6.9999999999999    5.29959750893366    0.309273907952096    0.0583579993444304
7.09999999999989    5.33034619646523    0.305717516837264    0.0573541577918518
7.19999999999989    5.36074437346241    0.302262992753997    0.0563845189579093
7.29999999999989    5.39080202586491    0.298906386231766    0.0554474797623103
7.39999999999989    5.42052876372898    0.295644126114285    0.0545415657772288
7.49999999999988    5.44993385819767    0.292473002424246    0.0536654223765147
7.59999999999988    5.47902627678281    0.289390149726836    0.0528178065057139
7.69999999999988    5.5078147170063    0.286393030940635    0.0519975790137509
7.79999999999988    5.5363076384424    0.283479421537967    0.0512036974913703
7.89999999999988    5.56451329319697    0.280647394073217    0.0504352095656468
7.99999999999987    5.59243975485317    0.277895302969376    0.0496912466027402
8.09999999999987    5.62009494590577    0.275221769494712    0.0489710177752799
8.19999999999987    5.64748666370017    0.272625666869041    0.0482738044555947
8.29999999999987    5.67462260488553    0.270106105425443    0.0475989548966476
8.39999999999987    5.70151038838389    0.267662417761744    0.0469458791668735
8.49999999999986    5.72815757687239    0.265294143841073    0.0463140443119452
8.59999999999986    5.7545716967697    0.263001015958093    0.0457029697111475
8.69999999999986    5.78076025670896    0.260782943499925    0.0451122226003524
8.79999999999986    5.80673076447687    0.258639997508499    0.0445414137488084
8.89999999999985    5.83249074239716    0.256572394985979    0.0439901932669896
8.99999999999985    5.85804774112814    0.254580482871212    0.0434582465219351
9.09999999999985    5.88340935184231    0.252664721705673    0.0429452901533283
9.19999999999985    5.90858321675643    0.250825668970779    0.0424510681781464
9.29999999999985    5.93357703797822    0.24906396208627    0.0419753481739802
9.39999999999984    5.95839858463612    0.247380301069065    0.0415179175335704
9.49999999999984    5.98305569825828    0.245775430871988    0.0410785797871705
9.59999999999984    6.00755629637287    0.244250123476673    0.0406571509990079
9.69999999999984    6.03190837430429    0.242805159713194    0.0402534562274744
9.79999999999984    6.05612000514067    0.241441310900233    0.0398673260594718
9.89999999999983    6.0801993378622    0.24015932041947    0.0394985932326208
9.99999999999983    6.10415459362225    0.23895988520556    0.0391470893373557
10.0999999999998    6.12799406017982    0.237843637321111    0.0388126416222622
10.1999999999998    6.15172608449925    0.236811125728451    0.0384950699162554
10.2999999999998    6.17535906353823    0.235862798304919    0.0381941836706382
10.3999999999998    6.19890143325752    0.234998984299566    0.0379097791487344
10.4999999999998    6.22236165590392    0.234219877344297    0.0376416367766191
10.5999999999998    6.24574820562511    0.233525519117053    0.0373895186659515
10.6999999999998    6.26906955249356    0.232915783889356    0.0371531663413612
10.7999999999998    6.29233414503262    0.232390364029558    0.036932298678546
10.8999999999998    6.31555039134727    0.231948756642735    0.0367266100766959
10.9999999999998    6.33872663898465    0.23159025153153    0.0365357688888484
11.0999999999998    6.36187115365797    0.231313920534027    0.0363594161131391
11.1999999999998    6.38499209698409    0.23111860849259    0.0361971643789124
11.2999999999998    6.40809750340101    0.231002925879403    0.0360485972251205
11.3999999999998    6.43119525643742    0.230965243265121    0.03591326869355
11.4999999999998    6.45429306452658    0.231003687715985    0.035790703243025
11.5999999999998    6.47739843655644    0.231116141169036    0.0356803959850128
11.6999999999998    6.50051865736485    0.231300240942077    0.0355818132573195
11.7999999999998    6.52366076338764    0.231553382303566    0.0354943935164593
11.8999999999998    6.54683151867492    0.23187272326304    0.0354175485655343
11.9999999999998    6.57003739149065    0.232255191439715    0.0353506650876183
12.0999999999998    6.5932845317081    0.232697493118477    0.0352931064933418
12.1999999999998    6.61657874921359    0.233196124329088    0.0352442150494777
12.2999999999998    6.63992549351931    0.233747383956542    0.0352033142818671
12.3999999999998    6.66332983478295    0.234347388720518    0.0351697116203391
12.4999999999998    6.6867964464136    0.234992089926823    0.0351427012636012
12.5999999999998    6.7103295894367    0.235677291840123    0.0351215672343609
12.6999999999998    6.7339330987675    0.236398671476847    0.0351055865880395
12.7999999999998    6.75761037153063    0.237151799679296    0.0350940327483812
12.8999999999998    6.78136435753818    0.237932163189781    0.0350861789228734
12.9999999999998    6.8051975520212    0.238735187597787    0.0350813015746885
13.0999999999998    6.8291119906841    0.239556260814812    0.0350786838964718
13.1999999999998    6.85310924712943    0.240390756964578    0.0350776192667978
13.2999999999998    6.87719043267567    0.241234060310796    0.0350774146320884
13.3999999999998    6.9013561985668    0.242081589130511    0.0350773937999003
13.4999999999998    6.92560674054937    0.24292881913938    0.0350769005864908
13.5999999999998    6.94994180576732    0.243771306398486    0.0350753018098937
13.6999999999998    6.9743607019053    0.244604709323615    0.0350719900759926
13.7999999999998    6.99886230848663    0.245424809756746    0.0350663863552725
13.8999999999997    7.02344509021687    0.246227532752611    0.0350579423046373
13.9999999999997    7.04810711224111    0.247008965065454    0.0350461423374867
14.0999999999997    7.07284605717283    0.247765372042123    0.0350305054060741
14.1999999999997    7.09765924373244    0.248493212935655    0.0350105865049926
14.2999999999997    7.12254364682948    0.24918915441426    0.0349859778711477
14.3999999999997    7.14749591890577    0.249850082298872    0.034956309892811
14.4999999999997    7.17251241235885    0.250473111383847    0.0349212517154046
14.5999999999997    7.19758920285201    0.251055593387487    0.0348805115590658
14.6999999999997    7.22272211332509    0.251595122976332    0.0348338367486364
14.7999999999997    7.24790673851148    0.252089541910437    0.034781013471237
14.8999999999997    7.27313846977893    0.252536941343351    0.0347218662744678
14.9999999999997    7.29841252010757    0.252935662315401    0.0346562573187728
15.0999999999997    7.32372394903394    0.253284294560081    0.0345840854082835
15.1999999999997    7.3490676873903    0.253581673649969    0.03450528481117
15.2999999999997    7.37443856168508    0.253826876669294    0.0344198239019967
15.3999999999997    7.39983131797617    0.25401921643374    0.0343277036351707
15.4999999999997    7.42524064510394    0.254158234479702    0.0342289558853947
15.5999999999997    7.45066119716237    0.254243692858978    0.0341236416649583
15.6999999999997    7.47608761509917    0.254275564954877    0.0340118492513821
15.7999999999997    7.50151454735188    0.25425402539681    0.0338936922393311
15.8999999999997    7.52693666943703    0.254179439243813    0.0337693075425895
15.9999999999997    7.55234870242699    0.254052350564733    0.0336388533653235
16.0999999999997    7.57774543025892    0.25387347053092    0.0335025071596058
16.1999999999997    7.60312171583554    0.253643665178452    0.0333604635909183
16.2999999999997    7.62847251588933    0.253363942931962    0.033212932524071
16.3999999999998    7.65379289459258    0.253035442022057    0.0330601370466696
16.4999999999998    7.67907803590874    0.252659417905938    0.032902311543711
16.5999999999998    7.70432325468874    0.252237230764595    0.0327396998316611
16.6999999999998    7.72952400652639    0.251770333204773    0.0325725533670885
16.7999999999998    7.75467589639627    0.251260258211331    0.0324011295337431
16.8999999999998    7.7797746861026    0.250708607436543    0.0322256900170125
16.9999999999999    7.80481630057763    0.250117039901842    0.0320464992729336
17.0999999999999    7.82979683307096    0.249487261126789    0.0318638230909162
17.1999999999999    7.85471254927711    0.248821012776177    0.0316779272589774
17.2999999999999    7.87955989045423    0.248120062830246    0.0314890763291023
17.3999999999999    7.90433547558668    0.247386196307256    0.0312975324834495
17.4999999999999    7.9290361026498    0.246621206582077    0.0311035545038897
17.6    7.95365874903556    0.24582688728534    0.0309073968398693
17.7    7.97820057119797    0.245005024804624    0.0307093087743512
17.8    8.0026589035792    0.24415739139599    0.030509533685959
17.9    8.0270312568767    0.243285738887246    0.0303083084021661
18    8.05131531570969    0.2423917929652    0.0301058626398902
18.1    8.07550893574381    0.241477248049096    0.0299024185312048
18.2    8.09961014033141    0.240543762721951    0.0296981902282162
18.3000000000001    8.12361711672142    0.239592955690811    0.0294933835812669
18.4000000000001    8.14752821189196    0.238626402280978    0.0292881958889917
18.5000000000001    8.17134192805769    0.237645631424709    0.029082815713379
18.6000000000001    8.19505691789869    0.236652123101974    0.0288774227528678
18.7000000000001    8.21867197955638    0.235647306240548    0.0286721877727583
18.8000000000001    8.24218605144111    0.234632557037777    0.0284672725868343
18.9000000000002    8.26559820689052    0.233609197651352    0.0282628300824744
19.0000000000002    8.28890764871551    0.232578495259614    0.0280590042881773
19.1000000000002    8.31211370366987    0.231541661467274    0.0278559304795177
19.2000000000002    8.33521581687546    0.230499852002718    0.0276537353161328
19.3000000000002    8.35821354623092    0.22945416669273    0.0274525370072892
19.4000000000002    8.38110655683147    0.228405649703986    0.0272524455040858
19.5000000000002    8.40389461542454    0.22735529000974    0.0270535627127512
19.6000000000003    8.4265775849219    0.226304022053346    0.0268559827252149
19.7000000000003    8.44915541898776    0.225252726599258    0.0266597920654943
19.8000000000003    8.47162815672032    0.224202231748347    0.0264650699488613
19.9000000000003    8.49399591744196    0.223153314088651    0.026271888550172
20.0000000000003    8.51625889561042    0.222106699965895    0.026080313279388
20.1000000000003    8.53841735586266    0.221063066859808    0.0258904030625794
20.2000000000004    8.56047162820065    0.220023044845591    0.0257022106259628
20.3000000000004    8.58242210332686    0.218987218123769    0.0255157827810498
20.4000000000004    8.60426922813577    0.217956126607962    0.0253311607097615
20.5000000000004    8.62601350136648    0.216930267557284    0.0251483802480624
20.6000000000004    8.6476554694201    0.215910097237356    0.0249674721663992
20.7000000000004    8.66919572234429    0.214896032599394    0.0247884624458892
20.8000000000005    8.69063488998622    0.213888452971629    0.0246113725497871
20.9000000000005    8.71197363831515    0.212887701754589    0.0244362196894526
21.0000000000005    8.73321266591406    0.211894088108486    0.0242630170836803
21.1000000000005    8.75435270063938    0.210907888624155    0.024091774210645
21.2000000000005    8.77539449644677    0.209929348974238    0.0239224970523251
21.3000000000005    8.79633883038092    0.208958685541624    0.0237551883312998
21.4000000000005    8.81718649972686    0.207996087019049    0.0235898477394679
21.5000000000006    8.83793831931948    0.207041715973471    0.023426472158205
21.6000000000006    8.85859511900752    0.20609571037193    0.0232650558698319
21.7000000000006    8.87915774126834    0.205158185067857    0.0231055907605208
21.8000000000006    8.89962703896908    0.204229233246146    0.0229480665146844
21.9000000000006    8.92000387327029    0.203308927824215    0.022792470800764
22.0000000000006    8.94028911166731    0.202397322806954    0.0226387894484106
22.1000000000007    8.96048362616485    0.201494454595105    0.0224870066172249
22.2000000000007    8.98058829158006    0.200600343247148    0.0223371049572805
22.3000000000007    9.00060398396941    0.199714993694244    0.0221890657615809
22.4000000000007    9.0205315791748    0.198838396907497    0.0220428691105682
22.5000000000007    9.04037195148389    0.197970531017575    0.0218984940088754
22.6000000000007    9.06012597240011    0.197111362387625    0.0217559185146085
22.7000000000007    9.07979450951765    0.196260846640571    0.0216151198614513
22.8000000000008    9.09937842549694    0.195418929641449    0.0214760745738275
22.9000000000008    9.11887857713612    0.194585548435222    0.0213387585753262
23.0000000000008    9.13829581453412    0.193760632140877    0.0212031472906258
23.1000000000008    9.15763098034099    0.192944102803169    0.0210692157412074
23.2000000000008    9.17688490909136    0.192135876203558    0.0209369386351585
23.3000000000008    9.19605842661703    0.191335862631687    0.02080629045134
23.4000000000009    9.21515234953476    0.190543967618508    0.0206772455181523
23.5000000000009    9.23416748480549    0.189760092632211    0.0205497780871372
23.6000000000009    9.25310462936141    0.188984135738313    0.0204238624016679
23.7000000000009    9.27196456979721    0.188215992225451    0.0202994727609887
23.8000000000009    9.29074808212237    0.187455555198337    0.0201765835798568
23.9000000000009    9.30945593157106    0.186702716139217    0.0200551694440117
24.000000000001    9.32808887246673    0.185957365439097    0.0199352051616895
24.100000000001    9.34664764813832    0.185219392900038    0.0198166658113972
24.200000000001    9.36513299088537    0.184488688209916    0.019699526786162
24.300000000001    9.38354562198919    0.183765141390953    0.0195837638344638
24.400000000001    9.40188625176773    0.183048643223261    0.0194693530980386
24.500000000001    9.42015557967153    0.182339085644492    0.0193562711467288
24.600000000001    9.43835429441849    0.181636362126723    0.0192444950105482
24.7000000000011    9.45648307416529    0.180940368031708    0.0191340022091331
24.8000000000011    9.47454258671323    0.180251000945667    0.0190247707787439
24.9000000000011    9.49253348974664    0.179568160994618    0.0189167792969683
25.0000000000011    9.51045643110183    0.178891751141176    0.0188100069052575
25.1000000000011    9.52831204906484    0.178221677463612    0.0187044333294168
25.2000000000011    9.54610097269628    0.177557849418017    0.0186000388981708
25.3000000000012    9.56382382218155    0.176900180084433    0.0184968045599235
25.4000000000012    9.58148120920488    0.176248586397807    0.0183947118978311
25.5000000000012    9.5990737373458    0.175602989364477    0.0182937431432871
25.6000000000012    9.6166020024965    0.174963314264751    0.0181938811879009
25.7000000000012    9.63406659329881    0.17432949084205    0.018095109594043
25.8000000000012    9.65146809159942    0.173701453479119    0.0179974126040274
25.9000000000012    9.6688070729221    0.17307914136187    0.0179007751480102
26.0000000000013    9.68608410695575    0.1724624986314    0.0178051828506787
26.1000000000013    9.70329975805701    0.171851474524627    0.0177106220367904
26.2000000000013    9.72045458576642    0.171246023503801    0.0176170797356077
26.3000000000013    9.737549145337    0.17064610537507    0.0175245436842583
26.4000000000013    9.75458398827407    0.170051685396311    0.0174330023300562
26.5000000000013    9.77155966288542    0.169462734374452    0.0173424448318225
26.6000000000014    9.78847671484065    0.168879228752558    0.0172528610602418
26.7000000000014    9.80533568773871    0.168301150686787    0.0171642415972808
26.8000000000014    9.82213712368261    0.167728488113267    0.0170765777346815
26.9000000000014    9.83888156386041    0.167161234804848    0.0169898614715371
27.0000000000014    9.85556954913124    0.16659939041775    0.0169040855109622
27.1000000000014    9.87220162061561    0.166042960528177    0.016819243255875
27.2000000000015    9.88877832028876    0.165491956658911    0.0167353288039001
27.3000000000015    9.90530019157629    0.164946396295727    0.0166523369413884
27.4000000000015    9.92176777995081    0.164406302893335    0.0165702631365305
27.5000000000015    9.9381816335287    0.163871705870548    0.0164891035315444
27.6000000000015    9.95454230366582    0.16334264059453    0.0164088549339309
27.7000000000015    9.97085034555109    0.162819148354121    0.0163295148068058
27.8000000000015    9.98710631879688    0.162301276322211    0.0162510812583162
27.9000000000016    10.0033107880251    0.161789077506942    0.0161735530301246
28.0000000000016    10.0194643234478    0.161282610691297    0.0160969294849286
28.1000000000016    10.035567501441    0.160781940360634    0.0160212105929782
28.2000000000016    10.051620905111    0.160287136617917    0.0159463969175772
28.3000000000016    10.0676251248514    0.159798275086507    0.0158724895995635
28.4000000000016    10.0835807588894    0.159315436800288    0.0157994903407543
28.5000000000017    10.0994884138212    0.158838708080645    0.015727401386319
28.6000000000017    10.1153487051341    0.158368180399841    0.0156562255060432
28.7000000000017    10.1311622577136    0.157903950230733    0.0155859659744872
28.8000000000017    10.146929706336    0.157446118883019    0.0155166265500691
28.9000000000017    10.1626516961432    0.156994792325967    0.0154482114530746
29.0000000000017    10.1783288830989    0.156550080996841    0.0153807253425258
29.1000000000017    10.1939619344255    0.156112099594027    0.0153141732918218
29.2000000000018    10.2095515290193    0.155680966854613    0.0152485607631355
29.3000000000018    10.2250983578421    0.15525680531717    0.0151838935806517
29.4000000000018    10.2406031242895    0.154839741070495    0.0151201779027285
29.5000000000018    10.2560665445327    0.154429903488    0.0150574201929611
29.6000000000018    10.2714893478324    0.154027424946621    0.0149956271900457
29.7000000000018    10.2868722768254    0.153632440529598    0.0149348058763893
29.8000000000019    10.3022160877788    0.153245087713585    0.0148749634455226
29.9000000000019    10.3175215508139    0.152865506041072    0.014816107268418
30.0000000000019    10.332789450095    0.152493836778665    0.0147582448587746
30.1000000000019    10.3480205839849    0.152130222561165    0.0147013838372731
30.2000000000019    10.3632157651629    0.151774807021067    0.014645531894769
30.3000000000019    10.3783758207053    0.151427734403143    0.0145906967544033
30.400000000002    10.3935015921273    0.151089149164591    0.0145368861326809
30.500000000002    10.408593935383    0.150759195562418    0.0144841076996892
30.600000000002    10.4236537208249    0.15043801722975    0.014432369038622
30.700000000002    10.4386818331195    0.150125756740736    0.0143816776045824
30.800000000002    10.4536791711193    0.149822555162464    0.0143320406825171
30.900000000002    10.4686466476891    0.149528551594455    0.0142834653443445
31.000000000002    10.4835851894857    0.14924388269948    0.0142359584056379
31.1000000000021    10.4984957366908    0.14896868222849    0.0141895263821335
31.2000000000021    10.5133792426956    0.148703080538193    0.0141441754459213
31.3000000000021    10.5282366737367    0.148447204098931    0.0140999113810996
31.4000000000021    10.543069008483    0.14820117499535    0.0140567395391329
31.5000000000021    10.5578772375716    0.147965110425686    0.0140146647944658
31.6000000000021    10.5726623630943    0.14773912220149    0.0139736915005627
31.7000000000022    10.587425398034    0.147523316244164    0.0139338234460248
31.8000000000022    10.60216736565    0.147317792077268    0.0138950638106848
31.9000000000022    10.6168892988134    0.147122642321184    0.0138574151223021
32.0000000000022    10.6315922392911    0.146937952196432    0.0138208792144411
32.1000000000022    10.6462772369819    0.146763799032538    0.0137854571852333
32.2000000000022    10.6609453491027    0.146600251777704    0.0137511493565665
32.3000000000021    10.6755976393258    0.146447370515493    0.0137179552342834
32.4000000000021    10.6902351768695    0.146305205998616    0.0136858734703215
32.5000000000021    10.7048590355418    0.146173799197079    0.0136549018265218
32.6000000000021    10.7194702927402    0.14605318085294    0.0136250371393683
32.7000000000021    10.7340700284068    0.145943371048815    0.0135962752863161
32.800000000002    10.7486593239424    0.145844378802647    0.0135686111548611
32.900000000002    10.76323926108    0.145756201684207    0.0135420386139016
33.000000000002    10.7778109207221    0.14567882544446    0.0135165504865528
33.100000000002    10.7923753817404    0.14561222366778    0.0134921385253279
33.200000000002    10.8069337197439    0.14555635745866    0.0134687933907408
33.3000000000019    10.8214870058159    0.145511175154806    0.0134465046325522
33.4000000000019    10.8360363052239    0.145476612060561    0.0134252606730773
33.5000000000019    10.8505826761045    0.145452590213594    0.0134050487937311
33.6000000000019    10.8651271681264    0.145439018191384    0.0133858551253813
33.7000000000019    10.8796708211361    0.145435790947487    0.0133676646415576
33.8000000000018    10.8942146637888    0.14544278967709    0.0133504611544444
33.9000000000018    10.9087597121668    0.145459881723602    0.0133342273147118
34.0000000000018    10.9233069683923    0.145486920526934    0.0133189446152081
34.1000000000018    10.9378574192351    0.145523745605809    0.0133045933977795
34.2000000000018    10.9524120347217    0.145570182576779    0.0132911528634321
34.3000000000017    10.9669717667472    0.145626043217727    0.0132786010865166
34.4000000000017    10.9815375476973    0.145691125574587    0.0132669150327803
34.5000000000017    10.9961102890811    0.145765214105098    0.0132560705806888
34.6000000000017    11.0106908801818    0.145848079861729    0.0132460425461804
34.7000000000017    11.0252801867266    0.145939480721336    0.0132368047115059
34.8000000000016    11.0398790495829    0.146039161657935    0.0132283298577852
34.9000000000016    11.0544882834831    0.146146855049745    0.013220589800444
35.0000000000016    11.0691086757817    0.146262281027414    0.013213555428128
35.1000000000016    11.0837409852502    0.146385147870264    0.0132071967456717
35.2000000000016    11.0983859409131    0.146515152437155    0.0132014829198758
35.3000000000015    11.1130442409291    0.146651980628342    0.0131963823277357
35.4000000000015    11.1277165515195    0.146795307892926    0.0131918626084056
35.5000000000015    11.1424035059507    0.146944799774553    0.0131878907181988
35.6000000000015    11.1571057035715    0.147100112479604    0.0131844329871783
35.7000000000015    11.1718237089096    0.147260893480796    0.0131814551784732
35.8000000000014    11.1865580508296    0.14742678216056    0.0131789225506792
35.9000000000014    11.2013092217573    0.147597410473079    0.0131767999214223
36.0000000000014    11.2160776769708    0.14777240362779    0.0131750517323182
36.1000000000014    11.2308638339617    0.147951380808062    0.0131736421165274
36.2000000000014    11.245668071869    0.148133955907821    0.0131725349673425
36.3000000000013    11.2604907309874    0.148319738276871    0.0131716940069685
36.4000000000013    11.2753321123516    0.14850833349026    0.0131710828568478
36.5000000000013    11.2901924773972    0.148699344134427    0.0131706651088651
36.6000000000013    11.305072047702    0.148892370593495    0.0131704043959419
36.7000000000013    11.3199710048047    0.149087011844784    0.0131702644628245
36.8000000000012    11.3348894901053    0.149282866266254    0.0131702092372907
36.9000000000012    11.3498276048447    0.149479532439533    0.0131702029003267
37.0000000000012    11.3647854101652    0.149676609947719    0.0131702099552043
37.1000000000012    11.379762927251    0.149873700175283    0.013170195296106
37.2000000000012    11.3947601375475    0.150070407100915    0.0131701242754914
37.3000000000011    11.40977698306    0.150266338074457    0.013169962769435
37.4000000000011    11.4248133667294    0.150461104582806    0.0131696772413778
37.5000000000011    11.4398691528834    0.150654323004999    0.0131692348043183
37.6000000000011    11.4549441677625    0.150845615345772    0.0131686032805201
37.7000000000011    11.470038200119    0.151034609944732    0.0131677512585063
37.800000000001    11.4851510018843    0.151220942167685    0.0131666481479325
37.900000000001    11.5002822889056    0.151404255074733    0.013165264231887
38.000000000001    11.5154317417475    0.151584200054172    0.0131635707156881
38.100000000001    11.5305990065547    0.151760437428344    0.013161539772745
38.200000000001    11.5457836959754    0.151932637035652    0.0131591445878734
38.3000000000009    11.5609853901401    0.152100478774511    0.0131563593968583
38.4000000000009    11.5762036376933    0.152263653108241    0.0131531595222163
38.5000000000009    11.591437956874    0.15242186154334    0.0131495214062678
38.6000000000009    11.6066878366425    0.152574817071568    0.0131454226407198
38.7000000000009    11.6219527378492    0.1527222445651    0.0131408419918736
38.8000000000008    11.6372320944409    0.152863881138626    0.0131357594226938
38.9000000000008    11.6525253147017    0.152999476479798    0.0131301561118913
39.0000000000008    11.6678317825252    0.153128793131543    0.0131240144686421
39.1000000000008    11.6831508587121    0.153251606732858    0.0131173181435535
39.2000000000008    11.698481882291    0.153367706230578    0.0131100520369865
39.3000000000008    11.7138241718574    0.153476894049019    0.0131022023036465
39.4000000000007    11.7291770269286    0.153578986212266    0.0130937563530391
39.5000000000007    11.7445397293081    0.153673812435139    0.0130847028472007
39.6000000000007    11.7599115444582    0.153761216181448    0.0130750316956174
39.7000000000007    11.7752917228755    0.153841054676418    0.0130647340462535
39.8000000000007    11.7906795014663    0.153913198882122    0.0130538022734806
39.9000000000006    11.8060741049183    0.153977533446607    0.0130422299638508
40.0000000000006    11.8214747470643    0.154033956616688    0.013030011898891
40.1000000000006    11.8368806322371    0.154082380110873    0.0130171440346571
40.2000000000006    11.8522909566084    0.154122728965768    0.0130036234792089
40.3000000000006    11.8677049095123    0.154154941357812    0.0129894484681914
40.4000000000005    11.8831216747487    0.154178968390771    0.0129746183377384
40.5000000000005    11.8985404318645    0.154194773853335    0.0129591334950966
40.6000000000005    11.9139603574087    0.154202333957858    0.0129429953879246
40.7000000000005    11.9293806261614    0.154201637057059    0.0129262064720185
40.8000000000005    11.9448004123319    0.154192683332805    0.0129087701769898
40.9000000000004    11.9602188907255    0.154175484464687    0.0128906908705694
41.0000000000004    11.9756352378763    0.154150063286102    0.0128719738221952
41.1000000000004    11.9910486331443    0.154116453422961    0.0128526251654897
41.2000000000004    12.0064582597761    0.154074698912322    0.0128326518594165
41.3000000000004    12.0218633059262    0.154024853809384    0.0128120616488342
41.4000000000003    12.0372629656392    0.153966981787995    0.0127908630248836
41.5000000000003    12.0526564397906    0.153901155729664    0.0127690651847982
41.6000000000003    12.0680429369873    0.153827457300184    0.01274667799107
41.7000000000003    12.0834216744241    0.153745976521792    0.0127237119306373
41.8000000000003    12.098791878698    0.153656811344475    0.0127001780743922
41.9000000000002    12.1141527865795    0.153560067212071    0.0126760880366467
42.0000000000002    12.1295036457398    0.153455856622861    0.0126514539345358
42.1000000000002    12.1448437154347    0.153344298691373    0.0126262883479093
42.2000000000002    12.160172267144    0.153225518714465    0.0126006042799632
42.3000000000002    12.1754885851686    0.153099647738313    0.0125744151183231
42.4000000000001    12.1907919671831    0.152966822125574    0.0125477345965177
42.5000000000001    12.2060817247469    0.15282718312778    0.0125205767562521
42.6000000000001    12.2213571837712    0.152680876466224    0.0124929559107372
42.7000000000001    12.2366176849458    0.152528051919246    0.0124648866088948
42.8000000000001    12.2518625841242    0.152368862914319    0.012436383600299
42.9    12.2670912526686    0.152203466127971    0.01240746180109
43    12.2823030777549    0.15203202109703    0.0123781362611368
43.1    12.2974974626401    0.151854689840726    0.0123484221323941
43.2    12.312673826892    0.151671636491433    0.0123183346382626
43.3    12.327831606582    0.151483026934792    0.0122878890439997
43.3999999999999    12.3429702544435    0.151289028462314    0.0122571006284204
43.4999999999999    12.3580892399954    0.151089809437702    0.0122259846569742
43.5999999999999    12.3731880496331    0.150885538975137    0.0121945563560405
43.6999999999999    12.3882661866881    0.150676386628264    0.0121628308883268
43.7999999999999    12.4033231714566    0.150462522091452    0.0121308233294853
43.8999999999998    12.4183585411997    0.150244114915456    0.0120985486461032
43.9999999999998    12.4333718501149    0.150021334237197    0.0120660216750302
44.0999999999998    12.448362669282    0.149794348521788    0.0120332571038781
44.1999999999998    12.4633305865834    0.149563325316372    0.0120002694526433
44.2999999999998    12.4782752066007    0.149328431017269    0.0119670730565613
44.3999999999997    12.4931961504885    0.149089830651452    0.0119336820502592
44.4999999999997    12.5080930558268    0.148847687671471    0.0119001103531231
44.5999999999997    12.5229655764543    0.148602163762464    0.0118663716557575
44.6999999999997    12.5378133822823    0.148353418661086    0.0118324794075121
44.7999999999997    12.5526361590912    0.148101609987112    0.0117984468051238
44.8999999999996    12.5674336083111    0.147846893087916    0.0117642867824774
44.9999999999996    12.582205446787    0.147589420895129    0.0117300120014188
45.0999999999996    12.5969514065311    0.1473293437927    0.0116956348435475
45.1999999999996    12.6116712344613    0.14706680949613    0.0116611674029585
45.2999999999996    12.6263646921292    0.146801962942797    0.0116266214799188
45.3999999999995    12.6410315554368    0.14653494619313    0.0115920085754478
45.4999999999995    12.6556716143449    0.146265898342255    0.0115573398867639
45.5999999999995    12.6702846725722    0.14599495544183    0.0115226263035645
45.6999999999995    12.6848705472873    0.14572225043172    0.0114878784051039
45.7999999999995    12.6994290687949    0.14544791308094    0.0114531064580166
45.8999999999994    12.713960080216    0.145172069937254    0.0114183204148292
45.9999999999994    12.7284634371634    0.144894844285143    0.011383529913131
46.0999999999994    12.7429390074136    0.144616356112139    0.0113487442753986
46.1999999999994    12.7573866705764    0.144336722083422    0.0113139725094577
46.2999999999994    12.7718063177606    0.144056055524071    0.0112792233095286
46.3999999999993    12.7861978512406    0.143774466408124    0.0112445050577857
46.4999999999993    12.8005611841201    0.143492061353894    0.011209825826379
46.5999999999993    12.814896239997    0.143208943625416    0.0111751933799075
46.6999999999993    12.829202952628    0.14292521314013    0.0111406151783461
46.7999999999993    12.8434812655951    0.142640966482573    0.0111060983804039
46.8999999999992    12.8577311319725    0.142356296923496    0.0110716498472664
46.9999999999992    12.8719525139971    0.142071294443711    0.0110372761466623
47.0999999999992    12.8861453827403    0.14178604576221    0.0110029835572178
47.1999999999992    12.9003097177837    0.141500634368399    0.0109687780730825
47.2999999999992    12.9144455068978    0.141215140558378    0.0109346654088209
47.3999999999991    12.9285527457249    0.140929641475098    0.0109006510045527
47.4999999999991    12.9426314374654    0.140644211152007    0.0108667400313108
47.5999999999991    12.9566815925698    0.140358920559764    0.0108329373965827
47.6999999999991    12.9707032284345    0.140073837655654    0.0107992477500051
47.7999999999991    12.9846963691028    0.13978902743544    0.0107656754891911
47.899999999999    12.9986610449723    0.139504551987461    0.0107322247656746
47.999999999999    13.0125972925058    0.139220470548809    0.0106988994909562
48.099999999999    13.0265051539501    0.138936839563363    0.0106657033426369
48.199999999999    13.0403846770589    0.138653712741481    0.0106326397706201
48.299999999999    13.054235914823    0.138371141121126    0.0105997120033664
48.3999999999989    13.0680589252058    0.138089173130195    0.0105669230541842
48.4999999999989    13.0818537708857    0.137807854649855    0.0105342757275389
48.5999999999989    13.0956205190046    0.137527229078679    0.0105017726253672
48.6999999999989    13.1093592409225    0.137247337397425    0.0104694161533837
48.7999999999989    13.1230700119797    0.136968218234318    0.0104372085273707
48.8999999999988    13.1367529112643    0.136689907930715    0.0104051517794407
48.9999999999988    13.1504080213867    0.13641244060702    0.0103732477642648
49.0999999999988    13.1640354282613    0.136135848228722    0.0103414981652555
49.1999999999988    13.1776352208938    0.135860160672412    0.0103099045006951
49.2999999999988    13.1912074911763    0.135585405791657    0.0102784681298018
49.3999999999987    13.2047523336872    0.135311609482636    0.010247190258725
49.4999999999987    13.2182698454999    0.135038795749436    0.0102160719464666
49.5999999999987    13.2317601259959    0.13476698676896    0.0101851141107213
49.6999999999987    13.2452232766861    0.134496202955326    0.0101543175336322
49.7999999999987    13.258659401037    0.134226463023706    0.0101236828674555
49.8999999999986    13.2720686043044    0.133957784053501    0.0100932106401301
49.9999999999986    13.2854509933728    0.133690181550802    0.0100629012607469
50.0999999999986    13.2988066766014    0.133423669510086    0.010032755024918
50.1999999999986    13.3121357636756    0.133158260475105    0.0100027721200417
50.2999999999986    13.3254383654652    0.13289396559894    0.00997295263046311
50.3999999999985    13.3387145938882    0.132630794703178    0.00994329654252816
50.4999999999985    13.3519645617807    0.132368756336165    0.00991380374952939
50.5999999999985    13.3651883827722    0.132107857830297    0.00988447405654121
50.6999999999985    13.3783861711671    0.131848105358332    0.00985530718514382
50.7999999999985    13.3915580418314    0.13158950398867    0.0098263027780354
50.8999999999984    13.4047041100849    0.131332057739634    0.00979746040353307
50.9999999999984    13.4178244915991    0.131075769632707    0.00976877955996319
51.0999999999984    13.4309193022997    0.13082064174474    0.00974025967994165
51.1999999999984    13.4439886582753    0.130566675259118    0.00971190013454446
51.2999999999984    13.45703267569    0.13031387051586    0.00968370023736894
51.3999999999983    13.4700514707018    0.130062227060666    0.00965565924848612
51.4999999999983    13.4830451593858    0.129811743692886    0.00962777637828513
51.5999999999983    13.4960138576613    0.12956241851244    0.00960005079121131
51.6999999999983    13.5089576812249    0.129314248965682    0.00957248160939957
51.7999999999983    13.5218767454866    0.129067231890223    0.00954506791620496
51.8999999999982    13.5347711655121    0.128821363558726    0.00951780875963205
51.9999999999982    13.5476410559673    0.128576639721682    0.00949070315566475
52.0999999999982    13.5604865310691    0.128333055649163    0.00946375009149805
52.1999999999982    13.5733077045392    0.128090606171579    0.00943694852867316
52.2999999999982    13.5861046895617    0.127849285719432    0.00941029740611816
52.3999999999981    13.5988775987456    0.127609088362102    0.00938379564309586
52.4999999999981    13.6116265440902    0.127370007845672    0.00935744214206143
52.5999999999981    13.6243516369549    0.127132037629807    0.00933123579143191
52.6999999999981    13.6370529880322    0.126895170923728    0.00930517546826949
52.7999999999981    13.6497307073245    0.126659400721261    0.0092792600408809
52.899999999998    13.6623849041241    0.126424719835008    0.00925348837133447
52.999999999998    13.675015686997    0.126191120929639    0.00922785931789675
53.099999999998    13.6876231637696    0.12595859655433    0.00920237173739089
53.199999999998    13.7002074415187    0.125727139174352    0.00917702448747846
53.299999999998    13.7127686265649    0.125496741201852    0.00915181642886725
53.3999999999979    13.7253068244684    0.125267395025829    0.00912674642744684
53.4999999999979    13.7378221400284    0.125039093041327    0.00910181335635409
53.5999999999979    13.7503146772851    0.124811827677877    0.00907701609797051
53.6999999999979    13.7627845395246    0.124585591427177    0.00905235354585305
53.7999999999979    13.7752318292863    0.124360376870054    0.00902782460660026
53.8999999999978    13.7876566483733    0.124136176702706    0.00900342820165543
53.9999999999978    13.8000590978651    0.123912983762248    0.00897916326904842
54.0999999999978    13.8124392781331    0.123690791051577    0.00895502876507816
54.1999999999978    13.8247972888581    0.123469591763576    0.00893102366593714
54.2999999999978    13.8371332290509    0.123249379304664    0.00890714696927995
54.3999999999977    13.8494471970743    0.123030147317718    0.00888339769573675
54.4999999999977    13.8617392906685    0.122811889704368    0.00885977489037351
54.5999999999977    13.8740096069772    0.122594600646679    0.00883627762409982
54.6999999999977    13.8862582425777    0.122378274628233    0.00881290499502594
54.7999999999977    13.8984852935114    0.122162906454632    0.00878965612977011
54.8999999999976    13.910690855317    0.121948491273412    0.00876653018471764
54.9999999999976    13.9228750230661    0.121735024593408    0.00874352634723281
55.0999999999976    13.9350378914001    0.12152250230356    0.00872064383682494
55.1999999999976    13.9471795545687    0.121310920691169    0.00869788190626907
55.2999999999976    13.9593001064714    0.12110027645962    0.00867523984268228
55.3999999999975    13.9713996406992    0.120890566745556    0.00865271696855604
55.4999999999975    13.9834782505794    0.120681789135529    0.00863031264274526
55.5999999999975    13.995536029221    0.120473941682112    0.00860802626141488
55.6999999999975    14.0075730695621    0.120267022919498    0.00858585725894473
55.7999999999975    14.0195894644191    0.12006103187858    0.00856380510879351
55.8999999999974    14.0315853065369    0.119855968101524    0.00854186932432265
55.9999999999974    14.0435606886407    0.119651831655835    0.00852004945958021
56.0999999999974    14.0555157034894    0.119448623147909    0.00849834511004499
56.1999999999974    14.0674504439298    0.119246343736065    0.00847675591333042
56.2999999999974    14.079365002953    0.119044995143046    0.00845528154984819
56.3999999999973    14.0912594737507    0.118844579667998    0.00843392174343131
56.4999999999973    14.103133949774    0.1186451001979    0.00841267626191704
56.5999999999973    14.1149885247927    0.118446560218477    0.00839154491769001
56.6999999999973    14.1268232929553    0.118248963824574    0.00837052756818594
56.7999999999973    14.1386383488508    0.118052315730006    0.00834962411635637
56.8999999999972    14.1504337875708    0.117856621276871    0.00832883451109403
56.9999999999972    14.1622097047729    0.117661886444312    0.00830815874761818
57.0999999999972    14.173966196745    0.117468117856718    0.0082875968678191
57.1999999999972    14.1857033604697    0.11727532279133    0.00826714896056071
57.2999999999972    14.1974212936906    0.117083509185269    0.00824681516194082
57.3999999999971    14.2091200949781    0.116892685641947    0.00822659565550863
57.4999999999971    14.2207998637964    0.116702861436874    0.00820649067243949
57.5999999999971    14.2324607005713    0.116514046522852    0.00818650049166652
57.6999999999971    14.2441027067578    0.11632625153453    0.00816662543996833
57.7999999999971    14.2557259849086    0.116139487792312    0.00814686589201138
57.899999999997    14.2673306387429    0.115953767305575    0.00812722227034559
57.999999999997    14.2789167732154    0.115769102775189    0.00810769504535178
58.099999999997    14.2904844945857    0.115585507595318    0.0080882847351404
58.199999999997    14.3020339104872    0.115402995854504    0.00806899190540184
58.299999999997    14.3135651299971    0.115221582336042    0.00804981716920898
58.399999999997    14.3250782637057    0.115041282517637    0.00803076118677185
58.4999999999969    14.3365734237856    0.114862112570329    0.00801182466514369
58.5999999999969    14.3480507240612    0.114684089356647    0.00799300835787581
58.6999999999969    14.3595102800776    0.114507230427942    0.00797431306461821
58.7999999999969    14.3709522091692    0.114331554020854    0.00795573963066319
58.8999999999969    14.3823766305285    0.114157079052892    0.00793728894643035
58.9999999999968    14.3937836652731    0.11398382511711    0.00791896194689313
59.0999999999968    14.4051734365139    0.113811812475903    0.00790075961094756
59.1999999999968    14.4165460694208    0.113641062053919    0.00788268296072422
59.2999999999968    14.4279016912892    0.113471595430068    0.0078647330608425
59.3999999999968    14.4392404316048    0.113303434828622    0.00784691101760602
59.4999999999967    14.4505624221074    0.113136603109355    0.00782921797813707
59.5999999999967    14.4618677968541    0.11297112375671    0.0078116551294491
59.6999999999967    14.4731566922813    0.112807020867983    0.00779422369745671
59.7999999999967    14.4844292472653    0.112644319140509    0.00777692494592262
59.8999999999967    14.4956856031815    0.112483043857806    0.00775976017533927
59.9999999999966    14.5069259039621    0.112323220874638    0.00774273072174169
60.0999999999966    14.5181502961532    0.11216487660092    0.00772583795544807
60.1999999999966    14.5293589289684    0.112008037984471    0.00770908327972754
60.2999999999966    14.5405519543426    0.111852732492655    0.00769246812939929
60.3999999999966    14.5517295269824    0.11169898809301    0.00767599396936928
60.4999999999965    14.5628918044155    0.111546833232909    0.00765966229310908
60.5999999999965    14.5740389470372    0.111396296818231    0.00764347462107457
60.6999999999965    14.5851711181557    0.111247408190896    0.00762743249905482
60.7999999999965    14.5962884840338    0.111100197105078    0.0076115374964399
60.8999999999965    14.6073912139298    0.11095469370203    0.00759579120440222
60.9999999999964    14.618479480134    0.110810928483599    0.00758019523399729
61.0999999999964    14.6295534580038    0.110668932284619    0.00756475121419868
61.1999999999964    14.6406133259958    0.110528736244405    0.00754946078988036
61.2999999999964    14.6516592656943    0.110390371777353    0.00753432561974898
61.3999999999964    14.6626914618377    0.110253870542489    0.00751934737421463
61.4999999999963    14.6737101023411    0.110119264411708    0.00750452773318312
61.5999999999963    14.684715378316    0.109986585436563    0.00748986838375999
61.6999999999963    14.6957074840869    0.109855865813663    0.00747537101787172
61.7999999999963    14.7066866172034    0.109727137848943    0.00746103732982162
61.8999999999963    14.7176529784498    0.109600433921052    0.00744686901379814
61.9999999999962    14.7286067718505    0.109475786443959    0.0074328677613412
62.0999999999962    14.7395482046711    0.109353227828622    0.00741903525875829
62.1999999999962    14.7504774874169    0.109232790443519    0.00740537318447497
62.2999999999962    14.761394833826    0.109114506573874    0.00739188320631032
62.3999999999962    14.7723004608592    0.108998408379639    0.00737856697868032
62.4999999999961    14.7831945886852    0.108884527852428    0.00736542613974431
62.5999999999961    14.7940774406617    0.108772896771685    0.00735246230851281
62.6999999999961    14.8049492433118    0.108663546660247    0.00733967708192823
62.7999999999961    14.8158102262964    0.108556508739288    0.0073270720319171
62.8999999999961    14.8266606223813    0.108451813882428    0.00731464870240012
62.999999999996    14.8375006674003    0.108349492568796    0.00730240860624542
63.099999999996    14.8483306002137    0.108249574835004    0.00729035322216263
63.199999999996    14.8591506626611    0.108152090226306    0.00727848399155656
63.299999999996    14.8699610995099    0.108057067747396    0.00726680231537104
63.399999999996    14.8807621583992    0.107964535813147    0.00725530955094315
63.4999999999959    14.8915540897779    0.107874522199174    0.00724400700886036
63.5999999999959    14.9023371468383    0.107787053991785    0.00723289594979089
63.6999999999959    14.913111585445    0.107702157537005    0.0072219775812662
63.7999999999959    14.9238776640578    0.107619858388879    0.00721125305443019
63.8999999999959    14.9346356436504    0.107540181257751    0.00720072346080122
63.9999999999958    14.9453857876229    0.107463149959089    0.0071903898290859
64.0999999999959    14.9561283617105    0.107388787362807    0.00718025312204031
64.1999999999959    14.9668636338857    0.107317115342455    0.00717031423333638
64.299999999996    14.9775918742565    0.107248154723757    0.00716057398439966
64.399999999996    14.988313354959    0.107181925232787    0.0071510331212368
64.4999999999961    14.9990283500446    0.107118445444689    0.00714169231131366
64.5999999999961    15.0097371353629    0.107057732733662    0.00713255214053248
64.6999999999962    15.0204399884385    0.106999803224057    0.00712361311029617
64.7999999999962    15.0311371883441    0.10694467174173    0.00711487563460336
64.8999999999963    15.0418290155681    0.106892351765123    0.00710634003713849
64.9999999999963    15.0525157518772    0.106842855376571    0.00709800654839018
65.0999999999964    15.0631976801746    0.106796193215003    0.00708987530287559
65.1999999999965    15.0738750843534    0.106752374430725    0.00708194633651525
65.2999999999965    15.0845482491454    0.106711406641765    0.00707421958412385
65.3999999999966    15.0952174599658    0.106673295890689    0.00706669487694355
65.4999999999966    15.1058830027536    0.106638046601559    0.00705937194019843
65.5999999999967    15.1165451638075    0.106605661538076    0.0070522503907384
65.6999999999967    15.1272042296178    0.1065761417643    0.00704532973486485
65.7999999999968    15.1378604866948    0.106549486608168    0.0070386093663512
65.8999999999968    15.1485142213932    0.106525693626572    0.00703208856457574
65.9999999999969    15.1591657197337    0.106504758570853    0.00702576649269084
66.0999999999969    15.1698152672202    0.106486675353251    0.00701964219586467
66.199999999997    15.1804631486546    0.106471436016164    0.00701371459971561
66.299999999997    15.1911096479485    0.106459030705151    0.00700798250900174
66.3999999999971    15.2017550479321    0.106449447644569    0.00700244460648965
66.4999999999971    15.2123996301611    0.106442673114059    0.00699709945188519
66.5999999999972    15.223043674721    0.10643869142593    0.00699194548082914
66.6999999999972    15.2336874600291    0.106437484905513    0.00698698100409296
66.7999999999973    15.2443312626356    0.106439033875983    0.00698220420707264
66.8999999999973    15.254975357022    0.106443316646611    0.0069776131495102
66.9999999999974    15.2656200154    0.10645030950223    0.00697320576529763
67.0999999999974    15.2762655075079    0.1064599866937    0.00696897986234776
67.1999999999975    15.2869121004071    0.10647232043159    0.00696493312267781
67.2999999999975    15.2975600582781    0.106487280884828    0.00696106310281837
67.3999999999976    15.3082096422163    0.106504836183165    0.00695736723447079
67.4999999999976    15.3188611100281    0.106524952421057    0.00695384282525568
67.5999999999977    15.3295147160279    0.106547593662769    0.0069504870595393
67.6999999999977    15.3401707108355    0.106572721951066    0.00694729699949091
67.7999999999978    15.3508293411741    0.106600297321065    0.00694426958647379
67.8999999999978    15.3614908496711    0.106630277817883    0.00694140164267755
67.9999999999979    15.3721554746595    0.106662619515746    0.00693868987284025
68.0999999999979    15.3828234499822    0.106697276538666    0.00693613086606606
68.199999999998    15.3934950047977    0.106734201084983    0.00693372109788693
68.299999999998    15.4041703633895    0.106773343456912    0.00693145693264183
68.3999999999981    15.4148497449779    0.106814652093536    0.00692933462606962
68.4999999999981    15.4255333635352    0.106858073605277    0.00692735032798813
68.5999999999982    15.4362214276048    0.10690355281026    0.00692550008508447
68.6999999999982    15.4469141401242    0.106951032774531    0.00692377984394434
68.7999999999983    15.4576116982515    0.107000454856807    0.00692218545436164
68.8999999999983    15.4683142931974    0.107051758756228    0.00692071267282865
68.9999999999984    15.4790221100614    0.107104882561583    0.00691935716610706
69.0999999999984    15.4897353276738    0.107159762802465    0.00691811451490809
69.1999999999985    15.5004541184418    0.107216334503916    0.00691698021778306
69.2999999999985    15.5111786482025    0.107274531245022    0.00691594969525116
69.3999999999986    15.521909076081    0.107334285220102    0.00691501829407714
69.4999999999986    15.5326455543554    0.107395527301115    0.00691418129160881
69.5999999999987    15.5433882283273    0.107458187101586    0.00691343390019348
69.6999999999988    15.5541372361997    0.107522193043523    0.00691277127176705
69.7999999999988    15.5648927089608    0.107587472427807    0.00691218850264661
69.8999999999989    15.5756547702763    0.107653951506655    0.0069116806384343
69.9999999999989    15.5864235363872    0.10772155555654    0.00691124267892883
70.099999999999    15.5971991160169    0.107790208951971    0.00691086958307024
70.199999999999    15.607981610284    0.107859835241969    0.00691055627403485
70.2999999999991    15.6187711126241    0.107930357229614    0.00691029764450401
70.3999999999991    15.6295677087191    0.108001697052616    0.00691008856197383
70.4999999999992    15.640371476435    0.108073776263164    0.00690992387399469
70.5999999999992    15.6511824857666    0.108146515908217    0.00690979841341492
70.6999999999993    15.662000798792    0.108219836612498    0.00690970700377216
70.7999999999993    15.6728264696338    0.108293658663726    0.00690964446480314
70.8999999999994    15.6836595444305    0.108367902097207    0.00690960561788593
70.9999999999994    15.6945000613146    0.108442486778663    0.00690958529134438
71.0999999999995    15.7053480504001    0.108517332487659    0.00690957832576618
71.1999999999995    15.7162035337786    0.10859235900362    0.00690957957945913
71.2999999999996    15.7270665255229    0.108667486192498    0.00690958393392346
71.3999999999996    15.7379370317003    0.108742634090967    0.00690958629914018
71.4999999999997    15.7488150503937    0.108817722988532    0.00690958161870167
71.5999999999997    15.7597005717311    0.108892673510738    0.00690956487498648
71.6999999999998    15.7705935779234    0.108967406704116    0.00690953109441965
71.7999999999998    15.7814940433106    0.109041844119676    0.00690947535261381
71.8999999999999    15.7924019344164    0.109115907892649    0.00690939277924866
71.9999999999999    15.8033172100104    0.109189520820601    0.00690927856282199
72.1    15.8142398211785    0.109262606442803    0.00690912795545682
72.2    15.8251697114007    0.109335089119759    0.00690893627769391
72.3000000000001    15.8361068166376    0.109406894109301    0.00690869892304315
72.4000000000001    15.8470510654232    0.109477947638633    0.00690841136225675
72.5000000000002    15.8580023789657    0.109548176975426    0.00690806914751963
72.6000000000002    15.8689606712551    0.109617510499647    0.00690766791666496
72.7000000000003    15.879925849178    0.109685877773649    0.00690720339725814
72.8000000000003    15.8908978126388    0.109753209607607    0.00690667141036639
72.9000000000004    15.9018764546884    0.109819438121275    0.00690606787407767
73.0000000000004    15.9128616616571    0.109884496805189    0.00690538880696498
73.1000000000005    15.9238533132957    0.109948320581556    0.00690463033151362
73.2000000000005    15.9348512829213    0.110010845861848    0.00690378867732239
73.3000000000006    15.9458554375684    0.110072010599327    0.00690286018396965
73.4000000000006    15.9568656381463    0.110131754338468    0.0069018413036698
73.5000000000007    15.9678817396003    0.110190018263807    0.00690072860387836
73.6000000000007    15.978903591078    0.110246745247385    0.00689951876979485
73.7000000000008    15.9899310361006    0.110301879891913    0.00689820860658394
73.8000000000008    16.0009639127374    0.110355368568963    0.00689679504127344
73.9000000000009    16.0120020537852    0.110407159454563    0.00689527512447849
74.000000000001    16.0230452869496    0.110457202563973    0.00689364603206469
74.100000000001    16.0340934350314    0.110505449784229    0.00689190506666222
74.2000000000011    16.0451463161149    0.110551854901994    0.00689004965887796
74.3000000000011    16.0562037437587    0.110596373626777    0.00688807736821154
74.4000000000012    16.0672655271896    0.11063896361192    0.00688598588382654
74.5000000000012    16.0783314714977    0.110679584474569    0.00688377302525276
74.6000000000013    16.0894013778339    0.110718197812952    0.00688143674291614
74.7000000000013    16.1004750436083    0.110754767218928    0.0068789751183706
74.8000000000014    16.1115522626902    0.110789258286324    0.00687638636426609
74.9000000000014    16.122632825609    0.110821638617365    0.00687366882419708
75.0000000000015    16.1337165197544    0.110851877828011    0.0068708209724822
75.1000000000015    16.1448031295792    0.110879947550488    0.00686784141377007
75.2000000000016    16.1558924367995    0.110905821431329    0.00686472888236808
75.3000000000016    16.166984220597    0.11092947512569    0.00686148224134249
75.4000000000017    16.1780782578189    0.110950886290055    0.00685810048152241
75.5000000000017    16.1891743231777    0.110970034573922    0.00685458272044481
75.6000000000018    16.2002721894502    0.110986901608884    0.00685092820114218
75.7000000000018    16.2113716276748    0.111001470993662    0.00684713629068675
75.8000000000019    16.2224724073473    0.111013728275901    0.00684320647854033
75.9000000000019    16.2335742966151    0.111023660932608    0.00683913837482833
76.000000000002    16.2446770624688    0.111031258349771    0.00683493170857141
76.100000000002    16.2557804709321    0.111036511799823    0.00683058632579187
76.2000000000021    16.2668842872492    0.111039414415699    0.00682610218741996
76.3000000000021    16.2779882760695    0.1110399611621    0.00682147936703837
76.4000000000022    16.2890922016292    0.111038148805615    0.00681671804856682
76.5000000000022    16.30019582793    0.111033975884302    0.00681181852392525
76.6000000000023    16.3112989189146    0.111027442675771    0.00680678119061526
76.7000000000023    16.3224012386392    0.111018551162622    0.00680160654915246
76.8000000000024    16.3335025514417    0.111007304995553    0.00679629520036748
76.9000000000024    16.3446026221072    0.110993709455423    0.00679084784265706
77.0000000000025    16.3557012160285    0.110977771415066    0.00678526526923276
77.1000000000025    16.366798099364    0.110959499300326    0.0067795483653359
77.2000000000026    16.3778930391904    0.110938903049359    0.00677369810536035
77.3000000000026    16.3889858036522    0.110915994070084    0.00676771554987659
77.4000000000027    16.4000761621063    0.110890785196662    0.00676160184261121
77.5000000000027    16.4111638852627    0.110863290645884    0.00675535820743585
77.6000000000028    16.42224874532    0.110833525973466    0.00674898594536578
77.7000000000028    16.433330516098    0.110801508029583    0.00674248643152665
77.8000000000029    16.4444089731639    0.110767254913188    0.00673586111206259
77.9000000000029    16.4554838939556    0.110730785925439    0.00672911150100625
78.000000000003    16.466555057899    0.110692121523048    0.00672223917715862
78.100000000003    16.477622246522    0.110651283271965    0.00671524578100584
78.2000000000031    16.488685243562    0.110608293801195    0.00670813301165911
78.3000000000032    16.4997438350711    0.110563176756217    0.00670090262378551
78.4000000000032    16.5107978095146    0.1105159567518    0.00669355642451834
78.5000000000033    16.5218469578656    0.110466659324635    0.00668609627037158
78.6000000000033    16.5328910736952    0.110415310886404    0.00667852406419597
78.7000000000034    16.5439299532575    0.110361938677557    0.00667084175219361
78.8000000000034    16.5549633955702    0.110306570721551    0.00666305132097524
78.9000000000035    16.5659912024905    0.110249235779108    0.00665515479463333
79.0000000000035    16.5770131787867    0.110189963302366    0.00664715423182351
79.1000000000036    16.5880291322049    0.110128783389295    0.00663905172287678
79.2000000000036    16.5990388735316    0.110065726738922    0.00663084938697446
79.3000000000037    16.6100422166512    0.110000824607572    0.00662254936939888
79.4000000000037    16.6210389786001    0.109934108765901    0.00661415383884503
79.5000000000038    16.6320289796155    0.109865611456296    0.00660566498476818
79.6000000000038    16.6430120431807    0.109795365350534    0.00659708501475978
79.7000000000039    16.6539879960659    0.109723403507987    0.00658841615196953
79.8000000000039    16.664956668365    0.109649759334839    0.00657966063260079
79.900000000004    16.6759178935282    0.109574466544531    0.00657082070349218
80.000000000004    16.6868715083907    0.109497559119259    0.00656189861977424
80.1000000000041    16.6978173531979    0.109419071272176    0.00655289664257948
80.2000000000041    16.7087552716264    0.109339037410103    0.00654381703679475
80.3000000000042    16.7196851108019    0.109257492096942    0.00653466206886607
80.4000000000042    16.7306067213125    0.109174470018129    0.00652543400467696
80.5000000000043    16.7415199572197    0.109090005946392    0.00651613510751439
80.6000000000043    16.7524246760652    0.109004134708738    0.00650676763611875
80.7000000000044    16.763320738875    0.108916891154428    0.00649733384280147
80.8000000000044    16.7742080101595    0.10882831012369    0.00648783597161649
80.9000000000045    16.7850863579115    0.108738426417189    0.00647827625658511
81.0000000000045    16.7959556536009    0.108647274766453    0.00646865691998656
81.1000000000046    16.8068157721657    0.108554889805499    0.00645898017072812
81.2000000000046    16.8176665920017    0.108461306043746    0.00644924820279938
81.3000000000047    16.8285079949481    0.108366557840096    0.00643946319380348
81.4000000000047    16.8393398662714    0.10827067937798    0.00642962730355254
81.5000000000048    16.8501620946469    0.108173704641234    0.00641974267271883
81.6000000000048    16.860974572137    0.108075667390818    0.00640981142154231
81.7000000000049    16.8717771941684    0.107976601142521    0.00639983564860268
81.8000000000049    16.8825698595061    0.107876539145799    0.00638981742966437
81.900000000005    16.893352470226    0.1077755143638    0.00637975881659669
82.000000000005    16.9041249316851    0.107673559454486    0.00636966183636413
82.1000000000051    16.9148871524901    0.107570706752709    0.00635952849007764
82.2000000000051    16.9256390444647    0.107466988253131    0.00634936075209974
82.3000000000052    16.9363805226139    0.107362435593953    0.00633916056920187
82.4000000000052    16.9471115050884    0.107257080041532    0.00632892985977742
82.5000000000053    16.9578319131462    0.107150952475973    0.00631867051311591
82.6000000000054    16.9685416711135    0.107044083377746    0.00630838438874052
82.7000000000054    16.979240706344    0.106936502815289    0.00629807331580702
82.8000000000055    16.989928949177    0.106828240433527    0.0062877390925582
82.9000000000055    17.0006063328951    0.106719325443174    0.00627738348582771
83.0000000000056    17.0112727936794    0.10660978661079    0.00626700823058937
83.1000000000056    17.0219282705653    0.106499652249571    0.00625661502955175
83.2000000000057    17.0325727053965    0.106388950210916    0.00624620555279991
83.3000000000057    17.0432060427783    0.106277707876811    0.00623578143748627
83.4000000000058    17.0538282300306    0.10616595215303    0.00622534428757055
83.5000000000058    17.0644392171396    0.106053709463123    0.00621489567360659
83.6000000000059    17.0750389567097    0.105941005743127    0.00620443713257221
83.7000000000059    17.0856274039144    0.10582786643694    0.00619397016773843
83.800000000006    17.0962045164466    0.105714316492329    0.00618349624857558
83.900000000006    17.1067702544692    0.105600380357536    0.00617301681069503
84.0000000000061    17.1173245805647    0.105486081978503    0.00616253325582634
84.1000000000061    17.127867459685    0.105371444796692    0.00615204695182936
84.2000000000062    17.1383988591009    0.105256491747506    0.00614155923274079
84.3000000000062    17.1489187483516    0.105141245259287    0.00613107139885385
84.4000000000063    17.1594270991933    0.105025727252871    0.0061205847168294
84.5000000000063    17.1699238855493    0.104909959141664    0.006110100419837
84.6000000000064    17.1804090834586    0.104793961832221    0.00609961970772376
84.7000000000064    17.190882671026    0.104677755725291    0.00608914374720959
84.8000000000065    17.2013446283705    0.104561360717311    0.00607867367210678
84.9000000000065    17.2117949375763    0.104444796202308    0.0060682105835625
85.0000000000066    17.2222335826413    0.1043280810742    0.0060577555503227
85.1000000000066    17.2326605494285    0.104211233729482    0.00604730960901669
85.2000000000067    17.2430758256154    0.104094272070283    0.00603687376446177
85.3000000000067    17.2534794006453    0.103977213507789    0.00602644898998747
85.4000000000068    17.2638712656782    0.10386007496603    0.00601603622777881
85.5000000000068    17.2742514135423    0.103742872886007    0.00600563638923752
85.6000000000069    17.284619838686    0.103625623230136    0.00599525035535948
85.7000000000069    17.29497653713    0.103508341486968    0.00598487897712662
85.800000000007    17.3053215064207    0.103391042676175    0.00597452307591136
85.900000000007    17.3156547455829    0.103273741353758    0.00596418344389215
86.0000000000071    17.3259762550743    0.103156451617465    0.00595386084447932
86.1000000000071    17.3362860367395    0.103039187112428    0.00594355601275066
86.2000000000072    17.3465840937654    0.102921961036998    0.00593326965589665
86.3000000000072    17.3568704306366    0.102804786148782    0.00592300245367516
86.4000000000073    17.3671450530915    0.102687674770883    0.00591275505887503
86.5000000000073    17.3774079680796    0.102570638798309    0.00590252809778764
86.6000000000074    17.3876591837186    0.102453689704546    0.00589232217068536
86.7000000000074    17.3978987092529    0.102336838548272    0.00588213785230542
86.8000000000075    17.4081265550122    0.102220095980179    0.00587197569233821
86.9000000000076    17.4183427323711    0.102103472249901    0.00586183621591893
87.0000000000076    17.4285472537095    0.101986977213033    0.005851719924122
87.1000000000077    17.4387401323734    0.101870620338231    0.00584162729445792
87.2000000000077    17.4489213826368    0.10175441071439    0.00583155878137224
87.3000000000078    17.4590910196637    0.101638357057895    0.00582151481674632
87.4000000000078    17.4692490594713    0.101522467719944    0.00581149581039955
87.5000000000079    17.4793955188943    0.101406750693924    0.00580150215059257
87.6000000000079    17.489530415549    0.10129121362283    0.0057915342045306
87.700000000008    17.4996537677987    0.101175863806728    0.0057815923188665
87.800000000008    17.50976559472    0.10106070821023    0.00577167682020279
87.9000000000081    17.5198659160694    0.10094575346999    0.00576178801559216
88.0000000000081    17.529954752251    0.100831005902209    0.00575192619303604
88.1000000000082    17.540032124285    0.100716471510136    0.00574209162198109
88.2000000000082    17.5500980537762    0.100602155991567    0.00573228455381312
88.3000000000083    17.5601525628846    0.100488064746343    0.00572250522234848
88.4000000000083    17.5701956742954    0.100374202883829    0.00571275384432247
88.5000000000084    17.5802274111906    0.100260575230377    0.0057030306198745
88.6000000000084    17.5902477972209    0.100147186336765    0.0056933357330297
88.7000000000085    17.6002568564787    0.100034040485604    0.0056836693521766
88.8000000000085    17.6102546134714    0.0999211416987084    0.00567403163054049
88.9000000000086    17.6202410930962    0.0998084937444229    0.00566442270665236
89.0000000000086    17.6302163206143    0.0996961001449023    0.00565484270481308
89.1000000000087    17.6401803216275    0.0995839641833443    0.00564529173555279
89.2000000000087    17.650133122054    0.09947208891117    0.00563576989608531
89.3000000000088    17.660074748106    0.099360477155151    0.00562627727075772
89.4000000000088    17.6700052262674    0.0992491315244827    0.0056168139314947
89.5000000000089    17.6799245832724    0.0991380544177995    0.00560737993823783
89.6000000000089    17.6898328460849    0.0990272480301291    0.00559797533937953
89.700000000009    17.6997300418783    0.0989167143597843    0.00558860017219151
89.800000000009    17.7096161980164    0.0988064552151861    0.00557925446324767
89.9000000000091    17.7194913420345    0.0986964722216187    0.0055699382288412
90.0000000000091    17.7293555016217    0.0985867668279117    0.00556065147539594
90.1000000000092    17.7392087046033    0.0984773403130492    0.00555139419987175
90.2000000000092    17.7490509789243    0.0983681937927047    0.00554216639016416
90.3000000000093    17.7588823526335    0.0982593282257013    0.00553296802549798
90.4000000000093    17.7687028538678    0.0981507444203974    0.00552379907681515
90.5000000000094    17.7785125108378    0.0980424430409967    0.00551465950715675
90.6000000000094    17.7883113518135    0.0979344246137814    0.00550554927203907
90.7000000000095    17.7980994051111    0.0978266895332696    0.00549646831982389
90.8000000000095    17.8078766990796    0.0977192380682942    0.0054874165920828
90.9000000000096    17.8176432620891    0.0976120703680021    0.00547839402395562
91.0000000000096    17.8273991225187    0.0975051864677758    0.00546940054450297
91.1000000000097    17.8371443087458    0.097398586295074    0.00546043607705288
91.2000000000098    17.8468788491351    0.097292269675194    0.00545150053954162
91.3000000000098    17.8566027720292    0.0971862363369553    0.00544259384484874
91.4000000000099    17.8663161057389    0.0970804859183046    0.00543371590112641
91.5000000000099    17.8760188785346    0.0969750179718452    0.00542486661212314
91.60000000001    17.8857111186376    0.0968698319702879    0.00541604587750195
91.70000000001    17.895392854213    0.0967649273118267    0.00540725359315293
91.8000000000101    17.9050641133622    0.0966603033254373    0.00539848965150042
91.9000000000101    17.9147249241161    0.0965559592760994    0.00538975394180457
92.0000000000102    17.9243753144292    0.0964518943699421    0.00538104635045763
92.1000000000102    17.9340153121739    0.0963481077593138    0.00537236676127466
92.2000000000103    17.9436449451353    0.0962445985477762    0.00536371505577907
92.3000000000103    17.9532642410066    0.0961413657950229    0.00535509111348279
92.4000000000104    17.9628732273852    0.0960384085217267    0.00534649481216135
92.5000000000104    17.9724719317684    0.0959357257143129    0.00533792602812391
92.6000000000105    17.982060381551    0.0958333163296639    0.00532938463647835
92.7000000000105    17.991638604022    0.0957311792997526    0.00532087051139143
92.8000000000106    18.0012066263627    0.0956293135362095    0.00531238352634431
92.9000000000106    18.0107644756447    0.0955277179348201    0.00530392355438322
93.0000000000107    18.0203121788283    0.0954263913799559    0.00529549046836551
93.1000000000107    18.0298497627621    0.0953253327489377    0.00528708414120108
93.2000000000108    18.0393772541824    0.0952245409163323    0.00527870444608916
93.3000000000108    18.0488946797127    0.0951240147581828    0.0052703512567506
93.4000000000109    18.0584020658644    0.0950237531561731    0.00526202444765562
93.5000000000109    18.0678994390376    0.0949237550017281    0.00525372389424722
93.600000000011    18.0773868255223    0.0948240192000506    0.00524544947316027
93.700000000011    18.0868642514997    0.0947245446740961    0.00523720106243633
93.8000000000111    18.0963317430444    0.0946253303684878    0.00522897854173448
93.9000000000111    18.1057893261267    0.094526375253371    0.005220781792538
94.0000000000112    18.1152370266153    0.0944276783282104    0.00521261069835714
94.1000000000112    18.1246748702806    0.094329238625529    0.00520446514492806
94.2000000000113    18.134102882798    0.0942310552145891    0.00519634502040775
94.3000000000113    18.1435210897517    0.0941331272050178    0.00518825021556529
94.4000000000114    18.1529295166393    0.0940354537503735    0.00518018062396921
94.5000000000114    18.1623281888757    0.0939380340516577    0.00517213614217114
94.6000000000115    18.1717171317988    0.0938408673607692    0.00516411666988568
94.7000000000115    18.1810963706741    0.0937439529839036    0.00515612211016665
94.8000000000116    18.1904659307009    0.0936472902848973    0.00514815236957975
94.9000000000116    18.1998258370174    0.0935508786885176    0.00514020735837155
95.0000000000117    18.209176114708    0.0934547176836999    0.00513228699063513
95.1000000000117    18.218516788809    0.0933588068267315    0.0051243911844722
95.2000000000118    18.2278478843158    0.0932631457443842    0.00511651986215183
95.3000000000118    18.2371694261904    0.0931677341369942    0.00510867295026584
95.4000000000119    18.2464814393685    0.0930725717814911    0.00510085037988083
95.500000000012    18.2557839487672    0.0929776585343745    0.00509305208668692
95.600000000012    18.2650769792938    0.092882994334639    0.00508527801114311
95.7000000000121    18.2743605558534    0.0927885792066473    0.00507752809861938
95.8000000000121    18.2836347033581    0.0926944132629505    0.00506980229953542
95.9000000000122    18.2928994467357    0.0926004967070567    0.00506210056949616
96.0000000000122    18.302154810939    0.0925068298361472    0.00505442286942392
96.1000000000123    18.3114008209554    0.09241341304374    0.00504676916568737
96.2000000000123    18.3206375018165    0.0923202468223018    0.00503913943022716
96.3000000000124    18.3298648786082    0.0922273317658063    0.00503153364067839
96.4000000000124    18.339082976481    0.0921346685722413    0.00502395178048977
96.5000000000125    18.3482918206605    0.0920422580460605    0.00501639383903951
96.6000000000125    18.3574914364583    0.091950101100584    0.00500885981174801
96.7000000000126    18.3666818492825    0.0918581987603424    0.00500134970018718
96.8000000000126    18.3758630846497    0.0917665521633663    0.00499386351218646
96.9000000000127    18.3850351681959    0.0916751625634203    0.00498640126193548
97.0000000000127    18.3941981256884    0.0915840313321785    0.00497896297008331
97.1000000000128    18.4033519830376    0.0914931599613435    0.00497154866383433
97.2000000000128    18.4124967663092    0.0914025500647053    0.00496415837704052
97.3000000000129    18.4216325017364    0.0913122033801411    0.00495679215029037
97.4000000000129    18.4307592157326    0.0912221217715554    0.00494945003099426
97.500000000013    18.4398769349038    0.0911323072307587    0.00494213207346625
97.600000000013    18.4489856860618    0.0910427618792852    0.00493483833900244
97.7000000000131    18.4580854962371    0.090953487970149    0.0049275688959557
97.8000000000131    18.4671763926921    0.0908644878895374    0.00492032381980685
97.9000000000132    18.4762584029344    0.0907757641584404    0.00491310319323221
98.0000000000132    18.4853315547308    0.0906873194342151    0.00490590710616744
98.1000000000133    18.4943958761206    0.0905991565120817    0.00489873565586756
98.2000000000133    18.5034513954294    0.0905112783265499    0.00489158894696302
98.3000000000134    18.5124981412835    0.0904236879527716    0.00488446709151175
98.4000000000134    18.5215361426237    0.0903363886078193    0.00487737020904695
98.5000000000135    18.5305654287197    0.0902493836518859    0.00487029842662072
98.6000000000135    18.5395860291844    0.0901626765894062    0.0048632518788432
98.7000000000136    18.5485979739884    0.0900762710700974    0.00485623070791743
98.8000000000136    18.5576012934744    0.0899901708899182    0.00484923506366969
98.9000000000137    18.5665960183725    0.0899043799919459    0.00484226510357534
99.0000000000137    18.575582179814    0.0898189024671683    0.0048353209927802
99.1000000000138    18.5845598093469    0.0897337425551908    0.00482840290411721
99.2000000000138    18.5935289389509    0.0896489046448547    0.00482151101811839
99.3000000000139    18.6024896010516    0.0895643932747663    0.004814645523022
99.4000000000139    18.6114418285362    0.0894802131337337    0.00480780661477485
99.500000000014    18.6203856547684    0.0893963690611124    0.00480099449702962
99.600000000014    18.6293211136032    0.0893128660470572    0.00479420938113739
99.7000000000141    18.6382482394022    0.0892297092326817    0.00478745148613513
99.8000000000142    18.6471670670488    0.0891469039101214    0.00478072103872829
99.9000000000142    18.6560776319629    0.0890644555224991    0.00477401827326809
